#!ascii label  , from subject sub-v2s16x51307_ses-1 vox2ras=TkReg
1319
79140  -44.585  9.232  10.268 0.0000000000
75564  -52.208  5.791  -5.724 0.0000000000
83945  -51.022  15.331  10.144 0.0000000000
122039  -51.863  7.245  3.073 0.0000000000
77137  -53.803  6.730  12.745 0.0000000000
81790  -47.031  12.350  -1.043 0.0000000000
85500  -54.710  18.268  -0.825 0.0000000000
88411  -48.370  21.032  5.208 0.0000000000
79042  -43.276  10.453  17.986 0.0000000000
76300  -47.084  6.227  5.963 0.0000000000
78223  -47.239  7.785  0.976 0.0000000000
120971  -44.255  11.313  4.466 0.0000000000
87683  -55.008  20.068  10.324 0.0000000000
83965  -52.840  15.350  4.713 0.0000000000
86249  -54.487  19.394  5.517 0.0000000000
86273  -50.652  18.674  2.865 0.0000000000
89590  -53.196  23.650  5.910 0.0000000000
76438  -48.369  6.945  -7.933 0.0000000000
116287  -42.833  13.995  9.716 0.0000000000
80961  -47.460  11.800  9.930 0.0000000000
122274  -58.065  9.610  3.977 0.0000000000
76290  -52.904  6.464  7.590 0.0000000000
75408  -47.392  5.089  11.095 0.0000000000
76213  -46.395  6.008  15.893 0.0000000000
109533  -48.797  8.699  -5.222 0.0000000000
81824  -48.922  12.749  -7.239 0.0000000000
83251  -48.462  14.409  4.463 0.0000000000
84024  -50.132  15.462  -0.853 0.0000000000
85548  -51.116  19.005  -7.811 0.0000000000
86347  -48.716  17.721  -2.183 0.0000000000
107381  -45.958  18.075  0.555 0.0000000000
77169  -44.017  7.175  7.111 0.0000000000
78185  -44.587  8.856  4.651 0.0000000000
80109  -43.643  9.791  7.029 0.0000000000
88929  -58.413  22.149  9.452 0.0000000000
108164  -56.344  19.132  8.254 0.0000000000
88971  -58.561  22.133  7.714 0.0000000000
88979  -54.222  21.602  6.902 0.0000000000
75590  -50.091  6.268  -7.063 0.0000000000
124103  -41.419  16.004  10.372 0.0000000000
83938  -44.140  15.403  9.706 0.0000000000
76262  -53.685  6.669  10.109 0.0000000000
75437  -50.461  5.465  9.390 0.0000000000
75397  -50.466  5.297  12.072 0.0000000000
77071  -45.073  7.741  17.628 0.0000000000
78113  -39.826  8.681  12.950 0.0000000000
80938  -39.788  11.025  10.958 0.0000000000
80070  -36.892  10.822  11.868 0.0000000000
78224  -51.847  8.185  0.815 0.0000000000
122766  -46.540  10.303  -0.287 0.0000000000
77301  -48.379  8.308  -2.061 0.0000000000
80216  -47.394  10.522  -3.236 0.0000000000
80227  -48.458  10.215  -6.395 0.0000000000
81809  -47.747  12.189  -3.851 0.0000000000
82492  -49.013  13.676  10.345 0.0000000000
81741  -47.699  12.815  7.596 0.0000000000
83231  -50.077  13.935  7.163 0.0000000000
84739  -53.598  16.013  2.232 0.0000000000
108187  -51.635  15.417  1.717 0.0000000000
84768  -54.292  16.554  -2.216 0.0000000000
84050  -52.304  16.286  -5.084 0.0000000000
84784  -54.225  17.798  -4.636 0.0000000000
85526  -49.634  18.603  -5.107 0.0000000000
86336  -51.941  18.531  -1.570 0.0000000000
87063  -49.542  19.409  4.705 0.0000000000
109692  -49.314  17.945  1.725 0.0000000000
128812  -47.658  18.559  3.798 0.0000000000
86288  -45.161  18.416  2.595 0.0000000000
87061  -46.466  19.919  4.373 0.0000000000
76337  -49.426  6.456  4.423 0.0000000000
77233  -49.600  6.877  2.097 0.0000000000
77215  -46.857  7.502  3.482 0.0000000000
116121  -45.507  9.769  2.466 0.0000000000
81777  -45.754  12.244  1.793 0.0000000000
127518  -52.973  17.892  10.679 0.0000000000
83949  -51.294  16.462  8.383 0.0000000000
86237  -54.145  17.668  8.516 0.0000000000
121265  -53.585  17.345  5.328 0.0000000000
112410  -54.105  19.219  2.774 0.0000000000
109412  -52.937  19.281  0.320 0.0000000000
87066  -52.750  19.834  4.359 0.0000000000
87746  -51.516  20.508  5.676 0.0000000000
88993  -50.855  22.153  5.803 0.0000000000
78322  -46.976  8.626  -8.062 0.0000000000
80940  -44.922  11.167  11.569 0.0000000000
80094  -45.843  10.463  10.209 0.0000000000
82489  -45.827  12.976  10.909 0.0000000000
121609  -47.050  14.612  10.372 0.0000000000
84697  -48.620  16.249  10.066 0.0000000000
87010  -47.556  19.445  9.518 0.0000000000
86985  -50.611  18.810  10.286 0.0000000000
78188  -54.800  8.035  3.967 0.0000000000
114218  -55.624  7.858  6.008 0.0000000000
124028  -52.211  6.558  5.336 0.0000000000
75474  -49.902  5.740  6.724 0.0000000000
75446  -46.940  5.296  8.448 0.0000000000
78083  -52.906  8.956  15.383 0.0000000000
79035  -48.121  9.709  18.378 0.0000000000
78079  -49.542  8.126  16.279 0.0000000000
76229  -50.484  6.321  14.483 0.0000000000
75382  -46.369  5.179  13.567 0.0000000000
79126  -43.763  9.033  12.187 0.0000000000
78305  -53.393  8.688  -5.713 0.0000000000
77282  -49.543  7.959  -0.900 0.0000000000
107117  -50.529  8.460  -3.890 0.0000000000
77333  -52.290  8.000  -7.898 0.0000000000
78318  -50.950  8.339  -8.369 0.0000000000
114913  -49.599  10.216  -9.472 0.0000000000
81842  -48.866  13.102  -10.487 0.0000000000
80970  -45.225  11.789  6.977 0.0000000000
82521  -45.661  13.233  4.243 0.0000000000
83286  -46.832  14.137  1.861 0.0000000000
83253  -50.471  14.262  4.870 0.0000000000
121492  -49.410  15.161  1.767 0.0000000000
83305  -47.913  14.101  -1.471 0.0000000000
117758  -48.874  14.599  -3.807 0.0000000000
83338  -50.329  15.912  -8.196 0.0000000000
84079  -48.620  15.964  -9.575 0.0000000000
86322  -50.176  18.032  -0.041 0.0000000000
86334  -47.276  17.757  -1.021 0.0000000000
109106  -44.858  18.508  -1.912 0.0000000000
107633  -43.635  19.262  -0.143 0.0000000000
86285  -42.614  18.875  2.078 0.0000000000
78143  -43.585  8.167  8.723 0.0000000000
78159  -43.543  8.431  6.984 0.0000000000
115986  -43.677  9.183  8.072 0.0000000000
88370  -59.527  22.132  8.331 0.0000000000
89564  -58.049  22.897  7.287 0.0000000000
75578  -51.659  6.027  -6.409 0.0000000000
76247  -53.218  6.415  12.082 0.0000000000
125907  -51.569  5.626  11.331 0.0000000000
76245  -51.725  5.854  12.681 0.0000000000
79101  -38.861  8.711  13.109 0.0000000000
80063  -38.088  9.963  11.959 0.0000000000
77236  -52.375  7.680  2.489 0.0000000000
77250  -52.123  7.946  1.635 0.0000000000
80192  -46.634  10.978  -0.697 0.0000000000
80202  -47.016  10.175  -1.930 0.0000000000
80209  -46.992  10.986  -2.025 0.0000000000
81048  -47.483  11.363  -3.555 0.0000000000
126223  -47.521  12.779  -2.436 0.0000000000
119465  -50.029  14.786  10.075 0.0000000000
82499  -49.631  13.532  8.838 0.0000000000
83226  -50.712  14.391  9.249 0.0000000000
84749  -54.709  16.930  0.362 0.0000000000
84759  -54.480  16.545  -0.198 0.0000000000
84769  -55.001  16.792  -1.492 0.0000000000
84776  -54.508  17.390  -3.430 0.0000000000
85514  -54.413  18.220  -3.458 0.0000000000
85513  -53.797  18.601  -4.251 0.0000000000
86337  -53.529  18.821  -2.061 0.0000000000
107523  -49.268  20.355  5.338 0.0000000000
87085  -48.738  18.625  3.843 0.0000000000
122057  -47.822  19.060  4.368 0.0000000000
87084  -47.008  19.025  4.219 0.0000000000
87767  -47.590  20.757  4.912 0.0000000000
76319  -47.918  6.187  5.571 0.0000000000
76348  -48.165  6.683  3.781 0.0000000000
76335  -47.006  6.848  4.709 0.0000000000
79184  -44.317  9.675  4.342 0.0000000000
79185  -45.000  9.165  3.887 0.0000000000
80149  -45.073  10.247  2.990 0.0000000000
80169  -45.729  10.723  1.604 0.0000000000
80158  -44.910  11.118  2.948 0.0000000000
86988  -54.033  19.060  10.617 0.0000000000
85459  -53.623  17.221  10.025 0.0000000000
86234  -54.781  18.146  10.039 0.0000000000
87038  -55.930  19.732  6.821 0.0000000000
115400  -54.420  18.692  7.008 0.0000000000
86248  -54.431  18.743  5.848 0.0000000000
85478  -54.023  18.280  3.636 0.0000000000
86254  -54.339  19.065  4.251 0.0000000000
86275  -53.807  19.645  3.319 0.0000000000
87043  -53.847  19.796  5.051 0.0000000000
88978  -53.488  21.917  6.599 0.0000000000
88380  -53.063  20.979  6.293 0.0000000000
88379  -52.630  21.825  6.325 0.0000000000
88394  -51.597  21.322  6.109 0.0000000000
89589  -52.432  23.595  5.674 0.0000000000
78323  -47.550  8.334  -8.571 0.0000000000
81724  -42.993  12.389  10.486 0.0000000000
115712  -44.925  11.916  11.243 0.0000000000
116286  -44.346  13.667  10.206 0.0000000000
84695  -45.170  16.663  9.730 0.0000000000
83939  -45.153  15.135  9.844 0.0000000000
84696  -46.175  16.723  9.715 0.0000000000
119922  -47.834  16.021  9.919 0.0000000000
124208  -47.032  16.862  9.777 0.0000000000
87721  -46.836  20.828  8.561 0.0000000000
86232  -48.870  18.833  10.038 0.0000000000
87704  -50.031  20.079  9.471 0.0000000000
112707  -51.619  20.057  9.697 0.0000000000
87726  -51.342  20.889  9.033 0.0000000000
78215  -55.935  8.952  2.817 0.0000000000
78201  -56.073  8.707  3.668 0.0000000000
111578  -55.804  7.856  6.712 0.0000000000
125390  -54.638  7.310  6.863 0.0000000000
77193  -54.271  7.366  5.321 0.0000000000
76305  -52.619  6.462  6.755 0.0000000000
112425  -51.168  6.093  6.227 0.0000000000
76287  -51.104  5.892  7.184 0.0000000000
108266  -48.811  5.102  9.976 0.0000000000
107622  -48.629  5.284  8.974 0.0000000000
75435  -47.038  5.176  9.430 0.0000000000
79032  -45.534  10.031  18.404 0.0000000000
78063  -47.566  8.037  17.125 0.0000000000
77106  -47.744  6.975  16.214 0.0000000000
77108  -49.898  7.461  15.826 0.0000000000
76215  -48.237  6.519  15.526 0.0000000000
76233  -48.214  5.588  14.108 0.0000000000
76225  -46.747  5.646  15.071 0.0000000000
128139  -43.805  9.615  12.078 0.0000000000
79124  -41.939  9.714  11.972 0.0000000000
78296  -53.739  9.197  -4.893 0.0000000000
77245  -47.788  7.217  1.463 0.0000000000
77268  -49.294  7.373  0.534 0.0000000000
77267  -48.544  7.466  -0.026 0.0000000000
108115  -48.269  8.615  -2.944 0.0000000000
129386  -49.032  8.238  -2.430 0.0000000000
77310  -49.707  8.387  -4.103 0.0000000000
77321  -51.208  8.412  -5.912 0.0000000000
77332  -51.392  8.348  -7.388 0.0000000000
77344  -51.664  8.069  -8.189 0.0000000000
78311  -49.942  8.518  -6.652 0.0000000000
81067  -48.825  11.801  -7.432 0.0000000000
80237  -49.345  10.654  -8.457 0.0000000000
81074  -49.293  11.539  -8.427 0.0000000000
81081  -49.528  11.761  -10.065 0.0000000000
81832  -49.680  13.293  -9.288 0.0000000000
80957  -46.945  11.401  10.461 0.0000000000
80959  -45.973  11.012  9.010 0.0000000000
80965  -46.416  11.711  8.333 0.0000000000
82514  -48.376  13.816  5.936 0.0000000000
82507  -47.018  13.340  6.248 0.0000000000
82523  -47.059  13.939  4.894 0.0000000000
82542  -46.150  13.660  2.978 0.0000000000
83266  -47.253  14.410  3.329 0.0000000000
83957  -52.665  15.272  6.744 0.0000000000
83245  -51.522  14.376  6.389 0.0000000000
109203  -52.373  14.766  5.164 0.0000000000
84015  -51.243  15.635  0.572 0.0000000000
107382  -50.385  15.224  1.852 0.0000000000
109872  -49.815  15.377  1.037 0.0000000000
84012  -48.284  14.951  0.621 0.0000000000
84023  -49.122  15.074  -0.938 0.0000000000
83311  -48.686  14.647  -2.230 0.0000000000
84041  -49.805  15.281  -2.807 0.0000000000
84797  -52.855  18.143  -6.699 0.0000000000
83322  -50.841  16.159  -6.345 0.0000000000
84807  -51.341  17.905  -7.922 0.0000000000
84817  -50.076  17.172  -9.710 0.0000000000
85552  -49.703  18.333  -8.673 0.0000000000
84067  -48.048  16.664  -7.714 0.0000000000
84806  -48.633  18.109  -7.848 0.0000000000
86356  -48.910  17.858  -3.132 0.0000000000
85525  -47.721  18.075  -4.684 0.0000000000
86293  -51.373  18.956  1.984 0.0000000000
86312  -51.876  18.881  0.367 0.0000000000
110884  -51.077  18.666  1.116 0.0000000000
86309  -47.667  17.704  1.204 0.0000000000
107379  -47.989  17.685  0.363 0.0000000000
107380  -46.905  17.749  0.484 0.0000000000
86344  -45.532  18.123  -1.815 0.0000000000
86321  -45.349  18.541  -0.319 0.0000000000
86330  -43.592  19.261  -1.578 0.0000000000
124411  -45.136  18.601  0.604 0.0000000000
86268  -44.663  18.730  3.494 0.0000000000
86287  -44.170  18.661  2.750 0.0000000000
126074  -43.499  18.789  3.259 0.0000000000
86265  -42.165  18.824  2.902 0.0000000000
76298  -45.459  6.546  6.506 0.0000000000
77191  -45.572  7.263  5.360 0.0000000000
126899  -44.217  7.931  6.006 0.0000000000
79171  -43.631  9.386  5.907 0.0000000000
80118  -43.813  10.889  6.060 0.0000000000
87016  -56.071  19.140  9.805 0.0000000000
87710  -57.900  20.315  9.040 0.0000000000
87733  -57.788  20.409  7.920 0.0000000000
87738  -56.034  20.286  6.987 0.0000000000
124591  -54.685  20.608  6.539 0.0000000000
123338  -55.503  21.513  7.253 0.0000000000
88980  -55.600  22.548  7.223 0.0000000000
76431  -49.599  6.470  -7.431 0.0000000000
83216  -41.551  14.824  9.864 0.0000000000
124800  -42.976  14.864  9.626 0.0000000000
116276  -42.745  16.143  9.996 0.0000000000
76269  -53.440  6.597  9.191 0.0000000000
76276  -51.914  5.927  8.910 0.0000000000
76267  -52.207  5.956  9.929 0.0000000000
75410  -50.231  5.172  11.072 0.0000000000
75409  -48.997  4.974  11.744 0.0000000000
79043  -45.080  9.369  18.165 0.0000000000
77083  -43.174  6.770  17.346 0.0000000000
78115  -41.784  8.546  12.919 0.0000000000
79123  -40.886  9.771  11.768 0.0000000000
79122  -39.911  9.840  11.752 0.0000000000
80072  -38.599  10.661  11.509 0.0000000000
78258  -46.716  8.846  0.064 0.0000000000
78259  -47.556  8.274  -0.702 0.0000000000
79238  -46.972  8.962  -0.784 0.0000000000
79258  -47.437  9.724  -2.719 0.0000000000
78304  -48.145  9.058  -4.271 0.0000000000
79277  -48.507  9.580  -6.014 0.0000000000
80220  -47.740  10.371  -4.772 0.0000000000
123716  -48.097  11.043  -5.645 0.0000000000
121487  -48.697  12.938  -6.152 0.0000000000
81729  -48.410  12.946  10.488 0.0000000000
108450  -47.581  12.445  8.338 0.0000000000
82498  -48.922  13.143  8.852 0.0000000000
82509  -49.101  13.665  6.949 0.0000000000
83236  -49.189  13.932  5.990 0.0000000000
83978  -52.928  15.319  3.741 0.0000000000
122042  -52.431  15.068  3.363 0.0000000000
83995  -53.137  15.715  2.131 0.0000000000
84016  -52.570  15.934  0.148 0.0000000000
84767  -52.680  15.977  -1.912 0.0000000000
84033  -50.561  15.523  -2.503 0.0000000000
84775  -53.684  16.537  -3.539 0.0000000000
84783  -53.868  16.847  -4.930 0.0000000000
85536  -53.046  18.427  -6.148 0.0000000000
85534  -49.933  19.006  -6.146 0.0000000000
85527  -51.946  19.098  -5.486 0.0000000000
85512  -52.388  18.733  -3.714 0.0000000000
85511  -50.397  17.959  -3.057 0.0000000000
87086  -50.047  18.795  3.820 0.0000000000
86292  -50.223  18.313  1.915 0.0000000000
119496  -48.897  18.100  2.576 0.0000000000
86271  -47.943  18.121  2.965 0.0000000000
86290  -47.252  17.918  2.207 0.0000000000
86307  -45.651  18.243  1.519 0.0000000000
86289  -46.176  18.150  2.421 0.0000000000
87083  -46.021  19.035  4.158 0.0000000000
87060  -45.555  20.111  4.223 0.0000000000
76351  -50.793  6.631  3.873 0.0000000000
77219  -50.100  6.827  2.695 0.0000000000
77218  -49.324  6.697  2.880 0.0000000000
77231  -47.885  6.986  2.263 0.0000000000
78210  -47.140  7.639  1.877 0.0000000000
78187  -46.155  7.982  3.820 0.0000000000
78198  -46.366  8.158  3.053 0.0000000000
78222  -46.655  8.332  1.541 0.0000000000
79212  -46.011  9.932  1.196 0.0000000000
80177  -46.110  10.815  0.858 0.0000000000
81785  -46.517  12.269  0.286 0.0000000000
84701  -52.315  16.309  10.240 0.0000000000
108639  -51.646  15.386  9.090 0.0000000000
84705  -52.569  16.280  9.828 0.0000000000
84709  -53.056  16.722  7.962 0.0000000000
84713  -53.250  16.688  7.188 0.0000000000
86238  -54.934  17.998  9.075 0.0000000000
85465  -53.542  17.802  7.342 0.0000000000
84719  -53.166  16.335  5.310 0.0000000000
120998  -53.668  17.239  4.133 0.0000000000
120740  -53.924  17.875  2.904 0.0000000000
85493  -54.237  17.977  0.895 0.0000000000
86325  -53.920  19.218  -0.272 0.0000000000
86296  -53.806  19.234  1.521 0.0000000000
122373  -52.564  19.543  3.003 0.0000000000
87088  -52.122  19.468  3.695 0.0000000000
87748  -53.605  20.433  5.851 0.0000000000
87770  -52.126  19.964  5.149 0.0000000000
87065  -51.656  19.587  4.479 0.0000000000
122482  -50.780  20.472  5.593 0.0000000000
87745  -50.032  20.844  5.667 0.0000000000
88412  -49.193  21.443  5.457 0.0000000000
80085  -45.150  10.113  11.508 0.0000000000
80093  -44.943  9.801  9.567 0.0000000000
80086  -45.776  10.572  11.173 0.0000000000
80942  -46.391  11.743  11.267 0.0000000000
81727  -47.088  12.244  11.063 0.0000000000
83218  -44.542  14.465  9.948 0.0000000000
117897  -45.971  13.627  10.621 0.0000000000
82491  -47.676  12.941  10.854 0.0000000000
83220  -48.012  14.433  10.553 0.0000000000
83942  -48.542  15.273  10.277 0.0000000000
120058  -49.994  15.749  10.283 0.0000000000
121203  -46.359  18.781  9.664 0.0000000000
86208  -47.628  18.144  9.992 0.0000000000
127478  -49.033  17.709  10.315 0.0000000000
85453  -50.771  17.203  10.521 0.0000000000
86213  -52.185  17.903  10.620 0.0000000000
86987  -52.543  18.735  10.515 0.0000000000
87706  -54.110  20.359  10.017 0.0000000000
78213  -54.634  8.562  2.505 0.0000000000
77221  -53.460  7.666  3.483 0.0000000000
78162  -56.992  8.627  6.347 0.0000000000
78191  -56.960  8.834  4.941 0.0000000000
77209  -54.980  7.778  4.796 0.0000000000
77207  -53.602  7.283  4.704 0.0000000000
77206  -52.371  7.020  4.024 0.0000000000
76322  -50.698  6.302  5.328 0.0000000000
76302  -49.435  5.951  5.987 0.0000000000
76301  -48.574  5.896  6.105 0.0000000000
75449  -50.160  5.527  8.335 0.0000000000
75458  -48.032  5.500  7.566 0.0000000000
75471  -46.731  5.790  6.906 0.0000000000
75455  -45.024  5.963  7.931 0.0000000000
79048  -49.959  10.187  17.092 0.0000000000
79044  -46.941  8.939  18.210 0.0000000000
79058  -48.910  9.189  17.079 0.0000000000
79060  -50.404  9.625  16.499 0.0000000000
78081  -51.339  8.388  15.719 0.0000000000
77110  -51.367  7.552  15.343 0.0000000000
77127  -51.886  6.615  14.144 0.0000000000
76236  -50.755  5.900  13.719 0.0000000000
75395  -48.707  5.120  12.553 0.0000000000
117509  -47.053  5.129  11.915 0.0000000000
78131  -44.175  8.634  10.722 0.0000000000
79127  -44.410  9.637  11.814 0.0000000000
80084  -42.838  11.116  11.195 0.0000000000
81723  -42.010  12.282  10.395 0.0000000000
116289  -41.089  13.973  9.945 0.0000000000
77313  -54.821  8.118  -5.034 0.0000000000
77325  -54.286  7.488  -5.737 0.0000000000
76422  -53.367  7.541  -6.669 0.0000000000
77248  -50.644  7.569  1.220 0.0000000000
77284  -50.901  8.198  -0.176 0.0000000000
77292  -48.725  7.951  -1.190 0.0000000000
77293  -50.064  8.254  -1.579 0.0000000000
78283  -51.261  8.665  -3.289 0.0000000000
77311  -51.718  8.616  -5.117 0.0000000000
77322  -52.654  8.189  -6.950 0.0000000000
76421  -52.634  6.803  -6.724 0.0000000000
76432  -51.716  7.734  -8.029 0.0000000000
77352  -51.111  7.852  -8.336 0.0000000000
77351  -50.396  8.080  -8.580 0.0000000000
78316  -49.140  9.440  -7.271 0.0000000000
79291  -49.927  9.527  -9.093 0.0000000000
78329  -49.033  8.734  -9.339 0.0000000000
117687  -48.235  9.836  -9.720 0.0000000000
80244  -47.804  10.611  -9.799 0.0000000000
81837  -47.773  12.335  -9.496 0.0000000000
80101  -44.647  10.199  8.513 0.0000000000
80111  -44.777  11.137  7.408 0.0000000000
80975  -44.305  11.564  5.693 0.0000000000
115638  -46.399  12.574  6.960 0.0000000000
81749  -45.838  12.919  5.777 0.0000000000
112307  -45.220  12.683  4.694 0.0000000000
82533  -45.645  13.161  3.396 0.0000000000
81778  -46.147  12.970  1.566 0.0000000000
82551  -46.884  13.551  0.491 0.0000000000
83233  -51.329  14.637  8.137 0.0000000000
83244  -50.717  14.125  5.853 0.0000000000
83252  -49.414  14.345  4.644 0.0000000000
83977  -51.660  14.839  3.379 0.0000000000
83975  -49.696  14.756  3.210 0.0000000000
83974  -48.806  14.788  3.004 0.0000000000
83990  -47.844  14.778  2.071 0.0000000000
82552  -47.319  14.074  0.260 0.0000000000
81791  -47.314  13.313  -1.022 0.0000000000
82570  -47.908  13.452  -2.716 0.0000000000
109754  -49.031  13.990  -6.072 0.0000000000
84049  -50.539  15.545  -4.038 0.0000000000
83330  -49.598  15.120  -6.070 0.0000000000
82598  -49.830  14.728  -8.187 0.0000000000
83352  -49.761  15.238  -10.169 0.0000000000
129228  -48.903  14.717  -10.845 0.0000000000
108223  -48.420  18.687  -6.123 0.0000000000
86324  -52.880  18.968  -0.645 0.0000000000
86335  -50.616  18.054  -0.947 0.0000000000
106953  -49.759  17.776  -1.586 0.0000000000
123380  -49.801  17.994  0.534 0.0000000000
107378  -49.092  17.793  0.189 0.0000000000
86346  -47.461  17.765  -1.840 0.0000000000
86345  -46.418  17.885  -1.756 0.0000000000
86352  -44.700  18.086  -2.628 0.0000000000
121917  -43.559  17.166  -3.366 0.0000000000
86306  -44.765  18.609  1.623 0.0000000000
127766  -43.624  19.065  0.812 0.0000000000
118616  -48.829  23.207  4.741 0.0000000000
89007  -47.520  22.348  4.636 0.0000000000
88410  -47.126  21.583  4.642 0.0000000000
88408  -45.522  21.602  4.084 0.0000000000
88407  -44.673  21.544  3.982 0.0000000000
79146  -43.780  8.834  8.694 0.0000000000
118198  -44.272  9.183  9.347 0.0000000000
77138  -54.687  7.125  12.304 0.0000000000
77144  -54.031  6.774  11.740 0.0000000000
76246  -52.458  6.100  12.420 0.0000000000
77136  -52.958  6.485  13.055 0.0000000000
117437  -38.384  8.554  13.972 0.0000000000
77235  -51.532  7.446  2.276 0.0000000000
124026  -46.745  11.747  -0.723 0.0000000000
81030  -46.889  11.472  -1.328 0.0000000000
81037  -47.214  11.967  -2.027 0.0000000000
83944  -50.370  15.257  10.166 0.0000000000
83223  -50.738  14.870  9.879 0.0000000000
85501  -54.773  17.799  -0.130 0.0000000000
84760  -55.186  17.264  -0.932 0.0000000000
84778  -55.262  17.361  -1.779 0.0000000000
84777  -54.984  17.526  -2.439 0.0000000000
85506  -55.200  17.901  -1.831 0.0000000000
85505  -54.763  18.198  -2.423 0.0000000000
86338  -54.394  18.718  -1.437 0.0000000000
119501  -48.351  19.735  4.929 0.0000000000
87062  -47.355  19.819  4.607 0.0000000000
112181  -47.292  6.502  5.263 0.0000000000
118789  -47.895  6.538  4.666 0.0000000000
76318  -46.450  6.703  5.460 0.0000000000
80139  -44.206  10.567  4.185 0.0000000000
79194  -44.695  9.930  3.627 0.0000000000
80148  -44.636  10.616  3.479 0.0000000000
80995  -44.486  11.266  3.770 0.0000000000
86989  -54.787  19.198  10.495 0.0000000000
86215  -54.418  18.520  10.482 0.0000000000
86216  -55.248  18.758  10.293 0.0000000000
87037  -54.885  19.744  6.191 0.0000000000
86246  -54.918  19.174  6.132 0.0000000000
113422  -54.473  19.151  4.924 0.0000000000
111505  -54.030  19.621  4.514 0.0000000000
87044  -54.101  19.986  5.558 0.0000000000
89573  -53.705  23.155  6.364 0.0000000000
89572  -52.908  22.826  6.197 0.0000000000
88995  -52.202  22.659  6.017 0.0000000000
76430  -48.640  6.393  -7.376 0.0000000000
121799  -47.773  6.524  -7.268 0.0000000000
77342  -47.419  7.107  -7.501 0.0000000000
77350  -47.892  7.569  -8.302 0.0000000000
82486  -42.480  13.153  10.091 0.0000000000
82487  -43.584  13.208  10.239 0.0000000000
85449  -46.491  17.439  9.748 0.0000000000
87724  -49.510  20.698  8.863 0.0000000000
87725  -50.376  20.806  8.909 0.0000000000
79197  -57.482  9.491  3.352 0.0000000000
79196  -56.627  9.167  3.100 0.0000000000
78202  -56.815  8.957  3.991 0.0000000000
124302  -53.296  6.646  7.031 0.0000000000
76304  -51.806  6.199  6.954 0.0000000000
76289  -52.284  6.256  7.492 0.0000000000
75422  -47.719  5.057  10.223 0.0000000000
108267  -47.987  5.158  9.471 0.0000000000
75421  -46.672  5.177  10.385 0.0000000000
108268  -46.060  5.209  9.780 0.0000000000
75420  -45.764  5.289  10.545 0.0000000000
79031  -44.718  10.372  18.211 0.0000000000
77073  -46.430  7.275  16.897 0.0000000000
77105  -46.873  6.785  16.323 0.0000000000
76214  -47.322  6.291  15.649 0.0000000000
76226  -47.746  5.800  14.815 0.0000000000
79115  -43.095  8.923  12.499 0.0000000000
79114  -42.364  9.076  12.505 0.0000000000
78284  -52.159  8.924  -3.345 0.0000000000
77266  -48.153  7.248  0.718 0.0000000000
77281  -47.649  7.806  0.058 0.0000000000
78293  -48.678  8.504  -4.007 0.0000000000
78294  -49.845  8.409  -5.478 0.0000000000
81831  -49.336  12.488  -8.319 0.0000000000
81080  -49.643  12.146  -9.504 0.0000000000
82604  -49.529  13.556  -8.228 0.0000000000
80953  -47.371  11.930  10.733 0.0000000000
80960  -46.780  11.444  9.427 0.0000000000
83241  -47.929  14.099  5.100 0.0000000000
83250  -47.564  14.325  4.262 0.0000000000
83960  -52.737  15.387  5.696 0.0000000000
83959  -52.241  14.705  6.030 0.0000000000
108425  -51.265  15.709  -0.769 0.0000000000
84014  -50.096  15.505  0.072 0.0000000000
108562  -49.368  15.279  -0.254 0.0000000000
84032  -49.382  15.121  -1.832 0.0000000000
112785  -50.024  15.401  -1.552 0.0000000000
84802  -51.970  17.961  -7.129 0.0000000000
85557  -50.253  17.967  -9.001 0.0000000000
85553  -50.623  18.564  -8.544 0.0000000000
85547  -49.760  18.937  -7.988 0.0000000000
85518  -48.104  17.993  -3.832 0.0000000000
86355  -47.699  17.768  -2.744 0.0000000000
107632  -46.154  17.966  -0.273 0.0000000000
87081  -44.233  19.558  4.111 0.0000000000
86267  -43.918  18.897  3.723 0.0000000000
77178  -45.078  7.085  6.121 0.0000000000
77177  -44.309  7.497  6.416 0.0000000000
79155  -43.557  9.159  7.396 0.0000000000
78171  -43.657  8.730  6.292 0.0000000000
79162  -43.563  9.254  6.664 0.0000000000
80125  -43.684  10.219  5.568 0.0000000000
80117  -43.612  10.062  6.371 0.0000000000
87686  -57.646  20.502  9.438 0.0000000000
88334  -58.794  21.446  9.233 0.0000000000
88377  -58.824  21.661  8.161 0.0000000000
87734  -58.396  20.836  8.262 0.0000000000
88376  -57.976  21.214  7.782 0.0000000000
123752  -56.671  20.371  7.330 0.0000000000
124207  -57.098  21.343  7.455 0.0000000000
107178  -56.311  20.983  7.293 0.0000000000
88383  -56.454  21.873  7.376 0.0000000000
89575  -57.468  23.805  6.594 0.0000000000
88981  -56.854  22.812  7.219 0.0000000000
120422  -55.194  23.495  6.602 0.0000000000
123331  -50.427  5.434  -5.799 0.0000000000
75576  -49.449  5.515  -6.144 0.0000000000
83936  -42.243  15.501  9.877 0.0000000000
116277  -41.928  16.071  10.228 0.0000000000
122261  -52.963  6.354  9.770 0.0000000000
76261  -52.847  6.262  10.554 0.0000000000
76253  -51.293  5.561  12.031 0.0000000000
75411  -50.967  5.455  11.248 0.0000000000
113119  -49.371  5.044  10.930 0.0000000000
122392  -49.759  5.024  11.659 0.0000000000
77123  -41.759  7.292  14.055 0.0000000000
78102  -41.140  7.977  13.675 0.0000000000
78103  -42.181  7.923  13.359 0.0000000000
78114  -40.795  8.642  12.925 0.0000000000
79112  -40.365  9.227  12.323 0.0000000000
80064  -38.986  9.915  11.870 0.0000000000
80071  -37.721  10.767  11.660 0.0000000000
79237  -46.590  9.569  -0.188 0.0000000000
79249  -46.808  9.979  -1.013 0.0000000000
80210  -47.206  10.508  -2.535 0.0000000000
78292  -47.905  9.063  -3.362 0.0000000000
79267  -47.658  9.767  -3.917 0.0000000000
122191  -47.517  10.675  -4.001 0.0000000000
81052  -47.752  11.454  -4.539 0.0000000000
81815  -48.116  12.370  -4.576 0.0000000000
81053  -48.277  12.148  -5.350 0.0000000000
81732  -48.508  12.758  9.632 0.0000000000
82495  -49.204  13.335  9.747 0.0000000000
82505  -49.833  13.790  7.906 0.0000000000
82504  -49.122  13.392  8.059 0.0000000000
84726  -53.421  16.001  3.153 0.0000000000
113827  -53.011  15.439  2.865 0.0000000000
84758  -53.840  16.234  -0.701 0.0000000000
84747  -53.370  16.039  0.538 0.0000000000
84757  -52.596  15.946  -0.798 0.0000000000
84792  -53.926  17.881  -5.292 0.0000000000
84791  -53.673  17.394  -5.695 0.0000000000
85528  -53.072  18.174  -5.329 0.0000000000
85521  -53.655  18.709  -5.014 0.0000000000
86349  -52.947  18.797  -2.990 0.0000000000
86348  -51.268  18.164  -2.225 0.0000000000
86272  -49.649  18.380  2.860 0.0000000000
86270  -46.797  18.389  3.341 0.0000000000
87082  -45.041  19.288  4.124 0.0000000000
76350  -49.979  6.642  3.572 0.0000000000
76349  -48.998  6.587  3.651 0.0000000000
77216  -47.602  7.002  3.178 0.0000000000
77217  -48.450  6.725  2.992 0.0000000000
77230  -47.027  7.544  2.676 0.0000000000
78173  -44.988  8.005  4.973 0.0000000000
77202  -45.838  7.673  4.554 0.0000000000
78186  -45.395  8.403  4.208 0.0000000000
79195  -45.343  9.459  3.171 0.0000000000
78197  -45.706  8.684  3.446 0.0000000000
78208  -45.920  8.935  2.606 0.0000000000
78209  -46.530  8.240  2.287 0.0000000000
79206  -46.234  8.817  1.933 0.0000000000
79213  -46.265  9.077  1.321 0.0000000000
79205  -45.900  9.440  1.889 0.0000000000
81000  -45.430  11.442  2.164 0.0000000000
81009  -45.917  11.520  1.326 0.0000000000
81018  -46.297  11.580  0.589 0.0000000000
81784  -46.212  12.263  1.053 0.0000000000
85455  -52.760  17.177  10.520 0.0000000000
84702  -53.081  16.767  10.209 0.0000000000
85462  -53.349  17.127  9.151 0.0000000000
85466  -53.651  17.345  7.976 0.0000000000
117352  -56.704  19.266  9.014 0.0000000000
87030  -56.098  18.838  9.067 0.0000000000
86243  -55.541  18.693  8.378 0.0000000000
85469  -53.846  17.844  6.056 0.0000000000
86245  -53.777  18.279  7.214 0.0000000000
84716  -53.400  16.951  6.236 0.0000000000
84720  -53.496  16.981  4.710 0.0000000000
85488  -54.012  18.077  2.025 0.0000000000
87089  -53.128  19.830  3.494 0.0000000000
88381  -53.968  20.891  6.457 0.0000000000
88395  -52.354  21.047  6.185 0.0000000000
107537  -52.271  20.506  5.647 0.0000000000
87769  -51.203  19.899  5.227 0.0000000000
88393  -50.788  21.176  5.894 0.0000000000
88992  -50.038  21.810  5.658 0.0000000000
79285  -46.865  9.463  -8.387 0.0000000000
80078  -45.466  10.775  11.485 0.0000000000
109988  -45.727  12.205  11.253 0.0000000000
80941  -45.688  11.431  11.433 0.0000000000
80952  -46.775  11.538  11.051 0.0000000000
81726  -46.433  12.411  11.186 0.0000000000
116285  -43.704  14.927  9.665 0.0000000000
83940  -46.130  14.875  10.085 0.0000000000
83219  -45.567  14.313  10.233 0.0000000000
124022  -46.501  14.044  10.516 0.0000000000
82490  -46.792  13.102  11.002 0.0000000000
118074  -47.451  13.741  10.742 0.0000000000
114620  -48.278  13.627  10.627 0.0000000000
116045  -49.243  15.734  10.206 0.0000000000
84698  -49.437  16.451  10.254 0.0000000000
87029  -47.154  20.078  9.033 0.0000000000
127157  -46.064  19.175  9.506 0.0000000000
86230  -47.160  18.810  9.750 0.0000000000
86231  -48.021  18.796  9.868 0.0000000000
86984  -49.722  18.832  10.153 0.0000000000
86210  -49.314  18.185  10.316 0.0000000000
86211  -50.189  18.106  10.436 0.0000000000
85452  -49.674  17.336  10.373 0.0000000000
86212  -51.186  17.989  10.577 0.0000000000
87013  -51.810  19.367  10.145 0.0000000000
87014  -52.424  19.644  10.080 0.0000000000
87015  -53.656  19.776  10.306 0.0000000000
117699  -53.273  20.544  9.699 0.0000000000
79207  -55.850  9.323  2.012 0.0000000000
107385  -55.270  8.508  3.288 0.0000000000
78214  -55.360  8.876  2.483 0.0000000000
78200  -54.569  8.196  3.292 0.0000000000
78199  -53.977  8.045  2.968 0.0000000000
77222  -54.139  7.843  3.707 0.0000000000
78154  -56.499  8.262  6.949 0.0000000000
78161  -56.277  8.234  6.025 0.0000000000
78176  -56.797  8.607  5.662 0.0000000000
78175  -56.404  8.452  5.282 0.0000000000
78190  -56.257  8.530  4.557 0.0000000000
78174  -55.750  8.079  5.219 0.0000000000
76325  -53.444  6.976  5.500 0.0000000000
76341  -52.785  6.885  4.852 0.0000000000
106893  -53.103  7.299  4.073 0.0000000000
76340  -51.955  6.654  4.638 0.0000000000
76339  -51.142  6.532  4.585 0.0000000000
76323  -51.529  6.414  5.368 0.0000000000
76303  -50.585  5.851  6.705 0.0000000000
109088  -50.286  5.988  6.019 0.0000000000
75473  -49.118  5.664  6.769 0.0000000000
75450  -51.084  5.689  8.689 0.0000000000
107393  -47.767  5.284  8.775 0.0000000000
75447  -48.372  5.413  8.211 0.0000000000
109686  -47.664  5.382  8.129 0.0000000000
120707  -47.627  5.618  7.046 0.0000000000
75457  -47.226  5.472  7.645 0.0000000000
75456  -45.811  5.797  7.495 0.0000000000
109687  -46.436  5.488  7.866 0.0000000000
78093  -53.412  8.276  15.005 0.0000000000
116883  -48.407  10.332  18.603 0.0000000000
107108  -49.066  10.787  18.325 0.0000000000
79963  -49.841  10.883  17.710 0.0000000000
79983  -49.369  10.349  17.643 0.0000000000
78048  -44.596  8.589  18.056 0.0000000000
114890  -46.005  9.053  18.258 0.0000000000
78049  -45.572  8.428  17.885 0.0000000000
110109  -48.343  8.198  16.806 0.0000000000
78051  -48.273  8.704  17.225 0.0000000000
78064  -49.036  8.656  16.698 0.0000000000
79059  -49.572  9.392  16.814 0.0000000000
78065  -49.985  8.879  16.403 0.0000000000
78066  -50.849  9.085  16.078 0.0000000000
78080  -50.448  8.255  16.040 0.0000000000
77116  -50.194  6.804  15.233 0.0000000000
77109  -50.752  7.535  15.564 0.0000000000
77117  -50.996  6.901  15.015 0.0000000000
77118  -51.619  7.088  14.838 0.0000000000
77126  -51.202  6.472  14.289 0.0000000000
76237  -51.443  6.116  13.511 0.0000000000
117093  -47.638  5.501  14.159 0.0000000000
75384  -48.444  5.360  13.346 0.0000000000
75383  -47.468  5.314  13.523 0.0000000000
75394  -47.745  5.187  12.637 0.0000000000
75393  -46.681  5.211  12.725 0.0000000000
78123  -43.584  8.224  11.926 0.0000000000
77143  -43.463  7.324  11.577 0.0000000000
78130  -43.733  8.035  11.147 0.0000000000
109937  -43.707  7.845  10.225 0.0000000000
78124  -44.110  8.896  11.579 0.0000000000
80076  -42.464  10.343  11.611 0.0000000000
80077  -43.663  10.252  11.835 0.0000000000
80074  -40.398  10.530  11.239 0.0000000000
82485  -40.690  13.129  10.278 0.0000000000
116075  -40.237  13.934  10.286 0.0000000000
83215  -40.690  14.818  10.199 0.0000000000
78306  -54.315  8.558  -5.750 0.0000000000
77324  -53.904  7.931  -6.385 0.0000000000
76415  -53.841  7.185  -6.241 0.0000000000
77234  -50.585  7.221  2.007 0.0000000000
77247  -49.889  7.253  1.323 0.0000000000
116193  -49.973  7.848  -0.160 0.0000000000
77269  -50.309  7.690  0.585 0.0000000000
78271  -48.027  8.123  -1.211 0.0000000000
124655  -49.576  8.304  -2.902 0.0000000000
125671  -49.363  8.196  -1.889 0.0000000000
77302  -50.224  8.381  -2.504 0.0000000000
78272  -50.769  8.499  -1.897 0.0000000000
77334  -52.684  7.819  -7.149 0.0000000000
76420  -52.013  7.247  -7.396 0.0000000000
80238  -49.672  10.313  -9.182 0.0000000000
79286  -49.604  9.810  -8.463 0.0000000000
78330  -49.751  9.126  -9.229 0.0000000000
79296  -49.473  9.809  -9.512 0.0000000000
78335  -48.953  9.345  -9.618 0.0000000000
79295  -48.976  9.946  -9.945 0.0000000000
81088  -49.222  12.306  -10.409 0.0000000000
112326  -48.398  11.213  -10.199 0.0000000000
81087  -48.631  11.989  -10.330 0.0000000000
81086  -48.016  11.615  -9.975 0.0000000000
81841  -48.346  12.463  -10.100 0.0000000000
113790  -45.351  10.434  9.094 0.0000000000
80964  -45.589  11.439  7.874 0.0000000000
80969  -44.446  11.380  6.554 0.0000000000
81743  -44.916  12.062  6.173 0.0000000000
81740  -46.898  12.365  7.736 0.0000000000
81746  -47.040  12.912  6.909 0.0000000000
82512  -46.526  13.427  5.529 0.0000000000
82511  -45.786  13.173  5.053 0.0000000000
81748  -45.415  12.718  5.354 0.0000000000
81759  -45.132  12.624  3.855 0.0000000000
83278  -46.695  14.123  2.689 0.0000000000
82546  -46.320  13.621  2.142 0.0000000000
121682  -46.506  12.952  0.747 0.0000000000
115040  -46.580  13.594  1.304 0.0000000000
83950  -51.166  15.627  8.282 0.0000000000
83952  -51.203  15.447  7.763 0.0000000000
83254  -51.575  14.420  5.235 0.0000000000
83243  -49.760  14.072  5.481 0.0000000000
83994  -52.273  15.268  2.544 0.0000000000
83993  -51.126  15.009  2.579 0.0000000000
125850  -50.240  14.927  2.678 0.0000000000
83992  -49.498  14.973  2.440 0.0000000000
83973  -47.965  14.731  2.769 0.0000000000
83991  -48.604  14.983  2.118 0.0000000000
83299  -48.180  14.622  -0.771 0.0000000000
83298  -47.843  14.577  0.016 0.0000000000
114401  -47.584  14.040  -0.544 0.0000000000
82558  -47.185  13.569  -0.202 0.0000000000
117844  -47.619  13.393  -1.941 0.0000000000
122302  -48.447  14.178  -2.917 0.0000000000
82590  -48.977  14.267  -5.285 0.0000000000
84042  -51.239  15.709  -3.711 0.0000000000
83331  -50.461  16.037  -7.162 0.0000000000
83337  -49.681  14.916  -7.032 0.0000000000
82605  -49.858  14.457  -9.309 0.0000000000
83344  -50.187  15.696  -9.390 0.0000000000
84080  -49.455  16.324  -10.156 0.0000000000
83350  -48.373  14.950  -9.803 0.0000000000
82609  -48.114  14.185  -9.314 0.0000000000
83343  -47.977  14.821  -8.561 0.0000000000
112540  -48.457  18.527  -5.515 0.0000000000
85532  -46.651  17.503  -4.669 0.0000000000
85533  -47.576  18.028  -5.245 0.0000000000
86314  -53.520  19.522  0.754 0.0000000000
107612  -50.708  18.369  0.449 0.0000000000
86323  -51.450  18.515  -0.421 0.0000000000
86311  -50.009  18.157  1.039 0.0000000000
86310  -48.899  17.826  0.962 0.0000000000
107376  -48.213  17.696  -0.373 0.0000000000
108209  -48.437  17.701  -1.182 0.0000000000
85510  -43.909  17.697  -3.295 0.0000000000
86343  -43.984  18.606  -2.571 0.0000000000
109022  -42.594  19.408  -0.986 0.0000000000
86286  -43.381  18.767  2.420 0.0000000000
86305  -43.940  18.832  1.629 0.0000000000
124619  -43.153  18.971  1.404 0.0000000000
86304  -42.299  19.224  0.976 0.0000000000
89605  -47.994  23.137  4.462 0.0000000000
89604  -47.164  23.106  4.197 0.0000000000
89005  -45.917  22.311  4.095 0.0000000000
77168  -43.612  7.709  7.480 0.0000000000
77176  -43.756  7.755  6.847 0.0000000000
78152  -43.515  8.430  7.925 0.0000000000
79156  -43.923  9.895  7.770 0.0000000000
88335  -59.376  21.712  9.025 0.0000000000
88972  -59.510  22.443  7.772 0.0000000000
88970  -57.502  22.021  7.474 0.0000000000
89565  -59.223  22.934  7.338 0.0000000000
89576  -58.743  23.730  6.706 0.0000000000
90184  -58.430  24.683  6.078 0.0000000000
75577  -50.848  6.172  -6.763 0.0000000000
84690  -40.618  16.616  10.562 0.0000000000
84691  -41.517  16.507  10.454 0.0000000000
112306  -54.277  6.962  10.838 0.0000000000
76256  -53.455  6.512  11.126 0.0000000000
76255  -52.687  6.125  11.493 0.0000000000
76254  -51.999  5.754  11.842 0.0000000000
76244  -51.000  5.663  12.861 0.0000000000
79111  -39.403  9.251  12.352 0.0000000000
79110  -38.466  9.261  12.462 0.0000000000
78211  -52.959  8.194  1.875 0.0000000000
80201  -46.840  10.696  -1.413 0.0000000000
81043  -47.276  11.228  -2.728 0.0000000000
81803  -47.491  12.083  -2.965 0.0000000000
82576  -47.815  12.861  -3.262 0.0000000000
83222  -49.503  14.328  10.198 0.0000000000
82493  -49.572  13.851  9.962 0.0000000000
82496  -49.931  13.882  9.422 0.0000000000
82500  -50.311  14.006  8.653 0.0000000000
83228  -50.908  14.389  8.547 0.0000000000
84740  -54.110  16.828  1.540 0.0000000000
84748  -53.845  16.182  1.188 0.0000000000
87766  -46.828  20.803  4.492 0.0000000000
76320  -48.822  6.250  5.177 0.0000000000
76336  -48.663  6.501  4.324 0.0000000000
77204  -47.389  7.032  4.017 0.0000000000
117797  -45.660  10.066  1.879 0.0000000000
80159  -45.368  10.557  2.333 0.0000000000
86214  -53.574  18.356  10.643 0.0000000000
85456  -53.398  17.518  10.495 0.0000000000
86233  -54.084  17.819  10.385 0.0000000000
85460  -54.234  17.621  9.586 0.0000000000
87034  -56.574  19.551  7.500 0.0000000000
87033  -55.965  19.217  7.514 0.0000000000
87032  -55.330  19.073  6.979 0.0000000000
85472  -53.799  17.859  4.570 0.0000000000
116440  -53.957  18.304  5.129 0.0000000000
117243  -54.201  19.404  3.581 0.0000000000
87067  -53.760  19.768  4.050 0.0000000000
112650  -53.473  19.888  4.588 0.0000000000
109590  -54.456  22.612  6.855 0.0000000000
107236  -52.033  21.844  6.209 0.0000000000
88994  -51.555  22.443  5.903 0.0000000000
118614  -51.770  23.198  5.665 0.0000000000
77349  -47.117  7.846  -7.787 0.0000000000
78327  -47.293  8.955  -8.825 0.0000000000
80950  -44.238  11.615  11.232 0.0000000000
81725  -43.971  12.264  10.774 0.0000000000
82488  -44.782  12.834  10.705 0.0000000000
116274  -44.669  15.995  9.738 0.0000000000
116273  -45.846  15.833  9.750 0.0000000000
121912  -46.689  15.329  10.017 0.0000000000
83941  -47.510  15.277  10.174 0.0000000000
116272  -46.939  16.066  9.765 0.0000000000
126575  -47.425  16.464  9.792 0.0000000000
116105  -47.864  16.843  9.897 0.0000000000
87701  -48.012  20.024  9.223 0.0000000000
87011  -48.409  19.446  9.654 0.0000000000
87702  -48.700  19.969  9.413 0.0000000000
109876  -49.294  19.543  9.732 0.0000000000
118519  -50.125  19.374  9.928 0.0000000000
87012  -50.930  19.565  9.947 0.0000000000
127737  -50.843  20.287  9.421 0.0000000000
125579  -56.408  9.393  2.364 0.0000000000
77172  -55.178  7.528  7.338 0.0000000000
77181  -55.144  7.579  6.453 0.0000000000
77194  -55.064  7.638  5.654 0.0000000000
77180  -54.507  7.329  6.186 0.0000000000
76306  -53.339  6.756  6.324 0.0000000000
76324  -52.736  6.634  5.805 0.0000000000
116474  -52.012  6.380  6.076 0.0000000000
75460  -50.373  5.681  7.394 0.0000000000
75423  -49.885  5.213  10.144 0.0000000000
75436  -49.528  5.330  9.175 0.0000000000
128121  -46.321  5.359  8.413 0.0000000000
75434  -46.241  5.247  8.953 0.0000000000
77072  -45.997  7.803  17.330 0.0000000000
127961  -46.769  7.778  17.124 0.0000000000
77086  -47.241  7.472  16.696 0.0000000000
77088  -48.758  7.921  16.431 0.0000000000
77107  -48.559  7.193  16.130 0.0000000000
77115  -49.202  6.787  15.484 0.0000000000
76228  -49.623  6.195  14.689 0.0000000000
76227  -48.724  6.020  14.833 0.0000000000
75377  -47.033  5.380  14.261 0.0000000000
107904  -43.206  7.475  12.342 0.0000000000
78117  -43.232  8.325  12.458 0.0000000000
79125  -43.094  9.586  12.220 0.0000000000
78297  -54.683  9.146  -5.049 0.0000000000
77246  -48.773  6.973  1.506 0.0000000000
114991  -49.265  7.630  -0.211 0.0000000000
77309  -48.890  8.302  -3.027 0.0000000000
77343  -51.142  8.398  -7.927 0.0000000000
78317  -50.189  8.727  -7.703 0.0000000000
115020  -48.540  11.043  -6.779 0.0000000000
80233  -48.878  10.314  -7.489 0.0000000000
123779  -48.877  11.038  -7.693 0.0000000000
125095  -49.601  11.141  -9.256 0.0000000000
80245  -49.533  10.929  -9.754 0.0000000000
81843  -49.510  12.686  -10.154 0.0000000000
82618  -49.406  13.657  -10.428 0.0000000000
80956  -46.490  10.975  10.096 0.0000000000
81739  -46.018  12.091  7.393 0.0000000000
82508  -47.863  13.367  6.697 0.0000000000
82513  -47.446  13.690  5.731 0.0000000000
82522  -46.321  13.623  4.605 0.0000000000
82534  -46.173  13.679  3.791 0.0000000000
83249  -46.782  14.088  4.066 0.0000000000
83265  -46.586  14.041  3.384 0.0000000000
83279  -47.311  14.479  2.396 0.0000000000
83953  -52.168  15.425  7.418 0.0000000000
83956  -52.079  14.783  7.033 0.0000000000
84004  -48.864  15.128  1.254 0.0000000000
84013  -49.142  15.240  0.441 0.0000000000
84022  -48.596  14.963  -0.152 0.0000000000
83306  -48.583  14.720  -1.429 0.0000000000
122925  -48.059  13.922  -2.254 0.0000000000
83316  -49.240  14.990  -3.225 0.0000000000
84790  -53.160  17.340  -6.073 0.0000000000
84056  -51.703  16.331  -5.639 0.0000000000
84057  -52.447  16.942  -6.854 0.0000000000
84062  -51.886  16.924  -7.387 0.0000000000
84068  -51.199  16.982  -8.248 0.0000000000
84073  -50.504  16.797  -9.208 0.0000000000
84812  -50.754  17.678  -8.833 0.0000000000
84811  -49.713  17.715  -9.182 0.0000000000
84072  -49.255  17.071  -9.530 0.0000000000
108429  -48.187  15.855  -8.348 0.0000000000
84810  -48.917  17.616  -8.768 0.0000000000
85519  -50.076  18.345  -4.155 0.0000000000
86313  -52.370  19.409  1.164 0.0000000000
86291  -48.337  17.786  1.928 0.0000000000
107377  -47.113  17.734  -0.288 0.0000000000
86333  -46.291  17.905  -1.009 0.0000000000
86332  -45.466  18.319  -1.098 0.0000000000
86331  -44.692  18.867  -1.336 0.0000000000
86320  -44.515  19.010  -0.348 0.0000000000
86266  -42.866  18.776  3.193 0.0000000000
87079  -42.675  19.301  3.948 0.0000000000
76299  -46.218  6.353  6.270 0.0000000000
76317  -45.741  6.766  5.937 0.0000000000
77190  -44.686  7.680  5.724 0.0000000000
78172  -44.122  8.505  5.580 0.0000000000
78160  -43.859  8.121  6.343 0.0000000000
79172  -43.914  9.461  5.097 0.0000000000
113330  -43.876  10.194  4.825 0.0000000000
80126  -43.886  10.979  5.093 0.0000000000
86991  -56.288  19.731  10.064 0.0000000000
87685  -56.880  20.200  9.841 0.0000000000
87709  -57.365  20.050  9.455 0.0000000000
87018  -57.385  19.821  8.874 0.0000000000
88348  -58.906  21.279  8.908 0.0000000000
87728  -57.937  20.317  8.482 0.0000000000
87035  -57.474  19.917  8.069 0.0000000000
87039  -56.614  19.922  7.261 0.0000000000
107742  -55.242  20.196  6.533 0.0000000000
87737  -54.391  20.306  6.140 0.0000000000
88382  -55.360  20.761  6.948 0.0000000000
128506  -54.833  21.830  7.211 0.0000000000
119370  -54.414  23.559  6.387 0.0000000000
125639  -42.286  14.699  9.689 0.0000000000
83937  -43.217  15.556  9.739 0.0000000000
84692  -42.411  16.617  10.301 0.0000000000
84693  -43.264  16.654  10.069 0.0000000000
116275  -43.659  16.113  9.816 0.0000000000
122761  -54.045  6.914  8.474 0.0000000000
76278  -53.186  6.526  8.366 0.0000000000
76277  -52.440  6.219  8.224 0.0000000000
76268  -52.681  6.270  9.065 0.0000000000
75438  -51.323  5.665  9.641 0.0000000000
76260  -52.142  5.856  10.962 0.0000000000
75424  -50.734  5.438  10.346 0.0000000000
113687  -48.416  4.988  10.972 0.0000000000
112603  -44.082  9.688  18.112 0.0000000000
115622  -43.219  9.580  18.027 0.0000000000
78047  -43.533  8.713  18.059 0.0000000000
77070  -43.962  7.664  17.916 0.0000000000
77069  -42.776  7.823  17.766 0.0000000000
77084  -44.389  6.811  17.330 0.0000000000
79113  -41.370  9.177  12.401 0.0000000000
80073  -39.456  10.537  11.390 0.0000000000
128896  -47.053  8.265  0.346 0.0000000000
107876  -47.144  8.408  -0.210 0.0000000000
78270  -47.592  8.654  -1.480 0.0000000000
79250  -47.241  9.375  -1.719 0.0000000000
78282  -47.737  8.921  -2.384 0.0000000000
79273  -48.175  9.436  -5.079 0.0000000000
80226  -48.078  10.096  -5.535 0.0000000000
81060  -48.502  11.955  -6.376 0.0000000000
81731  -47.909  12.360  10.258 0.0000000000
81736  -47.847  12.337  9.259 0.0000000000
81737  -48.272  12.792  8.489 0.0000000000
128417  -48.703  13.111  8.234 0.0000000000
82503  -48.460  13.194  7.645 0.0000000000
83242  -48.827  14.153  5.272 0.0000000000
84005  -52.792  15.695  1.578 0.0000000000
122436  -52.241  15.776  0.959 0.0000000000
84025  -51.438  15.732  -2.057 0.0000000000
84034  -52.390  15.932  -3.656 0.0000000000
84043  -52.790  16.308  -4.715 0.0000000000
85541  -51.596  19.064  -6.964 0.0000000000
85535  -51.871  19.078  -6.279 0.0000000000
85520  -52.055  19.003  -4.601 0.0000000000
127645  -49.507  18.116  2.220 0.0000000000
86308  -46.596  17.870  1.387 0.0000000000
86269  -45.606  18.568  3.416 0.0000000000
87059  -44.703  20.316  4.153 0.0000000000
106955  -50.939  6.916  3.013 0.0000000000
77232  -48.805  6.777  2.330 0.0000000000
77192  -46.320  7.162  4.834 0.0000000000
77203  -46.627  7.384  4.227 0.0000000000
78240  -46.676  8.592  0.812 0.0000000000
79223  -46.402  9.365  0.593 0.0000000000
120525  -46.328  10.140  0.377 0.0000000000
80178  -46.397  10.923  0.116 0.0000000000
81019  -46.542  11.633  -0.135 0.0000000000
117473  -46.712  12.199  -0.369 0.0000000000
84700  -51.554  15.703  10.159 0.0000000000
83947  -51.417  15.309  9.792 0.0000000000
84704  -51.984  15.736  9.828 0.0000000000
108684  -51.680  16.271  8.865 0.0000000000
84707  -51.370  16.298  7.935 0.0000000000
85458  -53.104  16.712  9.767 0.0000000000
123007  -52.213  16.619  8.733 0.0000000000
84708  -51.418  16.545  8.069 0.0000000000
84712  -52.540  16.032  7.421 0.0000000000
84715  -53.051  16.042  6.405 0.0000000000
86242  -54.649  18.350  8.043 0.0000000000
86241  -53.666  17.915  7.449 0.0000000000
84723  -53.316  16.264  4.177 0.0000000000
84724  -53.689  17.021  3.443 0.0000000000
84727  -53.807  16.872  2.571 0.0000000000
86315  -54.148  18.811  0.231 0.0000000000
107261  -53.215  19.669  1.621 0.0000000000
86295  -53.478  19.683  2.566 0.0000000000
86294  -52.450  19.577  2.178 0.0000000000
86274  -51.689  19.094  2.932 0.0000000000
110199  -53.442  20.167  5.363 0.0000000000
87042  -52.950  20.080  5.096 0.0000000000
87747  -52.897  20.483  5.701 0.0000000000
87087  -51.106  19.076  3.751 0.0000000000
87064  -50.631  19.410  4.579 0.0000000000
87768  -50.251  19.988  5.313 0.0000000000
79134  -45.268  9.913  10.811 0.0000000000
80951  -46.176  11.121  11.302 0.0000000000
80087  -46.418  10.980  10.860 0.0000000000
83217  -43.677  14.170  9.822 0.0000000000
115909  -45.165  13.655  10.421 0.0000000000
81728  -47.714  12.465  10.773 0.0000000000
83221  -48.845  14.347  10.416 0.0000000000
83943  -49.528  15.045  10.255 0.0000000000
84699  -50.833  15.728  10.311 0.0000000000
116777  -46.824  18.127  9.808 0.0000000000
85450  -47.310  17.495  9.878 0.0000000000
117086  -48.002  17.555  10.056 0.0000000000
86209  -48.493  18.069  10.215 0.0000000000
85451  -48.725  17.181  10.180 0.0000000000
116269  -50.362  16.441  10.402 0.0000000000
114933  -51.371  16.304  10.414 0.0000000000
85454  -51.850  17.059  10.579 0.0000000000
86986  -51.543  18.756  10.393 0.0000000000
114844  -53.217  19.239  10.463 0.0000000000
88345  -53.769  21.386  9.381 0.0000000000
78228  -55.130  9.147  1.771 0.0000000000
78212  -53.778  8.374  2.158 0.0000000000
77237  -53.196  7.883  2.720 0.0000000000
77220  -52.630  7.416  3.339 0.0000000000
78189  -55.526  8.269  4.253 0.0000000000
77208  -54.262  7.632  4.430 0.0000000000
126052  -53.714  7.549  4.083 0.0000000000
127100  -52.116  7.131  3.547 0.0000000000
77205  -51.607  6.828  3.798 0.0000000000
76338  -50.294  6.477  4.512 0.0000000000
76321  -49.821  6.244  5.238 0.0000000000
76288  -51.675  5.932  7.908 0.0000000000
75461  -50.898  5.723  7.909 0.0000000000
75459  -49.592  5.566  7.505 0.0000000000
75448  -49.190  5.439  8.289 0.0000000000
121063  -48.794  5.526  7.532 0.0000000000
75472  -48.336  5.631  6.873 0.0000000000
120961  -47.731  5.851  6.383 0.0000000000
76286  -45.867  6.094  6.841 0.0000000000
76285  -45.215  6.278  7.164 0.0000000000
76284  -44.478  6.571  7.499 0.0000000000
76283  -43.824  6.989  7.851 0.0000000000
77163  -43.582  7.594  8.290 0.0000000000
78138  -43.902  8.506  9.607 0.0000000000
77129  -53.503  6.917  13.763 0.0000000000
80861  -50.450  11.484  17.889 0.0000000000
79964  -50.584  10.876  17.240 0.0000000000
111184  -51.221  10.839  16.873 0.0000000000
79045  -47.838  9.011  18.037 0.0000000000
78050  -46.618  8.282  17.671 0.0000000000
113315  -47.483  8.522  17.646 0.0000000000
79046  -48.562  9.354  17.658 0.0000000000
79047  -49.180  9.768  17.311 0.0000000000
80001  -50.816  10.314  16.670 0.0000000000
80002  -51.597  10.437  16.437 0.0000000000
79061  -51.209  9.800  16.211 0.0000000000
79073  -51.686  9.251  15.859 0.0000000000
78082  -52.158  8.749  15.546 0.0000000000
78092  -52.641  8.110  15.208 0.0000000000
77119  -52.287  7.302  14.701 0.0000000000
77128  -52.662  6.755  13.991 0.0000000000
76238  -52.156  6.310  13.304 0.0000000000
76243  -50.219  5.476  13.055 0.0000000000
76234  -49.073  5.692  14.024 0.0000000000
75385  -49.350  5.388  13.230 0.0000000000
75396  -49.603  5.141  12.414 0.0000000000
120247  -48.065  5.047  11.826 0.0000000000
76224  -45.751  5.403  15.309 0.0000000000
75376  -46.061  5.187  14.443 0.0000000000
75381  -45.333  5.012  13.743 0.0000000000
75392  -45.655  5.248  12.861 0.0000000000
114235  -46.002  5.275  12.023 0.0000000000
75407  -46.345  5.235  11.208 0.0000000000
79133  -44.665  9.471  11.223 0.0000000000
107708  -44.692  10.438  11.700 0.0000000000
80939  -43.967  11.054  11.495 0.0000000000
80075  -41.417  10.373  11.384 0.0000000000
81722  -41.160  12.470  10.383 0.0000000000
113931  -41.542  13.137  10.116 0.0000000000
116288  -41.947  13.964  9.748 0.0000000000
83935  -41.273  15.596  10.217 0.0000000000
116278  -40.899  15.980  10.524 0.0000000000
83214  -39.848  14.721  10.605 0.0000000000
116279  -40.080  15.965  10.698 0.0000000000
76409  -54.436  6.941  -4.705 0.0000000000
75565  -53.141  6.492  -6.027 0.0000000000
77249  -51.305  7.709  1.443 0.0000000000
77270  -51.097  7.944  0.685 0.0000000000
122425  -51.564  8.342  0.172 0.0000000000
78260  -48.177  7.762  -0.625 0.0000000000
107570  -48.851  7.677  -0.582 0.0000000000
114302  -51.609  8.720  -2.231 0.0000000000
78295  -52.286  8.834  -4.614 0.0000000000
77312  -52.780  8.528  -5.991 0.0000000000
77323  -53.344  8.117  -6.779 0.0000000000
75591  -51.201  6.847  -7.587 0.0000000000
124258  -50.720  7.017  -7.913 0.0000000000
76439  -49.811  7.145  -8.153 0.0000000000
77358  -49.158  7.628  -8.610 0.0000000000
78310  -48.943  8.936  -6.278 0.0000000000
79282  -50.256  9.007  -8.479 0.0000000000
78324  -50.278  8.729  -8.634 0.0000000000
126623  -49.690  8.420  -8.988 0.0000000000
77357  -48.509  8.189  -8.933 0.0000000000
78328  -48.013  8.944  -9.293 0.0000000000
79290  -47.462  9.646  -9.274 0.0000000000
80252  -48.634  10.543  -10.098 0.0000000000
80243  -47.067  10.310  -9.013 0.0000000000
79147  -44.176  9.530  8.648 0.0000000000
80102  -45.128  10.827  8.268 0.0000000000
117694  -44.485  10.549  7.778 0.0000000000
80110  -44.008  10.564  6.981 0.0000000000
80987  -44.356  11.628  4.977 0.0000000000
81735  -47.189  11.987  8.810 0.0000000000
81745  -46.401  12.969  6.317 0.0000000000
81744  -45.705  12.455  6.495 0.0000000000
115030  -45.337  12.509  5.842 0.0000000000
81747  -44.855  12.220  5.323 0.0000000000
81758  -44.638  12.003  4.347 0.0000000000
81764  -44.821  11.907  3.424 0.0000000000
81765  -45.260  12.451  3.047 0.0000000000
81772  -45.401  12.177  2.426 0.0000000000
82541  -45.749  12.946  2.454 0.0000000000
82557  -46.872  12.895  -0.164 0.0000000000
125132  -51.331  14.861  9.413 0.0000000000
83232  -50.684  14.226  7.802 0.0000000000
83239  -51.400  14.469  7.342 0.0000000000
83238  -50.776  14.141  6.813 0.0000000000
83237  -49.949  13.965  6.369 0.0000000000
83964  -52.185  14.768  4.242 0.0000000000
83963  -51.130  14.552  4.173 0.0000000000
83976  -50.648  14.736  3.336 0.0000000000
83962  -50.066  14.531  4.001 0.0000000000
83268  -49.064  14.627  3.835 0.0000000000
83267  -48.153  14.617  3.627 0.0000000000
83287  -47.421  14.513  1.605 0.0000000000
84003  -48.047  14.915  1.417 0.0000000000
83293  -47.600  14.560  0.816 0.0000000000
83292  -47.047  14.108  1.047 0.0000000000
81796  -47.320  12.776  -1.696 0.0000000000
82597  -49.231  13.780  -7.099 0.0000000000
113591  -49.834  15.303  -4.237 0.0000000000
112838  -49.604  15.156  -5.044 0.0000000000
82611  -49.676  14.095  -10.111 0.0000000000
83360  -49.336  14.634  -10.727 0.0000000000
84081  -50.040  16.293  -10.045 0.0000000000
84088  -49.516  15.653  -10.532 0.0000000000
82617  -48.915  14.203  -10.862 0.0000000000
82616  -48.436  13.317  -10.122 0.0000000000
85540  -49.862  19.032  -7.008 0.0000000000
85539  -48.475  18.630  -6.934 0.0000000000
84796  -47.572  17.855  -5.926 0.0000000000
124213  -52.364  18.800  -1.138 0.0000000000
107270  -49.377  17.770  -0.565 0.0000000000
86354  -46.588  17.775  -2.541 0.0000000000
86353  -45.581  17.796  -2.556 0.0000000000
85516  -44.822  17.304  -3.216 0.0000000000
84781  -44.195  17.091  -3.481 0.0000000000
86342  -43.004  18.675  -2.798 0.0000000000
124003  -44.317  18.918  0.701 0.0000000000
109998  -41.705  19.040  1.622 0.0000000000
90180  -53.925  24.127  5.889 0.0000000000
89587  -51.022  23.190  5.460 0.0000000000
89586  -50.180  22.783  5.414 0.0000000000
89009  -49.333  22.489  5.273 0.0000000000
89008  -48.378  22.200  5.062 0.0000000000
111432  -47.756  21.612  4.960 0.0000000000
89006  -46.743  22.340  4.335 0.0000000000
88409  -46.364  21.605  4.308 0.0000000000
87765  -45.998  20.883  4.213 0.0000000000
87764  -45.131  20.933  4.087 0.0000000000
75412  -51.491  5.645  10.574 0.0000000000
76235  -49.956  5.733  13.915 0.0000000000
77087  -48.033  7.662  16.572 0.0000000000
77179  -53.971  6.962  6.810 0.0000000000
78091  -51.921  7.870  15.306 0.0000000000
79030  -43.955  10.813  18.082 0.0000000000
79033  -46.389  9.712  18.555 0.0000000000
79961  -47.544  10.430  18.933 0.0000000000
79962  -48.802  10.032  17.978 0.0000000000
80253  -49.266  10.445  -9.925 0.0000000000
81771  -45.101  11.811  2.775 0.0000000000
81848  -49.245  13.174  -10.457 0.0000000000
82582  -48.663  13.951  -4.443 0.0000000000
82610  -48.520  14.318  -10.268 0.0000000000
82623  -49.162  13.984  -10.847 0.0000000000
83225  -50.083  14.343  9.853 0.0000000000
83229  -51.452  14.728  8.835 0.0000000000
83351  -48.896  15.305  -10.554 0.0000000000
83359  -49.098  14.874  -10.927 0.0000000000
84071  -48.580  16.743  -8.878 0.0000000000
84711  -51.252  16.302  7.794 0.0000000000
84823  -49.834  16.426  -10.208 0.0000000000
85464  -53.658  17.612  7.904 0.0000000000
86239  -55.496  18.516  9.565 0.0000000000
86990  -55.565  19.490  10.279 0.0000000000
87017  -56.843  19.669  9.639 0.0000000000
87040  -57.150  20.128  7.630 0.0000000000
87682  -54.330  19.655  10.422 0.0000000000
87687  -58.352  20.829  9.131 0.0000000000
87729  -58.427  20.788  8.741 0.0000000000
87739  -57.201  20.701  7.546 0.0000000000
88333  -58.058  21.197  9.443 0.0000000000
88349  -59.327  21.693  8.773 0.0000000000
88369  -58.901  21.380  8.584 0.0000000000
88930  -59.170  22.001  9.303 0.0000000000
88931  -59.625  22.322  9.060 0.0000000000
109107  -54.722  21.135  6.900 0.0000000000
112029  -49.093  11.285  -10.301 0.0000000000
113372  -49.669  13.157  -9.973 0.0000000000
119793  -49.190  7.467  16.091 0.0000000000
122850  -56.998  19.522  8.177 0.0000000000
124797  -52.978  19.961  10.038 0.0000000000
124976  -53.925  7.062  6.023 0.0000000000
127650  -49.606  11.463  -9.710 0.0000000000
128916  -57.028  19.787  7.658 0.0000000000
129413  -49.129  14.509  -10.958 0.0000000000
