#!ascii label  , from subject sub-v2s16x51307_ses-1 vox2ras=TkReg
1082
4364  -12.496  -78.087  -23.491 0.5000000000
4363  -11.727  -77.872  -23.529 0.6000000238
4769  -19.560  -76.092  -19.822 0.3000000119
4362  -10.938  -77.584  -23.416 0.5000000000
123570  -18.927  -78.013  -21.090 0.4000000060
4321  -19.668  -77.835  -20.987 0.4000000060
4781  -19.727  -76.947  -20.400 0.4000000060
126617  -19.997  -76.421  -20.213 0.3000000119
4334  -19.457  -78.401  -21.658 0.4000000060
120345  -13.786  -75.435  -23.104 0.5000000000
5330  -13.298  -76.496  -23.657 0.5000000000
4816  -12.542  -77.474  -23.706 0.5000000000
5819  -12.424  -74.664  -22.396 0.6000000238
5317  -11.994  -75.127  -22.977 0.5000000000
4815  -11.628  -76.923  -23.631 0.6000000238
5278  -19.641  -75.008  -19.381 0.3000000119
127360  -11.045  -75.546  -23.208 0.5000000000
121239  -17.439  -78.617  -22.699 0.5000000000
4332  -17.672  -78.561  -21.962 0.5000000000
5798  -20.529  -74.941  -19.860 0.3000000119
5316  -11.249  -75.072  -22.854 0.6000000238
4804  -10.167  -76.688  -23.355 0.5000000000
3937  -19.077  -78.559  -22.351 0.5000000000
4333  -18.610  -78.512  -21.809 0.4000000060
4322  -20.370  -77.582  -20.973 0.4000000060
5288  -21.000  -75.861  -20.421 0.3000000119
4770  -20.205  -75.864  -20.044 0.3000000119
3952  -18.632  -78.421  -23.030 0.4000000060
3938  -19.908  -78.484  -22.177 0.4000000060
127253  -20.724  -77.829  -21.395 0.4000000060
3961  -19.546  -78.395  -22.713 0.4000000060
5794  -14.901  -74.344  -21.135 0.6999999881
5806  -14.144  -74.531  -21.744 0.6999999881
5821  -14.302  -75.028  -22.487 0.6999999881
4366  -13.911  -78.323  -23.871 0.5000000000
6262  -13.970  -73.962  -20.185 0.6999999881
5793  -14.073  -74.209  -20.968 0.6999999881
120903  -13.371  -74.378  -21.474 0.8000000119
5820  -13.369  -74.717  -22.327 0.5000000000
5805  -12.741  -74.457  -21.821 0.6999999881
3949  -14.614  -78.559  -23.721 0.5000000000
124401  -13.411  -74.191  -20.811 0.6999999881
3950  -15.543  -78.542  -23.664 0.4000000060
3951  -16.960  -78.612  -22.909 0.5000000000
5785  -20.096  -74.098  -19.337 0.3000000119
5791  -11.744  -74.327  -21.118 0.6000000238
3959  -16.780  -78.359  -23.421 0.5000000000
3960  -17.558  -78.495  -23.155 0.5000000000
5786  -20.785  -73.967  -19.778 0.3000000119
5803  -11.244  -74.420  -21.725 0.5000000000
4370  -17.811  -78.159  -23.391 0.5000000000
4807  -18.809  -77.538  -23.114 0.4000000060
4353  -18.728  -78.045  -23.337 0.4000000060
3939  -20.556  -78.299  -22.128 0.4000000060
4323  -21.024  -77.454  -21.198 0.4000000060
4783  -21.451  -76.788  -20.973 0.4000000060
4808  -19.724  -77.788  -23.016 0.3000000119
4354  -20.356  -78.019  -22.918 0.4000000060
6739  -15.345  -72.643  -17.902 0.5000000000
6749  -16.027  -73.086  -19.179 0.6000000238
6256  -15.489  -73.541  -19.697 0.6000000238
6263  -14.800  -73.938  -20.345 0.6000000238
7190  -15.107  -71.534  -16.770 0.5000000000
6705  -14.910  -72.058  -16.683 0.5000000000
6722  -14.829  -72.573  -17.080 0.6000000238
6245  -15.387  -73.152  -18.837 0.6000000238
6255  -14.656  -73.618  -19.476 0.6999999881
5331  -14.258  -76.342  -23.568 0.6000000238
123407  -20.111  -72.213  -16.975 0.3000000119
7693  -13.705  -71.177  -15.534 0.6999999881
6704  -14.373  -72.388  -16.302 0.6000000238
116933  -14.617  -73.076  -17.652 0.6000000238
6244  -14.643  -73.336  -18.491 0.6999999881
6254  -13.761  -73.794  -19.192 0.6999999881
5319  -15.158  -76.361  -23.453 0.6000000238
110157  -14.673  -78.135  -24.025 0.5000000000
6695  -14.055  -71.826  -15.698 0.6000000238
6703  -13.797  -72.855  -15.990 0.6000000238
6211  -14.118  -73.182  -16.906 0.6000000238
5772  -13.154  -73.981  -18.332 0.6999999881
5783  -12.790  -74.159  -19.401 0.6999999881
4367  -15.457  -78.467  -23.860 0.5000000000
6259  -19.785  -73.398  -18.834 0.3000000119
7674  -13.024  -71.246  -14.999 0.6999999881
7165  -13.012  -72.014  -14.724 0.6999999881
5756  -13.366  -73.788  -17.306 0.6000000238
5755  -12.627  -74.240  -17.589 0.6000000238
5792  -12.637  -74.282  -21.108 0.6999999881
4805  -16.091  -76.983  -23.613 0.5000000000
4806  -16.975  -77.529  -23.527 0.5000000000
6201  -13.185  -73.146  -15.528 0.6000000238
6209  -12.767  -73.818  -15.898 0.6000000238
5771  -12.328  -74.326  -18.545 0.6000000238
113778  -11.451  -74.388  -20.406 0.6000000238
5790  -10.936  -74.416  -21.094 0.6000000238
5320  -16.802  -76.430  -22.896 0.5000000000
5799  -21.379  -74.784  -20.342 0.3000000119
6686  -12.334  -72.326  -14.279 0.6999999881
6693  -12.829  -72.714  -14.830 0.6000000238
5740  -12.803  -74.084  -16.711 0.6000000238
5754  -11.825  -74.557  -17.782 0.5000000000
112971  -10.684  -74.521  -20.393 0.5000000000
5321  -17.903  -76.817  -22.807 0.5000000000
121569  -20.712  -76.213  -22.773 0.3000000119
4821  -20.800  -77.484  -22.824 0.3000000119
4337  -21.690  -77.705  -21.898 0.4000000060
125415  -21.719  -77.438  -21.599 0.4000000060
5789  -10.183  -74.538  -21.031 0.5000000000
5323  -19.920  -76.142  -22.527 0.3000000119
120959  -19.580  -77.125  -22.806 0.3000000119
4355  -21.015  -78.001  -22.445 0.4000000060
7732  -15.584  -70.462  -17.530 0.5000000000
7202  -15.645  -71.310  -17.307 0.5000000000
7203  -16.247  -70.935  -17.897 0.5000000000
6724  -16.117  -71.839  -17.868 0.5000000000
8283  -14.024  -69.847  -17.136 0.5000000000
7731  -14.846  -70.130  -17.233 0.5000000000
7718  -15.167  -70.864  -16.871 0.5000000000
6740  -16.096  -72.524  -18.542 0.5000000000
6257  -16.368  -73.368  -19.750 0.6000000238
6264  -15.769  -73.982  -20.506 0.6000000238
7716  -13.737  -70.426  -16.231 0.5000000000
5795  -16.434  -74.291  -20.902 0.6000000238
5301  -15.795  -75.194  -22.088 0.8000000119
6707  -20.792  -72.284  -16.796 0.3000000119
7715  -12.753  -70.207  -16.389 0.6000000238
120654  -13.238  -70.694  -15.607 0.6000000238
7694  -14.331  -71.121  -16.003 0.6000000238
7191  -20.632  -71.781  -17.412 0.3000000119
7692  -12.557  -70.590  -15.533 0.6999999881
126726  -16.522  -75.576  -22.283 0.5000000000
5300  -15.108  -75.420  -22.678 0.6000000238
6744  -20.268  -71.875  -18.107 0.3000000119
6753  -20.616  -72.273  -18.946 0.3000000119
121151  -11.391  -70.683  -15.056 0.6999999881
5302  -17.358  -75.688  -22.108 0.4000000060
6261  -21.047  -72.999  -19.659 0.3000000119
7673  -12.224  -70.893  -14.806 0.6000000238
7164  -12.388  -71.630  -14.391 0.6999999881
7672  -10.743  -70.846  -14.438 0.6000000238
7163  -11.660  -71.217  -14.214 0.6999999881
6200  -12.546  -73.475  -15.111 0.6000000238
5730  -11.739  -74.580  -16.183 0.5000000000
5221  -11.256  -74.899  -16.998 0.5000000000
5781  -11.158  -74.528  -19.618 0.6000000238
5303  -18.328  -75.711  -21.948 0.4000000060
116773  -20.550  -75.362  -22.567 0.3000000119
5324  -21.223  -75.697  -22.934 0.3000000119
129069  -21.797  -76.038  -23.203 0.3000000119
4371  -21.804  -77.344  -22.587 0.4000000060
5289  -21.867  -75.930  -20.856 0.3000000119
6192  -11.461  -73.448  -14.083 0.6000000238
5729  -11.449  -74.477  -15.392 0.5000000000
5206  -10.984  -75.037  -16.032 0.5000000000
5769  -10.797  -74.810  -18.903 0.5000000000
5274  -10.076  -75.050  -19.232 0.6000000238
5779  -9.921  -74.758  -20.251 0.5000000000
5322  -18.972  -76.501  -22.486 0.3000000119
6199  -11.871  -73.835  -14.799 0.5000000000
5220  -10.356  -75.329  -16.661 0.5000000000
5261  -10.292  -75.238  -18.249 0.5000000000
5240  -8.782  -75.678  -17.585 0.5000000000
8310  -14.138  -69.167  -19.013 0.5000000000
8295  -14.346  -69.589  -17.868 0.5000000000
7744  -16.726  -70.677  -18.657 0.5000000000
7215  -16.619  -71.358  -18.369 0.5000000000
6741  -16.752  -71.902  -18.633 0.5000000000
8282  -12.957  -69.745  -17.380 0.5000000000
6258  -17.347  -72.855  -19.792 0.4000000060
6216  -21.005  -73.122  -16.481 0.3000000119
6728  -22.469  -72.315  -17.064 0.3000000119
8281  -11.904  -69.829  -17.641 0.6000000238
6265  -16.801  -73.736  -20.346 0.4000000060
7714  -10.853  -70.024  -17.768 0.6000000238
113482  -11.832  -70.276  -16.542 0.6000000238
7217  -20.900  -71.391  -17.946 0.3000000119
6745  -21.010  -71.516  -18.572 0.3000000119
7691  -11.096  -70.479  -16.324 0.6000000238
5809  -17.744  -74.927  -21.399 0.4000000060
7690  -10.410  -70.650  -15.776 0.6000000238
5810  -18.649  -74.803  -21.455 0.4000000060
5304  -19.214  -75.497  -21.962 0.3000000119
118368  -19.935  -75.182  -22.148 0.3000000119
8311  -15.135  -69.434  -18.967 0.5000000000
7743  -15.996  -69.986  -18.428 0.5000000000
115543  -16.461  -69.981  -19.425 0.5000000000
7750  -17.193  -70.569  -19.571 0.4000000060
8294  -13.224  -69.328  -18.506 0.5000000000
7216  -17.207  -71.267  -18.948 0.4000000060
6742  -17.416  -71.963  -19.264 0.4000000060
6755  -18.181  -72.661  -20.239 0.4000000060
6266  -17.708  -73.524  -20.421 0.4000000060
7733  -22.044  -70.871  -17.930 0.3000000119
7205  -22.306  -71.332  -17.489 0.3000000119
7713  -10.146  -70.489  -17.185 0.6000000238
5796  -17.253  -74.274  -20.867 0.4000000060
5797  -18.176  -74.162  -20.900 0.4000000060
6271  -19.028  -73.883  -21.193 0.4000000060
5811  -19.492  -74.555  -21.698 0.3000000119
7671  -9.625  -70.789  -15.062 0.6000000238
8312  -15.561  -69.456  -19.692 0.5000000000
8320  -15.915  -69.520  -20.436 0.4000000060
8309  -13.086  -68.768  -19.487 0.5000000000
8317  -13.579  -68.470  -19.979 0.5000000000
7755  -17.330  -70.466  -21.029 0.4000000060
8293  -12.073  -69.372  -18.689 0.6000000238
8308  -12.346  -68.852  -19.285 0.6000000238
125884  -13.050  -68.284  -19.869 0.6000000238
7219  -17.849  -71.278  -19.838 0.4000000060
119353  -11.162  -69.397  -18.828 0.6000000238
125935  -11.579  -68.970  -19.259 0.6000000238
6752  -18.449  -71.822  -20.462 0.4000000060
124035  -18.719  -72.500  -20.695 0.4000000060
6267  -18.568  -73.262  -20.682 0.4000000060
6268  -19.250  -72.822  -21.237 0.4000000060
6759  -19.666  -72.573  -22.164 0.4000000060
7751  -22.255  -70.640  -18.985 0.3000000119
6272  -19.715  -73.566  -21.748 0.4000000060
6269  -21.850  -73.015  -20.269 0.3000000119
6754  -21.449  -71.923  -19.466 0.3000000119
110738  -9.340  -70.706  -16.728 0.6000000238
110915  -8.522  -70.811  -16.982 0.6999999881
7728  -8.591  -70.249  -17.932 0.6999999881
7689  -8.802  -70.829  -16.156 0.6000000238
7711  -7.982  -70.744  -17.366 0.6999999881
8280  -8.424  -69.914  -17.933 0.6999999881
111770  -7.494  -71.006  -17.000 0.6000000238
8920  -8.179  -69.220  -16.930 0.6000000238
7710  -7.212  -70.872  -17.248 0.6999999881
8279  -7.575  -69.855  -17.483 0.6999999881
8319  -15.156  -69.064  -20.853 0.5000000000
8965  -13.908  -68.114  -20.576 0.5000000000
8318  -14.497  -68.865  -20.124 0.5000000000
8326  -15.836  -69.304  -21.374 0.5000000000
7749  -16.539  -69.919  -20.645 0.4000000060
8956  -12.080  -68.413  -19.307 0.6000000238
8963  -12.907  -68.117  -19.812 0.6000000238
8964  -13.347  -68.017  -20.188 0.6000000238
9582  -13.849  -67.743  -20.319 0.6000000238
7222  -18.150  -71.085  -20.832 0.4000000060
9571  -12.734  -67.836  -19.584 0.6000000238
9572  -13.563  -67.439  -19.525 0.6000000238
116353  -10.340  -69.409  -18.815 0.6000000238
8306  -10.207  -69.024  -19.052 0.6000000238
119423  -11.373  -68.407  -19.086 0.6000000238
8944  -12.431  -67.754  -18.231 0.6000000238
9553  -12.921  -67.521  -18.931 0.6000000238
122131  -18.935  -72.077  -21.109 0.4000000060
7235  -19.406  -71.734  -22.497 0.4000000060
8292  -9.807  -69.510  -18.659 0.6000000238
8942  -10.730  -68.659  -19.016 0.6000000238
111695  -11.456  -68.165  -18.513 0.6000000238
8925  -13.094  -67.925  -16.864 0.6000000238
6758  -19.027  -71.965  -22.029 0.4000000060
6765  -20.069  -72.454  -22.649 0.4000000060
7730  -9.883  -70.047  -18.250 0.6000000238
8941  -10.133  -68.872  -18.905 0.5000000000
8923  -10.604  -68.499  -18.282 0.6000000238
114505  -11.247  -68.295  -17.087 0.6000000238
8924  -12.142  -68.077  -17.073 0.6000000238
8902  -13.784  -68.119  -15.792 0.6999999881
119553  -9.411  -70.398  -17.708 0.6999999881
8291  -9.399  -69.661  -18.378 0.6000000238
8922  -9.889  -68.751  -18.120 0.6000000238
8901  -12.914  -68.237  -15.760 0.6000000238
8886  -14.332  -68.089  -15.090 0.6000000238
109167  -15.147  -67.781  -14.816 0.6000000238
8900  -11.067  -68.331  -15.688 0.6000000238
120923  -11.986  -68.283  -15.737 0.6000000238
8884  -12.681  -68.221  -14.769 0.6000000238
9508  -14.292  -67.783  -14.260 0.6000000238
8921  -9.179  -69.224  -17.816 0.6000000238
116163  -10.395  -68.479  -16.972 0.6000000238
8883  -11.758  -68.177  -14.682 0.5000000000
9507  -13.305  -67.900  -14.074 0.6000000238
8899  -10.123  -68.364  -15.730 0.5000000000
8290  -7.666  -70.462  -17.530 0.6999999881
8919  -7.268  -68.868  -16.623 0.6999999881
8897  -8.196  -68.359  -15.879 0.5000000000
8881  -9.758  -68.042  -15.011 0.6000000238
8882  -10.750  -68.028  -14.653 0.5000000000
9505  -11.552  -67.667  -14.000 0.5000000000
9503  -9.394  -67.400  -14.739 0.6000000238
11457  -3.797  -65.172  -15.604 0.6000000238
12150  -2.500  -63.638  -16.689 0.6000000238
11455  -1.990  -64.281  -16.703 0.6000000238
8966  -14.587  -68.399  -20.998 0.5000000000
8325  -15.321  -68.727  -21.384 0.5000000000
7762  -17.025  -70.139  -22.155 0.5000000000
9573  -14.435  -67.183  -19.738 0.5000000000
7756  -17.633  -70.782  -21.998 0.4000000060
7774  -18.225  -70.740  -22.421 0.4000000060
120311  -14.361  -67.150  -18.969 0.5000000000
115434  -15.199  -67.057  -18.822 0.5000000000
7223  -18.416  -71.403  -21.718 0.4000000060
7227  -18.599  -71.262  -22.359 0.4000000060
7234  -18.909  -71.063  -22.568 0.4000000060
9540  -14.377  -67.563  -17.248 0.5000000000
9555  -14.876  -67.280  -17.983 0.5000000000
8926  -13.891  -67.810  -16.704 0.6000000238
9541  -15.377  -67.555  -16.736 0.6000000238
9524  -14.704  -67.884  -15.946 0.6000000238
9525  -15.723  -67.682  -15.615 0.5000000000
116843  -15.058  -67.510  -14.075 0.4000000060
9509  -15.699  -67.386  -14.261 0.4000000060
9526  -16.570  -67.467  -15.315 0.4000000060
9485  -13.006  -67.271  -13.607 0.6000000238
9486  -14.649  -67.215  -13.725 0.6000000238
9487  -15.384  -67.113  -13.795 0.5000000000
9488  -16.000  -67.021  -13.924 0.4000000060
9510  -16.519  -67.170  -14.421 0.4000000060
10111  -17.012  -66.153  -13.669 0.4000000060
7727  -6.678  -70.617  -17.341 0.6999999881
9506  -12.395  -67.854  -13.982 0.6000000238
128993  -14.324  -66.763  -13.531 0.5000000000
10110  -15.788  -66.557  -13.608 0.4000000060
127399  -7.524  -67.836  -15.885 0.6000000238
9504  -10.851  -67.293  -13.962 0.5000000000
9483  -11.467  -67.128  -13.704 0.5000000000
123791  -13.661  -66.501  -13.466 0.5000000000
10729  -14.505  -66.067  -13.377 0.5000000000
111018  -15.416  -65.933  -13.324 0.4000000060
10731  -16.350  -65.855  -13.370 0.4000000060
9523  -8.911  -67.832  -15.226 0.6000000238
10107  -11.844  -66.543  -13.595 0.5000000000
121930  -4.718  -65.696  -14.961 0.6999999881
11443  -4.330  -64.588  -15.461 0.6000000238
11444  -5.365  -64.928  -14.936 0.6999999881
11456  -3.239  -63.969  -15.953 0.6000000238
111488  -4.701  -63.818  -15.285 0.6000000238
12164  -2.440  -63.569  -16.881 0.6000000238
11442  -3.704  -63.375  -15.801 0.6000000238
125928  -4.013  -62.808  -15.595 0.6000000238
12141  -4.836  -62.905  -15.132 0.6000000238
12835  -4.844  -61.788  -14.905 0.6000000238
11484  -2.052  -63.982  -17.000 0.5000000000
12180  -3.341  -62.736  -17.086 0.6000000238
12166  -3.191  -62.264  -16.529 0.6000000238
12858  -3.349  -61.596  -16.197 0.6000000238
12834  -3.722  -61.721  -15.716 0.6000000238
122464  -16.600  -69.576  -22.061 0.5000000000
11501  -3.346  -64.586  -17.778 0.5000000000
11485  -3.481  -63.694  -17.486 0.5000000000
12870  -3.551  -61.929  -16.638 0.5000000000
13528  -3.648  -61.202  -16.242 0.5000000000
121673  -14.318  -67.915  -20.883 0.4000000060
9594  -15.336  -67.583  -21.046 0.5000000000
8335  -17.264  -69.727  -22.277 0.5000000000
11502  -4.395  -64.630  -18.007 0.5000000000
11486  -4.648  -63.664  -17.709 0.5000000000
12871  -5.685  -62.728  -17.402 0.5000000000
13534  -4.453  -61.825  -16.861 0.5000000000
9584  -15.670  -67.244  -20.361 0.5000000000
8348  -18.055  -70.187  -22.479 0.4000000060
127695  -18.621  -70.548  -22.491 0.4000000060
8349  -19.402  -70.557  -22.463 0.4000000060
10796  -4.028  -65.547  -18.283 0.5000000000
127784  -5.631  -64.025  -17.963 0.5000000000
12181  -5.634  -63.463  -17.752 0.6000000238
10798  -6.176  -65.870  -18.759 0.6000000238
12191  -6.399  -64.204  -18.214 0.6000000238
12182  -6.752  -63.566  -17.942 0.6999999881
8938  -4.719  -68.752  -18.520 0.6000000238
9542  -16.336  -67.505  -16.295 0.5000000000
107282  -17.169  -67.353  -15.943 0.4000000060
107188  -5.195  -69.317  -18.082 0.6000000238
8277  -5.978  -69.972  -17.678 0.6000000238
8918  -6.408  -68.792  -17.164 0.6000000238
10131  -17.980  -66.393  -14.585 0.4000000060
9538  -6.863  -67.771  -16.381 0.6000000238
8278  -6.849  -69.970  -17.463 0.6999999881
9502  -8.809  -67.073  -14.875 0.6000000238
10147  -9.011  -66.286  -14.931 0.6000000238
10127  -9.517  -66.762  -14.519 0.5000000000
10106  -11.106  -66.575  -13.769 0.5000000000
119708  -5.703  -65.810  -14.142 0.6999999881
12142  -5.686  -64.050  -14.750 0.6999999881
12143  -6.536  -64.158  -14.142 0.6000000238
12132  -5.864  -63.111  -14.490 0.6000000238
110860  -6.831  -63.294  -13.747 0.6000000238
13497  -5.335  -61.113  -14.430 0.6999999881
117059  -4.321  -60.144  -15.644 0.6000000238
13518  -4.049  -60.560  -15.936 0.6000000238
9595  -16.003  -67.572  -20.988 0.5000000000
8976  -16.211  -68.165  -21.548 0.5000000000
8334  -16.024  -69.155  -21.814 0.5000000000
8988  -16.508  -68.953  -22.056 0.5000000000
13529  -4.477  -61.025  -16.382 0.6000000238
107538  -4.685  -60.221  -16.129 0.5000000000
8977  -17.119  -68.390  -21.527 0.5000000000
8336  -18.200  -69.561  -22.251 0.5000000000
124726  -19.070  -69.902  -22.221 0.4000000060
12872  -6.975  -62.949  -17.512 0.6000000238
12859  -5.763  -61.981  -16.891 0.6000000238
118724  -5.334  -61.055  -16.401 0.5000000000
9574  -15.373  -67.048  -19.658 0.5000000000
8955  -5.186  -67.689  -18.799 0.6000000238
10180  -5.730  -66.889  -18.820 0.4000000060
12192  -7.441  -64.317  -18.464 0.6000000238
12183  -7.935  -63.634  -18.234 0.6000000238
127877  -6.801  -62.428  -17.011 0.6000000238
110998  -16.022  -67.263  -17.578 0.4000000060
9575  -16.330  -67.017  -18.665 0.4000000060
9570  -5.743  -67.283  -18.736 0.5000000000
10181  -6.351  -66.300  -18.662 0.5000000000
10799  -7.080  -65.474  -18.646 0.6000000238
11505  -7.694  -64.892  -18.630 0.6999999881
12193  -8.225  -64.346  -18.496 0.6000000238
12184  -8.826  -63.825  -18.277 0.6000000238
12873  -8.575  -63.318  -17.904 0.6000000238
9551  -5.197  -68.312  -18.629 0.6000000238
10182  -7.086  -65.756  -18.565 0.6000000238
124830  -8.000  -65.044  -18.592 0.6000000238
11487  -8.697  -64.343  -18.330 0.6000000238
12185  -9.401  -63.379  -17.802 0.6000000238
12860  -8.955  -62.856  -17.350 0.6000000238
122809  -16.880  -67.297  -16.791 0.4000000060
9552  -5.908  -67.864  -18.079 0.5000000000
121027  -6.466  -66.825  -18.234 0.6000000238
10771  -7.715  -65.800  -17.427 0.6000000238
11468  -9.144  -64.443  -17.870 0.6000000238
11469  -9.923  -63.913  -17.458 0.6000000238
8939  -5.655  -68.739  -17.872 0.6000000238
9537  -6.323  -67.769  -17.291 0.6000000238
10159  -6.983  -66.818  -16.810 0.6000000238
10160  -7.834  -66.284  -16.189 0.6000000238
10772  -8.485  -65.296  -17.005 0.6000000238
10146  -8.264  -66.698  -15.348 0.6000000238
9522  -8.163  -67.439  -15.403 0.6000000238
10747  -9.801  -65.885  -14.638 0.5000000000
10725  -10.861  -65.927  -13.995 0.5000000000
10723  -5.915  -65.893  -12.931 0.6999999881
10724  -6.488  -65.386  -13.511 0.6999999881
10084  -5.531  -66.199  -11.329 0.6999999881
10704  -6.520  -65.389  -11.456 0.6999999881
10714  -6.583  -65.392  -12.559 0.6999999881
11410  -7.082  -64.936  -13.030 0.6999999881
11426  -7.159  -64.280  -13.373 0.6000000238
125500  -6.815  -62.470  -13.607 0.6000000238
117957  -6.438  -61.701  -13.785 0.5000000000
12826  -6.101  -62.266  -14.214 0.6999999881
13498  -6.146  -60.801  -13.906 0.5000000000
14167  -5.171  -60.087  -14.504 0.5000000000
14188  -4.622  -59.893  -15.714 0.5000000000
8989  -17.559  -68.999  -22.042 0.5000000000
8990  -18.480  -69.045  -21.664 0.5000000000
8337  -19.323  -69.406  -21.621 0.4000000060
107521  -16.184  -67.078  -19.575 0.4000000060
8978  -18.191  -68.550  -21.154 0.4000000060
110043  -6.630  -61.843  -16.470 0.6000000238
115671  -7.726  -62.794  -17.208 0.6000000238
117674  -7.945  -62.339  -16.300 0.6000000238
12167  -10.043  -63.328  -17.456 0.6000000238
107950  -9.191  -62.495  -16.273 0.6000000238
10773  -9.349  -64.774  -16.689 0.6000000238
11458  -10.232  -64.293  -16.432 0.6000000238
12861  -10.009  -62.921  -17.340 0.6000000238
10762  -8.678  -65.775  -15.802 0.6000000238
11470  -10.618  -63.398  -17.016 0.5000000000
10763  -9.531  -65.296  -15.488 0.6000000238
10764  -10.438  -64.870  -15.163 0.5000000000
127401  -6.378  -66.614  -10.521 0.6999999881
10085  -6.149  -65.869  -10.856 0.6999999881
10705  -7.136  -64.827  -11.283 0.6999999881
11401  -7.086  -64.905  -12.132 0.6999999881
128761  -7.368  -64.551  -11.828 0.6000000238
11411  -7.503  -64.236  -12.412 0.6999999881
12133  -7.473  -63.682  -13.063 0.4000000060
9457  -6.956  -66.858  -10.247 0.6999999881
10075  -7.159  -65.992  -10.100 0.6999999881
122760  -7.342  -65.532  -10.162 0.6000000238
11389  -7.527  -64.632  -10.650 0.6000000238
12827  -7.210  -62.074  -13.298 0.5000000000
8810  -7.554  -68.542  -8.751 0.6999999881
126143  -7.733  -67.970  -9.288 0.6999999881
13488  -7.584  -61.527  -13.053 0.5000000000
112586  -7.623  -68.817  -7.888 0.6999999881
8787  -8.008  -68.467  -6.490 0.6000000238
8774  -8.267  -68.018  -5.860 0.6000000238
9379  -7.755  -67.286  -4.751 0.6000000238
10621  -6.677  -65.609  -4.321 0.5000000000
11303  -7.183  -64.391  -3.891 0.5000000000
12168  -10.722  -63.028  -17.061 0.6000000238
11403  -8.006  -63.903  -10.749 0.5000000000
12110  -7.965  -63.551  -11.632 0.5000000000
10063  -7.818  -66.619  -9.774 0.6000000238
10689  -7.750  -65.694  -9.900 0.6000000238
10690  -8.262  -65.100  -9.775 0.6000000238
11390  -8.064  -64.427  -10.150 0.6000000238
12121  -7.799  -63.286  -12.479 0.5000000000
13489  -8.260  -61.766  -12.481 0.5000000000
8811  -8.129  -67.932  -8.764 0.6999999881
9434  -8.596  -67.364  -8.760 0.6000000238
10064  -8.567  -66.744  -9.271 0.6000000238
112680  -8.473  -65.958  -9.537 0.6000000238
10691  -9.140  -65.257  -9.352 0.6000000238
109457  -7.956  -60.920  -12.801 0.5000000000
8797  -8.227  -68.258  -7.404 0.6999999881
9435  -8.940  -67.286  -8.178 0.6000000238
10039  -9.629  -66.600  -7.065 0.6000000238
10669  -9.808  -66.152  -7.893 0.6000000238
10670  -10.244  -65.341  -8.042 0.6000000238
9410  -8.581  -67.841  -6.623 0.6000000238
9424  -8.960  -67.436  -7.409 0.6000000238
10024  -9.471  -66.482  -6.126 0.6000000238
10025  -9.974  -65.926  -6.413 0.6000000238
9398  -8.362  -67.418  -5.377 0.6000000238
9986  -8.906  -65.960  -4.806 0.6000000238
10004  -9.186  -66.278  -5.396 0.6000000238
10651  -9.716  -65.837  -5.668 0.6000000238
120832  -8.271  -66.072  -4.484 0.5000000000
108786  -7.660  -65.600  -4.161 0.5000000000
10622  -8.539  -65.511  -4.261 0.5000000000
10623  -9.284  -65.382  -4.564 0.6000000238
10624  -9.952  -65.222  -5.079 0.6000000238
8979  -19.181  -68.763  -20.833 0.4000000060
12714  -6.082  -63.018  -5.204 0.5000000000
10610  -7.929  -64.833  -3.819 0.5000000000
10611  -8.881  -64.865  -3.921 0.6000000238
11287  -9.706  -64.722  -4.258 0.6000000238
120558  -6.554  -62.417  -5.207 0.5000000000
12699  -6.880  -62.941  -4.545 0.5000000000
12005  -7.117  -63.658  -4.011 0.4000000060
11988  -8.552  -63.529  -3.538 0.5000000000
128946  -9.139  -63.445  -3.477 0.6000000238
12790  -8.584  -63.086  -10.890 0.6000000238
12808  -9.036  -62.321  -11.374 0.5000000000
108407  -8.374  -62.645  -11.926 0.5000000000
12082  -9.290  -63.673  -9.754 0.6000000238
12098  -9.108  -63.177  -10.221 0.5000000000
125922  -8.767  -61.911  -11.964 0.5000000000
128452  -10.145  -64.298  -9.043 0.6999999881
116436  -10.048  -63.715  -9.382 0.6999999881
125086  -10.516  -65.234  -7.297 0.6000000238
112657  -10.734  -64.728  -7.710 0.6999999881
10652  -10.446  -65.366  -6.635 0.6000000238
11344  -10.863  -64.857  -6.937 0.6999999881
11317  -10.631  -64.819  -5.438 0.6000000238
126873  -11.148  -64.538  -5.795 0.6999999881
11304  -10.472  -64.491  -4.636 0.6000000238
11305  -11.205  -64.297  -5.089 0.6999999881
13398  -6.278  -61.290  -6.130 0.5000000000
13385  -6.751  -61.733  -5.510 0.5000000000
12700  -7.699  -62.615  -4.099 0.4000000060
12687  -8.313  -62.894  -3.612 0.6000000238
11288  -10.182  -64.007  -3.840 0.6000000238
14054  -7.072  -60.963  -5.804 0.5000000000
13371  -7.994  -61.840  -4.497 0.4000000060
12701  -8.522  -62.289  -3.832 0.5000000000
12791  -9.411  -62.607  -10.632 0.5000000000
116700  -9.894  -62.958  -9.876 0.6000000238
12083  -10.704  -63.225  -9.330 0.5000000000
12775  -10.869  -62.573  -9.879 0.5000000000
11363  -10.998  -64.094  -8.159 0.6999999881
11345  -11.217  -64.287  -7.344 0.6999999881
11329  -11.270  -64.438  -6.498 0.6000000238
12006  -11.075  -63.712  -4.193 0.6999999881
12021  -11.736  -64.000  -5.862 0.6000000238
115092  -9.070  -62.864  -3.447 0.6000000238
11990  -10.544  -63.211  -3.563 0.6000000238
14072  -7.396  -60.189  -6.082 0.5000000000
13387  -8.332  -61.138  -4.909 0.4000000060
13357  -9.364  -62.041  -3.644 0.6000000238
14816  -7.685  -59.354  -6.352 0.4000000060
14055  -7.879  -60.649  -5.509 0.4000000060
14056  -8.815  -60.398  -5.257 0.5000000000
14036  -9.023  -60.974  -4.642 0.5000000000
12066  -11.257  -63.458  -8.639 0.6000000238
12084  -11.493  -62.820  -9.199 0.5000000000
12048  -11.579  -63.680  -7.818 0.6000000238
12067  -12.077  -63.039  -8.348 0.5000000000
12034  -11.721  -63.870  -6.911 0.6000000238
12035  -12.314  -63.437  -6.465 0.6000000238
12743  -12.794  -62.929  -6.990 0.5000000000
12022  -12.352  -63.343  -5.509 0.6000000238
11991  -11.269  -63.002  -3.670 0.6999999881
12702  -11.824  -63.069  -4.130 0.5000000000
13358  -10.331  -61.730  -3.604 0.6000000238
13373  -9.551  -61.278  -4.090 0.5000000000
14073  -8.216  -59.907  -5.858 0.4000000060
14037  -9.707  -60.551  -4.667 0.5000000000
20451  -6.471  -52.024  -11.129 0.4000000060
21275  -7.157  -51.569  -11.421 0.3000000119
20452  -7.279  -52.064  -10.554 0.4000000060
12760  -12.737  -62.376  -8.312 0.5000000000
19634  -6.773  -53.076  -9.465 0.3000000119
12730  -12.871  -62.873  -6.067 0.5000000000
12744  -13.140  -62.365  -7.524 0.5000000000
19617  -6.848  -53.706  -8.695 0.3000000119
20434  -7.413  -52.596  -9.711 0.4000000060
12716  -12.834  -62.724  -5.119 0.5000000000
18781  -7.386  -54.810  -7.715 0.3000000119
12690  -11.706  -62.401  -3.729 0.6000000238
14024  -10.938  -61.113  -3.842 0.6999999881
14025  -11.743  -61.133  -3.831 0.6000000238
14800  -9.010  -59.617  -5.701 0.5000000000
14038  -10.612  -60.506  -4.356 0.5000000000
14058  -10.277  -59.903  -4.965 0.4000000060
14802  -10.780  -59.276  -5.256 0.4000000060
22178  -7.106  -50.256  -12.679 0.3000000119
21302  -7.005  -51.061  -12.252 0.3000000119
123858  -7.658  -50.597  -12.284 0.3000000119
21303  -7.844  -51.108  -11.691 0.3000000119
21276  -7.970  -51.548  -10.767 0.4000000060
12731  -13.352  -62.367  -6.636 0.5000000000
19635  -7.533  -53.192  -9.026 0.4000000060
20453  -8.078  -52.084  -9.941 0.4000000060
12717  -13.476  -62.212  -5.630 0.5000000000
111677  -7.297  -54.187  -8.167 0.4000000060
19636  -8.166  -53.243  -8.736 0.4000000060
13375  -12.865  -61.737  -4.231 0.5000000000
12704  -13.227  -62.103  -4.723 0.5000000000
128743  -7.746  -55.222  -7.478 0.4000000060
14026  -12.397  -61.010  -3.971 0.5000000000
114840  -11.314  -60.633  -4.113 0.5000000000
14039  -11.987  -60.483  -4.115 0.5000000000
16397  -8.822  -57.646  -6.526 0.3000000119
15574  -9.349  -58.189  -6.249 0.4000000060
15555  -10.434  -58.642  -5.725 0.4000000060
14803  -11.650  -59.207  -4.967 0.4000000060
23109  -6.828  -49.510  -12.788 0.3000000119
22143  -8.621  -51.008  -10.996 0.4000000060
121540  -13.460  -61.144  -8.886 0.4000000060
21260  -8.768  -51.563  -10.182 0.4000000060
13428  -14.098  -61.022  -8.060 0.4000000060
20435  -8.174  -52.721  -9.253 0.4000000060
110844  -8.874  -52.215  -9.487 0.4000000060
13399  -13.856  -61.830  -6.322 0.4000000060
20422  -8.898  -52.902  -8.754 0.4000000060
13361  -12.912  -61.161  -4.137 0.5000000000
18799  -7.989  -54.224  -7.972 0.4000000060
18010  -8.788  -55.445  -7.180 0.3000000119
14040  -12.888  -60.410  -4.219 0.5000000000
16398  -9.673  -57.445  -6.389 0.3000000119
23110  -7.527  -49.393  -12.928 0.3000000119
22179  -7.917  -49.962  -12.594 0.3000000119
22165  -8.425  -50.403  -11.807 0.3000000119
22166  -9.063  -49.934  -11.603 0.4000000060
22144  -9.225  -50.415  -11.049 0.4000000060
21277  -9.455  -51.036  -10.393 0.3000000119
14122  -13.308  -60.534  -9.554 0.4000000060
14867  -13.661  -59.688  -9.636 0.4000000060
21261  -9.555  -51.641  -9.716 0.4000000060
13414  -14.462  -61.031  -7.202 0.4000000060
13388  -14.099  -61.509  -5.710 0.4000000060
19619  -8.477  -53.633  -8.308 0.3000000119
13377  -14.213  -61.051  -5.022 0.4000000060
18782  -8.249  -54.897  -7.556 0.3000000119
18800  -8.848  -54.228  -7.821 0.3000000119
17182  -9.374  -56.005  -6.819 0.3000000119
15556  -11.240  -58.590  -5.473 0.4000000060
24052  -7.925  -48.696  -13.154 0.3000000119
23095  -8.628  -49.663  -12.216 0.4000000060
23096  -9.294  -49.338  -11.782 0.4000000060
14884  -13.926  -58.641  -9.827 0.4000000060
14868  -14.355  -59.424  -9.183 0.4000000060
21278  -10.228  -51.131  -9.925 0.4000000060
14087  -14.797  -60.399  -7.654 0.4000000060
20436  -9.639  -52.290  -9.105 0.4000000060
13400  -14.376  -61.291  -6.474 0.4000000060
14074  -14.999  -60.581  -6.628 0.4000000060
20423  -9.751  -52.853  -8.508 0.3000000119
13389  -14.683  -60.928  -5.841 0.4000000060
18801  -9.653  -53.998  -7.769 0.3000000119
14041  -13.598  -60.702  -4.451 0.5000000000
120918  -8.970  -54.854  -7.459 0.3000000119
18011  -9.599  -55.171  -7.106 0.3000000119
14789  -13.051  -59.525  -4.505 0.5000000000
16399  -10.496  -57.319  -6.210 0.3000000119
15557  -12.076  -58.541  -5.210 0.4000000060
15575  -10.102  -58.028  -6.095 0.4000000060
25008  -8.382  -48.130  -13.184 0.3000000119
119036  -10.157  -50.404  -10.469 0.3000000119
22134  -10.791  -50.700  -9.974 0.3000000119
21262  -10.305  -51.731  -9.351 0.3000000119
14102  -14.675  -59.944  -8.444 0.4000000060
15614  -14.699  -58.565  -9.325 0.3000000119
20437  -10.368  -52.326  -8.774 0.3000000119
116020  -15.188  -60.415  -5.948 0.4000000060
14852  -15.297  -59.666  -7.932 0.4000000060
19594  -10.413  -53.860  -7.642 0.3000000119
116960  -10.736  -54.365  -7.288 0.3000000119
14791  -14.602  -59.494  -4.848 0.4000000060
17183  -10.096  -55.785  -6.785 0.3000000119
17169  -10.971  -56.656  -6.298 0.3000000119
16400  -11.271  -57.238  -5.960 0.3000000119
109671  -12.514  -57.815  -5.372 0.3000000119
107313  -10.935  -51.207  -9.535 0.3000000119
14869  -15.033  -59.183  -8.665 0.3000000119
14088  -15.539  -59.934  -7.142 0.4000000060
115922  -15.848  -59.348  -7.530 0.4000000060
19595  -11.330  -53.782  -7.459 0.3000000119
14060  -15.393  -59.979  -5.638 0.4000000060
14075  -15.701  -59.878  -6.317 0.4000000060
18012  -10.576  -55.107  -6.926 0.3000000119
17997  -10.796  -55.955  -6.588 0.3000000119
15538  -13.774  -58.411  -4.865 0.3000000119
16401  -12.108  -57.071  -5.762 0.3000000119
19622  -11.594  -52.971  -7.887 0.3000000119
18785  -11.369  -54.614  -7.017 0.3000000119
14805  -15.921  -59.407  -5.785 0.3000000119
14819  -16.273  -59.145  -6.330 0.3000000119
17998  -11.439  -55.373  -6.655 0.3000000119
15540  -15.200  -58.804  -5.093 0.3000000119
17170  -12.168  -56.297  -6.004 0.3000000119
15558  -13.378  -57.823  -5.137 0.3000000119
19596  -12.355  -53.335  -7.472 0.3000000119
20399  -13.045  -52.588  -7.697 0.3000000119
18786  -12.135  -54.191  -7.019 0.3000000119
15559  -15.894  -58.853  -5.439 0.3000000119
116131  -13.183  -53.234  -7.283 0.3000000119
16383  -10.860  -57.935  -5.862 0.4000000060
17168  -10.093  -56.594  -6.550 0.3000000119
128766  -14.532  -75.611  -23.093 0.6000000238
5329  -12.297  -76.121  -23.558 0.5000000000
4818  -14.022  -77.436  -23.896 0.5000000000
3935  -16.874  -78.598  -22.472 0.5000000000
115150  -15.744  -74.571  -21.344 0.6999999881
109316  -13.134  -74.126  -20.224 0.6999999881
3934  -15.994  -78.676  -23.108 0.4000000060
115633  -12.278  -74.272  -20.359 0.6999999881
4369  -16.969  -78.110  -23.584 0.5000000000
113725  -21.371  -73.759  -20.130 0.3000000119
116942  -17.889  -77.862  -23.478 0.5000000000
6750  -16.687  -72.594  -19.181 0.6000000238
7189  -14.620  -71.690  -16.281 0.6000000238
6726  -19.869  -72.191  -17.426 0.3000000119
6210  -13.376  -73.521  -16.362 0.6000000238
6243  -13.957  -73.512  -17.978 0.6000000238
125566  -15.911  -75.945  -22.864 0.5000000000
4820  -16.029  -77.884  -23.953 0.6000000238
118718  -14.708  -77.168  -23.851 0.5000000000
5782  -11.936  -74.373  -19.528 0.6999999881
124669  -12.163  -74.135  -15.573 0.5000000000
5770  -11.533  -74.574  -18.712 0.5000000000
113398  -21.912  -74.091  -20.482 0.3000000119
7153  -11.768  -71.938  -13.811 0.6000000238
5262  -11.087  -74.956  -18.010 0.5000000000
4822  -21.620  -76.983  -23.000 0.3000000119
5808  -16.681  -74.910  -21.539 0.5000000000
5800  -22.293  -75.020  -20.856 0.3000000119
5241  -9.701  -75.520  -17.370 0.5000000000
6751  -17.995  -72.056  -19.794 0.4000000060
7745  -21.960  -70.801  -18.457 0.3000000119
8307  -10.933  -68.842  -19.172 0.6000000238
7729  -9.249  -70.085  -18.257 0.6999999881
8940  -9.736  -69.133  -18.647 0.6000000238
8898  -9.118  -68.546  -16.085 0.6000000238
8943  -12.059  -67.894  -19.141 0.6000000238
9583  -14.741  -67.443  -20.611 0.5000000000
9539  -13.415  -67.599  -17.760 0.6000000238
9554  -13.899  -67.357  -18.444 0.5000000000
113828  -15.962  -67.544  -14.839 0.4000000060
12151  -3.104  -62.946  -16.452 0.6000000238
9605  -15.566  -67.927  -21.431 0.4000000060
9527  -17.429  -67.066  -15.043 0.4000000060
10108  -12.710  -66.508  -13.499 0.4000000060
7726  -6.169  -70.532  -17.406 0.6000000238
110485  -4.465  -62.634  -17.288 0.6000000238
11503  -5.658  -64.734  -18.326 0.5000000000
10797  -5.098  -65.647  -18.542 0.4000000060
9521  -7.483  -67.110  -15.823 0.5000000000
10782  -8.331  -64.984  -18.267 0.6000000238
10170  -7.195  -66.098  -18.049 0.5000000000
8786  -7.492  -69.062  -6.240 0.6000000238
12004  -6.356  -63.790  -4.588 0.5000000000
11376  -8.773  -64.389  -9.727 0.5000000000
10053  -9.038  -66.821  -8.657 0.6000000238
10065  -9.104  -66.180  -9.085 0.6000000238
11377  -9.566  -64.379  -9.373 0.6000000238
9399  -8.930  -66.932  -5.727 0.6000000238
12007  -11.801  -63.647  -4.874 0.6000000238
13386  -7.541  -61.413  -5.201 0.5000000000
12689  -10.892  -62.457  -3.519 0.6000000238
20433  -6.605  -52.520  -10.275 0.3000000119
12049  -12.225  -63.349  -7.397 0.5000000000
14818  -9.159  -58.903  -5.991 0.3000000119
12761  -13.382  -61.768  -8.175 0.4000000060
13413  -13.831  -61.684  -7.208 0.4000000060
15554  -9.781  -58.627  -5.942 0.4000000060
17167  -9.137  -56.837  -6.647 0.3000000119
14788  -12.207  -59.769  -4.450 0.5000000000
14101  -14.029  -60.365  -8.908 0.4000000060
113439  -9.269  -53.509  -8.210 0.3000000119
14042  -14.381  -60.273  -4.761 0.4000000060
16384  -11.670  -57.862  -5.644 0.3000000119
107162  -10.393  -52.840  -8.323 0.3000000119
15537  -13.003  -58.595  -4.824 0.4000000060
25009  -9.138  -47.724  -12.877 0.3000000119
19621  -10.791  -53.208  -7.943 0.3000000119
14792  -15.371  -59.442  -5.281 0.4000000060
108260  -5.851  -75.424  -15.992 0.5000000000
115112  -6.677  -75.417  -15.777 0.5000000000
5217  -7.420  -75.581  -16.357 0.5000000000
113681  -8.221  -75.689  -16.826 0.4000000060
5187  -5.530  -75.681  -14.453 0.5000000000
5201  -6.055  -75.416  -15.164 0.5000000000
5202  -7.577  -75.438  -15.588 0.5000000000
109172  -8.123  -75.595  -16.076 0.5000000000
5218  -8.784  -75.600  -16.194 0.5000000000
114233  -9.006  -75.646  -16.843 0.4000000060
5170  -5.755  -75.425  -13.564 0.4000000060
5189  -7.099  -75.092  -14.206 0.5000000000
5203  -8.474  -75.386  -15.443 0.5000000000
5219  -9.532  -75.516  -16.410 0.4000000060
122771  -7.254  -74.806  -13.536 0.5000000000
5172  -7.984  -74.850  -13.969 0.5000000000
107820  -7.778  -75.210  -14.820 0.5000000000
5706  -8.559  -74.401  -13.440 0.5000000000
5190  -8.570  -75.044  -14.634 0.5000000000
5707  -9.130  -74.423  -13.734 0.5000000000
5719  -10.223  -74.551  -14.469 0.5000000000
5728  -10.637  -74.835  -15.235 0.4000000060
5704  -6.915  -74.590  -12.846 0.5000000000
6180  -9.207  -73.863  -13.158 0.5000000000
5708  -9.784  -74.202  -13.771 0.5000000000
5720  -11.105  -74.218  -14.586 0.5000000000
7135  -5.989  -71.643  -12.526 0.5000000000
5690  -7.466  -74.002  -12.479 0.5000000000
6170  -7.134  -73.510  -12.176 0.5000000000
111869  -8.048  -73.228  -12.388 0.5000000000
6668  -8.108  -72.203  -12.364 0.5000000000
6171  -8.848  -73.366  -12.693 0.5000000000
6669  -8.947  -72.525  -12.559 0.5000000000
6181  -10.098  -73.481  -13.272 0.5000000000
7136  -7.020  -71.589  -12.502 0.5000000000
7148  -6.447  -70.895  -13.319 0.5000000000
7667  -6.124  -70.520  -14.579 0.5000000000
126108  -7.589  -71.938  -12.360 0.5000000000
7149  -7.594  -70.905  -13.458 0.5000000000
7653  -6.860  -70.685  -14.459 0.5000000000
7138  -8.749  -71.661  -12.687 0.5000000000
7150  -8.558  -71.126  -13.191 0.5000000000
7654  -8.380  -70.839  -13.986 0.5000000000
7152  -10.207  -71.805  -13.020 0.5000000000
7151  -9.393  -71.363  -13.102 0.5000000000
6173  -10.299  -72.663  -13.026 0.5000000000
6182  -10.939  -73.062  -13.468 0.5000000000
6679  -11.662  -72.654  -13.835 0.5000000000
124175  -5.978  -70.610  -17.280 0.5000000000
7709  -6.533  -70.835  -17.214 0.6000000238
7668  -7.130  -70.960  -15.761 0.5000000000
117534  -7.461  -71.025  -16.352 0.5000000000
7670  -8.653  -70.866  -15.077 0.5000000000
110407  -11.003  -71.500  -13.600 0.5000000000
7656  -10.082  -71.067  -13.690 0.5000000000
6678  -11.037  -72.263  -13.370 0.5000000000
8289  -4.833  -69.387  -18.035 0.5000000000
118113  -5.657  -70.067  -17.610 0.5000000000
7687  -6.947  -71.045  -16.772 0.6000000238
10123  -2.173  -66.788  -14.745 0.5000000000
10761  -3.206  -65.646  -15.600 0.6000000238
10102  -2.580  -67.036  -13.844 0.5000000000
121118  -2.889  -66.707  -14.533 0.5000000000
10145  -3.981  -65.937  -15.217 0.6000000238
10125  -4.213  -66.361  -14.501 0.6000000238
10103  -3.449  -66.748  -13.840 0.5000000000
10104  -4.311  -66.519  -13.482 0.6000000238
10094  -4.415  -66.486  -12.411 0.5000000000
10126  -4.912  -66.262  -14.149 0.6000000238
10105  -5.127  -66.266  -13.232 0.6000000238
122621  -4.396  -66.991  -11.335 0.5000000000
10083  -4.701  -66.577  -11.616 0.6000000238
10713  -5.916  -65.758  -11.884 0.6000000238
9464  -4.776  -67.562  -11.112 0.5000000000
9465  -5.093  -66.806  -11.158 0.5000000000
8825  -6.597  -68.663  -9.909 0.5000000000
8182  -7.066  -69.208  -8.338 0.6000000238
8138  -7.171  -69.144  -5.466 0.6000000238
8151  -6.616  -69.805  -6.817 0.5000000000
8838  -6.842  -67.817  -10.183 0.6000000238
9456  -6.298  -67.203  -10.535 0.5000000000
8165  -7.023  -69.406  -7.530 0.5000000000
124821  -6.911  -67.188  -4.502 0.6000000238
8127  -7.290  -68.576  -4.972 0.6000000238
9984  -7.491  -66.435  -4.429 0.6000000238
5290  -22.696  -76.046  -21.340 0.3000000119
5306  -24.138  -75.737  -21.875 0.3000000119
111941  -22.401  -77.296  -21.967 0.3000000119
5326  -25.238  -75.658  -22.782 0.3000000119
4810  -23.019  -76.873  -22.391 0.3000000119
4784  -22.247  -76.827  -21.447 0.3000000119
5205  -10.103  -75.290  -15.839 0.4000000060
7655  -9.154  -70.922  -13.884 0.5000000000
7688  -8.055  -70.963  -16.439 0.5000000000
10760  -2.126  -65.225  -16.123 0.5000000000
5204  -9.290  -75.403  -15.668 0.4000000060
5191  -9.779  -75.089  -15.102 0.5000000000
5691  -8.360  -73.919  -12.800 0.5000000000
6666  -6.330  -72.441  -12.068 0.5000000000
6667  -7.265  -72.648  -12.130 0.5000000000
7147  -5.511  -71.147  -13.121 0.5000000000
7137  -7.954  -71.458  -12.665 0.5000000000
7669  -7.750  -70.875  -15.037 0.5000000000
5305  -23.431  -76.173  -21.730 0.3000000119
4824  -23.851  -76.263  -23.118 0.3000000119
5325  -24.451  -76.050  -22.512 0.3000000119
4793  -23.709  -76.409  -22.187 0.3000000119
4811  -23.862  -76.405  -22.702 0.3000000119
4812  -24.639  -76.057  -22.976 0.3000000119
14837  -16.134  -59.336  -6.932 0.3000000119
3936  -18.166  -78.617  -22.539 0.5000000000
3953  -20.231  -78.280  -22.578 0.4000000060
3962  -19.916  -78.214  -22.895 0.4000000060
4335  -20.305  -78.172  -21.583 0.4000000060
4336  -21.084  -77.972  -21.787 0.4000000060
4356  -22.192  -77.367  -22.358 0.4000000060
4365  -13.246  -78.196  -23.661 0.5000000000
4368  -16.141  -78.384  -23.631 0.5000000000
4782  -20.556  -76.745  -20.558 0.4000000060
4792  -23.000  -76.751  -21.868 0.3000000119
4809  -20.375  -77.011  -22.807 0.3000000119
4814  -10.931  -76.330  -23.491 0.5000000000
4817  -13.383  -77.705  -23.830 0.5000000000
4819  -15.402  -77.602  -23.925 0.5000000000
5188  -6.298  -75.327  -14.317 0.5000000000
5242  -10.561  -75.243  -17.448 0.5000000000
5318  -12.870  -75.292  -23.072 0.5000000000
5327  -25.852  -75.355  -23.001 0.3000000119
5328  -11.516  -75.772  -23.403 0.5000000000
5332  -21.302  -76.669  -22.938 0.3000000119
5333  -22.135  -76.590  -23.126 0.3000000119
5705  -7.795  -74.438  -13.122 0.5000000000
5717  -8.724  -74.723  -14.037 0.5000000000
5718  -9.324  -74.784  -14.398 0.5000000000
5739  -12.110  -74.458  -16.912 0.6000000238
5780  -10.540  -74.690  -19.698 0.5000000000
5804  -12.041  -74.396  -21.771 0.6999999881
5807  -14.978  -74.815  -21.924 0.8000000119
5812  -23.186  -75.234  -21.361 0.3000000119
6172  -9.558  -73.088  -12.793 0.5000000000
6191  -10.660  -73.858  -13.863 0.5000000000
6193  -12.183  -73.072  -14.393 0.6000000238
6260  -20.358  -73.212  -19.210 0.3000000119
6670  -9.716  -72.364  -12.758 0.5000000000
6694  -13.499  -72.367  -15.348 0.6000000238
6708  -21.717  -72.698  -16.717 0.3000000119
6723  -15.392  -72.013  -17.201 0.5000000000
6727  -21.516  -71.852  -17.093 0.3000000119
7139  -9.435  -71.870  -12.730 0.5000000000
7176  -13.483  -71.742  -15.215 0.6999999881
7204  -21.436  -71.344  -17.691 0.3000000119
7218  -21.469  -71.077  -18.166 0.3000000119
7220  -21.655  -71.076  -18.855 0.3000000119
7652  -6.313  -70.577  -13.950 0.5000000000
7712  -8.764  -70.516  -17.606 0.6999999881
7717  -14.543  -70.575  -16.553 0.6000000238
7754  -16.463  -69.747  -21.802 0.5000000000
7763  -17.928  -70.998  -22.168 0.4000000060
7773  -17.649  -70.412  -22.300 0.4000000060
8152  -7.152  -69.374  -6.765 0.5000000000
8196  -6.891  -69.011  -9.129 0.5000000000
8296  -15.114  -69.685  -18.028 0.5000000000
8305  -9.902  -69.196  -18.828 0.5000000000
8316  -12.655  -68.433  -19.601 0.6000000238
8773  -7.715  -68.574  -5.684 0.6000000238
8796  -7.602  -68.913  -7.065 0.6000000238
8826  -7.228  -68.300  -9.562 0.6000000238
8827  -8.102  -67.388  -9.351 0.6000000238
8885  -13.578  -68.193  -14.904 0.6000000238
8975  -14.920  -68.029  -21.385 0.5000000000
9378  -7.174  -67.901  -4.653 0.6000000238
9397  -7.818  -67.999  -5.146 0.6000000238
9411  -9.091  -67.160  -6.514 0.6000000238
9423  -8.533  -67.808  -8.119 0.6000000238
9449  -7.477  -67.513  -9.791 0.6999999881
9455  -5.555  -67.356  -10.842 0.5000000000
9484  -12.136  -67.233  -13.650 0.5000000000
9581  -13.220  -67.871  -19.988 0.6000000238
9985  -8.503  -66.671  -4.920 0.5000000000
10040  -10.154  -65.802  -7.211 0.6000000238
10073  -5.879  -66.496  -10.819 0.6999999881
10074  -6.503  -66.108  -10.485 0.6999999881
10095  -5.211  -66.153  -12.145 0.6000000238
10109  -14.998  -66.637  -13.524 0.5000000000
10124  -3.463  -66.378  -14.921 0.5000000000
10128  -10.335  -66.504  -14.135 0.5000000000
10129  -16.503  -66.609  -13.810 0.4000000060
10130  -17.210  -66.606  -14.191 0.4000000060
10635  -9.423  -65.740  -5.116 0.6000000238
10680  -9.663  -65.735  -8.674 0.6000000238
10697  -6.952  -65.409  -10.562 0.6000000238
10698  -7.610  -65.106  -10.170 0.6000000238
10726  -11.500  -65.788  -13.798 0.5000000000
10745  -2.643  -66.240  -15.339 0.6000000238
10746  -6.276  -64.991  -14.342 0.6999999881
10748  -10.474  -65.652  -14.394 0.5000000000
10781  -7.693  -65.389  -18.422 0.6000000238
10800  -7.690  -65.159  -18.576 0.6000000238
11285  -7.825  -63.986  -3.638 0.5000000000
11286  -8.480  -64.252  -3.651 0.6000000238
11328  -10.784  -64.921  -6.180 0.6999999881
11361  -9.909  -64.943  -8.884 0.6999999881
11362  -10.450  -64.536  -8.467 0.6999999881
11378  -10.595  -63.857  -8.842 0.6999999881
11402  -7.593  -64.261  -11.397 0.6000000238
11425  -6.786  -64.816  -13.727 0.6999999881
11467  -2.037  -63.999  -16.886 0.6000000238
11488  -9.402  -63.840  -17.997 0.6000000238
11504  -6.879  -64.973  -18.689 0.6999999881
11506  -8.121  -64.816  -18.518 0.6000000238
11987  -7.789  -63.284  -3.726 0.4000000060
11989  -9.698  -63.362  -3.494 0.6000000238
12008  -12.324  -63.099  -4.722 0.6000000238
12097  -8.570  -63.723  -10.190 0.6000000238
12152  -3.342  -62.277  -16.104 0.6000000238
12165  -2.886  -63.012  -16.812 0.6000000238
12178  -2.667  -63.798  -17.251 0.5000000000
12179  -2.812  -63.221  -17.054 0.5000000000
12688  -9.983  -62.599  -3.457 0.6000000238
12703  -12.481  -62.422  -4.256 0.5000000000
12715  -7.225  -62.147  -4.847 0.5000000000
12818  -7.824  -62.379  -12.734 0.5000000000
13359  -11.347  -61.763  -3.613 0.6000000238
13360  -12.237  -61.660  -3.855 0.5000000000
13372  -8.786  -61.580  -4.258 0.5000000000
13374  -10.215  -60.989  -4.028 0.6999999881
13376  -13.449  -61.414  -4.528 0.5000000000
13506  -4.561  -60.354  -15.100 0.6000000238
13517  -3.499  -61.026  -16.042 0.5000000000
14043  -14.972  -59.959  -5.116 0.4000000060
14057  -9.530  -59.951  -5.272 0.5000000000
14059  -14.820  -60.445  -5.393 0.4000000060
14176  -4.757  -59.598  -15.281 0.5000000000
14787  -11.252  -59.952  -4.584 0.5000000000
14790  -13.765  -59.947  -4.474 0.5000000000
14801  -9.855  -59.291  -5.584 0.4000000060
14804  -12.406  -59.133  -4.769 0.4000000060
15539  -14.466  -58.668  -4.892 0.3000000119
15576  -16.624  -58.578  -6.345 0.3000000119
15593  -16.648  -58.688  -6.835 0.3000000119
18783  -9.408  -54.541  -7.511 0.3000000119
18784  -10.048  -54.494  -7.368 0.3000000119
19618  -7.719  -53.694  -8.448 0.4000000060
19620  -10.031  -53.384  -8.070 0.3000000119
20427  -13.291  -51.946  -8.056 0.3000000119
23111  -8.188  -49.265  -12.859 0.3000000119
109374  -15.726  -58.967  -8.177 0.4000000060
109833  -22.622  -72.793  -20.618 0.3000000119
109909  -9.423  -66.364  -8.467 0.6000000238
110573  -19.472  -78.148  -23.046 0.4000000060
111129  -2.752  -64.586  -16.102 0.6000000238
112032  -6.886  -75.306  -14.989 0.5000000000
112220  -6.932  -69.577  -6.101 0.5000000000
112691  -4.821  -67.119  -18.937 0.4000000060
112802  -8.688  -67.504  -6.020 0.6000000238
114452  -23.303  -76.690  -22.871 0.3000000119
114551  -9.366  -66.830  -7.944 0.6000000238
114601  -9.088  -75.191  -15.051 0.5000000000
115284  -9.634  -68.681  -16.891 0.6000000238
115462  -10.088  -67.382  -14.417 0.5000000000
115580  -21.211  -77.617  -22.683 0.3000000119
115620  -11.601  -56.665  -6.057 0.3000000119
116314  -7.150  -65.038  -3.970 0.5000000000
118227  -9.249  -64.059  -3.635 0.6000000238
119413  -5.592  -72.359  -12.200 0.5000000000
119428  -8.046  -68.308  -8.188 0.6999999881
119997  -10.274  -65.377  -5.877 0.6000000238
120086  -4.092  -60.792  -15.619 0.6000000238
120111  -13.817  -59.125  -4.650 0.3000000119
120322  -7.407  -62.898  -13.178 0.4000000060
120859  -14.790  -71.166  -16.444 0.6000000238
121081  -13.866  -67.272  -13.665 0.6000000238
121314  -6.548  -70.807  -15.729 0.5000000000
122339  -15.675  -68.534  -21.623 0.5000000000
122992  -8.400  -48.721  -12.977 0.3000000119
123529  -4.787  -68.266  -18.740 0.6000000238
124168  -6.897  -61.364  -13.451 0.5000000000
124923  -13.729  -61.667  -5.105 0.5000000000
125518  -5.989  -65.812  -11.281 0.6999999881
126079  -12.604  -62.825  -7.723 0.5000000000
126624  -21.606  -77.617  -22.428 0.4000000060
126849  -7.885  -63.236  -17.800 0.6000000238
127402  -6.761  -64.121  -4.154 0.5000000000
127417  -7.334  -63.120  -4.059 0.4000000060
127832  -14.411  -60.455  -8.260 0.4000000060
128055  -12.339  -74.261  -16.247 0.5000000000
128480  -16.213  -78.496  -23.479 0.5000000000
128552  -13.948  -72.354  -15.801 0.6000000238
128651  -11.877  -70.531  -15.547 0.6999999881
128694  -17.215  -78.260  -23.405 0.5000000000
129129  -4.589  -60.950  -14.959 0.6999999881
