#!ascii label  , from subject sub-v2s16x51315_ses-1 vox2ras=TkReg
573
10481  -37.892  -68.819  -11.812 0.0000000000
15156  -46.854  -62.415  -15.506 0.0000000000
14258  -41.060  -64.407  -10.172 0.0000000000
11244  -44.398  -68.361  -12.667 0.0000000000
18423  -43.910  -58.806  -9.855 0.0000000000
128381  -40.570  -69.143  -7.418 0.0000000000
13390  -35.748  -65.309  -8.342 0.0000000000
12576  -33.328  -65.994  -1.991 0.0000000000
16759  -38.913  -61.168  -10.836 0.0000000000
16776  -42.331  -61.806  -10.888 0.0000000000
18410  -40.757  -59.051  -8.802 0.0000000000
12631  -38.383  -66.733  -7.502 0.0000000000
11179  -36.570  -67.974  -5.226 0.0000000000
15842  -33.651  -62.597  -2.064 0.0000000000
132727  -32.487  -63.037  -5.189 0.0000000000
9080  -37.753  -72.070  -13.689 0.0000000000
13445  -44.565  -64.779  -12.592 0.0000000000
12023  -41.904  -68.769  -14.260 0.0000000000
13478  -41.269  -64.879  -14.120 0.0000000000
11953  -41.231  -66.667  -10.074 0.0000000000
11241  -42.257  -69.412  -12.348 0.0000000000
15960  -46.270  -63.107  -10.501 0.0000000000
140870  -45.592  -60.629  -12.602 0.0000000000
12643  -40.046  -66.465  -8.236 0.0000000000
14255  -38.111  -64.483  -10.411 0.0000000000
16756  -35.693  -61.838  -10.320 0.0000000000
11155  -35.838  -68.248  -2.762 0.0000000000
13352  -33.928  -65.754  -5.210 0.0000000000
15937  -33.498  -62.551  -8.491 0.0000000000
19222  -35.643  -58.741  -8.298 0.0000000000
8414  -41.114  -72.729  -14.740 0.0000000000
17663  -38.354  -61.145  -15.489 0.0000000000
16036  -44.098  -62.404  -16.690 0.0000000000
15229  -44.707  -64.396  -19.200 0.0000000000
17576  -38.973  -59.909  -9.603 0.0000000000
17577  -40.068  -59.801  -9.469 0.0000000000
9793  -37.727  -70.393  -12.821 0.0000000000
15129  -45.444  -63.221  -13.639 0.0000000000
14295  -43.644  -64.382  -13.297 0.0000000000
15141  -44.252  -63.666  -14.600 0.0000000000
14323  -42.454  -64.468  -15.474 0.0000000000
14326  -46.278  -63.986  -16.358 0.0000000000
13410  -41.813  -65.462  -9.102 0.0000000000
14260  -43.018  -64.360  -9.768 0.0000000000
133130  -43.864  -60.264  -9.674 0.0000000000
15958  -44.345  -61.902  -10.358 0.0000000000
16764  -45.066  -60.964  -10.272 0.0000000000
16778  -46.457  -61.826  -11.450 0.0000000000
17601  -44.638  -59.628  -11.144 0.0000000000
136867  -40.433  -67.073  -8.579 0.0000000000
11931  -40.483  -67.803  -8.092 0.0000000000
13380  -37.082  -65.876  -7.971 0.0000000000
13392  -37.698  -65.658  -8.380 0.0000000000
14234  -36.618  -64.703  -9.804 0.0000000000
133044  -36.854  -63.664  -10.880 0.0000000000
138150  -35.281  -63.914  -10.029 0.0000000000
11876  -34.527  -67.262  -2.503 0.0000000000
11885  -34.882  -67.252  -3.921 0.0000000000
12587  -33.728  -66.149  -3.841 0.0000000000
16719  -33.573  -61.094  -6.184 0.0000000000
15030  -32.674  -62.872  -6.728 0.0000000000
17547  -33.746  -60.735  -7.063 0.0000000000
17561  -34.399  -60.475  -8.400 0.0000000000
11242  -43.268  -69.550  -12.615 0.0000000000
9805  -41.204  -71.543  -13.394 0.0000000000
10499  -43.116  -70.030  -13.703 0.0000000000
9832  -39.068  -71.366  -15.648 0.0000000000
19328  -37.660  -58.986  -16.856 0.0000000000
16017  -40.613  -62.139  -15.610 0.0000000000
15206  -41.929  -63.669  -18.444 0.0000000000
15970  -39.763  -62.467  -11.506 0.0000000000
15101  -41.857  -63.167  -11.126 0.0000000000
16775  -41.339  -61.766  -11.108 0.0000000000
17595  -41.716  -60.275  -9.653 0.0000000000
119628  -42.662  -58.466  -8.955 0.0000000000
11902  -39.445  -67.848  -7.032 0.0000000000
11900  -37.209  -67.335  -6.528 0.0000000000
140715  -35.848  -66.515  -6.562 0.0000000000
14963  -32.798  -63.731  -1.975 0.0000000000
14174  -32.544  -64.243  -3.424 0.0000000000
15856  -32.868  -62.797  -3.090 0.0000000000
136244  -33.546  -61.555  -4.674 0.0000000000
18367  -34.780  -60.068  -5.730 0.0000000000
139786  -44.964  -66.840  -12.316 0.0000000000
12002  -43.589  -68.409  -13.507 0.0000000000
122609  -43.217  -67.150  -13.308 0.0000000000
135581  -40.947  -66.351  -13.630 0.0000000000
117766  -38.895  -67.075  -14.198 0.0000000000
13476  -39.834  -65.615  -14.556 0.0000000000
134832  -41.555  -65.076  -16.307 0.0000000000
13522  -42.972  -66.130  -17.470 0.0000000000
11968  -39.581  -67.454  -10.952 0.0000000000
136556  -39.435  -69.293  -12.367 0.0000000000
11970  -42.857  -67.828  -11.500 0.0000000000
11957  -44.935  -67.051  -10.943 0.0000000000
125400  -43.324  -63.393  -10.432 0.0000000000
15067  -45.592  -64.473  -9.914 0.0000000000
13434  -45.770  -65.973  -11.094 0.0000000000
14284  -46.426  -63.803  -11.551 0.0000000000
15987  -46.698  -62.255  -12.966 0.0000000000
16810  -46.663  -61.651  -13.849 0.0000000000
11952  -39.313  -67.549  -10.446 0.0000000000
11942  -40.857  -66.692  -9.140 0.0000000000
13409  -40.950  -65.464  -8.949 0.0000000000
12642  -39.133  -66.261  -8.072 0.0000000000
13407  -39.089  -65.297  -8.961 0.0000000000
14257  -39.595  -64.479  -10.339 0.0000000000
15097  -38.328  -63.306  -11.373 0.0000000000
16757  -37.234  -61.565  -10.788 0.0000000000
129107  -36.907  -60.430  -9.909 0.0000000000
11887  -36.039  -67.963  -4.486 0.0000000000
12598  -35.120  -66.637  -5.538 0.0000000000
13377  -34.610  -65.292  -7.337 0.0000000000
14194  -32.848  -64.286  -5.734 0.0000000000
14213  -33.418  -64.134  -7.512 0.0000000000
14223  -34.414  -64.400  -8.686 0.0000000000
15938  -34.440  -62.388  -9.560 0.0000000000
137452  -35.477  -60.426  -9.348 0.0000000000
9804  -39.917  -71.233  -13.205 0.0000000000
8392  -39.640  -73.086  -14.302 0.0000000000
9821  -41.558  -71.022  -15.027 0.0000000000
120417  -39.507  -73.540  -16.068 0.0000000000
17611  -43.223  -60.091  -12.354 0.0000000000
16809  -44.482  -60.916  -13.712 0.0000000000
16848  -45.413  -61.533  -15.191 0.0000000000
128877  -42.809  -61.860  -15.275 0.0000000000
16022  -46.251  -62.034  -16.042 0.0000000000
15187  -46.554  -63.494  -17.439 0.0000000000
13524  -45.423  -65.216  -17.727 0.0000000000
18408  -38.542  -59.243  -9.204 0.0000000000
9792  -36.737  -70.469  -12.737 0.0000000000
10489  -37.755  -69.563  -12.344 0.0000000000
15143  -46.416  -62.619  -14.539 0.0000000000
15128  -44.324  -63.624  -13.772 0.0000000000
15142  -45.339  -63.318  -14.566 0.0000000000
14325  -45.237  -63.918  -15.631 0.0000000000
15155  -46.537  -63.268  -15.705 0.0000000000
14239  -41.433  -64.909  -9.355 0.0000000000
14240  -42.362  -64.931  -9.269 0.0000000000
14259  -41.989  -64.411  -9.982 0.0000000000
17580  -43.912  -59.502  -9.582 0.0000000000
17597  -44.410  -60.070  -9.866 0.0000000000
17581  -44.285  -59.388  -9.900 0.0000000000
17598  -44.845  -60.096  -10.273 0.0000000000
18428  -44.222  -59.142  -10.473 0.0000000000
10456  -40.609  -69.598  -7.773 0.0000000000
11210  -40.549  -68.643  -8.063 0.0000000000
11203  -40.456  -68.377  -7.653 0.0000000000
13379  -36.320  -65.766  -7.792 0.0000000000
13391  -36.712  -65.481  -8.426 0.0000000000
14225  -36.178  -65.025  -9.061 0.0000000000
14233  -35.646  -64.462  -9.688 0.0000000000
14224  -35.223  -64.773  -8.940 0.0000000000
12569  -33.267  -65.737  -1.197 0.0000000000
12560  -33.875  -66.670  -0.393 0.0000000000
12570  -33.734  -66.552  -1.317 0.0000000000
124440  -34.248  -67.112  -1.774 0.0000000000
12577  -33.893  -66.663  -2.291 0.0000000000
12583  -34.244  -66.800  -3.275 0.0000000000
12582  -33.503  -66.114  -2.918 0.0000000000
17539  -34.267  -60.248  -6.497 0.0000000000
17548  -34.240  -60.176  -7.501 0.0000000000
18376  -34.481  -59.630  -6.959 0.0000000000
11243  -44.051  -68.967  -12.567 0.0000000000
10494  -43.104  -70.138  -13.255 0.0000000000
10495  -43.563  -69.557  -13.254 0.0000000000
120612  -40.216  -62.758  -16.959 0.0000000000
15183  -41.467  -63.307  -17.724 0.0000000000
15182  -40.224  -63.149  -17.691 0.0000000000
16773  -39.359  -61.771  -11.323 0.0000000000
16774  -40.333  -61.748  -11.256 0.0000000000
16760  -39.897  -61.112  -10.779 0.0000000000
17594  -40.522  -60.421  -9.971 0.0000000000
17578  -41.213  -59.646  -9.208 0.0000000000
17579  -42.407  -59.301  -9.024 0.0000000000
18411  -41.873  -58.760  -8.727 0.0000000000
12611  -36.515  -66.787  -6.696 0.0000000000
12599  -35.805  -66.841  -6.076 0.0000000000
14156  -33.002  -64.106  -1.181 0.0000000000
14977  -32.674  -63.487  -2.740 0.0000000000
15857  -33.529  -62.305  -2.851 0.0000000000
16711  -33.959  -61.077  -5.262 0.0000000000
8410  -37.125  -73.418  -14.477 0.0000000000
12697  -44.650  -66.034  -12.438 0.0000000000
12719  -43.725  -66.291  -12.866 0.0000000000
13464  -43.800  -65.197  -12.761 0.0000000000
14294  -42.608  -64.517  -13.719 0.0000000000
12718  -41.926  -66.424  -13.434 0.0000000000
13461  -41.057  -65.573  -13.716 0.0000000000
12738  -40.281  -65.888  -13.901 0.0000000000
12737  -39.481  -66.298  -14.215 0.0000000000
130176  -43.374  -64.754  -16.257 0.0000000000
14322  -41.576  -64.701  -15.569 0.0000000000
14335  -42.360  -64.927  -16.319 0.0000000000
13521  -42.167  -65.547  -16.901 0.0000000000
13504  -43.196  -65.447  -16.921 0.0000000000
11969  -40.739  -67.223  -11.044 0.0000000000
11230  -40.147  -67.890  -11.639 0.0000000000
11956  -44.189  -67.234  -10.908 0.0000000000
12674  -44.458  -66.505  -10.220 0.0000000000
15973  -42.625  -62.664  -10.942 0.0000000000
121644  -43.567  -62.547  -10.584 0.0000000000
15066  -44.882  -63.924  -9.884 0.0000000000
15085  -46.133  -63.846  -10.299 0.0000000000
133892  -45.742  -65.612  -10.339 0.0000000000
14262  -46.207  -64.524  -10.552 0.0000000000
13427  -46.307  -64.680  -11.091 0.0000000000
130606  -45.912  -60.695  -11.703 0.0000000000
117969  -46.711  -62.179  -12.253 0.0000000000
17614  -46.312  -61.191  -12.836 0.0000000000
124505  -45.709  -60.971  -13.564 0.0000000000
140341  -40.438  -67.150  -9.233 0.0000000000
12644  -40.610  -66.503  -8.615 0.0000000000
12645  -41.270  -65.971  -8.837 0.0000000000
13395  -40.516  -65.977  -8.532 0.0000000000
11920  -39.217  -67.280  -7.364 0.0000000000
11921  -39.977  -67.512  -7.539 0.0000000000
13406  -38.131  -65.271  -9.040 0.0000000000
13393  -38.683  -65.699  -8.466 0.0000000000
14236  -38.542  -64.916  -9.652 0.0000000000
14237  -39.434  -64.888  -9.544 0.0000000000
14256  -38.889  -64.604  -10.216 0.0000000000
15080  -38.806  -64.125  -10.970 0.0000000000
15079  -37.767  -63.934  -11.009 0.0000000000
122376  -36.632  -62.883  -11.027 0.0000000000
15956  -37.241  -62.335  -11.137 0.0000000000
128224  -36.495  -62.062  -10.758 0.0000000000
17591  -37.454  -60.811  -10.332 0.0000000000
17590  -36.463  -61.138  -10.303 0.0000000000
11882  -35.603  -67.919  -3.584 0.0000000000
12597  -34.471  -66.372  -5.018 0.0000000000
12589  -34.978  -66.981  -4.730 0.0000000000
12609  -34.510  -66.028  -5.792 0.0000000000
12610  -35.235  -66.252  -6.385 0.0000000000
13364  -33.892  -65.397  -6.006 0.0000000000
15006  -32.506  -63.228  -4.389 0.0000000000
14185  -32.837  -64.624  -4.799 0.0000000000
14193  -32.539  -63.801  -4.992 0.0000000000
15928  -33.126  -62.543  -7.780 0.0000000000
15031  -32.947  -63.510  -7.123 0.0000000000
15044  -33.234  -63.298  -7.956 0.0000000000
14222  -33.735  -63.948  -8.354 0.0000000000
15053  -33.660  -63.300  -8.662 0.0000000000
15063  -33.961  -62.922  -9.187 0.0000000000
135118  -33.921  -62.243  -9.053 0.0000000000
17562  -35.103  -60.005  -8.747 0.0000000000
17573  -34.783  -60.881  -9.203 0.0000000000
124894  -35.592  -59.383  -8.667 0.0000000000
18406  -35.876  -59.827  -9.178 0.0000000000
10491  -40.573  -69.854  -12.557 0.0000000000
123794  -39.620  -70.135  -12.707 0.0000000000
9795  -40.609  -70.773  -12.909 0.0000000000
9084  -41.682  -71.860  -13.911 0.0000000000
9083  -40.690  -72.180  -13.738 0.0000000000
8393  -40.457  -72.861  -14.289 0.0000000000
8412  -39.350  -73.826  -14.885 0.0000000000
8413  -40.225  -73.457  -14.966 0.0000000000
11253  -42.829  -68.674  -13.921 0.0000000000
11276  -42.807  -69.738  -14.192 0.0000000000
121038  -41.924  -69.594  -14.529 0.0000000000
9107  -38.850  -72.384  -16.088 0.0000000000
9833  -40.164  -71.616  -15.561 0.0000000000
18436  -42.854  -59.427  -11.715 0.0000000000
18435  -41.796  -59.521  -12.045 0.0000000000
16808  -43.417  -61.041  -13.854 0.0000000000
16830  -44.227  -61.316  -14.499 0.0000000000
16829  -43.124  -61.469  -14.605 0.0000000000
16034  -41.767  -62.533  -16.427 0.0000000000
16018  -41.393  -62.235  -15.720 0.0000000000
16020  -43.449  -62.134  -15.927 0.0000000000
16021  -44.820  -61.977  -16.011 0.0000000000
16037  -45.555  -62.399  -16.786 0.0000000000
15188  -46.975  -63.049  -17.003 0.0000000000
16053  -44.777  -62.795  -17.473 0.0000000000
15208  -44.453  -63.782  -18.713 0.0000000000
15210  -46.141  -64.028  -18.098 0.0000000000
14362  -45.693  -64.416  -18.485 0.0000000000
17592  -38.414  -60.589  -10.267 0.0000000000
17593  -39.440  -60.499  -10.165 0.0000000000
18409  -39.637  -59.189  -9.043 0.0000000000
19240  -40.307  -58.388  -8.510 0.0000000000
16669  -34.962  -61.801  -2.888 0.0000000000
9802  -37.669  -71.236  -13.308 0.0000000000
14296  -44.793  -63.875  -13.040 0.0000000000
14293  -41.920  -64.592  -14.057 0.0000000000
14308  -41.703  -64.553  -14.717 0.0000000000
14324  -43.595  -64.096  -15.292 0.0000000000
14337  -45.673  -64.460  -16.498 0.0000000000
12658  -42.085  -65.914  -9.209 0.0000000000
13411  -42.755  -65.540  -9.224 0.0000000000
139077  -43.398  -65.433  -9.287 0.0000000000
16762  -43.205  -61.035  -10.138 0.0000000000
15957  -43.331  -61.839  -10.586 0.0000000000
16763  -44.200  -60.966  -10.046 0.0000000000
16765  -45.765  -61.646  -10.547 0.0000000000
16766  -46.296  -62.291  -10.819 0.0000000000
17599  -45.635  -60.817  -10.725 0.0000000000
17602  -45.249  -60.061  -10.892 0.0000000000
17613  -45.065  -60.231  -11.884 0.0000000000
11220  -40.310  -67.761  -8.729 0.0000000000
12633  -40.298  -67.201  -8.082 0.0000000000
141052  -37.592  -66.520  -7.484 0.0000000000
12641  -38.321  -66.081  -8.048 0.0000000000
13405  -37.162  -65.196  -9.088 0.0000000000
14235  -37.610  -64.853  -9.769 0.0000000000
14254  -37.138  -64.324  -10.470 0.0000000000
14253  -36.112  -64.055  -10.397 0.0000000000
15065  -35.490  -63.325  -10.361 0.0000000000
11865  -34.836  -67.656  -1.819 0.0000000000
11877  -35.215  -67.802  -2.637 0.0000000000
11881  -34.883  -67.418  -3.194 0.0000000000
13342  -33.965  -66.098  -4.563 0.0000000000
16710  -32.987  -61.752  -5.805 0.0000000000
15018  -32.507  -62.921  -5.953 0.0000000000
135315  -33.018  -61.695  -6.506 0.0000000000
132701  -33.292  -61.378  -7.131 0.0000000000
16737  -33.314  -61.868  -7.867 0.0000000000
16738  -33.751  -61.718  -8.572 0.0000000000
17560  -33.747  -61.019  -7.916 0.0000000000
18394  -34.633  -59.829  -8.120 0.0000000000
18385  -35.080  -58.635  -7.562 0.0000000000
10492  -41.847  -70.098  -12.628 0.0000000000
9796  -41.550  -70.795  -12.951 0.0000000000
9797  -42.395  -70.629  -13.103 0.0000000000
9806  -42.043  -71.181  -13.465 0.0000000000
9095  -41.961  -71.588  -14.391 0.0000000000
10516  -41.132  -69.910  -14.806 0.0000000000
16855  -37.998  -61.046  -16.775 0.0000000000
16843  -38.624  -61.595  -15.892 0.0000000000
16844  -39.243  -61.806  -15.572 0.0000000000
16016  -39.862  -62.201  -15.928 0.0000000000
16033  -40.670  -62.481  -16.299 0.0000000000
16051  -42.204  -62.889  -17.130 0.0000000000
16052  -43.382  -62.825  -17.294 0.0000000000
15184  -42.654  -63.295  -17.839 0.0000000000
15207  -43.148  -63.688  -18.556 0.0000000000
15081  -40.645  -63.923  -11.000 0.0000000000
15082  -41.515  -63.817  -10.794 0.0000000000
15100  -41.078  -63.193  -11.314 0.0000000000
15972  -41.648  -62.470  -11.242 0.0000000000
16761  -40.964  -61.080  -10.608 0.0000000000
132406  -42.105  -61.033  -10.340 0.0000000000
17596  -43.060  -60.018  -9.417 0.0000000000
18412  -43.395  -58.815  -9.393 0.0000000000
11903  -40.176  -68.117  -7.292 0.0000000000
12613  -38.567  -67.517  -6.957 0.0000000000
11901  -37.874  -67.758  -6.439 0.0000000000
140095  -37.869  -67.241  -6.930 0.0000000000
12629  -36.919  -66.336  -7.454 0.0000000000
12628  -35.900  -66.159  -7.077 0.0000000000
13378  -35.425  -65.562  -7.600 0.0000000000
13321  -33.000  -64.945  -1.109 0.0000000000
133000  -33.023  -65.343  -1.724 0.0000000000
13331  -32.720  -64.872  -3.218 0.0000000000
14166  -32.609  -64.304  -2.666 0.0000000000
14989  -32.548  -63.457  -3.517 0.0000000000
15868  -32.737  -62.662  -3.872 0.0000000000
16676  -33.741  -61.772  -3.740 0.0000000000
15885  -33.090  -62.028  -4.217 0.0000000000
16690  -32.983  -61.872  -5.021 0.0000000000
140384  -33.382  -61.457  -5.394 0.0000000000
17530  -34.256  -60.595  -5.741 0.0000000000
12004  -44.655  -67.831  -12.572 0.0000000000
11255  -43.980  -68.859  -13.166 0.0000000000
12003  -44.278  -67.882  -13.059 0.0000000000
121183  -42.681  -67.673  -13.612 0.0000000000
12001  -41.576  -67.506  -13.788 0.0000000000
137916  -39.644  -67.790  -14.192 0.0000000000
14307  -40.944  -64.776  -14.867 0.0000000000
13503  -40.845  -64.966  -15.756 0.0000000000
13502  -40.138  -65.305  -15.992 0.0000000000
12777  -41.051  -65.541  -16.728 0.0000000000
12776  -40.095  -65.864  -16.782 0.0000000000
11229  -39.107  -67.948  -11.445 0.0000000000
11238  -38.779  -68.625  -11.924 0.0000000000
11239  -39.780  -68.664  -12.087 0.0000000000
11240  -41.006  -68.993  -12.233 0.0000000000
11231  -42.645  -68.715  -11.927 0.0000000000
11232  -43.653  -68.787  -12.021 0.0000000000
11233  -44.217  -68.524  -11.986 0.0000000000
11973  -45.065  -67.288  -11.607 0.0000000000
124482  -42.394  -63.650  -10.608 0.0000000000
15083  -44.427  -63.041  -10.255 0.0000000000
12661  -45.473  -65.771  -10.045 0.0000000000
12684  -45.415  -66.591  -10.990 0.0000000000
12699  -45.349  -66.558  -11.575 0.0000000000
13447  -45.660  -65.686  -11.584 0.0000000000
139016  -45.744  -65.144  -11.809 0.0000000000
15115  -46.227  -63.864  -12.044 0.0000000000
129533  -46.615  -62.651  -11.503 0.0000000000
15974  -46.668  -62.892  -12.006 0.0000000000
15130  -46.506  -62.956  -12.390 0.0000000000
15998  -46.651  -62.327  -13.629 0.0000000000
16811  -46.964  -62.012  -14.126 0.0000000000
16833  -46.975  -62.144  -15.064 0.0000000000
11951  -38.728  -67.778  -10.808 0.0000000000
132659  -40.239  -67.115  -10.205 0.0000000000
11941  -39.697  -67.485  -9.794 0.0000000000
12657  -41.396  -66.231  -9.056 0.0000000000
14238  -40.409  -64.811  -9.538 0.0000000000
11922  -40.369  -67.801  -7.745 0.0000000000
12632  -39.604  -66.879  -7.758 0.0000000000
13394  -39.635  -65.814  -8.454 0.0000000000
13408  -40.045  -65.362  -8.898 0.0000000000
133231  -40.291  -64.342  -10.472 0.0000000000
133230  -39.786  -64.015  -11.073 0.0000000000
15098  -39.266  -63.336  -11.421 0.0000000000
15969  -38.844  -62.498  -11.482 0.0000000000
15078  -37.437  -63.153  -11.269 0.0000000000
15968  -37.995  -62.488  -11.388 0.0000000000
16758  -38.030  -61.287  -10.831 0.0000000000
17575  -37.773  -59.999  -9.706 0.0000000000
11886  -35.431  -67.502  -4.396 0.0000000000
11891  -35.747  -67.352  -5.219 0.0000000000
127956  -35.135  -65.772  -6.979 0.0000000000
13389  -34.870  -65.049  -8.153 0.0000000000
13340  -32.765  -64.837  -3.942 0.0000000000
13341  -33.360  -65.474  -4.479 0.0000000000
13351  -33.338  -65.096  -5.409 0.0000000000
14203  -32.707  -63.574  -6.326 0.0000000000
14204  -33.138  -64.235  -6.643 0.0000000000
13363  -33.369  -64.817  -6.148 0.0000000000
126170  -33.806  -64.920  -6.885 0.0000000000
14214  -34.092  -64.645  -7.842 0.0000000000
14232  -34.807  -64.137  -9.460 0.0000000000
15064  -34.676  -63.295  -9.765 0.0000000000
15947  -35.126  -62.519  -10.155 0.0000000000
16746  -34.282  -61.660  -9.182 0.0000000000
16747  -34.934  -61.708  -9.762 0.0000000000
16748  -35.554  -61.052  -9.819 0.0000000000
17574  -36.155  -60.438  -9.689 0.0000000000
126485  -36.744  -59.821  -9.443 0.0000000000
9794  -38.700  -70.303  -12.802 0.0000000000
9803  -38.706  -71.234  -13.270 0.0000000000
9081  -38.667  -72.171  -13.705 0.0000000000
9082  -39.740  -72.241  -13.695 0.0000000000
8391  -38.556  -72.968  -14.217 0.0000000000
8411  -38.359  -73.777  -14.704 0.0000000000
11254  -43.446  -69.346  -13.641 0.0000000000
135008  -41.994  -71.181  -14.693 0.0000000000
9111  -41.641  -71.728  -14.981 0.0000000000
9820  -40.578  -70.725  -15.215 0.0000000000
9834  -41.074  -71.773  -15.309 0.0000000000
8429  -40.152  -73.303  -15.537 0.0000000000
19226  -39.858  -57.672  -8.234 0.0000000000
19242  -42.266  -57.931  -8.808 0.0000000000
19243  -42.723  -57.980  -9.361 0.0000000000
18422  -43.336  -58.302  -9.867 0.0000000000
126858  -43.509  -58.718  -10.622 0.0000000000
18437  -43.848  -59.424  -11.373 0.0000000000
17612  -44.188  -60.091  -12.112 0.0000000000
17610  -42.210  -60.145  -12.625 0.0000000000
17631  -43.757  -60.544  -13.050 0.0000000000
17632  -44.786  -60.497  -12.864 0.0000000000
16831  -46.257  -61.475  -14.511 0.0000000000
16849  -46.715  -61.891  -15.261 0.0000000000
16845  -40.087  -61.807  -15.214 0.0000000000
16846  -41.126  -61.792  -15.030 0.0000000000
16828  -42.124  -61.611  -14.736 0.0000000000
16847  -43.945  -61.678  -15.270 0.0000000000
16023  -46.919  -62.495  -15.935 0.0000000000
16039  -47.045  -62.896  -16.582 0.0000000000
15167  -46.762  -63.472  -16.624 0.0000000000
14338  -46.327  -64.298  -16.959 0.0000000000
14350  -46.326  -64.118  -17.521 0.0000000000
13506  -45.403  -64.986  -17.066 0.0000000000
135822  -44.046  -65.912  -17.507 0.0000000000
8390  -37.424  -72.643  -14.031 0.0000000000
8394  -41.106  -72.482  -14.233 0.0000000000
8395  -41.523  -72.237  -14.569 0.0000000000
8430  -40.801  -73.041  -15.113 0.0000000000
9085  -42.237  -71.309  -13.880 0.0000000000
9108  -39.955  -72.696  -15.932 0.0000000000
9109  -40.674  -72.625  -15.488 0.0000000000
9110  -41.206  -72.434  -15.113 0.0000000000
9798  -42.802  -70.417  -13.240 0.0000000000
9807  -42.691  -70.652  -13.636 0.0000000000
9822  -42.374  -70.964  -14.210 0.0000000000
10490  -38.649  -69.401  -12.374 0.0000000000
10493  -42.733  -70.184  -12.891 0.0000000000
10517  -42.201  -70.469  -14.530 0.0000000000
10518  -42.760  -70.410  -14.098 0.0000000000
11234  -44.452  -68.453  -12.222 0.0000000000
11275  -41.120  -68.978  -14.473 0.0000000000
11971  -43.931  -67.995  -11.530 0.0000000000
11972  -44.564  -67.887  -11.647 0.0000000000
11987  -44.753  -67.956  -12.218 0.0000000000
12588  -34.378  -66.618  -4.228 0.0000000000
12612  -37.402  -66.845  -7.127 0.0000000000
12630  -37.675  -66.180  -7.808 0.0000000000
12660  -44.808  -65.920  -9.726 0.0000000000
12675  -45.229  -66.334  -10.353 0.0000000000
12676  -45.657  -65.969  -10.562 0.0000000000
12698  -45.012  -67.247  -12.177 0.0000000000
12720  -44.658  -67.172  -12.582 0.0000000000
13326  -32.939  -65.298  -2.554 0.0000000000
13332  -33.139  -65.496  -3.503 0.0000000000
13365  -34.521  -65.612  -6.552 0.0000000000
13414  -45.783  -65.245  -10.100 0.0000000000
13426  -45.995  -65.373  -10.697 0.0000000000
13446  -45.344  -65.487  -12.096 0.0000000000
13462  -41.954  -65.209  -13.542 0.0000000000
13488  -38.945  -65.839  -15.498 0.0000000000
13490  -40.241  -65.120  -15.078 0.0000000000
13505  -44.305  -65.320  -16.934 0.0000000000
13507  -45.916  -64.673  -17.470 0.0000000000
13523  -44.853  -65.503  -17.493 0.0000000000
13525  -45.829  -64.633  -18.062 0.0000000000
13538  -45.532  -64.858  -18.574 0.0000000000
14155  -32.793  -64.625  -1.841 0.0000000000
14184  -32.512  -64.049  -4.175 0.0000000000
14242  -44.640  -64.674  -9.545 0.0000000000
14261  -43.997  -64.034  -9.893 0.0000000000
14282  -45.603  -64.425  -12.263 0.0000000000
14283  -46.086  -64.749  -11.585 0.0000000000
14309  -42.515  -64.277  -14.523 0.0000000000
14310  -43.348  -63.903  -14.108 0.0000000000
14336  -44.574  -64.607  -16.272 0.0000000000
14339  -46.737  -63.590  -17.051 0.0000000000
14978  -33.050  -62.944  -2.300 0.0000000000
15043  -32.895  -62.872  -7.377 0.0000000000
15054  -34.136  -63.689  -9.083 0.0000000000
15077  -36.170  -63.342  -10.705 0.0000000000
15086  -46.480  -63.714  -10.807 0.0000000000
15099  -40.189  -63.274  -11.423 0.0000000000
15114  -45.967  -63.274  -12.829 0.0000000000
15144  -46.951  -62.112  -14.695 0.0000000000
15168  -47.018  -63.097  -16.829 0.0000000000
15209  -45.532  -64.050  -18.604 0.0000000000
15869  -33.169  -62.274  -3.529 0.0000000000
15884  -32.690  -62.496  -4.678 0.0000000000
15902  -32.664  -62.358  -5.482 0.0000000000
15916  -32.698  -62.258  -6.277 0.0000000000
15927  -32.879  -62.177  -7.132 0.0000000000
15955  -35.897  -62.655  -10.613 0.0000000000
15971  -40.700  -62.446  -11.412 0.0000000000
16019  -42.355  -62.238  -15.848 0.0000000000
16035  -42.850  -62.491  -16.558 0.0000000000
16038  -46.756  -62.663  -16.680 0.0000000000
16054  -46.218  -62.968  -17.476 0.0000000000
16668  -34.192  -61.841  -3.057 0.0000000000
16771  -37.783  -61.880  -11.172 0.0000000000
16772  -38.469  -61.821  -11.285 0.0000000000
16777  -46.101  -61.473  -10.882 0.0000000000
16790  -46.453  -61.447  -12.124 0.0000000000
16832  -46.945  -61.924  -14.621 0.0000000000
17603  -46.191  -61.172  -11.297 0.0000000000
17688  -37.772  -60.388  -17.011 0.0000000000
18395  -35.058  -59.291  -8.195 0.0000000000
18413  -43.935  -59.045  -9.660 0.0000000000
18429  -44.662  -59.607  -10.449 0.0000000000
118668  -39.047  -68.132  -14.333 0.0000000000
120850  -46.749  -61.834  -13.107 0.0000000000
121841  -47.034  -62.887  -16.318 0.0000000000
122864  -43.196  -65.011  -9.201 0.0000000000
123599  -34.159  -61.131  -8.679 0.0000000000
126301  -45.234  -66.407  -12.040 0.0000000000
127776  -40.777  -72.973  -14.706 0.0000000000
128536  -41.958  -61.987  -15.294 0.0000000000
128814  -32.524  -63.871  -3.071 0.0000000000
128904  -39.791  -62.483  -16.576 0.0000000000
130667  -36.970  -69.770  -12.347 0.0000000000
131254  -41.394  -68.220  -11.830 0.0000000000
132921  -45.216  -61.214  -14.317 0.0000000000
133315  -39.407  -65.680  -16.095 0.0000000000
133860  -33.503  -66.092  -0.661 0.0000000000
135555  -46.906  -63.243  -17.035 0.0000000000
136569  -41.233  -72.081  -13.811 0.0000000000
136735  -45.911  -62.465  -10.377 0.0000000000
137190  -46.048  -63.595  -17.972 0.0000000000
138256  -46.023  -65.332  -11.197 0.0000000000
138299  -32.570  -63.523  -5.644 0.0000000000
140392  -46.163  -62.739  -13.603 0.0000000000
