#!ascii label  , from subject sub-v2s16x51315_ses-1 vox2ras=TkReg
1851
67968  50.411  2.361  25.083 0.0000000000
48228  45.280  -17.481  41.689 0.0000000000
43279  32.539  -22.832  42.521 0.0000000000
45303  24.410  -20.135  47.251 0.0000000000
41299  41.750  -24.410  47.574 0.0000000000
46402  39.859  -19.572  36.716 0.0000000000
130335  50.966  -0.808  27.311 0.0000000000
137687  55.739  6.059  23.206 0.0000000000
135577  53.175  -5.178  32.734 0.0000000000
55250  43.177  -10.236  32.750 0.0000000000
50529  37.055  -15.612  31.617 0.0000000000
44244  32.291  -21.689  48.769 0.0000000000
45328  27.909  -20.692  45.366 0.0000000000
45253  27.774  -20.000  51.187 0.0000000000
131197  36.635  -23.842  44.768 0.0000000000
65068  55.707  -0.498  33.342 0.0000000000
49220  45.085  -15.474  46.494 0.0000000000
53392  46.097  -12.587  41.892 0.0000000000
54347  47.259  -10.894  37.085 0.0000000000
53446  43.224  -12.793  37.494 0.0000000000
53493  39.338  -12.303  32.696 0.0000000000
50467  40.142  -15.272  36.311 0.0000000000
43384  38.303  -22.216  34.586 0.0000000000
43403  41.133  -22.251  31.720 0.0000000000
71797  50.900  6.031  24.381 0.0000000000
68010  52.170  2.530  20.159 0.0000000000
43358  32.448  -22.326  36.108 0.0000000000
43344  27.910  -22.682  38.223 0.0000000000
43261  45.952  -22.005  42.915 0.0000000000
46386  45.124  -19.152  37.707 0.0000000000
43290  40.743  -22.328  41.702 0.0000000000
139817  36.616  -22.011  39.150 0.0000000000
137104  54.931  0.446  26.497 0.0000000000
46198  23.726  -19.563  53.480 0.0000000000
41259  24.301  -24.421  50.816 0.0000000000
72672  51.396  7.272  29.748 0.0000000000
68943  52.292  4.304  27.855 0.0000000000
67922  55.235  2.794  29.498 0.0000000000
64204  50.336  -1.435  30.667 0.0000000000
60367  47.681  -5.597  28.723 0.0000000000
57187  51.677  -8.293  37.536 0.0000000000
120503  48.019  -8.261  32.242 0.0000000000
57346  43.673  -8.196  27.140 0.0000000000
56242  39.053  -9.778  27.465 0.0000000000
47394  40.310  -18.038  32.905 0.0000000000
44190  32.098  -21.010  52.755 0.0000000000
44216  29.703  -21.031  50.361 0.0000000000
45239  29.799  -20.179  52.925 0.0000000000
43198  33.858  -22.057  50.469 0.0000000000
48207  47.412  -16.974  43.935 0.0000000000
138294  47.282  -15.185  42.212 0.0000000000
51482  46.129  -13.666  39.938 0.0000000000
51469  43.635  -15.251  40.584 0.0000000000
52516  40.790  -13.853  37.290 0.0000000000
49324  42.353  -16.312  39.565 0.0000000000
42347  38.567  -23.606  35.392 0.0000000000
42344  42.372  -23.408  35.200 0.0000000000
69986  48.737  4.273  24.731 0.0000000000
70005  48.805  4.016  22.985 0.0000000000
67981  48.932  2.105  24.286 0.0000000000
118746  32.744  -22.516  39.558 0.0000000000
43360  30.730  -22.844  36.668 0.0000000000
131490  30.162  -22.417  40.467 0.0000000000
45315  25.542  -19.980  46.131 0.0000000000
138296  25.789  -20.470  42.935 0.0000000000
44304  23.562  -21.542  44.335 0.0000000000
43243  22.766  -22.924  45.364 0.0000000000
45324  43.860  -20.617  45.285 0.0000000000
41319  43.730  -23.772  44.723 0.0000000000
43273  44.175  -22.745  42.386 0.0000000000
41343  42.084  -24.291  44.046 0.0000000000
42288  34.111  -23.280  43.766 0.0000000000
42307  36.522  -23.158  41.967 0.0000000000
117278  34.654  -22.769  40.797 0.0000000000
43339  34.797  -21.931  38.259 0.0000000000
128361  53.958  -0.515  27.415 0.0000000000
118360  55.696  -1.771  27.374 0.0000000000
63320  52.771  -2.859  27.529 0.0000000000
39405  23.720  -26.338  52.590 0.0000000000
68932  55.570  4.223  28.565 0.0000000000
130356  55.973  3.776  31.257 0.0000000000
62296  54.901  -2.916  33.547 0.0000000000
65085  54.283  -1.280  32.428 0.0000000000
134371  51.857  -3.050  31.886 0.0000000000
62331  48.929  -3.299  30.123 0.0000000000
60347  50.322  -5.537  30.987 0.0000000000
55234  45.143  -10.232  34.577 0.0000000000
56187  47.295  -9.268  34.832 0.0000000000
56209  45.121  -9.104  32.883 0.0000000000
57315  45.278  -8.011  29.621 0.0000000000
57318  42.625  -8.838  29.685 0.0000000000
118860  41.025  -8.897  27.130 0.0000000000
56228  40.901  -9.788  29.951 0.0000000000
53513  37.234  -12.183  29.898 0.0000000000
46400  41.915  -19.324  37.422 0.0000000000
48293  43.194  -17.245  34.842 0.0000000000
118211  41.455  -18.974  33.455 0.0000000000
44449  38.920  -21.474  30.828 0.0000000000
69048  58.843  3.929  19.887 0.0000000000
69015  56.257  3.988  21.167 0.0000000000
139082  32.205  -22.232  45.772 0.0000000000
44313  30.197  -21.913  43.615 0.0000000000
44275  30.175  -21.439  46.870 0.0000000000
45300  28.280  -20.711  47.872 0.0000000000
119007  26.110  -19.548  48.819 0.0000000000
41277  38.741  -24.319  49.941 0.0000000000
140032  39.316  -24.562  46.366 0.0000000000
128465  36.287  -23.450  48.290 0.0000000000
42252  34.581  -22.895  46.615 0.0000000000
67874  54.935  2.804  33.675 0.0000000000
61259  54.447  -4.533  34.865 0.0000000000
124554  46.561  -11.678  39.657 0.0000000000
53443  45.593  -12.328  37.551 0.0000000000
54364  43.128  -11.824  35.234 0.0000000000
125515  41.264  -11.190  32.497 0.0000000000
53474  41.385  -12.295  34.916 0.0000000000
117781  39.491  -13.587  35.147 0.0000000000
50494  38.777  -15.295  34.082 0.0000000000
45439  38.898  -20.043  35.512 0.0000000000
45456  41.598  -20.543  33.156 0.0000000000
43381  41.740  -22.238  34.027 0.0000000000
71809  53.520  6.229  23.367 0.0000000000
70021  53.832  3.965  21.473 0.0000000000
70023  51.375  4.296  21.698 0.0000000000
44338  28.351  -21.569  41.416 0.0000000000
47226  46.088  -18.761  44.386 0.0000000000
46362  47.096  -19.834  41.434 0.0000000000
47305  46.225  -18.547  38.912 0.0000000000
45389  46.044  -20.732  40.150 0.0000000000
45400  43.262  -20.547  39.737 0.0000000000
45402  40.784  -20.574  39.560 0.0000000000
42283  38.607  -23.635  43.183 0.0000000000
43306  38.442  -22.068  40.450 0.0000000000
45417  38.710  -20.724  38.555 0.0000000000
45426  36.740  -20.766  36.316 0.0000000000
43371  35.296  -21.738  34.865 0.0000000000
67012  53.432  1.667  25.176 0.0000000000
66081  52.006  0.399  24.310 0.0000000000
128344  54.876  -0.243  25.633 0.0000000000
123014  25.938  -19.025  52.414 0.0000000000
46246  23.903  -19.876  49.989 0.0000000000
43176  23.967  -21.939  52.251 0.0000000000
118727  23.524  -22.821  48.767 0.0000000000
72697  54.000  7.599  26.583 0.0000000000
71769  51.461  6.722  26.328 0.0000000000
70871  49.552  4.825  27.455 0.0000000000
135948  50.909  3.454  26.736 0.0000000000
68966  54.317  3.382  26.369 0.0000000000
66995  54.500  2.263  27.483 0.0000000000
132977  51.801  1.004  28.785 0.0000000000
66015  56.167  1.034  31.987 0.0000000000
120171  52.560  0.388  31.031 0.0000000000
65122  49.934  -0.157  28.462 0.0000000000
126020  48.362  -1.555  28.245 0.0000000000
62363  46.383  -3.555  26.758 0.0000000000
58291  53.265  -7.257  34.288 0.0000000000
56154  50.004  -9.618  37.535 0.0000000000
57240  50.562  -8.465  34.538 0.0000000000
58316  50.843  -7.674  32.197 0.0000000000
58349  48.090  -7.240  29.848 0.0000000000
58373  46.019  -7.228  28.004 0.0000000000
55262  39.031  -10.842  30.129 0.0000000000
49340  44.004  -16.688  36.768 0.0000000000
49365  40.831  -16.598  34.687 0.0000000000
139881  38.727  -17.005  32.823 0.0000000000
139882  40.954  -20.202  31.735 0.0000000000
47414  38.492  -18.659  31.402 0.0000000000
45238  30.759  -20.328  52.980 0.0000000000
136188  30.291  -19.048  53.082 0.0000000000
48219  47.288  -17.703  42.698 0.0000000000
49281  47.930  -16.014  43.314 0.0000000000
49298  45.887  -16.865  41.947 0.0000000000
50414  45.395  -15.295  41.066 0.0000000000
50399  43.971  -16.392  41.163 0.0000000000
50417  42.509  -15.771  40.144 0.0000000000
48239  43.906  -17.410  40.610 0.0000000000
140486  48.999  2.943  25.512 0.0000000000
67982  48.662  2.899  24.433 0.0000000000
132685  49.772  2.007  24.602 0.0000000000
43297  32.392  -22.770  41.616 0.0000000000
135974  31.423  -22.601  40.545 0.0000000000
43298  31.516  -22.633  41.462 0.0000000000
46290  25.116  -19.794  47.017 0.0000000000
45332  24.849  -20.275  45.555 0.0000000000
45333  24.247  -20.757  45.713 0.0000000000
43255  23.156  -22.188  44.868 0.0000000000
44278  23.441  -22.006  46.681 0.0000000000
41274  41.277  -24.250  49.152 0.0000000000
42226  42.213  -23.308  48.210 0.0000000000
43225  42.855  -22.854  46.424 0.0000000000
41311  42.568  -23.947  46.378 0.0000000000
41332  42.760  -24.435  44.644 0.0000000000
41322  41.542  -24.661  45.514 0.0000000000
42301  33.591  -23.118  43.165 0.0000000000
42309  34.732  -23.138  42.166 0.0000000000
116845  33.203  -22.950  41.965 0.0000000000
118780  33.897  -22.710  40.572 0.0000000000
135472  51.905  -0.692  27.452 0.0000000000
64231  53.070  -1.203  27.527 0.0000000000
63309  52.532  -2.067  27.505 0.0000000000
69921  53.348  4.412  31.385 0.0000000000
69930  54.460  4.620  30.793 0.0000000000
69900  54.509  4.212  32.351 0.0000000000
61283  54.043  -4.671  33.249 0.0000000000
62298  53.416  -3.298  32.565 0.0000000000
61309  52.344  -4.745  32.169 0.0000000000
130846  50.833  -4.066  31.465 0.0000000000
60337  51.946  -5.674  31.871 0.0000000000
55242  44.402  -10.273  33.948 0.0000000000
133170  45.053  -9.848  33.964 0.0000000000
56210  44.388  -9.382  32.633 0.0000000000
57288  43.913  -8.679  30.811 0.0000000000
56219  43.191  -9.157  31.102 0.0000000000
56230  42.005  -9.158  29.826 0.0000000000
56221  41.917  -9.789  31.013 0.0000000000
46401  40.792  -19.416  37.069 0.0000000000
47357  42.608  -18.632  35.399 0.0000000000
46416  41.542  -19.045  35.254 0.0000000000
70017  57.504  5.098  21.227 0.0000000000
70002  56.351  5.097  21.811 0.0000000000
43227  32.475  -22.095  47.031 0.0000000000
44274  31.371  -21.758  46.491 0.0000000000
44261  31.227  -21.578  47.719 0.0000000000
45262  29.200  -20.681  50.958 0.0000000000
134825  28.807  -20.801  49.437 0.0000000000
119220  28.027  -20.495  49.281 0.0000000000
45289  26.856  -19.934  48.619 0.0000000000
119824  26.619  -19.553  50.091 0.0000000000
42209  37.707  -23.578  51.058 0.0000000000
116838  37.418  -23.855  49.245 0.0000000000
42220  36.033  -23.078  50.337 0.0000000000
44228  33.138  -21.822  49.995 0.0000000000
128402  34.433  -22.509  49.034 0.0000000000
43218  33.528  -22.337  47.806 0.0000000000
43226  33.774  -22.643  46.446 0.0000000000
52441  46.797  -13.942  43.345 0.0000000000
54290  45.613  -11.836  43.806 0.0000000000
54301  45.844  -11.610  42.615 0.0000000000
132241  46.690  -10.720  40.985 0.0000000000
53402  46.239  -12.396  40.935 0.0000000000
119300  44.850  -13.279  38.707 0.0000000000
52498  45.713  -13.036  38.726 0.0000000000
53444  44.824  -12.509  37.367 0.0000000000
54356  44.522  -11.647  35.877 0.0000000000
53455  43.404  -12.405  36.710 0.0000000000
53473  42.244  -12.083  35.107 0.0000000000
53457  41.716  -12.750  36.575 0.0000000000
51513  40.439  -14.417  37.032 0.0000000000
52526  40.436  -13.661  36.604 0.0000000000
51523  39.664  -14.562  35.916 0.0000000000
51540  38.816  -14.522  34.447 0.0000000000
50468  39.597  -15.220  35.480 0.0000000000
44415  38.515  -21.289  34.561 0.0000000000
44413  40.904  -21.241  34.214 0.0000000000
43382  40.479  -22.049  34.506 0.0000000000
71811  51.765  6.083  23.733 0.0000000000
138121  52.003  5.334  22.450 0.0000000000
70910  51.456  5.598  22.943 0.0000000000
69022  49.608  3.146  21.461 0.0000000000
126121  33.991  -22.948  34.925 0.0000000000
41414  32.856  -23.736  35.463 0.0000000000
44301  29.526  -21.486  44.335 0.0000000000
44324  29.187  -21.625  42.795 0.0000000000
44315  28.535  -21.301  43.249 0.0000000000
45385  24.687  -20.913  42.028 0.0000000000
45383  26.089  -20.874  41.369 0.0000000000
44298  45.095  -21.799  44.354 0.0000000000
46298  44.385  -19.864  44.798 0.0000000000
45338  46.312  -20.542  44.023 0.0000000000
46333  46.958  -19.907  43.639 0.0000000000
45376  47.002  -20.971  42.625 0.0000000000
45387  46.938  -20.578  41.029 0.0000000000
44331  45.953  -21.813  41.586 0.0000000000
43288  42.433  -22.433  41.933 0.0000000000
44348  43.667  -21.542  41.000 0.0000000000
129257  42.196  -21.236  40.630 0.0000000000
132772  41.695  -20.359  39.473 0.0000000000
44363  40.749  -21.159  40.348 0.0000000000
41326  37.882  -24.220  45.975 0.0000000000
41335  39.202  -24.257  44.646 0.0000000000
42269  37.576  -23.987  44.529 0.0000000000
43308  36.431  -22.589  40.511 0.0000000000
43293  37.698  -22.715  41.244 0.0000000000
44352  37.940  -21.916  39.844 0.0000000000
44365  38.520  -21.288  39.305 0.0000000000
122501  37.677  -21.498  39.052 0.0000000000
45425  37.563  -20.545  37.018 0.0000000000
44378  36.694  -21.478  38.217 0.0000000000
44395  33.799  -21.742  36.579 0.0000000000
44394  34.531  -21.474  36.207 0.0000000000
43373  33.702  -22.200  35.246 0.0000000000
67011  54.374  1.347  25.707 0.0000000000
66069  53.811  0.783  25.102 0.0000000000
65145  55.127  -0.039  26.344 0.0000000000
127249  55.779  -1.564  26.780 0.0000000000
46209  24.310  -19.242  52.956 0.0000000000
46221  24.379  -19.389  51.649 0.0000000000
46210  23.779  -19.766  52.170 0.0000000000
139574  24.925  -23.927  52.239 0.0000000000
140766  24.578  -23.294  51.402 0.0000000000
43191  23.963  -22.311  50.372 0.0000000000
42221  23.814  -23.512  49.501 0.0000000000
41290  23.320  -23.970  48.639 0.0000000000
40387  23.212  -24.925  49.068 0.0000000000
72710  54.693  7.570  26.111 0.0000000000
72687  52.834  7.714  27.784 0.0000000000
72688  51.809  7.370  27.892 0.0000000000
70877  49.773  5.606  27.107 0.0000000000
71762  50.291  6.194  27.678 0.0000000000
68944  51.105  4.122  28.420 0.0000000000
68958  50.215  3.949  27.986 0.0000000000
68957  51.213  3.826  27.433 0.0000000000
68967  53.423  3.652  26.296 0.0000000000
68956  52.921  4.152  26.948 0.0000000000
67932  55.658  3.684  28.828 0.0000000000
67943  55.310  3.813  27.814 0.0000000000
67933  55.012  2.900  28.463 0.0000000000
66996  53.415  1.582  28.173 0.0000000000
66980  52.798  1.557  28.913 0.0000000000
66930  55.902  1.189  33.221 0.0000000000
66946  56.302  2.128  32.374 0.0000000000
66003  55.897  0.337  32.555 0.0000000000
64193  51.754  -1.446  31.521 0.0000000000
125299  53.404  -0.145  31.667 0.0000000000
65104  51.738  -0.206  30.985 0.0000000000
66036  50.746  0.258  29.623 0.0000000000
64212  49.826  -0.813  29.891 0.0000000000
64221  49.097  -0.830  28.558 0.0000000000
64213  49.246  -1.116  29.473 0.0000000000
130853  47.884  -4.011  29.159 0.0000000000
62341  47.824  -3.043  28.890 0.0000000000
61353  46.825  -4.495  27.928 0.0000000000
60377  46.569  -5.352  27.471 0.0000000000
58263  52.451  -7.845  36.178 0.0000000000
55203  48.739  -10.309  38.280 0.0000000000
55202  49.694  -10.102  38.664 0.0000000000
55210  48.611  -10.220  37.621 0.0000000000
57257  47.510  -8.539  33.402 0.0000000000
56185  49.038  -8.880  35.218 0.0000000000
57255  49.434  -8.398  33.626 0.0000000000
57266  51.266  -8.068  33.204 0.0000000000
57282  49.357  -8.122  31.789 0.0000000000
58328  49.754  -7.733  31.296 0.0000000000
57298  48.138  -7.950  30.942 0.0000000000
136062  44.546  -8.117  28.467 0.0000000000
58362  45.682  -7.634  28.317 0.0000000000
58375  44.915  -7.796  27.263 0.0000000000
59444  45.020  -6.968  26.201 0.0000000000
58412  43.687  -7.681  25.533 0.0000000000
57364  42.341  -8.305  25.717 0.0000000000
56241  40.126  -9.305  27.309 0.0000000000
57381  40.650  -8.868  25.881 0.0000000000
54391  39.830  -11.737  32.131 0.0000000000
55258  39.993  -10.783  30.928 0.0000000000
54397  39.438  -11.434  31.323 0.0000000000
54414  36.681  -11.798  28.572 0.0000000000
47338  45.701  -18.138  37.523 0.0000000000
48270  44.761  -17.014  37.212 0.0000000000
47354  44.845  -17.301  36.274 0.0000000000
48307  42.000  -17.627  33.910 0.0000000000
48294  42.478  -17.131  34.491 0.0000000000
49378  40.718  -16.940  33.989 0.0000000000
49391  39.713  -16.610  33.912 0.0000000000
48335  39.305  -17.619  32.769 0.0000000000
44429  41.793  -21.579  32.409 0.0000000000
45466  41.617  -20.697  32.484 0.0000000000
44436  41.008  -21.483  31.554 0.0000000000
46464  38.441  -20.067  30.804 0.0000000000
47415  37.677  -18.336  31.040 0.0000000000
69018  53.410  3.263  21.150 0.0000000000
69036  53.934  3.114  20.717 0.0000000000
65157  51.310  -0.076  23.875 0.0000000000
120938  31.985  -21.448  50.877 0.0000000000
121193  31.032  -21.379  49.912 0.0000000000
44202  30.852  -21.099  51.491 0.0000000000
45251  29.479  -20.525  51.926 0.0000000000
45240  28.916  -20.074  52.575 0.0000000000
44213  33.219  -21.754  50.956 0.0000000000
49254  46.741  -16.202  44.614 0.0000000000
51405  46.338  -15.181  44.978 0.0000000000
50358  47.252  -15.786  44.022 0.0000000000
51431  47.489  -15.263  43.194 0.0000000000
52461  46.976  -14.466  42.016 0.0000000000
52472  46.403  -13.316  40.527 0.0000000000
130678  46.665  -14.421  41.189 0.0000000000
51484  44.879  -14.332  40.081 0.0000000000
140199  42.949  -13.848  39.245 0.0000000000
121340  42.269  -13.209  37.841 0.0000000000
51498  42.190  -14.292  39.193 0.0000000000
50433  41.568  -15.386  38.955 0.0000000000
49333  41.743  -16.103  38.238 0.0000000000
43370  38.055  -23.008  34.827 0.0000000000
43368  40.115  -22.758  34.995 0.0000000000
42345  41.088  -23.277  35.476 0.0000000000
70900  49.574  5.361  24.573 0.0000000000
70912  49.879  5.317  23.591 0.0000000000
69994  48.706  4.190  23.883 0.0000000000
67987  48.540  2.516  23.464 0.0000000000
118013  32.708  -22.168  37.778 0.0000000000
43359  31.622  -22.659  36.268 0.0000000000
135841  31.323  -22.414  38.400 0.0000000000
43342  30.476  -22.465  38.673 0.0000000000
43329  29.072  -22.318  39.154 0.0000000000
45329  27.223  -20.366  45.804 0.0000000000
117839  26.836  -20.417  43.991 0.0000000000
45346  26.228  -20.230  44.632 0.0000000000
45366  24.705  -20.594  44.007 0.0000000000
42262  22.335  -23.797  44.756 0.0000000000
43236  43.919  -22.809  45.107 0.0000000000
132909  44.912  -22.770  43.929 0.0000000000
43272  44.967  -22.716  42.623 0.0000000000
42278  44.347  -23.378  43.600 0.0000000000
42279  43.050  -23.673  43.287 0.0000000000
42294  41.514  -23.443  42.915 0.0000000000
135940  35.658  -23.611  44.897 0.0000000000
42285  36.597  -23.632  43.383 0.0000000000
42286  35.756  -23.569  43.425 0.0000000000
42308  35.636  -23.151  42.043 0.0000000000
43323  35.724  -22.434  39.844 0.0000000000
44379  35.642  -21.908  38.510 0.0000000000
43324  34.697  -22.545  39.943 0.0000000000
43340  33.247  -22.315  38.765 0.0000000000
65128  54.725  0.592  26.807 0.0000000000
65140  55.143  -0.148  26.663 0.0000000000
64230  54.792  -1.366  27.575 0.0000000000
63307  55.101  -2.174  27.975 0.0000000000
120784  24.766  -24.911  52.921 0.0000000000
40365  24.045  -25.597  51.745 0.0000000000
39434  23.526  -25.521  50.232 0.0000000000
137613  23.065  -26.645  51.007 0.0000000000
69939  53.432  4.724  29.357 0.0000000000
69948  54.296  4.845  28.370 0.0000000000
69938  54.742  4.810  29.481 0.0000000000
69928  55.947  4.132  29.961 0.0000000000
67921  56.131  3.249  30.353 0.0000000000
140376  55.334  -1.816  33.569 0.0000000000
65084  55.178  -1.107  32.720 0.0000000000
64181  54.640  -1.864  32.785 0.0000000000
63259  53.044  -2.397  32.319 0.0000000000
63269  51.391  -2.326  31.579 0.0000000000
63279  49.904  -2.351  30.704 0.0000000000
62320  50.219  -3.307  31.109 0.0000000000
62321  49.551  -4.001  30.700 0.0000000000
135200  48.905  -5.085  30.035 0.0000000000
54354  46.829  -10.759  36.401 0.0000000000
56166  48.084  -9.869  36.429 0.0000000000
56179  46.831  -9.863  35.345 0.0000000000
56198  46.149  -9.158  33.827 0.0000000000
57271  46.386  -8.435  32.366 0.0000000000
57285  46.711  -8.127  31.553 0.0000000000
57286  45.723  -8.326  31.581 0.0000000000
57302  44.591  -8.303  30.280 0.0000000000
57332  42.784  -8.613  28.761 0.0000000000
57347  42.252  -8.593  27.262 0.0000000000
57333  42.027  -8.838  28.444 0.0000000000
57334  41.255  -9.118  28.612 0.0000000000
116340  39.657  -9.673  28.071 0.0000000000
53494  38.541  -12.652  32.469 0.0000000000
53506  38.077  -12.251  31.118 0.0000000000
52569  37.074  -13.156  30.871 0.0000000000
52578  36.163  -13.255  29.538 0.0000000000
52587  35.407  -13.367  28.481 0.0000000000
46399  43.279  -19.162  37.222 0.0000000000
47355  44.382  -17.639  35.835 0.0000000000
47356  43.619  -18.163  35.536 0.0000000000
47372  42.334  -18.429  34.533 0.0000000000
47392  41.572  -18.389  33.470 0.0000000000
44438  39.641  -21.638  31.066 0.0000000000
43405  38.964  -22.139  31.058 0.0000000000
70016  58.147  5.281  21.197 0.0000000000
69032  57.586  3.989  20.682 0.0000000000
69051  56.145  3.531  19.851 0.0000000000
43253  32.593  -22.624  44.563 0.0000000000
137574  31.449  -22.423  43.657 0.0000000000
44299  31.184  -22.080  44.856 0.0000000000
44289  30.553  -21.696  45.458 0.0000000000
44277  29.034  -21.004  46.359 0.0000000000
138126  30.183  -21.376  48.843 0.0000000000
44248  29.119  -21.045  48.058 0.0000000000
45314  28.276  -20.728  46.540 0.0000000000
45302  26.879  -20.152  47.258 0.0000000000
46258  26.260  -19.734  47.933 0.0000000000
46276  24.849  -19.727  47.801 0.0000000000
41288  39.903  -24.689  48.757 0.0000000000
117126  40.107  -24.727  46.800 0.0000000000
41302  39.140  -24.590  48.038 0.0000000000
42238  37.460  -24.039  47.453 0.0000000000
129376  36.561  -23.682  47.202 0.0000000000
43196  35.223  -22.787  49.570 0.0000000000
42240  35.729  -23.231  48.033 0.0000000000
42260  35.529  -23.457  45.853 0.0000000000
43238  34.303  -22.938  45.880 0.0000000000
43252  33.356  -22.804  44.853 0.0000000000
63322  50.055  -2.082  26.501 0.0000000000
63321  51.479  -2.406  27.051 0.0000000000
134179  49.937  -3.013  26.089 0.0000000000
121650  54.074  3.826  33.720 0.0000000000
123186  55.187  -0.946  34.528 0.0000000000
63240  55.255  -2.495  34.134 0.0000000000
61269  54.866  -3.723  34.021 0.0000000000
60314  54.196  -5.308  33.815 0.0000000000
55195  47.744  -10.563  39.627 0.0000000000
54339  47.247  -11.141  38.112 0.0000000000
53418  46.331  -12.689  39.621 0.0000000000
137266  46.300  -12.210  38.399 0.0000000000
54348  46.727  -11.428  37.512 0.0000000000
116391  45.132  -11.280  35.802 0.0000000000
54370  44.105  -11.141  34.839 0.0000000000
54379  43.119  -11.086  34.013 0.0000000000
133677  41.723  -10.739  32.233 0.0000000000
54380  42.352  -11.419  33.755 0.0000000000
54381  41.536  -11.735  33.632 0.0000000000
53482  40.616  -12.153  33.711 0.0000000000
53458  40.968  -12.971  36.264 0.0000000000
52536  40.036  -13.120  35.322 0.0000000000
53484  38.800  -12.851  33.230 0.0000000000
137147  38.506  -13.445  33.520 0.0000000000
51549  37.944  -14.665  33.141 0.0000000000
50508  37.847  -15.282  32.794 0.0000000000
46411  39.718  -19.673  35.757 0.0000000000
46417  40.620  -19.507  35.142 0.0000000000
45449  40.168  -20.375  34.543 0.0000000000
44412  41.596  -21.392  33.476 0.0000000000
128119  42.150  -22.105  32.822 0.0000000000
43366  42.320  -22.924  34.500 0.0000000000
43391  42.457  -22.749  33.185 0.0000000000
71820  54.948  6.069  22.968 0.0000000000
70938  55.304  4.931  21.809 0.0000000000
70922  53.671  5.382  22.310 0.0000000000
70022  52.898  3.929  21.480 0.0000000000
69020  51.474  3.295  21.268 0.0000000000
70003  50.441  4.631  22.116 0.0000000000
69021  50.470  3.234  21.247 0.0000000000
44323  30.254  -22.176  42.708 0.0000000000
44337  29.241  -22.026  41.187 0.0000000000
44353  28.531  -21.841  40.469 0.0000000000
140114  27.139  -20.844  42.422 0.0000000000
44354  27.076  -21.489  40.320 0.0000000000
48184  45.463  -17.115  45.155 0.0000000000
47225  46.855  -18.347  44.255 0.0000000000
47250  47.428  -18.422  42.898 0.0000000000
123407  46.225  -18.526  41.860 0.0000000000
47290  45.354  -18.326  40.731 0.0000000000
47304  46.595  -19.042  39.676 0.0000000000
46376  46.371  -19.404  39.005 0.0000000000
45410  45.844  -19.810  38.847 0.0000000000
44332  45.189  -21.956  41.505 0.0000000000
45399  44.303  -20.446  39.455 0.0000000000
45412  43.553  -19.992  38.925 0.0000000000
46388  42.630  -19.637  38.326 0.0000000000
46389  41.684  -19.683  38.346 0.0000000000
45422  40.086  -19.755  37.739 0.0000000000
133562  40.016  -24.484  45.030 0.0000000000
42282  40.227  -23.868  43.488 0.0000000000
43275  40.462  -22.910  42.304 0.0000000000
42297  37.959  -23.366  42.562 0.0000000000
43277  39.081  -22.765  41.799 0.0000000000
43304  39.952  -22.024  41.189 0.0000000000
44350  40.011  -21.515  40.501 0.0000000000
45416  39.467  -20.318  38.383 0.0000000000
45423  39.273  -19.933  37.384 0.0000000000
45424  38.507  -20.187  37.146 0.0000000000
45433  37.462  -20.449  35.900 0.0000000000
44402  37.046  -20.936  34.944 0.0000000000
133733  35.857  -21.364  37.321 0.0000000000
44392  36.109  -21.041  35.720 0.0000000000
43385  36.814  -22.110  34.531 0.0000000000
42360  37.177  -22.946  34.680 0.0000000000
67967  51.703  2.605  25.343 0.0000000000
67014  51.362  1.982  24.823 0.0000000000
67026  52.737  1.024  24.705 0.0000000000
133990  55.365  -0.794  26.296 0.0000000000
64256  55.313  -1.527  25.849 0.0000000000
62361  51.812  -3.473  26.950 0.0000000000
133644  29.061  -18.647  53.336 0.0000000000
46193  28.670  -19.007  53.489 0.0000000000
46206  27.659  -19.298  52.838 0.0000000000
46196  26.001  -18.505  53.368 0.0000000000
46219  26.363  -19.259  51.658 0.0000000000
124340  25.902  -19.287  50.609 0.0000000000
46245  24.559  -19.557  49.444 0.0000000000
45277  24.066  -19.920  48.982 0.0000000000
44192  23.456  -21.216  52.880 0.0000000000
132703  23.481  -21.116  51.169 0.0000000000
45278  23.611  -20.826  49.871 0.0000000000
44265  23.494  -21.677  48.352 0.0000000000
42241  23.144  -23.106  47.388 0.0000000000
71792  55.751  6.775  24.352 0.0000000000
126577  55.170  7.176  24.843 0.0000000000
72724  53.752  6.994  24.826 0.0000000000
71795  52.349  6.689  25.051 0.0000000000
73618  54.397  8.574  28.364 0.0000000000
72698  53.118  7.325  26.212 0.0000000000
71779  51.573  6.579  25.497 0.0000000000
70886  49.981  5.887  26.011 0.0000000000
69974  49.001  4.602  25.915 0.0000000000
123340  49.365  3.363  26.320 0.0000000000
70863  49.907  4.810  28.422 0.0000000000
116836  49.598  3.710  27.011 0.0000000000
68969  50.086  3.269  26.446 0.0000000000
67959  52.613  3.181  25.797 0.0000000000
67958  53.776  3.039  25.821 0.0000000000
67003  54.542  1.960  26.224 0.0000000000
118748  55.080  4.106  27.161 0.0000000000
67944  54.873  3.286  27.035 0.0000000000
66051  54.534  1.560  26.851 0.0000000000
66052  54.043  1.369  27.418 0.0000000000
66053  52.918  0.994  27.849 0.0000000000
65131  51.293  -0.052  27.687 0.0000000000
68898  55.868  3.588  31.997 0.0000000000
67914  56.270  2.816  31.022 0.0000000000
66969  55.419  2.255  30.528 0.0000000000
65094  55.389  -0.170  32.309 0.0000000000
135003  53.553  0.653  31.259 0.0000000000
66024  53.211  1.253  30.631 0.0000000000
66034  51.937  1.077  29.533 0.0000000000
134765  51.188  0.607  28.614 0.0000000000
65132  50.326  -0.320  27.705 0.0000000000
65133  49.478  -0.640  27.759 0.0000000000
64243  48.650  -1.549  26.595 0.0000000000
63289  48.207  -2.292  28.987 0.0000000000
63311  47.270  -2.593  27.479 0.0000000000
59310  53.953  -6.136  34.803 0.0000000000
59361  53.379  -6.389  33.439 0.0000000000
56162  51.093  -8.861  37.358 0.0000000000
56165  48.943  -9.559  36.432 0.0000000000
56175  50.302  -8.985  36.282 0.0000000000
57224  51.704  -8.493  35.841 0.0000000000
57252  52.236  -8.112  34.325 0.0000000000
58314  52.377  -7.442  33.212 0.0000000000
59363  51.999  -7.033  32.519 0.0000000000
59380  50.579  -6.639  31.250 0.0000000000
59393  49.509  -6.451  30.424 0.0000000000
59414  47.881  -6.202  29.018 0.0000000000
58339  46.952  -7.702  30.044 0.0000000000
58360  46.986  -7.134  28.939 0.0000000000
59427  46.757  -6.196  27.828 0.0000000000
59443  45.656  -6.483  26.580 0.0000000000
57380  41.443  -8.519  25.525 0.0000000000
57395  40.509  -8.587  24.081 0.0000000000
55257  40.737  -10.581  31.179 0.0000000000
55264  40.137  -10.055  29.694 0.0000000000
55279  39.033  -10.041  28.340 0.0000000000
139045  38.038  -11.279  29.567 0.0000000000
55273  37.858  -10.739  28.321 0.0000000000
125979  44.114  -17.540  39.473 0.0000000000
49331  43.502  -16.892  37.972 0.0000000000
129141  42.055  -16.421  36.443 0.0000000000
49362  43.748  -16.907  35.288 0.0000000000
49352  42.063  -16.547  35.533 0.0000000000
49353  40.903  -16.325  35.607 0.0000000000
49379  39.347  -15.982  34.317 0.0000000000
49392  38.594  -16.321  33.029 0.0000000000
49404  37.510  -16.493  31.855 0.0000000000
119974  41.347  -19.633  33.637 0.0000000000
46430  41.335  -19.165  32.794 0.0000000000
47402  40.713  -18.852  32.454 0.0000000000
45476  40.093  -20.655  31.256 0.0000000000
46451  39.662  -19.601  31.421 0.0000000000
47403  39.773  -18.477  32.285 0.0000000000
48347  38.161  -17.857  31.687 0.0000000000
48348  37.527  -17.454  31.446 0.0000000000
69016  55.250  3.715  21.106 0.0000000000
69034  55.525  3.533  20.620 0.0000000000
131804  55.087  3.472  18.743 0.0000000000
66083  50.319  0.939  24.032 0.0000000000
47252  46.211  -17.808  42.099 0.0000000000
49283  47.006  -17.132  42.320 0.0000000000
50398  45.034  -16.175  41.521 0.0000000000
49299  44.687  -16.970  41.558 0.0000000000
49311  43.424  -16.827  40.758 0.0000000000
49300  44.027  -17.071  41.182 0.0000000000
68979  49.544  2.945  25.728 0.0000000000
67969  49.173  2.607  25.032 0.0000000000
43280  31.716  -22.646  42.357 0.0000000000
45316  24.657  -20.188  46.379 0.0000000000
45317  24.062  -20.730  46.677 0.0000000000
123033  23.740  -21.387  46.183 0.0000000000
127570  23.699  -21.339  46.928 0.0000000000
41286  41.651  -24.317  48.378 0.0000000000
42227  41.865  -23.845  48.741 0.0000000000
41285  42.180  -24.016  47.983 0.0000000000
41298  42.311  -23.927  47.162 0.0000000000
130462  42.131  -24.263  46.847 0.0000000000
120342  42.094  -24.494  46.187 0.0000000000
41312  41.669  -24.536  46.878 0.0000000000
116820  32.822  -22.891  43.246 0.0000000000
136835  33.193  -22.993  42.655 0.0000000000
43310  33.198  -22.805  41.148 0.0000000000
64232  51.764  -1.487  27.321 0.0000000000
69920  54.129  4.416  31.938 0.0000000000
69901  53.874  4.230  32.774 0.0000000000
61296  53.268  -4.262  32.602 0.0000000000
60336  52.596  -5.605  32.345 0.0000000000
56201  43.958  -9.930  33.153 0.0000000000
56211  43.705  -9.667  32.466 0.0000000000
56212  43.090  -9.729  31.937 0.0000000000
56220  42.579  -9.597  31.272 0.0000000000
55255  42.291  -10.168  31.829 0.0000000000
46410  40.614  -19.366  36.034 0.0000000000
70908  56.572  5.888  23.116 0.0000000000
70919  56.891  5.578  22.407 0.0000000000
70920  55.798  5.586  22.501 0.0000000000
44260  32.157  -21.778  47.841 0.0000000000
44245  31.467  -21.556  48.509 0.0000000000
45263  28.398  -20.414  50.622 0.0000000000
45275  28.347  -20.516  49.899 0.0000000000
45264  27.513  -20.059  50.049 0.0000000000
42197  37.641  -22.914  51.867 0.0000000000
42210  36.873  -23.184  51.290 0.0000000000
43190  36.085  -22.715  51.498 0.0000000000
44243  33.055  -21.867  49.112 0.0000000000
43219  32.937  -22.003  48.279 0.0000000000
140963  32.873  -22.139  47.598 0.0000000000
52451  46.674  -13.746  42.352 0.0000000000
53372  46.052  -13.173  44.182 0.0000000000
53383  45.976  -12.821  42.961 0.0000000000
120443  46.113  -11.258  41.538 0.0000000000
52514  44.139  -12.913  37.981 0.0000000000
53445  44.017  -12.556  37.218 0.0000000000
53465  42.591  -12.285  36.052 0.0000000000
53456  42.462  -12.707  37.002 0.0000000000
50458  40.686  -15.224  37.319 0.0000000000
51522  39.984  -14.299  36.432 0.0000000000
44414  39.659  -21.199  34.463 0.0000000000
43383  39.279  -22.092  34.609 0.0000000000
70911  50.817  5.698  23.598 0.0000000000
43374  32.837  -22.519  35.567 0.0000000000
43375  32.189  -22.703  35.783 0.0000000000
44290  28.779  -21.098  45.019 0.0000000000
44302  28.651  -21.198  44.083 0.0000000000
45344  27.942  -20.811  44.576 0.0000000000
44342  24.379  -21.532  41.264 0.0000000000
43249  45.357  -22.270  43.939 0.0000000000
45339  45.525  -21.062  44.259 0.0000000000
45360  46.356  -21.297  43.639 0.0000000000
45359  46.834  -20.794  43.379 0.0000000000
44311  46.494  -21.463  43.087 0.0000000000
139825  46.443  -21.571  41.796 0.0000000000
43285  46.020  -22.024  42.288 0.0000000000
43289  41.670  -22.366  41.834 0.0000000000
44335  42.151  -21.838  41.353 0.0000000000
44336  41.322  -21.899  41.371 0.0000000000
44349  41.429  -21.441  40.811 0.0000000000
42258  37.218  -24.027  45.426 0.0000000000
41337  37.957  -24.171  45.249 0.0000000000
43322  36.528  -22.269  39.702 0.0000000000
43321  37.193  -22.303  40.128 0.0000000000
44366  37.161  -21.970  39.442 0.0000000000
117800  36.989  -21.677  38.790 0.0000000000
137232  36.349  -21.823  38.651 0.0000000000
43357  33.214  -22.001  35.892 0.0000000000
44406  33.915  -21.724  35.748 0.0000000000
66067  54.772  0.881  26.221 0.0000000000
124097  24.354  -18.895  53.866 0.0000000000
40364  24.405  -24.812  51.399 0.0000000000
41258  24.682  -24.017  51.523 0.0000000000
42200  24.420  -23.628  50.831 0.0000000000
121257  24.142  -24.004  50.154 0.0000000000
41279  23.664  -24.378  49.548 0.0000000000
41267  23.885  -24.777  50.210 0.0000000000
73625  55.441  8.452  27.328 0.0000000000
73616  55.521  9.320  27.860 0.0000000000
72671  52.229  7.987  29.905 0.0000000000
72679  52.505  7.903  28.708 0.0000000000
72680  51.522  7.399  28.887 0.0000000000
71756  50.915  6.797  28.223 0.0000000000
72681  50.855  6.763  29.204 0.0000000000
69958  53.723  4.557  27.550 0.0000000000
66979  53.890  2.180  29.218 0.0000000000
65988  55.694  0.316  33.596 0.0000000000
133131  56.001  0.391  32.861 0.0000000000
64194  51.023  -1.678  31.222 0.0000000000
138807  51.729  -0.788  31.267 0.0000000000
65105  51.121  -0.833  30.942 0.0000000000
65106  50.479  -0.438  30.214 0.0000000000
64205  49.585  -1.632  30.165 0.0000000000
61341  47.870  -4.953  29.105 0.0000000000
61342  47.418  -4.697  28.594 0.0000000000
60376  47.142  -5.488  28.135 0.0000000000
57205  51.954  -8.283  36.807 0.0000000000
55211  47.828  -10.615  37.757 0.0000000000
116488  48.022  -10.316  37.107 0.0000000000
120320  47.996  -8.346  32.830 0.0000000000
57256  48.464  -8.435  33.424 0.0000000000
57269  48.746  -8.289  32.501 0.0000000000
57268  49.736  -8.211  32.677 0.0000000000
57283  48.496  -8.155  31.661 0.0000000000
57331  44.262  -8.132  27.738 0.0000000000
58376  44.346  -8.011  26.978 0.0000000000
58393  43.923  -7.951  26.367 0.0000000000
140146  43.235  -8.222  26.653 0.0000000000
58394  43.134  -8.136  25.982 0.0000000000
123744  39.415  -9.479  26.705 0.0000000000
53500  39.035  -12.096  31.917 0.0000000000
46396  45.791  -18.733  37.844 0.0000000000
47339  45.220  -17.741  36.875 0.0000000000
46397  45.270  -18.391  37.230 0.0000000000
48321  41.455  -17.881  33.520 0.0000000000
48308  41.391  -17.391  33.824 0.0000000000
48322  40.854  -17.645  33.462 0.0000000000
48323  39.991  -17.300  33.449 0.0000000000
43402  41.584  -21.731  31.943 0.0000000000
44430  41.454  -21.090  31.942 0.0000000000
131091  52.942  2.800  20.613 0.0000000000
44201  31.787  -21.261  51.720 0.0000000000
133919  31.315  -21.333  50.772 0.0000000000
45250  30.358  -20.673  52.191 0.0000000000
44189  32.973  -21.100  52.901 0.0000000000
134573  32.554  -21.293  52.219 0.0000000000
44200  32.560  -21.494  51.375 0.0000000000
140908  47.011  -16.687  44.338 0.0000000000
50359  46.835  -15.740  44.478 0.0000000000
49253  47.200  -16.213  44.195 0.0000000000
50396  47.387  -15.598  42.146 0.0000000000
50373  47.580  -15.689  43.545 0.0000000000
50384  47.638  -15.509  42.796 0.0000000000
52440  47.225  -14.651  42.817 0.0000000000
51455  46.980  -14.772  41.838 0.0000000000
50397  46.965  -15.026  41.689 0.0000000000
51468  44.614  -14.890  40.562 0.0000000000
51467  45.573  -14.572  40.489 0.0000000000
51485  43.896  -14.414  40.071 0.0000000000
52485  43.604  -13.936  39.497 0.0000000000
121066  43.106  -14.820  40.175 0.0000000000
50432  42.001  -15.520  39.588 0.0000000000
49325  41.925  -16.015  39.061 0.0000000000
50446  41.146  -15.282  38.190 0.0000000000
42346  39.732  -23.543  35.609 0.0000000000
69985  49.009  4.850  25.050 0.0000000000
69993  49.126  4.839  24.166 0.0000000000
68998  48.546  3.446  23.695 0.0000000000
67034  48.807  1.577  23.573 0.0000000000
43341  32.320  -22.366  38.650 0.0000000000
131078  31.936  -22.304  37.761 0.0000000000
117519  31.905  -22.499  39.443 0.0000000000
43312  30.699  -22.512  40.282 0.0000000000
43327  31.093  -22.521  39.580 0.0000000000
43328  30.068  -22.432  39.544 0.0000000000
117313  26.558  -20.115  46.390 0.0000000000
45330  26.369  -20.160  45.497 0.0000000000
44303  24.220  -20.886  44.724 0.0000000000
45348  24.856  -20.424  44.824 0.0000000000
44316  24.007  -21.057  43.739 0.0000000000
131051  23.845  -21.273  42.979 0.0000000000
44317  23.441  -21.688  43.436 0.0000000000
43256  22.669  -22.923  44.413 0.0000000000
120730  22.504  -23.691  45.849 0.0000000000
44255  42.689  -22.255  47.319 0.0000000000
132891  43.387  -23.216  45.583 0.0000000000
43237  43.410  -22.382  45.733 0.0000000000
42256  43.892  -23.318  44.892 0.0000000000
43250  44.572  -22.666  44.464 0.0000000000
42266  44.343  -23.275  44.213 0.0000000000
41330  43.985  -23.761  44.178 0.0000000000
41342  42.951  -24.168  43.937 0.0000000000
42280  42.092  -23.868  43.410 0.0000000000
42293  42.190  -23.291  42.810 0.0000000000
138377  41.578  -24.076  43.652 0.0000000000
122994  34.702  -23.397  44.464 0.0000000000
125170  35.431  -23.609  44.083 0.0000000000
42287  34.936  -23.474  43.574 0.0000000000
43295  35.101  -22.936  41.393 0.0000000000
43309  35.443  -22.701  40.626 0.0000000000
116827  33.048  -22.659  40.365 0.0000000000
43325  33.655  -22.516  39.706 0.0000000000
65129  53.939  0.417  27.353 0.0000000000
64229  55.027  -0.486  27.118 0.0000000000
63308  53.789  -2.140  27.788 0.0000000000
62351  54.258  -3.053  28.132 0.0000000000
40354  24.340  -25.517  52.673 0.0000000000
39420  23.516  -25.975  50.948 0.0000000000
127244  23.400  -26.477  51.688 0.0000000000
69918  55.761  4.133  30.799 0.0000000000
69929  55.412  4.470  30.222 0.0000000000
68922  56.064  3.755  29.953 0.0000000000
68916  56.080  3.594  30.584 0.0000000000
63256  55.157  -2.197  33.508 0.0000000000
135811  54.969  -1.786  32.914 0.0000000000
63257  54.838  -2.440  33.203 0.0000000000
62308  52.505  -3.710  32.169 0.0000000000
135978  52.565  -2.944  32.170 0.0000000000
63268  52.168  -2.280  31.937 0.0000000000
62310  51.074  -3.166  31.545 0.0000000000
61311  50.598  -4.922  31.282 0.0000000000
131129  50.203  -4.232  31.138 0.0000000000
61320  49.926  -4.880  30.934 0.0000000000
61321  49.361  -4.937  30.463 0.0000000000
60357  49.232  -5.670  30.164 0.0000000000
138163  45.912  -10.612  35.603 0.0000000000
55226  46.460  -10.475  35.770 0.0000000000
55233  45.945  -10.127  35.114 0.0000000000
56199  45.414  -9.384  33.577 0.0000000000
57259  45.848  -8.810  33.090 0.0000000000
57258  46.661  -8.648  33.242 0.0000000000
57272  45.581  -8.667  32.419 0.0000000000
57303  43.226  -8.778  30.288 0.0000000000
124669  43.891  -8.485  30.049 0.0000000000
57317  43.429  -8.527  29.470 0.0000000000
119062  41.632  -9.536  30.248 0.0000000000
56231  41.392  -9.339  29.500 0.0000000000
123433  40.604  -9.547  29.177 0.0000000000
56235  40.370  -9.431  28.320 0.0000000000
53495  37.799  -13.191  32.152 0.0000000000
53502  37.675  -12.787  31.346 0.0000000000
135499  37.320  -13.419  31.520 0.0000000000
52579  35.553  -13.790  29.191 0.0000000000
137864  35.770  -13.274  29.013 0.0000000000
47341  43.983  -18.468  36.336 0.0000000000
46408  42.852  -18.899  36.329 0.0000000000
47385  42.006  -18.310  33.875 0.0000000000
70018  56.752  4.763  21.299 0.0000000000
69014  57.138  4.397  21.046 0.0000000000
69033  56.646  3.782  20.690 0.0000000000
43241  31.984  -22.316  45.093 0.0000000000
119439  30.940  -21.579  46.998 0.0000000000
130120  30.723  -21.620  46.274 0.0000000000
126631  29.840  -21.377  46.097 0.0000000000
44276  29.509  -21.217  46.795 0.0000000000
44215  30.499  -21.206  50.555 0.0000000000
44231  30.841  -21.440  49.092 0.0000000000
44232  30.143  -21.292  49.628 0.0000000000
45287  28.563  -20.782  48.676 0.0000000000
44264  28.846  -20.909  47.180 0.0000000000
123159  27.973  -20.596  47.177 0.0000000000
138375  27.463  -20.382  47.179 0.0000000000
45301  27.549  -20.390  47.654 0.0000000000
46275  25.498  -19.649  47.610 0.0000000000
46259  25.435  -19.549  48.303 0.0000000000
42218  38.550  -23.934  50.858 0.0000000000
42208  39.082  -23.626  51.258 0.0000000000
41266  39.337  -24.145  50.626 0.0000000000
41275  40.474  -24.444  49.429 0.0000000000
41276  39.614  -24.465  49.725 0.0000000000
41289  38.958  -24.521  48.983 0.0000000000
42229  36.787  -23.629  48.795 0.0000000000
42228  37.458  -23.930  48.437 0.0000000000
122394  36.793  -23.666  47.959 0.0000000000
124460  34.585  -22.289  51.058 0.0000000000
118172  35.281  -22.644  50.694 0.0000000000
43197  34.515  -22.415  50.024 0.0000000000
43208  34.319  -22.565  48.095 0.0000000000
43207  35.116  -22.874  48.516 0.0000000000
43216  35.009  -22.934  47.466 0.0000000000
119800  35.819  -23.355  47.248 0.0000000000
42251  35.325  -23.232  46.622 0.0000000000
42261  34.918  -23.171  46.072 0.0000000000
117208  32.851  -22.388  46.249 0.0000000000
43239  33.528  -22.701  45.654 0.0000000000
43240  32.746  -22.513  45.369 0.0000000000
64135  55.320  -1.677  34.289 0.0000000000
63231  54.764  -1.969  34.910 0.0000000000
62270  54.463  -3.657  35.056 0.0000000000
62278  54.934  -3.305  34.272 0.0000000000
117006  54.699  -3.957  34.407 0.0000000000
61282  54.584  -4.332  33.863 0.0000000000
61270  54.574  -4.496  34.297 0.0000000000
55185  47.499  -10.484  40.638 0.0000000000
54321  46.890  -10.878  40.047 0.0000000000
54331  47.065  -11.209  39.012 0.0000000000
137844  46.299  -13.402  40.014 0.0000000000
52482  46.116  -13.193  39.386 0.0000000000
53430  45.910  -12.559  38.209 0.0000000000
53442  46.199  -12.034  37.800 0.0000000000
54340  46.666  -11.679  38.286 0.0000000000
54349  45.959  -11.758  36.999 0.0000000000
54355  45.229  -11.697  36.384 0.0000000000
124096  43.940  -11.527  35.290 0.0000000000
54371  43.504  -11.356  34.664 0.0000000000
55236  43.868  -10.853  34.295 0.0000000000
54372  42.741  -11.623  34.482 0.0000000000
54373  41.940  -11.903  34.320 0.0000000000
53481  41.217  -12.125  34.220 0.0000000000
53475  40.513  -12.539  34.627 0.0000000000
52515  41.362  -13.590  37.656 0.0000000000
52524  41.750  -13.075  37.235 0.0000000000
52525  41.129  -13.301  36.971 0.0000000000
52537  39.785  -13.781  35.889 0.0000000000
118012  40.384  -13.240  35.945 0.0000000000
52543  39.593  -12.996  34.519 0.0000000000
52548  38.959  -13.210  33.940 0.0000000000
52544  39.032  -13.745  34.599 0.0000000000
51548  38.408  -14.634  33.749 0.0000000000
50507  38.332  -15.458  33.326 0.0000000000
46418  39.768  -19.939  35.034 0.0000000000
122685  42.167  -22.254  33.274 0.0000000000
43367  41.408  -22.718  34.817 0.0000000000
42359  42.735  -23.386  34.669 0.0000000000
42369  42.762  -23.300  33.875 0.0000000000
42370  42.407  -23.311  33.276 0.0000000000
42375  42.010  -23.082  32.615 0.0000000000
126178  54.285  6.436  23.594 0.0000000000
71821  54.028  5.959  22.875 0.0000000000
117859  52.769  5.317  22.344 0.0000000000
128137  52.240  4.691  21.882 0.0000000000
122829  52.104  3.891  21.462 0.0000000000
70925  49.886  4.961  22.790 0.0000000000
70004  49.529  4.373  22.443 0.0000000000
43351  31.305  -22.481  37.179 0.0000000000
42354  31.738  -23.027  35.756 0.0000000000
42338  31.075  -23.167  36.115 0.0000000000
43254  30.998  -22.206  44.013 0.0000000000
43266  31.051  -22.397  43.115 0.0000000000
44325  28.462  -21.438  42.414 0.0000000000
116629  29.174  -21.806  42.034 0.0000000000
45364  26.222  -20.421  43.304 0.0000000000
45363  27.013  -20.617  43.113 0.0000000000
45378  26.246  -20.613  42.381 0.0000000000
44356  25.621  -21.559  40.287 0.0000000000
45382  26.615  -21.204  40.907 0.0000000000
44355  26.307  -21.499  40.218 0.0000000000
45310  43.389  -20.247  46.252 0.0000000000
47227  45.168  -19.224  44.529 0.0000000000
47212  44.301  -18.740  45.140 0.0000000000
47211  45.264  -18.201  44.767 0.0000000000
48196  46.253  -17.767  44.579 0.0000000000
46346  47.287  -19.791  42.590 0.0000000000
46332  47.281  -19.381  43.252 0.0000000000
47267  47.076  -19.353  42.342 0.0000000000
47251  46.820  -18.539  42.374 0.0000000000
47268  46.721  -19.249  41.673 0.0000000000
47289  46.183  -18.864  40.943 0.0000000000
47288  46.794  -19.519  40.609 0.0000000000
45388  46.617  -20.328  40.350 0.0000000000
46375  46.626  -19.561  39.753 0.0000000000
45397  46.297  -20.031  39.520 0.0000000000
135391  45.743  -20.370  39.496 0.0000000000
43287  44.874  -22.418  42.049 0.0000000000
44333  44.320  -22.072  41.589 0.0000000000
45392  43.019  -21.052  40.471 0.0000000000
45391  43.976  -20.962  40.277 0.0000000000
45413  42.534  -20.176  39.247 0.0000000000
45414  41.212  -20.012  38.887 0.0000000000
46390  40.971  -19.648  38.062 0.0000000000
45415  40.380  -20.133  38.668 0.0000000000
41324  39.911  -24.591  45.831 0.0000000000
42267  39.335  -23.936  43.737 0.0000000000
41345  40.108  -24.259  44.248 0.0000000000
42295  40.297  -23.405  42.850 0.0000000000
126957  39.488  -23.530  42.990 0.0000000000
126008  37.036  -23.430  42.646 0.0000000000
42284  37.587  -23.698  43.473 0.0000000000
43292  38.552  -22.444  41.124 0.0000000000
42305  38.260  -22.946  41.839 0.0000000000
133742  39.324  -22.338  41.309 0.0000000000
43305  39.188  -21.898  40.655 0.0000000000
45404  39.182  -20.841  39.089 0.0000000000
123755  38.826  -20.332  37.890 0.0000000000
45441  37.452  -20.640  35.243 0.0000000000
45442  36.847  -20.771  35.482 0.0000000000
44385  35.368  -21.623  37.729 0.0000000000
44405  34.649  -21.651  35.347 0.0000000000
44393  35.297  -21.261  35.899 0.0000000000
44404  35.575  -21.368  35.252 0.0000000000
44416  36.546  -21.415  34.753 0.0000000000
43386  35.990  -21.899  34.586 0.0000000000
42361  36.294  -22.733  34.620 0.0000000000
67966  53.024  2.506  25.379 0.0000000000
67013  52.337  1.923  24.888 0.0000000000
66080  54.187  0.099  25.121 0.0000000000
126435  55.448  -0.912  26.816 0.0000000000
64268  54.031  -1.569  24.877 0.0000000000
62362  50.754  -3.130  26.460 0.0000000000
48093  29.377  -18.517  53.095 0.0000000000
47129  28.380  -18.461  53.465 0.0000000000
47130  27.541  -18.131  54.025 0.0000000000
46194  27.915  -18.822  53.613 0.0000000000
139731  27.357  -19.016  53.293 0.0000000000
46207  26.799  -19.097  52.787 0.0000000000
46220  25.404  -19.152  51.584 0.0000000000
139393  24.255  -19.569  50.687 0.0000000000
129948  24.881  -19.292  50.730 0.0000000000
46232  24.523  -19.481  50.136 0.0000000000
43175  24.595  -22.706  52.592 0.0000000000
43166  23.993  -21.935  53.339 0.0000000000
44204  23.456  -21.177  51.921 0.0000000000
118964  23.908  -21.922  51.246 0.0000000000
43199  23.823  -22.642  49.628 0.0000000000
44234  23.654  -21.769  49.772 0.0000000000
126226  23.561  -22.043  49.138 0.0000000000
131368  23.580  -21.202  49.149 0.0000000000
43220  23.380  -22.516  47.883 0.0000000000
42242  22.956  -23.796  47.762 0.0000000000
40388  23.127  -25.660  49.518 0.0000000000
72721  57.378  7.514  24.973 0.0000000000
72723  54.529  7.311  25.250 0.0000000000
72711  53.835  7.338  25.691 0.0000000000
72725  53.004  6.740  24.706 0.0000000000
72712  53.048  7.021  25.369 0.0000000000
118301  52.286  7.231  26.874 0.0000000000
71778  52.311  6.930  25.865 0.0000000000
127473  50.835  6.393  25.938 0.0000000000
70878  49.314  5.065  26.520 0.0000000000
68971  48.870  3.921  25.997 0.0000000000
69966  49.233  4.209  26.749 0.0000000000
71757  50.343  6.114  28.651 0.0000000000
135686  50.222  3.590  27.202 0.0000000000
68968  51.347  3.206  25.999 0.0000000000
67957  54.381  2.735  26.143 0.0000000000
67956  54.557  2.917  26.545 0.0000000000
69947  55.205  4.604  28.433 0.0000000000
68942  54.834  4.528  27.580 0.0000000000
68941  55.266  4.309  27.840 0.0000000000
133101  54.938  2.926  27.724 0.0000000000
66994  54.582  2.254  26.661 0.0000000000
66987  52.443  1.150  28.423 0.0000000000
66054  51.775  0.614  28.189 0.0000000000
68878  54.670  3.492  33.489 0.0000000000
68899  54.839  3.855  32.806 0.0000000000
68877  55.633  3.078  32.823 0.0000000000
66957  56.428  1.575  32.013 0.0000000000
67897  56.434  2.412  31.662 0.0000000000
66958  56.405  1.978  31.504 0.0000000000
66968  56.198  2.523  30.845 0.0000000000
66959  55.974  1.610  31.319 0.0000000000
65095  54.386  -0.577  32.174 0.0000000000
137275  52.381  1.039  30.308 0.0000000000
65114  50.109  -0.102  29.363 0.0000000000
66035  51.210  0.702  29.151 0.0000000000
66044  50.614  0.336  28.841 0.0000000000
66055  50.785  0.240  28.208 0.0000000000
65134  48.830  -0.997  27.783 0.0000000000
64234  48.416  -1.416  27.324 0.0000000000
64244  47.797  -1.860  26.754 0.0000000000
63310  47.845  -1.852  27.607 0.0000000000
132542  49.548  -3.051  30.610 0.0000000000
63288  48.713  -2.377  29.649 0.0000000000
62332  48.292  -3.143  29.473 0.0000000000
62342  47.293  -3.522  28.334 0.0000000000
63298  47.721  -2.403  28.292 0.0000000000
63312  46.778  -2.965  27.001 0.0000000000
129227  47.181  -2.492  26.728 0.0000000000
58275  53.275  -7.336  34.960 0.0000000000
59327  53.646  -6.654  34.585 0.0000000000
59343  53.609  -6.584  34.012 0.0000000000
55201  50.231  -9.713  38.268 0.0000000000
55192  50.325  -9.673  39.012 0.0000000000
56142  50.634  -9.251  38.609 0.0000000000
56152  51.045  -8.883  38.153 0.0000000000
56153  50.661  -9.284  37.877 0.0000000000
56178  47.673  -9.607  35.597 0.0000000000
56177  48.546  -9.400  35.781 0.0000000000
57241  49.597  -8.560  34.523 0.0000000000
57226  49.959  -8.738  35.393 0.0000000000
56174  51.083  -8.784  36.536 0.0000000000
57225  50.907  -8.665  35.595 0.0000000000
57239  51.583  -8.395  34.899 0.0000000000
57267  50.717  -8.022  32.629 0.0000000000
58315  51.516  -7.685  32.740 0.0000000000
58326  51.242  -7.184  32.109 0.0000000000
121250  51.018  -6.731  31.610 0.0000000000
58327  50.524  -7.345  31.616 0.0000000000
58337  48.524  -7.617  30.449 0.0000000000
58336  49.288  -7.385  30.669 0.0000000000
59394  48.794  -6.922  30.140 0.0000000000
59403  48.362  -6.423  29.549 0.0000000000
59404  47.653  -6.814  29.260 0.0000000000
57300  46.379  -7.947  30.728 0.0000000000
57299  47.268  -7.897  30.849 0.0000000000
57314  46.135  -7.816  29.838 0.0000000000
58361  46.288  -7.381  28.672 0.0000000000
59416  46.596  -6.857  28.298 0.0000000000
59428  46.291  -6.689  27.716 0.0000000000
59442  46.237  -6.164  27.126 0.0000000000
59429  45.829  -6.918  27.332 0.0000000000
58429  44.084  -7.118  25.150 0.0000000000
118503  41.754  -8.679  26.874 0.0000000000
133977  41.855  -8.533  26.206 0.0000000000
57365  41.224  -8.740  26.370 0.0000000000
57382  39.934  -9.041  25.441 0.0000000000
122022  40.606  -8.687  25.018 0.0000000000
57396  39.834  -8.876  24.522 0.0000000000
55256  41.485  -10.383  31.470 0.0000000000
134760  41.027  -10.936  31.900 0.0000000000
140557  39.396  -10.981  30.666 0.0000000000
55261  39.736  -10.541  30.224 0.0000000000
55265  39.379  -10.384  29.549 0.0000000000
55271  39.036  -10.321  28.959 0.0000000000
53507  37.556  -12.379  30.589 0.0000000000
54401  38.213  -11.800  30.643 0.0000000000
54402  37.780  -11.730  30.036 0.0000000000
54413  37.152  -11.089  27.999 0.0000000000
124038  37.419  -11.237  28.646 0.0000000000
47306  45.575  -18.333  39.791 0.0000000000
48238  44.699  -17.949  40.242 0.0000000000
48248  45.369  -17.962  39.055 0.0000000000
128845  42.751  -16.614  37.570 0.0000000000
49341  43.088  -16.543  36.509 0.0000000000
47370  43.890  -17.374  35.237 0.0000000000
49364  41.811  -16.716  34.838 0.0000000000
49363  42.891  -16.812  34.992 0.0000000000
139354  40.977  -16.501  35.045 0.0000000000
49366  39.779  -16.020  34.892 0.0000000000
126221  40.079  -16.518  34.413 0.0000000000
48324  39.185  -16.837  33.328 0.0000000000
49380  38.963  -16.080  33.679 0.0000000000
49393  38.008  -15.969  32.621 0.0000000000
49403  38.190  -16.749  32.464 0.0000000000
46425  40.801  -19.746  34.496 0.0000000000
45467  41.318  -20.373  31.974 0.0000000000
46440  41.437  -19.957  32.392 0.0000000000
46441  41.047  -19.677  32.012 0.0000000000
44437  40.265  -21.222  31.250 0.0000000000
44448  39.542  -20.996  30.967 0.0000000000
46452  38.896  -19.479  31.200 0.0000000000
45477  39.410  -20.258  31.108 0.0000000000
47413  39.322  -18.916  31.654 0.0000000000
47404  38.901  -18.150  32.019 0.0000000000
137961  37.177  -18.381  30.626 0.0000000000
48349  37.052  -17.039  31.222 0.0000000000
70043  59.350  4.419  19.539 0.0000000000
70939  54.249  4.787  21.814 0.0000000000
70020  54.807  4.098  21.443 0.0000000000
69035  54.694  3.392  20.821 0.0000000000
128604  54.552  3.240  20.235 0.0000000000
69052  55.232  3.409  19.604 0.0000000000
67027  51.677  1.276  24.541 0.0000000000
67028  50.633  1.541  24.474 0.0000000000
66082  51.082  0.731  24.158 0.0000000000
45237  31.624  -20.406  53.041 0.0000000000
44191  31.243  -20.835  52.428 0.0000000000
45224  31.146  -19.925  53.277 0.0000000000
45225  30.374  -19.786  53.226 0.0000000000
45226  29.743  -19.491  53.165 0.0000000000
48218  47.715  -17.401  43.360 0.0000000000
125739  47.754  -16.565  43.590 0.0000000000
49282  47.766  -16.737  42.843 0.0000000000
49297  47.223  -16.365  42.179 0.0000000000
119653  46.417  -15.737  41.631 0.0000000000
50415  44.345  -15.616  41.036 0.0000000000
139998  43.722  -15.819  40.919 0.0000000000
51470  42.890  -15.362  40.326 0.0000000000
50416  43.193  -16.004  40.676 0.0000000000
49312  42.829  -16.596  40.208 0.0000000000
123721  43.332  -17.178  40.139 0.0000000000
68981  48.727  3.731  25.314 0.0000000000
68993  48.622  3.608  24.558 0.0000000000
67970  48.800  3.157  25.171 0.0000000000
43326  32.204  -22.616  40.273 0.0000000000
137468  31.668  -22.569  39.993 0.0000000000
117125  32.024  -22.688  40.966 0.0000000000
43299  30.654  -22.510  41.124 0.0000000000
44291  23.696  -21.449  45.273 0.0000000000
43242  23.305  -22.136  45.813 0.0000000000
42253  23.025  -22.870  46.463 0.0000000000
43215  42.450  -22.735  47.779 0.0000000000
43214  42.503  -22.956  47.084 0.0000000000
42237  42.355  -23.451  47.365 0.0000000000
42247  42.857  -23.536  46.099 0.0000000000
41310  42.991  -23.920  45.779 0.0000000000
41320  43.193  -24.186  45.215 0.0000000000
133273  42.727  -24.224  45.802 0.0000000000
41321  42.442  -24.506  45.380 0.0000000000
41333  41.842  -24.552  44.732 0.0000000000
42300  34.410  -23.284  42.963 0.0000000000
43278  33.866  -23.081  42.392 0.0000000000
43296  34.096  -22.913  41.486 0.0000000000
65130  52.631  0.028  27.587 0.0000000000
39393  23.722  -26.600  53.498 0.0000000000
69919  55.029  4.407  31.325 0.0000000000
69899  55.415  4.077  31.749 0.0000000000
61295  54.571  -3.721  33.476 0.0000000000
62297  54.414  -3.186  33.079 0.0000000000
128173  54.041  -3.882  32.957 0.0000000000
62309  51.644  -3.928  31.829 0.0000000000
61310  51.387  -4.876  31.678 0.0000000000
56200  44.707  -9.651  33.372 0.0000000000
57273  44.901  -8.799  32.107 0.0000000000
56218  43.975  -9.111  31.775 0.0000000000
118887  42.445  -9.241  30.491 0.0000000000
46409  41.654  -19.119  36.278 0.0000000000
70937  57.831  5.573  21.760 0.0000000000
70001  57.217  5.351  21.754 0.0000000000
43228  32.016  -22.004  46.388 0.0000000000
44273  31.705  -21.771  47.070 0.0000000000
44262  30.419  -21.458  47.598 0.0000000000
138911  29.417  -21.044  49.699 0.0000000000
45274  28.982  -20.764  50.151 0.0000000000
45288  27.658  -20.396  48.464 0.0000000000
133368  27.351  -20.139  49.155 0.0000000000
45276  26.742  -19.731  49.385 0.0000000000
42196  38.417  -23.193  51.612 0.0000000000
42219  37.896  -23.967  50.051 0.0000000000
41278  38.109  -24.174  49.129 0.0000000000
133350  36.920  -23.580  49.973 0.0000000000
43209  33.770  -22.162  49.521 0.0000000000
127753  33.670  -22.257  48.626 0.0000000000
43217  34.088  -22.613  47.238 0.0000000000
118043  33.265  -22.382  47.057 0.0000000000
51432  46.773  -14.334  44.217 0.0000000000
55166  46.283  -10.847  42.508 0.0000000000
55176  46.643  -10.681  41.821 0.0000000000
120480  46.401  -11.398  40.498 0.0000000000
52483  45.578  -13.506  39.324 0.0000000000
53431  45.216  -12.783  38.072 0.0000000000
53453  45.250  -12.135  36.956 0.0000000000
53454  44.454  -12.163  36.609 0.0000000000
54357  43.690  -12.008  35.932 0.0000000000
53466  41.594  -12.471  35.754 0.0000000000
51512  41.001  -14.399  37.870 0.0000000000
51532  39.278  -14.334  35.244 0.0000000000
50493  39.154  -15.206  34.800 0.0000000000
45450  38.908  -20.521  34.889 0.0000000000
71810  52.771  6.194  23.525 0.0000000000
71822  53.167  5.853  22.873 0.0000000000
70909  52.311  5.781  22.952 0.0000000000
70923  51.330  5.038  22.283 0.0000000000
67992  48.542  2.562  22.535 0.0000000000
69003  49.167  3.665  22.146 0.0000000000
42326  29.863  -23.025  36.936 0.0000000000
137533  29.751  -21.833  43.029 0.0000000000
44314  29.332  -21.547  43.519 0.0000000000
45379  25.315  -20.583  42.585 0.0000000000
45384  25.418  -20.783  41.782 0.0000000000
44341  25.319  -21.177  41.001 0.0000000000
45323  44.675  -20.912  44.630 0.0000000000
46315  45.335  -20.215  44.394 0.0000000000
139442  45.995  -19.643  44.283 0.0000000000
46314  46.669  -19.357  44.094 0.0000000000
45358  47.210  -20.262  42.945 0.0000000000
45375  47.232  -20.428  42.196 0.0000000000
46371  47.151  -20.325  41.476 0.0000000000
44321  46.971  -21.011  41.745 0.0000000000
44345  46.502  -21.159  41.006 0.0000000000
42292  43.042  -22.949  42.528 0.0000000000
44334  43.241  -22.174  41.693 0.0000000000
128615  42.835  -21.553  41.037 0.0000000000
45401  42.346  -20.673  39.976 0.0000000000
44362  41.515  -20.861  40.165 0.0000000000
41314  38.566  -24.420  46.511 0.0000000000
41325  38.812  -24.380  45.564 0.0000000000
41336  38.380  -24.167  44.795 0.0000000000
42268  38.439  -23.954  44.045 0.0000000000
43294  36.883  -22.854  41.272 0.0000000000
42306  37.399  -23.107  41.909 0.0000000000
122505  37.215  -22.574  40.741 0.0000000000
43307  37.847  -22.351  40.581 0.0000000000
44351  38.690  -21.703  40.025 0.0000000000
44376  38.089  -21.030  38.632 0.0000000000
45418  38.180  -20.626  37.923 0.0000000000
44377  37.397  -21.132  38.169 0.0000000000
44383  36.613  -21.126  37.380 0.0000000000
134393  33.751  -21.952  37.792 0.0000000000
44386  34.572  -21.647  37.250 0.0000000000
42362  35.423  -22.471  34.662 0.0000000000
43372  34.574  -22.227  34.842 0.0000000000
42351  34.872  -23.153  34.826 0.0000000000
66068  54.683  0.490  25.691 0.0000000000
63319  56.149  -2.447  27.242 0.0000000000
47143  24.944  -18.563  53.673 0.0000000000
46208  25.143  -18.998  52.641 0.0000000000
46222  23.833  -19.843  51.080 0.0000000000
41253  25.028  -24.222  52.837 0.0000000000
42199  24.783  -23.338  52.026 0.0000000000
43182  24.418  -22.677  51.730 0.0000000000
129995  24.321  -22.830  50.950 0.0000000000
42211  24.165  -23.174  50.217 0.0000000000
121254  55.398  7.517  25.648 0.0000000000
72695  55.605  7.988  26.568 0.0000000000
72696  54.831  7.926  26.988 0.0000000000
72678  53.492  8.267  28.560 0.0000000000
73611  53.278  8.535  29.525 0.0000000000
71761  51.193  6.787  27.244 0.0000000000
71770  50.509  6.316  26.708 0.0000000000
69952  50.235  4.467  28.656 0.0000000000
119635  52.081  3.606  26.483 0.0000000000
68955  54.333  4.166  26.812 0.0000000000
66986  54.082  2.180  28.379 0.0000000000
66908  55.170  1.851  33.856 0.0000000000
67873  55.753  2.121  33.125 0.0000000000
138707  56.105  1.663  32.776 0.0000000000
66002  56.119  0.944  32.350 0.0000000000
64183  52.681  -1.580  31.993 0.0000000000
64192  53.397  -0.984  32.085 0.0000000000
65096  52.423  -0.680  31.530 0.0000000000
66025  51.771  0.532  30.392 0.0000000000
66026  51.130  0.022  30.383 0.0000000000
65115  49.577  -0.507  29.130 0.0000000000
64214  48.700  -1.553  29.134 0.0000000000
131127  48.435  -3.913  29.755 0.0000000000
62352  46.720  -3.558  27.508 0.0000000000
61354  46.329  -4.397  27.181 0.0000000000
58262  53.026  -7.299  35.638 0.0000000000
58276  52.691  -7.817  35.424 0.0000000000
55194  48.925  -10.325  39.282 0.0000000000
55193  49.941  -10.079  39.378 0.0000000000
55209  49.454  -10.038  37.895 0.0000000000
57243  47.815  -8.705  34.226 0.0000000000
56186  48.148  -9.023  35.051 0.0000000000
57242  48.727  -8.625  34.356 0.0000000000
137511  50.000  -8.398  34.021 0.0000000000
57254  50.464  -8.261  33.483 0.0000000000
58317  50.197  -7.948  31.960 0.0000000000
58329  48.971  -7.947  31.058 0.0000000000
58352  45.905  -7.722  29.043 0.0000000000
57330  45.171  -7.957  28.760 0.0000000000
58363  45.068  -7.883  27.976 0.0000000000
58374  45.473  -7.501  27.632 0.0000000000
58391  45.293  -7.275  26.920 0.0000000000
58392  44.685  -7.608  26.591 0.0000000000
58411  44.387  -7.373  25.872 0.0000000000
57379  42.112  -8.183  24.888 0.0000000000
57366  40.612  -8.995  26.599 0.0000000000
56248  40.016  -9.189  26.307 0.0000000000
54390  40.619  -11.442  32.339 0.0000000000
54396  40.288  -11.170  31.633 0.0000000000
53514  36.686  -12.379  29.386 0.0000000000
54407  37.390  -11.630  29.312 0.0000000000
47322  46.127  -18.574  38.187 0.0000000000
48257  45.891  -17.971  38.029 0.0000000000
48268  45.347  -17.617  37.285 0.0000000000
48269  45.073  -17.264  36.676 0.0000000000
49339  44.739  -16.908  36.273 0.0000000000
47384  42.659  -17.713  34.299 0.0000000000
49377  41.679  -16.978  34.242 0.0000000000
48336  38.499  -17.436  32.318 0.0000000000
45475  40.834  -20.715  31.552 0.0000000000
44450  38.116  -21.384  30.662 0.0000000000
45487  38.755  -20.795  30.742 0.0000000000
46453  38.064  -19.241  30.874 0.0000000000
69017  54.327  3.483  21.106 0.0000000000
65156  52.120  -0.531  24.087 0.0000000000
44229  32.409  -21.639  49.622 0.0000000000
44230  31.636  -21.517  49.335 0.0000000000
134302  31.808  -21.479  50.148 0.0000000000
44203  30.012  -20.902  51.233 0.0000000000
45252  28.629  -20.309  51.577 0.0000000000
44212  34.001  -21.858  51.455 0.0000000000
44199  33.361  -21.489  52.088 0.0000000000
44214  32.512  -21.603  50.470 0.0000000000
49237  45.990  -16.232  45.149 0.0000000000
50345  46.239  -15.641  45.068 0.0000000000
51419  46.878  -15.377  44.346 0.0000000000
49268  47.579  -16.146  43.832 0.0000000000
51418  47.239  -15.429  43.809 0.0000000000
140029  46.954  -15.045  44.160 0.0000000000
132559  47.177  -14.871  43.592 0.0000000000
52462  46.555  -13.580  41.422 0.0000000000
51465  46.685  -14.188  41.253 0.0000000000
131899  46.461  -13.885  40.566 0.0000000000
51466  46.244  -14.175  40.492 0.0000000000
50413  46.339  -14.808  41.069 0.0000000000
51483  45.607  -14.016  39.903 0.0000000000
52484  44.591  -13.830  39.488 0.0000000000
52499  43.683  -13.474  38.836 0.0000000000
116982  43.155  -13.163  38.175 0.0000000000
52500  42.587  -13.587  38.669 0.0000000000
52501  41.696  -13.904  38.409 0.0000000000
51486  42.380  -14.957  39.888 0.0000000000
51487  41.819  -14.906  39.374 0.0000000000
51499  41.508  -14.665  38.726 0.0000000000
49342  41.294  -15.955  37.411 0.0000000000
43369  38.985  -22.923  34.937 0.0000000000
42337  40.791  -23.794  36.045 0.0000000000
42336  41.981  -23.735  36.029 0.0000000000
124368  50.257  5.670  24.213 0.0000000000
121735  49.280  4.653  23.287 0.0000000000
69004  48.594  3.260  22.746 0.0000000000
43349  32.971  -22.025  36.800 0.0000000000
43350  32.111  -22.252  36.898 0.0000000000
43352  30.328  -22.596  37.592 0.0000000000
128272  29.631  -22.508  38.410 0.0000000000
43343  28.727  -22.587  38.272 0.0000000000
45345  27.145  -20.399  44.882 0.0000000000
119508  26.028  -20.283  43.939 0.0000000000
45331  25.531  -20.184  45.156 0.0000000000
45347  25.446  -20.307  44.334 0.0000000000
45365  25.410  -20.426  43.444 0.0000000000
45380  24.509  -20.786  42.986 0.0000000000
44327  23.999  -21.302  42.221 0.0000000000
43267  23.013  -22.252  43.968 0.0000000000
43268  22.701  -22.893  43.690 0.0000000000
44285  43.409  -21.304  45.917 0.0000000000
44284  44.137  -21.856  45.024 0.0000000000
43262  45.353  -22.496  43.425 0.0000000000
43271  45.493  -22.455  42.798 0.0000000000
42277  44.947  -22.891  43.203 0.0000000000
134677  44.529  -23.095  43.014 0.0000000000
42291  43.908  -23.403  43.125 0.0000000000
41331  43.491  -24.120  44.446 0.0000000000
137167  43.702  -23.853  43.786 0.0000000000
134454  42.120  -22.779  42.303 0.0000000000
43274  41.353  -22.899  42.383 0.0000000000
42270  36.158  -23.720  44.091 0.0000000000
42298  36.141  -23.419  42.692 0.0000000000
42299  35.270  -23.369  42.795 0.0000000000
126093  36.008  -22.899  41.296 0.0000000000
44367  36.018  -22.164  39.159 0.0000000000
43338  35.195  -22.239  39.122 0.0000000000
118332  34.233  -22.261  38.953 0.0000000000
139414  55.446  -1.175  27.178 0.0000000000
41247  25.077  -24.695  53.550 0.0000000000
40353  24.665  -24.717  52.166 0.0000000000
120641  23.994  -25.205  50.872 0.0000000000
39406  22.748  -27.221  51.611 0.0000000000
69949  52.977  4.575  28.493 0.0000000000
69937  55.601  4.419  29.292 0.0000000000
68931  55.926  4.044  29.380 0.0000000000
67931  55.982  3.511  29.682 0.0000000000
132575  55.981  2.914  30.165 0.0000000000
64170  55.478  -1.238  33.410 0.0000000000
64169  55.756  -0.483  33.006 0.0000000000
64180  55.405  -1.310  33.220 0.0000000000
64182  53.642  -1.774  32.403 0.0000000000
63258  54.062  -2.538  32.707 0.0000000000
63270  50.637  -2.372  31.185 0.0000000000
61331  48.889  -4.338  30.163 0.0000000000
61332  48.388  -4.802  29.617 0.0000000000
60366  48.191  -5.632  29.235 0.0000000000
131702  51.308  -8.575  37.999 0.0000000000
55218  47.478  -10.443  36.605 0.0000000000
55225  47.243  -10.239  36.004 0.0000000000
56189  45.671  -9.695  34.300 0.0000000000
56188  46.457  -9.499  34.601 0.0000000000
56197  46.940  -8.888  34.075 0.0000000000
57270  47.294  -8.357  32.550 0.0000000000
57284  47.564  -8.135  31.687 0.0000000000
138854  46.980  -8.243  32.048 0.0000000000
57301  45.464  -8.101  30.554 0.0000000000
57287  44.735  -8.494  31.218 0.0000000000
57316  44.374  -8.231  29.328 0.0000000000
119751  43.774  -8.325  28.619 0.0000000000
125042  43.306  -8.371  27.907 0.0000000000
131470  42.897  -8.378  27.245 0.0000000000
122955  42.474  -8.598  27.906 0.0000000000
57348  41.656  -8.826  27.731 0.0000000000
57319  42.006  -8.983  29.150 0.0000000000
57349  40.873  -9.092  27.832 0.0000000000
53501  38.284  -12.450  31.721 0.0000000000
53508  36.823  -12.814  30.129 0.0000000000
53519  36.041  -12.711  28.757 0.0000000000
46398  44.473  -18.789  37.100 0.0000000000
47340  44.802  -18.021  36.519 0.0000000000
47371  43.193  -17.904  34.836 0.0000000000
47393  41.110  -18.366  33.106 0.0000000000
42387  40.172  -22.583  31.541 0.0000000000
43404  40.364  -21.896  31.299 0.0000000000
135107  39.660  -22.226  31.246 0.0000000000
43417  38.325  -21.943  30.853 0.0000000000
70032  58.374  4.780  20.735 0.0000000000
70033  57.861  4.657  20.890 0.0000000000
69031  58.338  4.235  20.509 0.0000000000
69049  58.058  3.724  20.011 0.0000000000
69050  57.094  3.642  19.956 0.0000000000
123882  56.634  3.573  19.089 0.0000000000
140671  52.168  2.618  19.574 0.0000000000
43264  32.477  -22.709  43.856 0.0000000000
43265  31.969  -22.633  43.282 0.0000000000
119641  31.797  -22.438  44.196 0.0000000000
44288  31.441  -21.935  45.757 0.0000000000
44300  30.376  -21.785  44.578 0.0000000000
133921  29.714  -21.437  45.200 0.0000000000
134381  29.179  -21.143  45.705 0.0000000000
132045  28.508  -20.865  45.841 0.0000000000
44246  30.662  -21.464  48.330 0.0000000000
44233  29.442  -21.152  48.940 0.0000000000
44247  29.901  -21.339  48.209 0.0000000000
44263  29.655  -21.267  47.456 0.0000000000
132490  27.867  -20.619  46.041 0.0000000000
117224  27.459  -20.415  46.629 0.0000000000
139648  27.038  -20.115  47.983 0.0000000000
46289  25.957  -19.750  47.029 0.0000000000
42217  40.812  -23.877  49.995 0.0000000000
41287  40.940  -24.629  48.365 0.0000000000
41300  40.995  -24.720  47.312 0.0000000000
41301  40.087  -24.759  47.766 0.0000000000
119483  39.261  -24.615  47.139 0.0000000000
41303  38.244  -24.299  48.218 0.0000000000
130141  38.401  -24.394  47.341 0.0000000000
41315  37.845  -24.227  46.730 0.0000000000
42249  37.035  -23.971  46.410 0.0000000000
42259  36.355  -23.753  45.639 0.0000000000
42230  35.977  -23.289  49.051 0.0000000000
42250  36.098  -23.583  46.491 0.0000000000
42271  34.860  -23.299  45.384 0.0000000000
43251  34.110  -23.033  45.113 0.0000000000
42272  33.898  -23.115  44.436 0.0000000000
43263  33.239  -22.991  43.989 0.0000000000
64241  50.828  -1.561  27.032 0.0000000000
67852  54.385  2.496  34.388 0.0000000000
127139  55.361  1.022  33.954 0.0000000000
65053  55.468  -0.389  34.052 0.0000000000
65034  54.813  -0.193  34.812 0.0000000000
64155  55.601  -0.967  33.986 0.0000000000
63247  55.223  -2.358  33.729 0.0000000000
62295  55.089  -2.734  33.743 0.0000000000
123672  54.675  -2.785  34.906 0.0000000000
62277  55.088  -2.993  33.879 0.0000000000
62286  54.900  -3.347  33.816 0.0000000000
60324  53.673  -5.635  33.329 0.0000000000
55184  48.627  -10.344  40.358 0.0000000000
55204  47.870  -10.593  38.647 0.0000000000
140506  47.251  -11.037  37.594 0.0000000000
53409  46.361  -12.295  40.177 0.0000000000
53429  46.192  -12.657  38.863 0.0000000000
54332  46.475  -11.995  38.940 0.0000000000
134884  46.565  -11.237  36.810 0.0000000000
54362  45.938  -11.093  36.137 0.0000000000
55227  45.305  -10.731  35.345 0.0000000000
54363  44.595  -11.166  35.315 0.0000000000
55235  44.556  -10.720  34.733 0.0000000000
55243  43.533  -10.531  33.583 0.0000000000
55251  42.422  -10.570  32.578 0.0000000000
55244  42.732  -10.819  33.297 0.0000000000
54389  41.893  -11.198  32.977 0.0000000000
54382  41.022  -11.586  33.008 0.0000000000
53492  40.184  -11.952  32.899 0.0000000000
53467  40.792  -12.732  35.495 0.0000000000
137959  40.079  -12.548  34.115 0.0000000000
53483  39.624  -12.551  33.590 0.0000000000
52557  38.200  -13.316  32.959 0.0000000000
52549  38.567  -13.917  33.991 0.0000000000
52550  38.156  -13.977  33.400 0.0000000000
52558  37.744  -13.973  32.751 0.0000000000
51561  37.568  -14.741  32.508 0.0000000000
45448  41.197  -20.403  33.988 0.0000000000
44423  41.885  -21.454  32.870 0.0000000000
43397  41.933  -22.314  32.384 0.0000000000
43380  42.675  -22.922  34.000 0.0000000000
43398  41.438  -22.793  32.137 0.0000000000
70921  54.662  5.491  22.345 0.0000000000
70940  53.265  4.712  21.836 0.0000000000
69019  52.498  3.148  21.194 0.0000000000
70924  50.595  5.303  22.833 0.0000000000
70025  49.926  3.927  21.716 0.0000000000
70024  50.710  3.933  21.546 0.0000000000
41415  32.087  -23.679  35.655 0.0000000000
43281  30.856  -22.480  42.112 0.0000000000
43282  29.964  -22.262  41.832 0.0000000000
132280  29.684  -21.957  42.491 0.0000000000
43300  29.897  -22.329  41.000 0.0000000000
43313  29.371  -22.229  40.230 0.0000000000
43314  28.563  -22.084  39.690 0.0000000000
43330  28.166  -22.256  38.922 0.0000000000
120729  27.748  -20.839  43.747 0.0000000000
44326  27.770  -21.047  42.848 0.0000000000
117159  27.674  -21.216  42.025 0.0000000000
45377  26.872  -20.970  41.703 0.0000000000
44339  27.403  -21.317  41.165 0.0000000000
120178  27.820  -21.561  40.605 0.0000000000
44368  27.713  -21.831  39.712 0.0000000000
46299  43.737  -19.548  45.609 0.0000000000
48185  44.590  -17.007  45.906 0.0000000000
49239  45.019  -16.207  45.986 0.0000000000
48183  46.498  -16.876  44.668 0.0000000000
48208  47.293  -17.913  44.048 0.0000000000
47240  47.144  -18.858  43.871 0.0000000000
47239  47.436  -18.246  43.523 0.0000000000
47269  45.501  -18.143  41.550 0.0000000000
47270  44.636  -17.667  41.221 0.0000000000
131133  46.148  -18.679  39.941 0.0000000000
46372  46.998  -20.020  40.737 0.0000000000
46384  46.519  -18.986  38.859 0.0000000000
46385  46.188  -19.084  38.428 0.0000000000
139857  45.646  -19.336  38.230 0.0000000000
43286  45.475  -22.280  42.171 0.0000000000
44346  45.627  -21.408  40.809 0.0000000000
44347  44.655  -21.495  40.851 0.0000000000
45390  45.078  -20.826  40.031 0.0000000000
45398  45.200  -20.321  39.231 0.0000000000
45411  44.829  -19.842  38.588 0.0000000000
46387  43.958  -19.441  37.987 0.0000000000
138412  41.916  -19.933  38.905 0.0000000000
41313  41.057  -24.742  46.323 0.0000000000
41323  40.675  -24.645  45.497 0.0000000000
41334  40.869  -24.534  44.813 0.0000000000
138059  39.462  -24.442  45.253 0.0000000000
41344  41.103  -24.260  43.984 0.0000000000
42281  41.093  -23.770  43.267 0.0000000000
137024  40.926  -23.289  42.738 0.0000000000
130964  36.904  -23.814  44.038 0.0000000000
42296  38.842  -23.225  42.440 0.0000000000
43276  39.662  -23.060  42.358 0.0000000000
43291  39.865  -22.564  41.774 0.0000000000
128772  40.689  -21.699  41.008 0.0000000000
131877  40.146  -21.010  39.937 0.0000000000
44364  39.373  -21.279  39.842 0.0000000000
45403  39.874  -20.660  39.270 0.0000000000
45431  39.041  -19.849  36.422 0.0000000000
45432  38.232  -20.154  36.199 0.0000000000
45440  38.104  -20.393  35.347 0.0000000000
45451  37.847  -20.797  34.878 0.0000000000
128300  37.469  -21.468  34.595 0.0000000000
118817  36.092  -21.560  37.997 0.0000000000
44384  35.966  -21.141  36.560 0.0000000000
122547  35.246  -21.372  36.830 0.0000000000
44403  36.320  -21.124  35.127 0.0000000000
131449  37.570  -22.362  34.575 0.0000000000
42348  37.634  -23.641  35.219 0.0000000000
42349  36.705  -23.581  35.036 0.0000000000
41409  38.072  -24.249  35.796 0.0000000000
127259  53.129  0.018  24.610 0.0000000000
133045  54.824  -0.918  25.488 0.0000000000
62360  52.962  -3.792  27.561 0.0000000000
47127  30.143  -18.693  52.909 0.0000000000
46192  29.268  -18.966  53.349 0.0000000000
45227  29.165  -19.497  53.146 0.0000000000
46205  28.433  -19.411  53.041 0.0000000000
45241  28.095  -19.836  52.205 0.0000000000
46195  27.070  -18.534  53.636 0.0000000000
46218  27.259  -19.498  51.885 0.0000000000
126442  26.910  -19.557  50.873 0.0000000000
46243  25.991  -19.401  49.640 0.0000000000
46231  25.195  -19.340  49.927 0.0000000000
46244  25.319  -19.418  49.109 0.0000000000
46260  24.682  -19.627  48.612 0.0000000000
45290  24.191  -20.047  48.111 0.0000000000
45242  23.427  -20.418  52.571 0.0000000000
45254  23.496  -20.416  51.562 0.0000000000
45265  23.572  -20.530  50.665 0.0000000000
44217  23.626  -21.447  50.499 0.0000000000
133551  23.750  -20.421  49.290 0.0000000000
45291  23.753  -20.609  48.555 0.0000000000
45304  23.765  -20.826  47.599 0.0000000000
124045  23.496  -21.797  47.447 0.0000000000
43229  23.307  -22.462  47.186 0.0000000000
125945  23.296  -23.234  48.103 0.0000000000
117721  23.496  -25.062  49.711 0.0000000000
118157  22.778  -25.630  48.687 0.0000000000
71807  57.226  6.347  23.549 0.0000000000
71791  56.857  6.814  24.361 0.0000000000
127647  56.229  6.382  23.715 0.0000000000
71808  55.270  6.431  23.656 0.0000000000
71793  54.820  6.754  24.220 0.0000000000
138581  54.124  6.764  24.251 0.0000000000
140955  54.457  7.020  24.651 0.0000000000
71794  53.408  6.563  24.059 0.0000000000
122423  52.490  6.462  24.275 0.0000000000
71796  51.648  6.386  24.673 0.0000000000
131939  55.012  9.249  28.307 0.0000000000
73617  54.946  8.504  27.756 0.0000000000
72686  54.199  7.988  27.431 0.0000000000
137328  53.648  8.001  27.820 0.0000000000
125337  53.341  7.622  27.093 0.0000000000
70899  50.118  5.792  24.980 0.0000000000
70887  49.401  5.312  25.518 0.0000000000
69975  48.806  4.281  25.417 0.0000000000
68980  48.943  3.336  25.837 0.0000000000
70870  49.903  5.439  28.071 0.0000000000
68959  49.741  4.271  27.719 0.0000000000
68978  50.612  2.894  25.668 0.0000000000
67965  54.043  2.230  25.719 0.0000000000
66062  54.670  1.216  26.466 0.0000000000
68954  54.719  3.645  26.746 0.0000000000
69884  53.975  4.089  33.227 0.0000000000
67898  56.301  2.937  32.020 0.0000000000
68897  56.224  3.202  31.367 0.0000000000
65083  55.674  -0.398  32.754 0.0000000000
65093  55.852  0.321  32.378 0.0000000000
66016  55.611  0.688  31.846 0.0000000000
66017  54.479  0.295  31.730 0.0000000000
125365  54.560  1.313  31.078 0.0000000000
66970  54.034  2.040  30.176 0.0000000000
66971  52.918  1.572  29.787 0.0000000000
136773  51.300  0.575  29.809 0.0000000000
130190  49.981  -1.032  27.069 0.0000000000
64233  49.067  -1.052  27.137 0.0000000000
133327  49.076  -1.782  29.759 0.0000000000
60302  54.269  -5.356  34.716 0.0000000000
59326  54.031  -5.878  34.283 0.0000000000
130950  53.836  -5.982  33.807 0.0000000000
60325  53.057  -6.037  32.806 0.0000000000
57188  51.443  -8.557  37.445 0.0000000000
55217  48.988  -9.858  37.140 0.0000000000
56164  49.726  -9.434  36.763 0.0000000000
56176  49.427  -9.215  35.977 0.0000000000
56163  50.539  -9.183  37.108 0.0000000000
57206  51.612  -8.526  36.700 0.0000000000
57223  52.201  -8.246  36.033 0.0000000000
57238  52.298  -8.178  35.203 0.0000000000
58292  52.828  -7.796  34.663 0.0000000000
57253  51.413  -8.243  33.958 0.0000000000
58306  52.001  -7.949  33.506 0.0000000000
58305  52.723  -7.694  33.908 0.0000000000
59344  53.076  -7.098  33.633 0.0000000000
59362  52.730  -6.761  32.981 0.0000000000
59378  52.367  -6.305  32.339 0.0000000000
60338  51.040  -5.911  31.305 0.0000000000
59392  50.257  -6.197  30.841 0.0000000000
59381  50.001  -6.991  30.988 0.0000000000
60348  49.797  -5.613  30.592 0.0000000000
60358  48.713  -5.660  29.706 0.0000000000
58338  47.759  -7.682  30.249 0.0000000000
58350  47.336  -7.379  29.616 0.0000000000
58351  46.626  -7.530  29.328 0.0000000000
59415  47.292  -6.370  28.558 0.0000000000
138582  45.988  -5.954  26.605 0.0000000000
138304  42.500  -8.416  26.557 0.0000000000
56227  41.191  -10.054  30.702 0.0000000000
55260  40.460  -10.294  30.430 0.0000000000
56232  39.725  -9.874  28.886 0.0000000000
54398  38.646  -11.886  31.248 0.0000000000
54400  38.851  -11.369  30.691 0.0000000000
121666  38.417  -11.293  30.083 0.0000000000
54406  37.964  -10.999  28.997 0.0000000000
55266  38.612  -10.786  29.421 0.0000000000
55272  38.485  -10.521  28.660 0.0000000000
49323  43.089  -17.031  39.275 0.0000000000
48258  45.079  -17.533  38.116 0.0000000000
48259  44.086  -17.255  38.397 0.0000000000
49332  42.447  -16.572  38.669 0.0000000000
135167  42.071  -16.392  37.275 0.0000000000
50466  40.954  -16.089  36.536 0.0000000000
48281  44.461  -17.014  35.682 0.0000000000
49350  44.061  -16.710  35.869 0.0000000000
49351  43.148  -16.633  35.614 0.0000000000
50480  40.239  -16.068  35.397 0.0000000000
46424  41.529  -19.065  34.280 0.0000000000
118635  41.531  -19.810  32.916 0.0000000000
46450  40.370  -20.044  31.503 0.0000000000
46442  40.202  -19.261  31.831 0.0000000000
48337  37.923  -17.213  31.990 0.0000000000
49413  36.805  -16.371  31.168 0.0000000000
70019  55.835  4.367  21.406 0.0000000000
69070  55.804  3.506  18.921 0.0000000000
69054  52.788  2.787  19.591 0.0000000000
67029  49.668  1.449  24.122 0.0000000000
42236  42.546  -23.361  46.699 0.0000000000
42239  36.228  -23.470  47.729 0.0000000000
42248  42.464  -23.613  46.696 0.0000000000
42257  43.351  -23.707  45.379 0.0000000000
42265  44.781  -22.961  43.666 0.0000000000
42353  32.411  -22.998  35.453 0.0000000000
43311  32.573  -22.716  40.882 0.0000000000
44297  45.868  -21.547  43.993 0.0000000000
44312  45.913  -21.876  43.500 0.0000000000
44322  46.522  -21.551  42.409 0.0000000000
44340  25.991  -21.190  40.723 0.0000000000
44417  35.904  -21.466  34.894 0.0000000000
46191  30.018  -19.207  53.151 0.0000000000
46361  47.263  -19.987  41.975 0.0000000000
48195  46.956  -17.392  44.331 0.0000000000
49238  45.651  -15.664  45.737 0.0000000000
49296  47.792  -15.995  42.628 0.0000000000
51444  47.318  -15.037  42.499 0.0000000000
52486  42.982  -14.336  39.717 0.0000000000
57171  51.406  -8.360  38.213 0.0000000000
59379  51.634  -6.493  31.904 0.0000000000
59402  48.941  -6.238  29.969 0.0000000000
60313  54.386  -5.090  34.197 0.0000000000
63280  49.281  -2.403  30.200 0.0000000000
66929  56.212  1.256  32.500 0.0000000000
68970  49.150  3.671  26.383 0.0000000000
71780  50.812  6.237  25.228 0.0000000000
125100  55.498  -1.850  34.046 0.0000000000
129713  47.345  -19.072  42.930 0.0000000000
137512  27.421  -20.587  44.306 0.0000000000
137838  24.911  -21.050  41.502 0.0000000000
138436  49.097  -8.328  33.042 0.0000000000
139298  24.544  -20.583  45.204 0.0000000000
139950  42.743  -10.190  32.287 0.0000000000
