#!ascii label  , from subject sub-v2s16x51315_ses-1 vox2ras=TkReg
1221
98266  41.913  39.816  -1.398 0.0000000000
102797  48.416  46.631  -2.186 0.0000000000
95840  45.792  35.142  1.172 0.0000000000
96474  37.476  36.822  -1.968 0.0000000000
94605  40.769  33.806  -3.602 0.0000000000
100238  43.260  42.727  -6.881 0.0000000000
123037  42.396  45.771  -1.714 0.0000000000
105008  44.260  51.452  -6.018 0.0000000000
93829  43.013  32.301  9.541 0.0000000000
91721  39.545  29.792  6.042 0.0000000000
100187  46.112  42.737  -2.085 0.0000000000
127157  47.412  36.567  -4.044 0.0000000000
98242  49.703  39.757  1.663 0.0000000000
96417  47.261  36.495  6.302 0.0000000000
131626  39.553  48.582  -9.090 0.0000000000
102259  46.728  45.058  -8.943 0.0000000000
91781  44.750  29.072  -1.713 0.0000000000
128843  40.076  38.034  -2.268 0.0000000000
95257  38.120  34.947  -3.506 0.0000000000
132048  40.758  36.191  -4.042 0.0000000000
100203  42.468  42.926  -2.914 0.0000000000
137673  40.278  41.003  -1.778 0.0000000000
103917  40.181  48.132  -3.178 0.0000000000
92388  42.793  31.081  12.570 0.0000000000
91671  41.734  29.586  11.473 0.0000000000
91648  46.210  29.133  14.115 0.0000000000
103463  41.455  47.965  -12.718 0.0000000000
101593  48.299  44.491  -2.014 0.0000000000
99513  48.015  41.520  -0.282 0.0000000000
121753  49.471  44.209  1.286 0.0000000000
97625  43.880  38.395  4.207 0.0000000000
97623  47.032  38.363  4.589 0.0000000000
97015  44.818  37.221  6.488 0.0000000000
95774  45.310  35.730  9.756 0.0000000000
103387  45.586  47.137  -5.128 0.0000000000
103981  46.532  49.436  -8.956 0.0000000000
102837  48.102  46.820  -6.051 0.0000000000
100954  47.259  44.049  -5.394 0.0000000000
95247  48.999  34.010  -2.449 0.0000000000
93234  46.667  31.769  -5.791 0.0000000000
93896  45.155  32.805  -1.088 0.0000000000
94572  39.288  33.597  -0.609 0.0000000000
93203  41.511  31.939  -0.650 0.0000000000
98938  44.124  38.947  -9.845 0.0000000000
100264  39.957  42.002  -8.188 0.0000000000
102783  45.878  46.146  -1.736 0.0000000000
102154  47.953  45.487  2.166 0.0000000000
106525  38.988  53.201  -2.991 0.0000000000
105562  39.456  51.182  -5.446 0.0000000000
103390  42.870  47.944  -4.510 0.0000000000
95181  43.909  34.109  5.133 0.0000000000
94540  42.488  33.271  2.431 0.0000000000
122180  40.324  31.558  7.472 0.0000000000
90117  41.634  28.179  9.834 0.0000000000
98894  44.166  40.735  -0.816 0.0000000000
140171  43.818  37.146  -1.774 0.0000000000
97663  46.004  39.020  -0.660 0.0000000000
130868  49.642  37.762  -2.270 0.0000000000
95846  48.816  36.290  0.371 0.0000000000
99478  49.273  42.201  4.044 0.0000000000
97047  49.517  37.678  3.643 0.0000000000
136219  46.814  35.428  3.956 0.0000000000
95173  45.766  33.983  7.479 0.0000000000
93821  43.691  33.515  11.481 0.0000000000
105604  39.755  51.441  -10.990 0.0000000000
102282  41.292  45.310  -10.650 0.0000000000
102261  43.178  46.180  -9.152 0.0000000000
101011  45.224  42.507  -10.962 0.0000000000
99559  46.300  41.803  -8.079 0.0000000000
117074  45.256  43.041  -4.399 0.0000000000
95891  43.263  34.671  -4.740 0.0000000000
93910  43.521  32.143  -3.428 0.0000000000
91037  42.116  28.711  -1.236 0.0000000000
92457  42.677  30.171  1.840 0.0000000000
97680  40.979  38.761  -1.888 0.0000000000
97106  40.005  36.836  -3.289 0.0000000000
97095  41.071  37.271  -2.551 0.0000000000
127916  41.888  41.393  -1.667 0.0000000000
139533  41.394  42.509  -2.489 0.0000000000
98897  41.150  40.118  -1.618 0.0000000000
118127  40.056  39.553  -1.762 0.0000000000
92353  44.485  31.107  14.869 0.0000000000
91650  44.406  29.425  13.909 0.0000000000
92351  46.071  30.292  15.112 0.0000000000
91769  39.791  29.406  0.438 0.0000000000
101604  48.741  45.660  -2.389 0.0000000000
101584  49.261  44.720  -0.665 0.0000000000
102195  49.471  46.081  -0.320 0.0000000000
97038  42.428  37.640  4.758 0.0000000000
97036  44.526  37.811  4.866 0.0000000000
102816  47.491  47.007  -3.838 0.0000000000
102838  47.663  47.045  -5.712 0.0000000000
139488  48.165  47.052  -3.565 0.0000000000
134826  48.515  46.017  -4.120 0.0000000000
95226  46.838  34.867  -0.705 0.0000000000
94580  46.684  33.694  -1.954 0.0000000000
95228  45.061  34.288  -0.077 0.0000000000
136915  36.443  35.739  -1.626 0.0000000000
95865  36.899  35.542  -2.289 0.0000000000
139019  38.957  34.682  -3.942 0.0000000000
94596  38.791  34.154  -2.238 0.0000000000
117323  40.330  33.589  -1.707 0.0000000000
93899  40.734  32.521  -0.284 0.0000000000
124003  41.599  33.055  -1.821 0.0000000000
99575  43.202  40.532  -8.648 0.0000000000
98930  41.293  40.262  -8.938 0.0000000000
100253  41.595  42.333  -7.906 0.0000000000
120972  38.315  38.570  -1.320 0.0000000000
97683  37.141  38.033  -0.838 0.0000000000
102209  44.345  45.731  -1.573 0.0000000000
102769  45.546  45.774  -0.325 0.0000000000
102181  44.046  45.425  -0.073 0.0000000000
103370  41.328  46.940  -2.934 0.0000000000
134498  41.038  47.846  -3.492 0.0000000000
102802  42.308  46.546  -2.936 0.0000000000
102800  44.430  46.372  -2.985 0.0000000000
94507  43.100  33.058  7.261 0.0000000000
94511  42.533  33.238  6.308 0.0000000000
93833  41.934  32.262  8.256 0.0000000000
116600  44.110  28.073  11.903 0.0000000000
90920  41.571  28.587  10.597 0.0000000000
90115  43.051  28.113  10.183 0.0000000000
99524  45.370  41.565  -1.056 0.0000000000
98257  44.781  40.032  -0.610 0.0000000000
99515  45.930  41.114  -0.686 0.0000000000
98882  49.077  40.683  0.226 0.0000000000
98254  48.975  39.314  -0.744 0.0000000000
97659  50.030  38.126  -0.739 0.0000000000
96470  49.974  36.585  -0.868 0.0000000000
97063  50.029  37.623  1.344 0.0000000000
101545  47.563  44.255  3.300 0.0000000000
100819  49.419  43.965  4.120 0.0000000000
123792  47.672  42.274  3.927 0.0000000000
97614  47.459  37.550  4.943 0.0000000000
97622  48.045  38.322  4.506 0.0000000000
139344  47.798  37.071  4.776 0.0000000000
96442  48.240  36.655  3.381 0.0000000000
95813  47.490  35.866  5.228 0.0000000000
95183  46.402  34.852  5.544 0.0000000000
95175  46.958  34.953  7.474 0.0000000000
95753  43.454  35.164  11.231 0.0000000000
95150  44.286  34.899  11.062 0.0000000000
104528  39.571  49.640  -10.378 0.0000000000
126450  40.196  48.126  -10.887 0.0000000000
102879  40.688  46.578  -9.744 0.0000000000
134180  42.455  51.530  -6.144 0.0000000000
104491  41.302  50.598  -6.604 0.0000000000
105030  43.853  51.751  -7.129 0.0000000000
103427  47.160  47.572  -8.972 0.0000000000
102865  44.761  47.324  -8.975 0.0000000000
102864  45.794  45.961  -9.301 0.0000000000
101658  44.165  44.582  -10.173 0.0000000000
133837  45.801  43.818  -10.076 0.0000000000
99585  46.126  40.903  -9.847 0.0000000000
100991  46.943  43.159  -8.637 0.0000000000
100910  46.402  43.247  -3.558 0.0000000000
100933  45.780  43.113  -4.784 0.0000000000
100893  45.835  42.889  -2.939 0.0000000000
100189  44.586  42.409  -2.341 0.0000000000
96484  45.198  36.382  -2.643 0.0000000000
123426  43.636  35.541  -3.502 0.0000000000
95879  45.149  34.967  -4.540 0.0000000000
92499  45.553  30.281  -3.545 0.0000000000
93228  45.105  31.115  -4.698 0.0000000000
92501  44.331  29.817  -2.890 0.0000000000
92495  43.105  29.936  -2.198 0.0000000000
91044  43.587  28.902  -2.047 0.0000000000
93168  40.985  31.709  4.027 0.0000000000
93182  42.276  31.607  2.181 0.0000000000
92450  41.601  30.527  3.036 0.0000000000
97099  38.235  37.160  -2.225 0.0000000000
96487  37.468  35.782  -2.880 0.0000000000
97107  39.292  36.824  -3.147 0.0000000000
95885  39.018  35.967  -4.319 0.0000000000
120271  40.248  35.335  -4.688 0.0000000000
100957  42.928  43.356  -5.431 0.0000000000
97681  39.071  38.677  -1.626 0.0000000000
93131  42.593  31.725  10.730 0.0000000000
92400  41.480  30.665  10.861 0.0000000000
91663  42.790  29.635  12.514 0.0000000000
90901  43.647  28.498  12.519 0.0000000000
100879  46.874  43.095  -1.842 0.0000000000
100164  46.865  42.179  -0.863 0.0000000000
100862  48.026  43.260  -0.922 0.0000000000
100152  48.964  42.296  0.343 0.0000000000
99505  49.300  41.580  1.831 0.0000000000
98860  44.917  40.230  3.614 0.0000000000
98858  46.830  40.747  3.686 0.0000000000
98213  45.498  38.808  3.993 0.0000000000
97035  45.572  37.865  5.019 0.0000000000
97014  45.777  37.256  6.648 0.0000000000
96396  46.004  36.442  8.490 0.0000000000
96397  45.141  36.474  8.766 0.0000000000
129198  43.266  35.858  9.978 0.0000000000
131814  42.085  35.144  10.874 0.0000000000
104514  38.836  49.870  -8.086 0.0000000000
103942  44.575  49.550  -6.266 0.0000000000
105015  45.318  51.433  -7.792 0.0000000000
125033  46.462  48.512  -7.395 0.0000000000
103417  47.606  47.454  -7.553 0.0000000000
102250  47.728  46.013  -7.698 0.0000000000
100980  47.316  43.842  -7.065 0.0000000000
101627  47.942  45.094  -5.476 0.0000000000
101614  48.011  44.828  -3.765 0.0000000000
95261  48.932  35.142  -4.688 0.0000000000
95272  47.116  34.080  -5.840 0.0000000000
93915  47.906  32.485  -4.615 0.0000000000
93213  46.561  31.256  -3.479 0.0000000000
92478  45.172  30.600  -1.211 0.0000000000
89374  39.842  27.334  7.708 0.0000000000
90973  40.259  28.484  4.859 0.0000000000
116451  38.073  33.562  0.398 0.0000000000
95249  37.544  34.758  -2.641 0.0000000000
94573  38.279  33.869  -0.547 0.0000000000
94561  39.010  33.361  0.238 0.0000000000
93197  40.311  32.107  0.447 0.0000000000
92474  40.487  31.036  0.501 0.0000000000
91776  40.884  29.470  -0.185 0.0000000000
98314  41.810  37.871  -10.884 0.0000000000
98942  39.722  39.228  -9.107 0.0000000000
120794  47.508  46.709  -2.250 0.0000000000
102755  48.563  46.587  0.298 0.0000000000
102756  47.600  46.408  0.076 0.0000000000
102155  46.844  44.995  1.974 0.0000000000
101555  45.557  43.824  2.729 0.0000000000
100125  44.826  42.117  3.604 0.0000000000
98848  43.309  40.503  3.857 0.0000000000
106052  38.163  51.957  -4.216 0.0000000000
105552  40.640  50.988  -4.566 0.0000000000
105550  42.504  51.178  -5.078 0.0000000000
103944  43.309  49.592  -5.261 0.0000000000
103388  44.632  47.363  -5.024 0.0000000000
102817  46.166  46.746  -3.667 0.0000000000
95200  44.495  34.657  2.711 0.0000000000
95210  43.752  34.078  1.515 0.0000000000
94527  42.855  34.025  3.531 0.0000000000
94517  41.480  33.007  4.902 0.0000000000
93150  39.922  31.176  6.377 0.0000000000
126585  40.545  29.878  10.325 0.0000000000
92408  39.657  29.821  9.127 0.0000000000
90128  39.761  28.453  8.657 0.0000000000
119004  42.699  39.902  -1.060 0.0000000000
97688  42.158  38.050  -1.766 0.0000000000
97677  43.578  38.698  -1.040 0.0000000000
97083  44.911  37.609  -1.516 0.0000000000
97090  46.940  37.391  -2.657 0.0000000000
98255  47.092  39.964  -0.400 0.0000000000
132047  47.525  38.620  -1.337 0.0000000000
97089  48.914  37.399  -3.373 0.0000000000
96473  50.006  36.291  -2.618 0.0000000000
95852  49.157  35.100  -0.956 0.0000000000
140133  47.866  35.845  0.280 0.0000000000
102152  49.295  45.325  2.421 0.0000000000
100831  49.681  43.696  3.317 0.0000000000
122093  49.708  40.006  2.782 0.0000000000
98847  48.479  40.052  3.970 0.0000000000
124125  49.856  39.182  3.892 0.0000000000
97641  50.151  38.486  2.590 0.0000000000
96450  48.982  36.892  2.101 0.0000000000
95837  48.023  36.248  2.082 0.0000000000
95830  46.963  35.622  2.499 0.0000000000
131968  45.404  34.685  4.306 0.0000000000
95177  45.324  34.056  6.544 0.0000000000
94502  43.944  32.875  8.693 0.0000000000
95161  46.090  35.243  9.384 0.0000000000
123637  45.284  33.825  9.683 0.0000000000
93828  43.730  32.677  10.049 0.0000000000
93125  42.910  31.883  11.705 0.0000000000
104536  40.527  49.318  -11.688 0.0000000000
102903  40.899  46.541  -11.769 0.0000000000
101677  41.464  44.183  -11.506 0.0000000000
103983  44.672  49.274  -8.586 0.0000000000
130164  41.869  46.710  -8.600 0.0000000000
102273  42.433  45.313  -9.859 0.0000000000
101668  42.705  43.897  -10.671 0.0000000000
100281  43.658  41.808  -11.247 0.0000000000
127628  44.623  40.771  -11.139 0.0000000000
99573  45.653  40.357  -8.948 0.0000000000
99561  44.942  41.278  -7.961 0.0000000000
100969  46.749  42.971  -6.974 0.0000000000
100235  45.903  42.333  -6.797 0.0000000000
100222  44.491  42.867  -6.074 0.0000000000
100913  44.015  42.957  -3.741 0.0000000000
100178  43.378  41.945  -1.821 0.0000000000
97103  42.331  36.549  -2.680 0.0000000000
95882  41.650  35.376  -4.596 0.0000000000
95264  41.405  34.343  -4.891 0.0000000000
94619  44.716  33.496  -5.741 0.0000000000
93925  43.554  32.765  -4.336 0.0000000000
94592  42.250  33.241  -3.173 0.0000000000
93208  42.596  31.637  -1.834 0.0000000000
92487  42.109  29.940  -1.174 0.0000000000
93889  43.985  32.740  0.226 0.0000000000
93196  43.770  31.004  0.511 0.0000000000
91766  44.410  29.507  -0.087 0.0000000000
91740  41.369  29.250  3.442 0.0000000000
91016  43.677  28.317  0.075 0.0000000000
119235  47.927  30.314  14.492 0.0000000000
91646  48.025  29.895  13.574 0.0000000000
97690  40.690  38.023  -2.227 0.0000000000
97689  41.367  38.050  -2.057 0.0000000000
132494  41.675  40.630  -1.519 0.0000000000
98267  40.685  39.485  -1.744 0.0000000000
92352  45.217  30.559  15.009 0.0000000000
102208  48.928  46.360  -1.848 0.0000000000
102207  49.297  46.232  -1.048 0.0000000000
102780  48.858  46.563  -1.233 0.0000000000
102798  48.005  46.893  -2.706 0.0000000000
102815  48.010  47.124  -3.987 0.0000000000
102814  48.209  46.889  -3.025 0.0000000000
102218  48.614  46.512  -2.700 0.0000000000
95217  45.998  34.998  0.149 0.0000000000
95227  45.812  34.494  -0.588 0.0000000000
95218  45.218  34.734  0.548 0.0000000000
96475  36.815  36.299  -1.815 0.0000000000
139118  37.206  36.166  -2.400 0.0000000000
95255  39.761  34.159  -3.588 0.0000000000
94595  39.599  33.931  -2.482 0.0000000000
94594  40.491  33.731  -2.648 0.0000000000
94582  41.026  33.458  -1.935 0.0000000000
99562  43.660  41.373  -7.991 0.0000000000
99563  42.505  41.775  -8.001 0.0000000000
100252  42.950  42.313  -7.502 0.0000000000
97085  37.790  37.737  -1.501 0.0000000000
97682  37.695  38.488  -0.989 0.0000000000
97086  36.992  37.137  -1.275 0.0000000000
102210  43.332  45.697  -1.452 0.0000000000
102197  44.117  45.640  -0.845 0.0000000000
102198  43.116  45.478  -0.378 0.0000000000
102803  41.760  46.192  -2.221 0.0000000000
102786  42.873  45.951  -2.315 0.0000000000
102785  44.067  45.896  -2.313 0.0000000000
93832  42.941  32.496  8.654 0.0000000000
93836  42.549  32.649  7.772 0.0000000000
93830  42.180  32.038  9.082 0.0000000000
90107  43.737  28.064  10.949 0.0000000000
100175  45.716  42.192  -1.519 0.0000000000
99523  46.190  41.817  -0.945 0.0000000000
129970  49.456  39.836  0.445 0.0000000000
98253  49.561  39.003  -0.266 0.0000000000
97654  49.895  38.983  0.746 0.0000000000
97658  50.112  38.273  0.100 0.0000000000
97653  50.194  38.256  1.000 0.0000000000
100832  46.653  43.567  3.317 0.0000000000
120995  47.813  43.730  3.684 0.0000000000
123845  46.723  42.212  3.735 0.0000000000
97022  46.991  37.149  5.787 0.0000000000
97021  47.427  36.785  5.436 0.0000000000
134553  47.648  36.465  4.908 0.0000000000
95808  47.443  35.914  6.206 0.0000000000
95811  47.118  35.396  5.930 0.0000000000
95809  47.280  35.619  6.930 0.0000000000
95136  42.504  34.691  12.052 0.0000000000
105052  38.802  50.132  -9.050 0.0000000000
105051  39.159  50.099  -9.901 0.0000000000
118978  39.277  49.401  -9.514 0.0000000000
103443  39.839  48.055  -9.694 0.0000000000
103442  40.244  47.365  -9.628 0.0000000000
105558  43.800  51.600  -6.075 0.0000000000
134891  42.634  51.268  -6.641 0.0000000000
105016  44.284  51.745  -6.745 0.0000000000
102863  46.958  46.275  -8.899 0.0000000000
124095  46.506  46.772  -9.171 0.0000000000
102260  46.317  45.582  -9.186 0.0000000000
102270  45.796  44.774  -9.703 0.0000000000
134350  46.322  44.646  -9.389 0.0000000000
100999  46.662  43.012  -9.471 0.0000000000
101655  46.702  44.004  -9.194 0.0000000000
100892  46.620  43.222  -2.669 0.0000000000
100188  45.352  42.528  -2.257 0.0000000000
96483  46.515  36.620  -3.229 0.0000000000
96493  45.572  35.890  -3.397 0.0000000000
96504  46.745  35.624  -4.566 0.0000000000
91780  45.163  29.534  -2.274 0.0000000000
92500  44.917  30.162  -3.490 0.0000000000
91787  44.403  29.268  -2.337 0.0000000000
91788  43.650  29.507  -2.418 0.0000000000
91043  44.168  28.799  -1.833 0.0000000000
92436  40.160  30.591  5.153 0.0000000000
92443  41.032  30.749  3.792 0.0000000000
92444  40.583  30.424  4.432 0.0000000000
97692  39.437  37.999  -2.118 0.0000000000
97098  39.028  37.327  -2.488 0.0000000000
97097  39.744  37.365  -2.640 0.0000000000
97105  40.765  36.667  -3.337 0.0000000000
96499  39.481  36.450  -3.870 0.0000000000
96498  40.186  36.393  -3.990 0.0000000000
95884  39.600  35.621  -4.594 0.0000000000
96510  40.330  35.889  -4.526 0.0000000000
100914  43.041  43.135  -3.677 0.0000000000
100936  42.539  43.412  -4.451 0.0000000000
100915  42.067  43.281  -3.608 0.0000000000
99536  40.516  41.693  -2.045 0.0000000000
100193  40.766  42.507  -2.523 0.0000000000
97691  39.766  38.738  -1.860 0.0000000000
98269  39.353  39.545  -1.579 0.0000000000
97084  38.676  37.901  -1.859 0.0000000000
92394  42.451  31.091  11.877 0.0000000000
91664  42.313  30.186  12.110 0.0000000000
135641  42.838  30.407  12.693 0.0000000000
91649  45.279  29.159  14.144 0.0000000000
90894  43.993  28.846  13.307 0.0000000000
90893  44.914  28.536  13.551 0.0000000000
90900  44.484  28.144  12.755 0.0000000000
90892  45.959  28.580  13.527 0.0000000000
104544  41.024  49.645  -12.292 0.0000000000
105079  41.588  50.060  -12.782 0.0000000000
100891  47.436  43.766  -2.354 0.0000000000
100878  47.679  43.560  -1.573 0.0000000000
100860  49.424  44.161  0.142 0.0000000000
100849  49.009  43.073  -0.040 0.0000000000
100848  49.202  43.210  0.727 0.0000000000
99506  49.089  41.505  0.707 0.0000000000
100151  49.181  42.387  1.267 0.0000000000
98861  44.134  40.031  3.685 0.0000000000
98227  45.619  39.522  3.736 0.0000000000
98214  44.657  39.157  3.761 0.0000000000
97025  44.161  37.383  5.588 0.0000000000
97024  45.169  37.515  5.703 0.0000000000
97023  46.197  37.450  5.850 0.0000000000
96420  45.343  37.084  7.251 0.0000000000
96404  45.284  36.799  7.996 0.0000000000
116693  44.581  36.953  7.267 0.0000000000
95788  43.553  36.053  9.230 0.0000000000
95789  42.624  35.867  9.335 0.0000000000
95766  42.927  35.501  10.727 0.0000000000
121003  42.229  35.540  10.079 0.0000000000
103399  45.334  47.723  -5.915 0.0000000000
103408  45.722  48.570  -6.776 0.0000000000
116691  46.365  47.827  -6.592 0.0000000000
103397  47.669  47.201  -6.656 0.0000000000
102845  47.935  47.005  -6.935 0.0000000000
102853  47.843  46.936  -7.667 0.0000000000
131140  48.047  46.427  -6.918 0.0000000000
102243  47.893  45.523  -7.031 0.0000000000
102239  48.093  45.701  -6.192 0.0000000000
101605  48.109  44.700  -2.857 0.0000000000
100909  47.260  43.864  -3.242 0.0000000000
95246  49.788  34.305  -2.976 0.0000000000
94600  49.125  34.359  -4.273 0.0000000000
94589  48.362  33.466  -3.114 0.0000000000
94581  45.828  33.306  -1.567 0.0000000000
93908  46.903  32.237  -3.165 0.0000000000
93909  46.233  31.656  -2.585 0.0000000000
93207  45.658  31.087  -1.954 0.0000000000
93903  45.184  31.703  -1.203 0.0000000000
94563  37.126  33.698  0.513 0.0000000000
129971  37.343  33.956  -0.327 0.0000000000
95872  37.844  35.496  -3.343 0.0000000000
95864  37.418  35.200  -2.868 0.0000000000
94583  39.480  33.783  -1.518 0.0000000000
94584  38.647  34.009  -1.371 0.0000000000
93892  39.506  32.618  0.758 0.0000000000
93891  39.897  32.993  0.033 0.0000000000
93204  41.003  31.494  -0.033 0.0000000000
92481  41.023  30.374  -0.050 0.0000000000
135620  43.371  38.820  -10.807 0.0000000000
98305  42.500  38.406  -10.311 0.0000000000
99577  40.598  41.282  -8.565 0.0000000000
98941  40.825  39.304  -9.314 0.0000000000
98931  40.207  40.260  -8.782 0.0000000000
99578  39.589  41.099  -8.444 0.0000000000
102782  46.856  46.445  -1.621 0.0000000000
102768  47.206  46.445  -0.829 0.0000000000
121447  46.174  46.141  -0.972 0.0000000000
102179  45.932  45.525  0.599 0.0000000000
101568  46.201  44.472  2.291 0.0000000000
100833  44.576  43.284  2.913 0.0000000000
117456  44.329  41.645  3.700 0.0000000000
129911  37.913  52.752  -3.877 0.0000000000
106048  38.498  52.500  -3.472 0.0000000000
120035  39.688  51.220  -4.049 0.0000000000
105551  41.576  51.083  -4.875 0.0000000000
136470  42.508  47.503  -3.989 0.0000000000
103933  42.731  48.993  -4.783 0.0000000000
103932  43.408  48.596  -5.107 0.0000000000
103389  43.704  47.650  -4.777 0.0000000000
124798  44.991  46.093  -2.545 0.0000000000
102818  44.844  46.696  -3.547 0.0000000000
127480  45.671  46.435  -2.880 0.0000000000
121223  46.464  46.470  -2.296 0.0000000000
95189  44.524  34.557  3.728 0.0000000000
95190  43.621  34.371  3.140 0.0000000000
95186  43.680  34.282  4.119 0.0000000000
93840  41.523  32.696  6.480 0.0000000000
94512  41.743  33.081  5.715 0.0000000000
93841  40.711  32.184  6.197 0.0000000000
93843  40.624  32.046  5.451 0.0000000000
93146  40.286  31.637  6.668 0.0000000000
92401  40.934  30.538  10.385 0.0000000000
91672  41.085  29.905  10.943 0.0000000000
90930  41.020  28.487  9.961 0.0000000000
90931  40.530  28.851  9.948 0.0000000000
136367  40.535  28.459  9.520 0.0000000000
91693  39.490  29.223  8.510 0.0000000000
90127  40.281  28.151  8.974 0.0000000000
90139  40.612  27.569  8.553 0.0000000000
125164  41.720  27.894  9.189 0.0000000000
98895  43.333  40.404  -0.933 0.0000000000
98265  43.357  39.548  -0.890 0.0000000000
98259  43.947  40.029  -0.721 0.0000000000
132003  45.555  39.638  -0.552 0.0000000000
97664  45.070  39.099  -0.669 0.0000000000
97675  45.517  38.364  -1.030 0.0000000000
97082  46.172  37.807  -1.752 0.0000000000
97674  46.583  38.496  -1.181 0.0000000000
99514  46.922  41.479  -0.538 0.0000000000
98887  47.518  40.675  -0.293 0.0000000000
97660  49.404  38.666  -1.153 0.0000000000
97661  48.387  38.890  -1.136 0.0000000000
97672  49.117  38.356  -1.871 0.0000000000
131862  48.001  37.597  -2.890 0.0000000000
97080  48.795  37.914  -2.555 0.0000000000
96481  49.639  36.810  -3.556 0.0000000000
96480  49.797  37.363  -2.918 0.0000000000
96465  49.481  36.485  0.068 0.0000000000
95857  49.808  35.926  -1.546 0.0000000000
95851  49.214  35.968  -0.615 0.0000000000
124976  48.548  35.927  -0.201 0.0000000000
102748  48.930  46.432  1.127 0.0000000000
102747  49.238  46.313  0.937 0.0000000000
102153  49.053  45.437  2.688 0.0000000000
100121  49.445  43.180  4.241 0.0000000000
100818  49.718  43.482  4.069 0.0000000000
100134  49.722  42.778  3.781 0.0000000000
99497  49.456  41.715  3.141 0.0000000000
99477  49.376  42.064  3.722 0.0000000000
98226  46.575  39.809  3.764 0.0000000000
98225  47.432  40.141  3.825 0.0000000000
98211  47.519  39.202  4.108 0.0000000000
97621  48.927  38.232  4.348 0.0000000000
98209  49.551  38.751  4.177 0.0000000000
97635  49.969  38.410  3.908 0.0000000000
98223  50.124  38.847  3.450 0.0000000000
97046  50.009  38.059  3.236 0.0000000000
97056  49.923  37.785  2.295 0.0000000000
96441  48.934  37.094  3.028 0.0000000000
95817  47.752  36.063  3.474 0.0000000000
95828  47.983  36.302  2.839 0.0000000000
95829  47.608  35.978  2.712 0.0000000000
95819  46.294  35.276  3.161 0.0000000000
95815  46.151  35.054  4.081 0.0000000000
95176  46.237  34.355  6.975 0.0000000000
95179  45.901  34.389  6.031 0.0000000000
94509  44.781  33.676  7.100 0.0000000000
94505  45.330  33.673  8.083 0.0000000000
95787  45.650  36.059  9.094 0.0000000000
95786  46.402  35.672  8.730 0.0000000000
130065  44.274  34.120  11.188 0.0000000000
94495  44.922  34.115  10.571 0.0000000000
94496  44.194  33.335  10.663 0.0000000000
94498  44.482  33.130  9.707 0.0000000000
136473  43.638  32.762  10.762 0.0000000000
124080  43.273  32.424  11.206 0.0000000000
105593  39.227  51.488  -10.389 0.0000000000
106550  38.995  53.718  -10.359 0.0000000000
106075  39.547  52.284  -10.791 0.0000000000
104537  40.098  50.011  -11.182 0.0000000000
102888  40.756  46.320  -10.754 0.0000000000
129997  40.556  47.060  -11.099 0.0000000000
102291  41.040  45.745  -11.475 0.0000000000
101678  41.230  45.039  -11.335 0.0000000000
101669  41.667  44.655  -10.759 0.0000000000
104501  45.901  50.292  -8.455 0.0000000000
103966  45.155  50.580  -8.375 0.0000000000
103982  45.728  49.609  -8.903 0.0000000000
103430  43.720  48.030  -8.410 0.0000000000
102866  43.428  46.844  -8.735 0.0000000000
102867  42.525  46.492  -8.850 0.0000000000
102868  41.826  46.256  -9.127 0.0000000000
102262  42.521  45.913  -9.367 0.0000000000
101002  44.665  43.626  -10.613 0.0000000000
101667  43.682  43.986  -10.525 0.0000000000
101012  43.906  42.995  -10.981 0.0000000000
101013  42.715  42.859  -11.172 0.0000000000
135479  44.640  41.867  -11.193 0.0000000000
99572  46.216  41.231  -8.850 0.0000000000
99560  45.891  41.378  -8.223 0.0000000000
100968  47.189  43.802  -6.336 0.0000000000
127978  46.571  43.212  -6.056 0.0000000000
100220  45.949  42.940  -5.834 0.0000000000
100209  45.318  43.069  -5.135 0.0000000000
100221  45.337  42.858  -6.021 0.0000000000
100955  44.607  43.045  -5.289 0.0000000000
100934  44.660  43.042  -4.474 0.0000000000
100177  44.107  41.913  -1.739 0.0000000000
100190  43.775  42.362  -2.360 0.0000000000
99526  43.514  41.302  -1.283 0.0000000000
97687  43.073  37.959  -1.409 0.0000000000
97093  42.677  37.154  -1.970 0.0000000000
135415  43.336  36.463  -2.416 0.0000000000
95880  43.727  35.071  -4.230 0.0000000000
96507  42.713  35.557  -3.783 0.0000000000
95881  42.490  35.245  -4.423 0.0000000000
95278  41.492  34.921  -4.855 0.0000000000
95277  42.085  34.415  -4.879 0.0000000000
93930  46.974  32.445  -6.123 0.0000000000
95273  46.119  33.953  -5.909 0.0000000000
93931  46.104  32.230  -6.158 0.0000000000
93222  44.066  31.214  -3.619 0.0000000000
93924  44.131  32.586  -4.934 0.0000000000
93917  42.885  33.012  -3.719 0.0000000000
137054  42.813  32.653  -2.984 0.0000000000
93904  42.317  32.733  -2.267 0.0000000000
93911  43.054  31.931  -2.578 0.0000000000
91782  42.388  29.157  -1.488 0.0000000000
128135  42.652  29.680  -1.734 0.0000000000
91783  41.776  29.053  -1.008 0.0000000000
91027  41.500  28.395  -0.823 0.0000000000
94549  43.088  33.569  1.750 0.0000000000
94560  43.695  33.538  0.949 0.0000000000
94550  42.658  32.861  1.809 0.0000000000
128876  42.348  30.825  2.121 0.0000000000
93188  43.214  31.552  1.029 0.0000000000
92465  43.358  30.714  0.983 0.0000000000
92472  44.364  30.413  0.006 0.0000000000
92466  43.222  30.105  1.266 0.0000000000
90171  40.030  27.518  5.371 0.0000000000
91728  40.806  28.968  4.095 0.0000000000
90972  40.847  28.181  4.134 0.0000000000
100191  42.827  42.378  -2.257 0.0000000000
100192  41.947  42.500  -2.432 0.0000000000
99534  42.130  42.038  -1.965 0.0000000000
99528  41.025  41.018  -1.752 0.0000000000
98898  40.459  40.292  -1.710 0.0000000000
98268  40.372  38.742  -1.932 0.0000000000
92370  43.562  30.812  13.773 0.0000000000
91652  43.204  30.133  13.113 0.0000000000
91630  44.111  30.424  14.162 0.0000000000
91629  44.821  30.069  14.425 0.0000000000
91628  45.643  29.765  14.588 0.0000000000
100877  48.565  44.153  -1.231 0.0000000000
101592  49.081  45.389  -1.462 0.0000000000
101591  49.426  45.595  -0.723 0.0000000000
101580  49.576  45.134  0.867 0.0000000000
126778  43.007  38.121  4.409 0.0000000000
97037  43.504  37.675  4.799 0.0000000000
96421  43.928  37.026  6.417 0.0000000000
102828  46.492  46.938  -4.554 0.0000000000
102839  46.641  47.178  -5.643 0.0000000000
102827  47.590  47.004  -4.704 0.0000000000
126988  48.010  46.920  -4.889 0.0000000000
102235  48.356  46.243  -5.102 0.0000000000
134639  48.480  46.688  -3.469 0.0000000000
101613  48.577  45.837  -3.254 0.0000000000
126693  48.181  34.370  -1.843 0.0000000000
95248  47.725  33.908  -2.284 0.0000000000
95237  47.185  34.414  -1.577 0.0000000000
95238  46.190  34.202  -1.250 0.0000000000
126270  38.206  34.500  -2.784 0.0000000000
95256  38.842  34.369  -3.164 0.0000000000
94571  40.198  33.329  -0.789 0.0000000000
93898  41.103  32.959  -1.142 0.0000000000
98928  44.171  39.550  -9.184 0.0000000000
98939  43.107  38.820  -9.726 0.0000000000
98929  42.464  39.917  -9.089 0.0000000000
99576  41.759  41.288  -8.530 0.0000000000
100263  40.848  42.138  -8.160 0.0000000000
97076  36.443  37.516  -0.585 0.0000000000
96476  36.267  36.440  -1.008 0.0000000000
102784  45.030  45.887  -1.982 0.0000000000
102770  45.120  45.810  -1.156 0.0000000000
102180  44.858  45.422  0.223 0.0000000000
103371  40.472  47.347  -2.810 0.0000000000
103379  41.928  47.310  -3.528 0.0000000000
102820  42.811  46.956  -3.481 0.0000000000
102819  43.753  46.810  -3.511 0.0000000000
102801  43.361  46.382  -2.955 0.0000000000
94510  43.696  33.450  6.693 0.0000000000
94515  43.242  33.691  5.678 0.0000000000
93839  42.291  32.837  7.042 0.0000000000
93837  41.683  32.455  7.414 0.0000000000
93834  41.053  31.987  7.877 0.0000000000
90911  42.554  28.611  11.542 0.0000000000
90912  41.898  28.897  11.293 0.0000000000
90108  42.815  28.207  10.993 0.0000000000
90116  42.256  28.222  10.374 0.0000000000
99525  44.507  41.414  -1.151 0.0000000000
99516  45.042  40.912  -0.730 0.0000000000
98889  45.671  40.364  -0.553 0.0000000000
98256  46.308  39.766  -0.488 0.0000000000
99512  48.761  41.499  0.067 0.0000000000
98886  48.500  40.680  -0.160 0.0000000000
98247  49.037  39.929  -0.259 0.0000000000
97671  49.905  37.895  -1.549 0.0000000000
97079  50.337  37.053  -1.933 0.0000000000
97075  50.250  37.367  -0.985 0.0000000000
96464  50.126  37.030  -0.158 0.0000000000
96457  49.767  37.012  0.746 0.0000000000
101553  48.380  44.892  3.154 0.0000000000
101543  49.253  44.652  3.547 0.0000000000
101544  48.605  44.264  3.834 0.0000000000
100820  48.680  43.525  4.154 0.0000000000
123960  48.273  37.635  4.523 0.0000000000
97033  48.967  37.632  4.115 0.0000000000
97048  48.794  37.258  3.657 0.0000000000
96437  48.173  37.017  4.150 0.0000000000
96438  47.770  36.258  4.236 0.0000000000
117079  47.423  35.764  4.222 0.0000000000
95814  46.818  35.338  4.855 0.0000000000
95178  46.703  34.858  6.486 0.0000000000
95172  46.469  34.495  7.888 0.0000000000
95765  43.861  35.590  10.580 0.0000000000
95764  44.827  35.300  10.444 0.0000000000
95135  43.687  34.515  11.504 0.0000000000
105594  38.757  51.555  -9.821 0.0000000000
105061  39.520  50.614  -10.579 0.0000000000
103999  39.993  48.951  -10.911 0.0000000000
103451  39.906  48.324  -10.378 0.0000000000
127423  40.425  47.079  -10.347 0.0000000000
102275  41.022  45.827  -10.254 0.0000000000
105567  40.479  51.074  -5.751 0.0000000000
105018  40.814  50.945  -6.145 0.0000000000
138728  41.772  51.238  -6.222 0.0000000000
103980  46.999  48.632  -9.141 0.0000000000
103429  46.134  48.520  -9.244 0.0000000000
103428  46.617  47.792  -9.262 0.0000000000
102876  45.128  46.332  -9.203 0.0000000000
102272  43.461  45.458  -9.650 0.0000000000
102271  44.849  45.355  -9.685 0.0000000000
101657  45.192  44.239  -10.178 0.0000000000
101001  45.597  43.223  -10.495 0.0000000000
101000  46.209  43.021  -10.132 0.0000000000
100271  46.402  41.999  -9.652 0.0000000000
100262  46.574  42.161  -8.735 0.0000000000
100931  47.082  43.836  -4.284 0.0000000000
100932  46.421  43.331  -5.092 0.0000000000
134176  46.214  43.222  -4.302 0.0000000000
100911  45.606  43.005  -3.852 0.0000000000
100912  44.835  42.909  -3.765 0.0000000000
100894  45.084  42.749  -3.049 0.0000000000
100176  44.924  42.011  -1.636 0.0000000000
97092  44.778  36.863  -2.046 0.0000000000
96494  44.226  35.918  -2.936 0.0000000000
96506  44.697  35.443  -3.771 0.0000000000
95890  44.489  34.539  -4.988 0.0000000000
92498  46.104  30.680  -4.322 0.0000000000
93236  45.469  31.497  -5.247 0.0000000000
92506  45.433  30.549  -4.179 0.0000000000
93221  44.698  30.725  -3.993 0.0000000000
93215  43.607  31.126  -3.008 0.0000000000
93216  43.116  30.887  -2.339 0.0000000000
92494  43.657  30.210  -2.737 0.0000000000
91789  43.005  29.263  -1.946 0.0000000000
91036  42.805  28.672  -1.563 0.0000000000
93863  41.422  32.326  3.576 0.0000000000
93873  42.258  32.520  2.325 0.0000000000
93874  41.770  32.052  2.811 0.0000000000
93183  41.877  31.128  2.616 0.0000000000
92458  42.161  30.275  2.434 0.0000000000
136713  37.789  36.466  -2.660 0.0000000000
96501  38.032  36.078  -3.337 0.0000000000
95871  38.386  35.668  -3.827 0.0000000000
95267  38.892  35.293  -4.235 0.0000000000
95266  39.697  34.832  -4.511 0.0000000000
95254  40.363  34.237  -4.305 0.0000000000
100970  43.570  42.985  -6.160 0.0000000000
100982  42.361  42.939  -7.035 0.0000000000
120272  41.938  43.660  -5.144 0.0000000000
100204  41.509  42.964  -2.922 0.0000000000
98899  39.662  40.508  -1.667 0.0000000000
120679  39.659  47.678  -2.613 0.0000000000
102804  40.829  46.630  -2.264 0.0000000000
127040  41.106  46.152  -1.762 0.0000000000
93138  42.367  31.820  9.900 0.0000000000
93126  42.125  31.146  11.119 0.0000000000
92395  41.800  30.432  11.438 0.0000000000
91670  42.329  29.252  11.893 0.0000000000
91651  43.726  29.780  13.539 0.0000000000
91662  43.336  29.253  12.898 0.0000000000
90902  42.948  28.869  12.215 0.0000000000
137183  44.893  27.898  12.058 0.0000000000
100174  46.474  42.463  -1.368 0.0000000000
100173  47.223  42.813  -1.165 0.0000000000
100163  47.689  42.365  -0.618 0.0000000000
100162  48.568  42.284  -0.196 0.0000000000
100861  48.889  43.707  -0.547 0.0000000000
117790  48.492  42.933  -0.491 0.0000000000
98881  49.363  40.676  1.108 0.0000000000
124060  45.701  42.095  3.634 0.0000000000
99481  46.210  41.437  3.644 0.0000000000
98859  45.851  40.512  3.606 0.0000000000
98212  46.350  38.938  4.030 0.0000000000
97624  45.000  38.378  4.355 0.0000000000
124352  45.993  38.363  4.503 0.0000000000
97034  46.608  37.781  5.142 0.0000000000
97013  46.614  36.919  6.620 0.0000000000
96418  47.067  36.421  7.129 0.0000000000
96419  46.219  36.820  7.559 0.0000000000
135285  44.975  36.173  9.291 0.0000000000
96398  44.416  36.243  8.991 0.0000000000
95775  44.327  35.977  9.776 0.0000000000
95754  42.629  35.038  11.364 0.0000000000
95137  41.751  34.767  11.672 0.0000000000
104521  39.233  49.271  -8.594 0.0000000000
104476  44.509  50.829  -6.084 0.0000000000
105007  44.949  51.574  -6.907 0.0000000000
103955  45.310  49.628  -6.882 0.0000000000
103954  46.050  49.665  -7.761 0.0000000000
103953  46.843  48.929  -8.213 0.0000000000
103407  47.125  47.890  -7.340 0.0000000000
103418  47.249  48.222  -8.318 0.0000000000
103426  47.463  47.608  -8.356 0.0000000000
102862  47.498  46.731  -8.418 0.0000000000
102258  47.265  45.545  -8.410 0.0000000000
101648  47.126  44.311  -8.519 0.0000000000
101642  47.528  44.740  -7.640 0.0000000000
101635  47.665  44.664  -6.707 0.0000000000
101621  47.968  44.976  -4.708 0.0000000000
140700  48.215  36.089  -4.627 0.0000000000
95877  47.177  35.376  -5.051 0.0000000000
95263  47.604  34.801  -5.451 0.0000000000
94608  48.139  33.286  -5.166 0.0000000000
93921  47.613  32.398  -5.438 0.0000000000
94590  47.255  33.165  -2.735 0.0000000000
93916  47.330  31.780  -4.085 0.0000000000
93220  46.709  31.107  -4.305 0.0000000000
92492  46.134  30.524  -3.593 0.0000000000
92484  45.523  30.146  -2.110 0.0000000000
92485  45.104  29.675  -1.473 0.0000000000
90963  39.444  28.946  6.321 0.0000000000
91720  39.792  29.196  5.517 0.0000000000
123016  39.465  28.053  6.640 0.0000000000
94551  37.783  33.193  1.287 0.0000000000
95250  36.923  34.973  -2.247 0.0000000000
95240  37.189  34.557  -1.808 0.0000000000
95239  38.029  34.372  -2.055 0.0000000000
94574  37.473  34.220  -1.020 0.0000000000
94562  38.681  32.992  0.976 0.0000000000
93190  39.076  32.307  1.374 0.0000000000
91768  40.441  29.910  0.267 0.0000000000
98940  41.968  39.103  -9.519 0.0000000000
98306  40.292  38.340  -9.712 0.0000000000
100983  41.481  43.057  -7.249 0.0000000000
140823  40.949  42.763  -7.699 0.0000000000
133593  48.124  46.739  -2.089 0.0000000000
102781  48.452  46.661  -1.404 0.0000000000
102767  48.191  46.652  -0.668 0.0000000000
102162  48.046  46.200  1.120 0.0000000000
102757  46.551  46.081  -0.139 0.0000000000
121990  46.948  45.518  1.322 0.0000000000
101554  47.255  44.708  2.642 0.0000000000
132596  46.623  44.159  2.874 0.0000000000
122182  45.349  42.545  3.450 0.0000000000
99482  45.121  41.305  3.607 0.0000000000
120159  44.222  40.901  3.693 0.0000000000
105553  39.104  51.426  -4.548 0.0000000000
106051  38.852  51.691  -3.608 0.0000000000
140292  40.282  51.076  -5.416 0.0000000000
105561  40.988  51.152  -5.342 0.0000000000
105559  43.053  51.515  -5.775 0.0000000000
105009  43.410  51.194  -5.372 0.0000000000
103923  41.169  48.659  -3.847 0.0000000000
105004  42.454  50.634  -4.832 0.0000000000
104478  42.979  50.240  -5.068 0.0000000000
104477  43.851  50.696  -5.453 0.0000000000
103943  43.908  49.554  -5.683 0.0000000000
103400  44.267  48.320  -5.607 0.0000000000
102830  44.166  47.094  -4.224 0.0000000000
102829  45.243  46.936  -4.356 0.0000000000
102799  47.167  46.774  -3.004 0.0000000000
95208  45.176  34.932  1.821 0.0000000000
117161  44.848  34.728  1.117 0.0000000000
95209  44.370  34.560  1.772 0.0000000000
95201  43.644  34.265  2.229 0.0000000000
130389  42.409  33.588  3.066 0.0000000000
94516  42.254  33.474  5.273 0.0000000000
94519  41.993  33.466  4.474 0.0000000000
94520  41.573  33.056  3.979 0.0000000000
93850  41.138  32.444  4.351 0.0000000000
93156  40.348  31.396  5.278 0.0000000000
92426  39.610  30.509  6.463 0.0000000000
93139  41.523  31.522  9.502 0.0000000000
93140  40.682  31.188  9.168 0.0000000000
93143  40.455  31.395  8.330 0.0000000000
91678  40.731  29.344  10.394 0.0000000000
91685  40.129  29.407  9.783 0.0000000000
92413  39.928  30.675  8.784 0.0000000000
92414  39.450  30.096  8.275 0.0000000000
91699  39.338  29.411  7.697 0.0000000000
126531  39.348  29.625  6.838 0.0000000000
134802  39.717  27.967  8.023 0.0000000000
97678  42.611  38.987  -1.267 0.0000000000
140755  43.951  37.969  -1.284 0.0000000000
98258  44.176  39.303  -0.769 0.0000000000
97676  44.494  38.471  -0.978 0.0000000000
97091  45.754  37.041  -2.256 0.0000000000
98888  46.540  40.574  -0.450 0.0000000000
97662  47.104  39.204  -0.753 0.0000000000
128141  48.116  39.787  -0.474 0.0000000000
97081  47.440  38.109  -2.073 0.0000000000
97102  47.866  37.159  -3.649 0.0000000000
96482  48.867  36.958  -3.922 0.0000000000
95863  49.836  35.462  -3.117 0.0000000000
95235  49.737  34.398  -2.290 0.0000000000
95858  50.039  34.925  -1.880 0.0000000000
95236  49.098  34.580  -1.745 0.0000000000
95225  48.024  34.797  -1.211 0.0000000000
132426  47.122  35.453  0.194 0.0000000000
131564  46.614  35.461  0.842 0.0000000000
102765  49.249  46.458  0.116 0.0000000000
102178  49.506  45.941  0.509 0.0000000000
101567  49.536  45.042  1.966 0.0000000000
128969  49.360  44.859  3.164 0.0000000000
101552  49.507  44.681  3.011 0.0000000000
100841  49.381  43.371  1.895 0.0000000000
100141  49.466  42.570  2.580 0.0000000000
98875  49.471  40.727  2.345 0.0000000000
99480  47.246  41.592  3.803 0.0000000000
99479  48.348  41.831  3.966 0.0000000000
98856  48.858  41.109  3.847 0.0000000000
98210  48.721  39.029  4.260 0.0000000000
138447  49.151  40.381  3.830 0.0000000000
98855  49.145  41.118  3.632 0.0000000000
128833  49.803  39.622  3.437 0.0000000000
98235  50.046  39.273  2.688 0.0000000000
97647  50.057  38.824  1.749 0.0000000000
97646  50.127  38.178  1.807 0.0000000000
97064  49.520  37.182  1.733 0.0000000000
96458  49.160  36.630  1.066 0.0000000000
96451  48.445  36.599  2.493 0.0000000000
96459  48.566  36.463  1.486 0.0000000000
116615  48.119  36.153  0.952 0.0000000000
95839  46.750  35.577  1.616 0.0000000000
95831  46.074  35.270  2.156 0.0000000000
95199  45.370  34.970  2.584 0.0000000000
95188  45.375  34.868  3.432 0.0000000000
95185  44.657  34.400  4.672 0.0000000000
95184  45.577  34.517  5.148 0.0000000000
95180  44.930  34.227  5.606 0.0000000000
94514  44.309  33.863  6.116 0.0000000000
94506  44.190  33.207  7.778 0.0000000000
95799  46.899  35.970  7.964 0.0000000000
95169  46.811  35.185  8.261 0.0000000000
94500  46.076  34.129  8.265 0.0000000000
95162  45.601  34.740  9.993 0.0000000000
120454  44.924  33.385  8.831 0.0000000000
93831  43.645  32.647  9.313 0.0000000000
92371  43.139  31.095  13.241 0.0000000000
104013  41.065  48.746  -12.303 0.0000000000
104007  40.506  48.477  -11.542 0.0000000000
103464  40.887  47.925  -12.024 0.0000000000
121739  41.184  47.230  -12.411 0.0000000000
101686  41.243  45.136  -12.153 0.0000000000
133323  41.303  44.511  -12.015 0.0000000000
101023  41.588  43.278  -11.786 0.0000000000
104513  39.430  49.344  -7.830 0.0000000000
103985  39.800  48.557  -8.159 0.0000000000
105029  44.798  51.669  -7.433 0.0000000000
128558  44.202  51.175  -7.785 0.0000000000
122738  45.009  48.556  -8.873 0.0000000000
103420  41.129  47.963  -7.846 0.0000000000
103433  40.737  47.384  -8.404 0.0000000000
102869  41.134  46.682  -8.879 0.0000000000
102878  41.321  46.073  -9.605 0.0000000000
102274  41.659  45.390  -10.153 0.0000000000
101659  43.078  44.684  -10.206 0.0000000000
101660  42.213  44.707  -10.368 0.0000000000
135469  42.067  44.255  -10.670 0.0000000000
101014  41.966  43.721  -11.090 0.0000000000
100283  42.043  42.785  -11.516 0.0000000000
100282  42.607  41.659  -11.576 0.0000000000
99595  43.710  40.497  -11.310 0.0000000000
98937  44.746  39.332  -10.173 0.0000000000
100280  45.549  41.067  -10.807 0.0000000000
99586  45.457  39.995  -9.989 0.0000000000
98927  44.916  39.528  -9.484 0.0000000000
99574  44.542  40.254  -8.635 0.0000000000
100251  43.949  42.007  -7.334 0.0000000000
100981  47.165  43.483  -7.782 0.0000000000
119115  46.695  42.474  -7.857 0.0000000000
100249  46.354  42.245  -7.309 0.0000000000
100234  46.247  42.679  -6.647 0.0000000000
100250  46.085  41.902  -7.596 0.0000000000
99552  45.548  41.843  -7.421 0.0000000000
100236  45.135  42.346  -6.694 0.0000000000
100237  44.216  42.514  -6.729 0.0000000000
100956  43.867  43.084  -5.498 0.0000000000
100935  43.686  43.160  -4.633 0.0000000000
100202  43.416  42.809  -2.947 0.0000000000
100201  44.301  42.705  -3.029 0.0000000000
99527  42.700  41.672  -1.671 0.0000000000
98896  42.505  40.760  -1.292 0.0000000000
97094  41.798  37.260  -2.318 0.0000000000
96497  41.335  36.181  -3.754 0.0000000000
96495  42.974  35.902  -3.028 0.0000000000
96496  42.056  36.083  -3.417 0.0000000000
96509  41.130  35.802  -4.337 0.0000000000
95883  40.924  35.376  -4.671 0.0000000000
95265  40.711  34.710  -4.806 0.0000000000
94612  41.123  33.933  -4.464 0.0000000000
95889  45.651  34.559  -5.284 0.0000000000
95274  45.069  34.052  -5.629 0.0000000000
95275  43.958  34.098  -5.332 0.0000000000
93923  44.794  32.008  -5.109 0.0000000000
94620  43.998  33.557  -5.443 0.0000000000
119918  43.391  33.864  -5.219 0.0000000000
94610  42.761  33.433  -4.572 0.0000000000
135199  41.619  33.666  -4.328 0.0000000000
94593  41.460  33.458  -2.690 0.0000000000
93905  41.944  32.325  -1.384 0.0000000000
93209  42.135  31.204  -1.141 0.0000000000
92486  42.634  30.525  -1.723 0.0000000000
92480  41.584  30.763  -0.554 0.0000000000
91775  41.431  29.676  -0.584 0.0000000000
127856  44.682  34.380  0.561 0.0000000000
94570  44.668  33.325  -0.378 0.0000000000
93897  44.622  32.267  -0.558 0.0000000000
93882  43.209  32.634  1.092 0.0000000000
93890  43.654  31.895  0.536 0.0000000000
93195  44.255  31.472  -0.079 0.0000000000
130859  44.689  30.723  -0.522 0.0000000000
92479  44.823  29.951  -0.671 0.0000000000
91774  44.684  29.222  -0.909 0.0000000000
91729  40.314  29.648  4.771 0.0000000000
121143  41.371  29.996  3.402 0.0000000000
91749  41.867  29.583  2.798 0.0000000000
90995  41.844  28.675  2.914 0.0000000000
123584  42.309  28.896  2.409 0.0000000000
91759  43.024  29.436  1.533 0.0000000000
91758  43.499  29.456  1.024 0.0000000000
91767  43.898  28.997  0.506 0.0000000000
91034  44.286  28.674  -1.211 0.0000000000
91026  43.707  28.286  -0.779 0.0000000000
90248  42.954  28.117  -1.126 0.0000000000
92350  47.037  30.206  14.974 0.0000000000
91647  47.331  29.748  14.135 0.0000000000
140175  46.930  29.279  13.965 0.0000000000
90126  41.011  28.056  9.250 0.0000000000
90140  40.014  27.692  8.359 0.0000000000
90910  43.285  28.339  11.694 0.0000000000
90919  42.191  28.458  11.005 0.0000000000
90921  40.997  28.857  10.399 0.0000000000
90932  40.080  28.700  9.397 0.0000000000
90944  39.470  28.586  7.929 0.0000000000
90962  39.672  28.280  5.783 0.0000000000
90984  41.334  28.387  3.557 0.0000000000
91015  44.223  28.772  -0.367 0.0000000000
91035  43.591  28.537  -1.484 0.0000000000
91627  46.532  29.677  14.505 0.0000000000
91661  46.824  28.886  13.431 0.0000000000
91677  41.290  29.180  10.888 0.0000000000
91686  39.752  29.097  9.149 0.0000000000
91748  42.511  29.490  2.154 0.0000000000
91793  45.023  29.784  -2.921 0.0000000000
92407  40.297  30.393  9.690 0.0000000000
92418  39.447  30.305  7.372 0.0000000000
92437  39.782  30.388  5.787 0.0000000000
92473  43.850  30.005  0.639 0.0000000000
92493  45.627  30.030  -2.896 0.0000000000
93132  41.676  31.223  10.334 0.0000000000
93133  40.974  31.025  9.837 0.0000000000
93142  41.307  31.745  8.699 0.0000000000
93144  39.767  30.915  7.894 0.0000000000
93147  39.771  31.076  7.039 0.0000000000
93149  40.268  31.589  5.950 0.0000000000
93157  39.942  30.979  5.822 0.0000000000
93169  40.575  31.170  4.567 0.0000000000
93176  41.421  31.433  3.298 0.0000000000
93189  42.773  30.997  1.539 0.0000000000
93202  44.781  31.342  -0.706 0.0000000000
93214  45.990  30.649  -2.796 0.0000000000
93225  47.157  31.790  -5.559 0.0000000000
93226  46.643  31.255  -5.111 0.0000000000
93227  45.890  30.947  -4.914 0.0000000000
93229  44.296  31.820  -4.262 0.0000000000
93235  46.081  31.537  -5.580 0.0000000000
93825  43.119  32.237  10.338 0.0000000000
93838  40.849  32.174  7.028 0.0000000000
93842  41.128  32.596  5.616 0.0000000000
93851  40.711  31.895  4.765 0.0000000000
93862  41.898  32.991  3.091 0.0000000000
93883  42.685  32.056  1.644 0.0000000000
93902  45.696  32.234  -1.797 0.0000000000
93922  47.328  31.688  -4.907 0.0000000000
93932  45.360  32.155  -5.735 0.0000000000
93933  44.488  32.863  -5.620 0.0000000000
94501  45.888  34.127  9.083 0.0000000000
94503  43.352  32.808  8.014 0.0000000000
94528  42.185  33.559  3.757 0.0000000000
94539  42.908  33.942  2.649 0.0000000000
94559  44.321  33.782  0.345 0.0000000000
94569  45.394  33.779  -0.834 0.0000000000
94585  37.929  34.224  -1.354 0.0000000000
94588  49.332  33.887  -3.439 0.0000000000
94591  46.367  32.767  -2.312 0.0000000000
94601  48.662  33.414  -4.210 0.0000000000
94602  47.827  32.700  -3.651 0.0000000000
94603  42.156  33.463  -4.057 0.0000000000
94604  41.552  33.561  -3.724 0.0000000000
94609  43.531  33.322  -5.122 0.0000000000
94611  41.915  33.880  -4.659 0.0000000000
94616  47.521  33.234  -5.837 0.0000000000
94617  46.809  33.363  -6.168 0.0000000000
94618  46.125  33.043  -6.354 0.0000000000
94621  42.711  33.872  -4.993 0.0000000000
95170  46.451  34.766  8.689 0.0000000000
95219  44.198  34.249  0.996 0.0000000000
95262  48.462  34.412  -4.982 0.0000000000
95271  47.820  34.010  -5.528 0.0000000000
95276  42.929  34.331  -4.959 0.0000000000
95818  47.227  35.667  3.355 0.0000000000
95838  47.501  35.948  1.848 0.0000000000
95847  47.350  35.834  0.982 0.0000000000
95868  49.463  35.084  -3.960 0.0000000000
95869  48.773  35.920  -4.570 0.0000000000
95870  47.558  36.042  -4.561 0.0000000000
95876  48.158  35.534  -4.990 0.0000000000
95878  46.273  35.081  -4.844 0.0000000000
95888  46.667  34.705  -5.459 0.0000000000
95892  42.256  34.896  -4.770 0.0000000000
96430  47.484  36.221  5.687 0.0000000000
96485  44.251  36.493  -2.335 0.0000000000
96486  38.540  36.695  -2.924 0.0000000000
96490  49.281  36.320  -4.112 0.0000000000
96491  48.311  36.557  -4.327 0.0000000000
96492  46.646  36.037  -4.011 0.0000000000
96500  38.741  36.322  -3.672 0.0000000000
96505  45.889  35.483  -4.192 0.0000000000
96508  41.830  35.703  -4.110 0.0000000000
97032  49.542  38.097  4.137 0.0000000000
97057  49.502  37.423  2.745 0.0000000000
97069  50.187  37.613  0.427 0.0000000000
97074  50.229  37.663  -0.324 0.0000000000
97096  40.397  37.310  -2.664 0.0000000000
97104  41.520  36.623  -2.991 0.0000000000
97673  48.277  38.399  -1.826 0.0000000000
97679  41.682  38.854  -1.635 0.0000000000
98215  43.580  39.364  3.794 0.0000000000
98224  49.351  39.578  4.038 0.0000000000
98304  43.393  38.672  -10.365 0.0000000000
98857  47.869  40.923  3.815 0.0000000000
98869  49.386  40.707  3.368 0.0000000000
98948  44.047  38.990  -10.467 0.0000000000
98949  43.602  39.394  -11.033 0.0000000000
99535  41.361  41.977  -2.093 0.0000000000
99553  44.776  41.946  -7.187 0.0000000000
99593  45.058  40.035  -10.608 0.0000000000
99594  44.424  39.658  -10.797 0.0000000000
100120  49.666  42.858  4.057 0.0000000000
100122  48.607  42.696  4.184 0.0000000000
100123  47.477  42.974  3.819 0.0000000000
100272  46.042  42.091  -10.521 0.0000000000
100822  44.652  42.683  3.320 0.0000000000
100971  42.668  43.227  -6.341 0.0000000000
101542  49.524  44.243  3.703 0.0000000000
101583  49.564  45.302  -0.060 0.0000000000
101656  46.239  43.880  -9.722 0.0000000000
102160  49.401  45.751  1.444 0.0000000000
102161  49.135  45.974  1.760 0.0000000000
102196  44.735  45.618  -0.445 0.0000000000
102234  48.287  46.840  -4.144 0.0000000000
102263  41.897  45.776  -9.600 0.0000000000
102283  41.032  45.634  -10.870 0.0000000000
102298  41.196  45.837  -12.225 0.0000000000
102754  49.033  46.580  0.455 0.0000000000
102766  48.876  46.664  -0.420 0.0000000000
102779  49.177  46.483  -0.572 0.0000000000
102877  44.117  46.207  -9.186 0.0000000000
103378  43.239  47.277  -4.110 0.0000000000
103398  47.184  47.363  -6.415 0.0000000000
103409  44.954  48.623  -6.280 0.0000000000
103432  41.572  47.271  -8.209 0.0000000000
103434  40.066  47.781  -8.814 0.0000000000
103450  40.111  47.728  -10.280 0.0000000000
103459  40.515  47.742  -11.349 0.0000000000
103964  47.031  49.022  -8.865 0.0000000000
103965  46.320  49.732  -8.519 0.0000000000
103984  40.392  47.977  -8.111 0.0000000000
103992  39.614  48.804  -10.019 0.0000000000
104489  45.443  50.888  -7.472 0.0000000000
104490  45.032  50.698  -6.683 0.0000000000
104500  45.815  50.759  -8.140 0.0000000000
104502  45.204  51.488  -7.979 0.0000000000
104543  41.614  49.235  -12.845 0.0000000000
105017  43.440  51.682  -6.468 0.0000000000
105043  38.415  50.620  -8.305 0.0000000000
105071  40.021  50.826  -11.199 0.0000000000
105560  42.073  51.353  -5.557 0.0000000000
105566  41.472  51.299  -5.906 0.0000000000
105583  38.931  50.821  -9.835 0.0000000000
106071  38.383  52.114  -9.474 0.0000000000
117647  45.900  47.139  -9.311 0.0000000000
119934  45.331  32.876  -6.114 0.0000000000
120289  40.902  29.852  3.959 0.0000000000
120511  48.781  46.021  1.815 0.0000000000
120695  47.949  35.363  -0.434 0.0000000000
120859  41.432  38.283  -10.026 0.0000000000
120965  47.456  29.347  13.427 0.0000000000
122062  42.155  42.570  -7.585 0.0000000000
122971  45.619  46.201  -2.293 0.0000000000
123480  49.396  40.025  3.671 0.0000000000
124561  47.971  47.097  -3.352 0.0000000000
124752  45.459  33.497  -6.034 0.0000000000
124849  47.816  46.683  -1.531 0.0000000000
125921  39.340  28.729  7.153 0.0000000000
126588  44.221  30.422  -3.331 0.0000000000
128194  40.938  32.429  4.995 0.0000000000
128786  41.416  43.759  -12.307 0.0000000000
129860  39.539  27.931  7.414 0.0000000000
131691  47.688  44.602  -6.008 0.0000000000
131840  43.466  39.442  -9.289 0.0000000000
131955  42.811  33.889  4.561 0.0000000000
132752  47.021  45.959  0.589 0.0000000000
132778  40.330  47.536  -10.781 0.0000000000
132995  39.216  52.961  -10.499 0.0000000000
133124  43.822  36.762  7.145 0.0000000000
133800  40.064  51.133  -4.945 0.0000000000
134030  39.687  36.114  -4.411 0.0000000000
134114  40.771  47.305  -11.734 0.0000000000
135048  49.520  44.259  2.349 0.0000000000
135280  47.209  48.349  -8.854 0.0000000000
135483  45.557  51.097  -8.133 0.0000000000
136682  39.873  29.944  5.449 0.0000000000
136721  40.599  50.023  -11.820 0.0000000000
137093  40.528  47.117  -9.050 0.0000000000
137916  41.258  39.431  -1.653 0.0000000000
138032  39.620  52.906  -10.874 0.0000000000
138505  47.361  36.115  6.711 0.0000000000
139775  46.099  34.839  4.782 0.0000000000
140706  44.819  34.782  2.204 0.0000000000
