#!ascii label  , from subject sub-v2s16x51215_ses-1 vox2ras=TkReg
1444
119193  -40.529  -10.575  34.629 0.0000000000
63968  -51.306  3.235  31.511 0.0000000000
57345  -45.466  -4.154  32.775 0.0000000000
30808  -11.226  -33.075  48.608 0.0000000000
51082  -34.821  -10.569  39.145 0.0000000000
39751  -24.195  -23.416  54.236 0.0000000000
43285  -33.107  -18.816  51.880 0.0000000000
44313  -38.608  -18.261  45.282 0.0000000000
48248  -39.246  -14.439  45.300 0.0000000000
36348  -19.084  -27.187  48.151 0.0000000000
36285  -21.116  -27.233  55.539 0.0000000000
38965  -22.236  -24.597  48.033 0.0000000000
113856  -28.692  -19.347  46.431 0.0000000000
129787  -33.290  -18.178  46.381 0.0000000000
51030  -41.499  -11.637  42.439 0.0000000000
52011  -44.880  -10.879  38.972 0.0000000000
61081  -48.334  -0.324  32.573 0.0000000000
53857  -43.501  -8.199  33.128 0.0000000000
124237  -51.008  2.022  26.180 0.0000000000
27440  -8.799  -36.748  47.208 0.0000000000
51949  -38.306  -9.915  44.564 0.0000000000
52049  -37.219  -10.793  36.716 0.0000000000
132686  -24.852  -21.596  47.727 0.0000000000
42434  -28.320  -20.547  52.197 0.0000000000
54619  -47.705  -7.778  37.339 0.0000000000
62141  -58.358  0.573  22.622 0.0000000000
45297  -36.088  -17.124  43.905 0.0000000000
46290  -37.724  -16.110  42.792 0.0000000000
37230  -21.030  -26.194  48.261 0.0000000000
45276  -31.340  -17.966  44.008 0.0000000000
45295  -33.461  -17.410  43.507 0.0000000000
44300  -36.622  -18.179  46.606 0.0000000000
51099  -40.432  -11.637  37.848 0.0000000000
114463  -42.992  -11.839  40.646 0.0000000000
51119  -42.706  -10.830  36.898 0.0000000000
63014  -49.318  1.767  32.711 0.0000000000
118989  -51.216  -0.719  34.564 0.0000000000
117158  -54.301  3.804  30.081 0.0000000000
31751  -11.522  -32.687  44.936 0.0000000000
29087  -9.896  -35.050  47.688 0.0000000000
50115  -37.313  -12.493  42.543 0.0000000000
51006  -38.081  -11.698  45.159 0.0000000000
51972  -36.398  -9.693  41.892 0.0000000000
52904  -37.759  -9.140  40.798 0.0000000000
52022  -35.807  -9.354  38.135 0.0000000000
133634  -22.575  -25.509  54.998 0.0000000000
37142  -20.897  -25.853  58.841 0.0000000000
38828  -22.815  -24.598  57.255 0.0000000000
39737  -25.240  -22.906  56.751 0.0000000000
41664  -23.507  -21.137  45.030 0.0000000000
42520  -25.819  -21.028  44.026 0.0000000000
43324  -31.104  -18.695  49.080 0.0000000000
42473  -28.304  -20.030  49.458 0.0000000000
43282  -30.398  -19.492  51.309 0.0000000000
135296  -30.254  -20.608  54.947 0.0000000000
34548  -14.354  -28.873  48.144 0.0000000000
34517  -14.724  -29.673  51.666 0.0000000000
137368  -13.464  -31.046  53.933 0.0000000000
55501  -44.633  -6.244  32.901 0.0000000000
53825  -45.913  -8.508  34.915 0.0000000000
55484  -47.351  -6.412  34.736 0.0000000000
62159  -60.684  0.373  20.635 0.0000000000
29919  -9.223  -34.398  50.535 0.0000000000
44279  -40.527  -18.742  48.519 0.0000000000
46207  -39.856  -15.973  48.389 0.0000000000
132512  -39.814  -16.312  45.730 0.0000000000
47286  -38.231  -14.853  42.334 0.0000000000
35453  -18.464  -28.416  50.837 0.0000000000
117637  -19.079  -28.741  54.887 0.0000000000
36312  -20.498  -27.661  51.860 0.0000000000
37204  -21.947  -26.422  52.374 0.0000000000
38911  -22.882  -23.976  51.747 0.0000000000
42535  -27.128  -19.985  43.942 0.0000000000
44333  -28.488  -18.424  43.498 0.0000000000
114867  -30.914  -18.360  45.821 0.0000000000
44275  -33.210  -18.489  48.469 0.0000000000
116535  -36.325  -18.696  48.833 0.0000000000
43327  -38.559  -19.869  48.067 0.0000000000
36366  -17.409  -27.308  46.818 0.0000000000
50998  -42.073  -11.304  45.190 0.0000000000
52853  -45.099  -9.332  47.565 0.0000000000
134221  -44.038  -11.037  44.733 0.0000000000
51032  -45.382  -11.452  42.328 0.0000000000
59197  -46.818  -1.961  32.367 0.0000000000
57298  -48.851  -4.499  34.789 0.0000000000
58257  -50.206  -2.993  34.847 0.0000000000
113934  -7.434  -44.208  48.015 0.0000000000
52981  -41.524  -9.555  33.509 0.0000000000
56409  -42.204  -5.369  30.950 0.0000000000
59206  -44.574  -2.075  31.807 0.0000000000
61105  -45.599  -0.192  30.742 0.0000000000
62050  -47.426  0.916  30.445 0.0000000000
63037  -49.957  1.749  29.385 0.0000000000
64000  -51.743  2.195  28.213 0.0000000000
63069  -48.929  1.417  26.315 0.0000000000
28251  -7.408  -36.080  50.049 0.0000000000
26540  -6.874  -39.048  48.728 0.0000000000
23617  -6.956  -41.580  48.911 0.0000000000
51891  -40.971  -10.425  50.650 0.0000000000
49164  -39.171  -13.518  48.828 0.0000000000
131083  -39.039  -11.519  47.986 0.0000000000
51926  -40.158  -10.543  47.051 0.0000000000
51962  -39.562  -9.875  43.182 0.0000000000
51070  -39.343  -11.260  39.023 0.0000000000
51116  -38.781  -11.300  36.100 0.0000000000
120184  -18.825  -28.312  58.538 0.0000000000
40726  -23.294  -22.108  48.299 0.0000000000
40691  -24.426  -22.216  50.445 0.0000000000
42494  -26.902  -20.824  46.943 0.0000000000
42458  -26.546  -21.165  50.102 0.0000000000
40658  -25.941  -22.192  53.672 0.0000000000
41559  -27.698  -21.663  55.498 0.0000000000
32640  -12.501  -31.484  45.906 0.0000000000
34559  -13.535  -29.973  46.988 0.0000000000
32610  -12.691  -31.415  49.631 0.0000000000
52071  -44.147  -9.822  35.792 0.0000000000
52923  -46.558  -9.634  38.155 0.0000000000
52906  -48.757  -9.142  41.078 0.0000000000
55444  -49.075  -5.950  38.075 0.0000000000
64003  -53.661  2.996  27.714 0.0000000000
64923  -55.776  3.586  26.717 0.0000000000
64040  -58.160  3.917  25.210 0.0000000000
63111  -56.622  1.189  23.517 0.0000000000
120713  -60.281  2.297  24.173 0.0000000000
46287  -34.403  -16.635  42.467 0.0000000000
117950  -34.879  -16.244  41.967 0.0000000000
46327  -33.934  -15.984  40.906 0.0000000000
46285  -32.136  -17.200  42.245 0.0000000000
45316  -33.475  -17.014  42.727 0.0000000000
117209  -35.203  -17.221  43.895 0.0000000000
51117  -40.769  -11.258  36.421 0.0000000000
115227  -42.027  -11.520  38.022 0.0000000000
52068  -41.413  -10.864  35.929 0.0000000000
63967  -50.421  2.967  31.838 0.0000000000
63003  -50.784  2.030  33.587 0.0000000000
137304  -51.805  3.099  32.824 0.0000000000
63970  -53.082  3.594  32.171 0.0000000000
64864  -52.801  3.605  31.298 0.0000000000
31736  -11.592  -32.871  46.919 0.0000000000
29972  -10.894  -34.024  46.494 0.0000000000
30807  -10.662  -33.873  48.313 0.0000000000
134432  -35.830  -11.810  40.461 0.0000000000
51041  -36.661  -11.685  42.108 0.0000000000
51056  -35.551  -10.703  40.829 0.0000000000
52008  -35.438  -8.771  39.381 0.0000000000
52021  -34.830  -9.194  38.763 0.0000000000
33482  -16.269  -30.027  54.803 0.0000000000
38856  -23.216  -24.291  54.401 0.0000000000
38836  -22.860  -24.786  56.290 0.0000000000
135680  -23.624  -23.925  55.413 0.0000000000
39720  -24.027  -23.689  57.166 0.0000000000
39743  -24.261  -23.476  55.317 0.0000000000
120811  -31.591  -18.782  50.196 0.0000000000
43296  -30.403  -19.249  50.510 0.0000000000
43283  -31.346  -19.243  51.536 0.0000000000
42437  -31.171  -19.746  52.977 0.0000000000
35438  -16.850  -28.853  51.208 0.0000000000
34498  -15.968  -29.721  53.208 0.0000000000
33491  -15.147  -30.019  53.274 0.0000000000
52799  -43.142  -9.474  50.657 0.0000000000
56377  -44.915  -4.867  32.649 0.0000000000
55493  -46.024  -6.200  33.835 0.0000000000
56365  -46.242  -5.375  33.648 0.0000000000
122903  -39.912  -18.678  46.782 0.0000000000
45254  -40.183  -17.394  47.111 0.0000000000
45268  -39.363  -17.714  45.174 0.0000000000
47270  -38.105  -15.481  42.504 0.0000000000
48291  -37.171  -14.585  41.209 0.0000000000
48304  -37.166  -13.971  40.950 0.0000000000
36336  -18.578  -27.722  49.388 0.0000000000
35454  -19.348  -28.167  51.001 0.0000000000
36323  -19.720  -27.675  50.303 0.0000000000
130749  -21.957  -25.252  48.109 0.0000000000
37211  -21.645  -26.126  50.204 0.0000000000
38083  -22.114  -25.608  50.195 0.0000000000
118164  -22.451  -25.287  51.291 0.0000000000
39803  -22.540  -24.309  50.224 0.0000000000
129850  -27.603  -18.327  42.179 0.0000000000
44323  -32.356  -18.172  44.985 0.0000000000
114351  -30.718  -18.100  44.595 0.0000000000
115207  -32.420  -18.269  45.862 0.0000000000
44285  -32.205  -18.475  47.719 0.0000000000
114477  -33.597  -18.389  47.970 0.0000000000
44262  -34.740  -18.495  49.223 0.0000000000
44298  -34.863  -18.105  47.124 0.0000000000
44301  -37.582  -18.473  46.322 0.0000000000
43336  -37.947  -19.186  47.650 0.0000000000
118171  -38.982  -19.195  46.548 0.0000000000
43329  -40.268  -19.620  48.291 0.0000000000
36367  -18.215  -27.138  46.945 0.0000000000
51016  -41.505  -11.572  43.361 0.0000000000
50999  -43.182  -11.154  45.127 0.0000000000
51031  -42.375  -11.708  42.847 0.0000000000
51060  -44.412  -11.475  40.221 0.0000000000
51046  -44.302  -11.605  41.426 0.0000000000
51047  -45.221  -11.475  41.426 0.0000000000
51048  -46.103  -11.340  41.809 0.0000000000
51998  -45.977  -10.978  40.125 0.0000000000
60135  -48.084  -1.294  32.568 0.0000000000
59182  -48.742  -2.612  33.279 0.0000000000
60122  -49.553  -1.409  33.261 0.0000000000
61045  -52.780  -0.575  35.470 0.0000000000
60154  -44.890  -0.653  31.137 0.0000000000
61104  -44.758  -0.198  30.414 0.0000000000
62064  -46.836  0.562  29.101 0.0000000000
132016  -47.596  0.690  28.808 0.0000000000
62066  -48.930  1.361  29.401 0.0000000000
62085  -48.866  0.906  28.463 0.0000000000
123879  -49.568  1.008  27.764 0.0000000000
29136  -9.776  -35.772  45.861 0.0000000000
26555  -8.232  -38.368  46.532 0.0000000000
29912  -7.341  -34.811  52.357 0.0000000000
29062  -7.923  -35.422  50.426 0.0000000000
28236  -6.188  -36.141  51.330 0.0000000000
26528  -6.125  -38.134  50.350 0.0000000000
124502  -6.560  -39.835  50.544 0.0000000000
25634  -6.757  -39.849  49.236 0.0000000000
123814  -7.220  -41.318  50.480 0.0000000000
22604  -7.756  -42.809  49.956 0.0000000000
136295  -39.750  -14.825  46.468 0.0000000000
120875  -39.383  -14.534  48.923 0.0000000000
49186  -39.217  -13.566  46.671 0.0000000000
51005  -37.802  -10.953  44.745 0.0000000000
50990  -38.558  -11.223  46.406 0.0000000000
51924  -38.761  -10.595  46.124 0.0000000000
51915  -39.715  -10.562  47.617 0.0000000000
51937  -39.230  -10.325  45.781 0.0000000000
51951  -39.698  -10.313  44.969 0.0000000000
52872  -38.943  -9.559  43.545 0.0000000000
136335  -37.712  -10.257  38.410 0.0000000000
51997  -38.785  -10.068  40.537 0.0000000000
132594  -38.257  -10.927  37.969 0.0000000000
51097  -38.761  -11.389  37.466 0.0000000000
51115  -37.907  -11.132  36.273 0.0000000000
35405  -19.887  -28.262  54.785 0.0000000000
35397  -19.220  -28.385  56.393 0.0000000000
36274  -19.901  -27.763  56.832 0.0000000000
117058  -24.583  -21.371  46.165 0.0000000000
41636  -23.613  -21.636  47.119 0.0000000000
40746  -23.933  -21.714  47.891 0.0000000000
40708  -23.571  -22.368  49.490 0.0000000000
41619  -24.730  -21.895  49.293 0.0000000000
43356  -28.054  -19.527  45.109 0.0000000000
42511  -27.261  -20.379  45.702 0.0000000000
42503  -28.018  -19.812  46.828 0.0000000000
42460  -28.233  -20.235  50.756 0.0000000000
42472  -27.623  -20.452  49.336 0.0000000000
42459  -27.437  -20.694  50.703 0.0000000000
41599  -26.397  -21.443  51.462 0.0000000000
128538  -27.250  -21.272  52.995 0.0000000000
41572  -26.915  -21.669  53.875 0.0000000000
41579  -27.805  -21.200  53.642 0.0000000000
43289  -37.127  -19.719  51.318 0.0000000000
115751  -13.838  -29.431  47.742 0.0000000000
136165  -13.437  -30.290  48.731 0.0000000000
33572  -13.133  -30.862  48.365 0.0000000000
32552  -12.500  -31.741  55.518 0.0000000000
53834  -42.263  -8.737  32.881 0.0000000000
52090  -43.092  -9.749  35.031 0.0000000000
52965  -44.212  -9.171  34.715 0.0000000000
53813  -47.084  -8.405  36.017 0.0000000000
52941  -46.339  -9.338  36.433 0.0000000000
53798  -47.041  -8.946  37.889 0.0000000000
52915  -47.474  -9.212  39.423 0.0000000000
53782  -47.973  -8.447  39.450 0.0000000000
57284  -49.752  -4.629  36.135 0.0000000000
56317  -49.285  -5.272  36.360 0.0000000000
56305  -49.692  -5.247  37.878 0.0000000000
63071  -51.136  1.846  26.887 0.0000000000
133714  -52.384  2.447  27.952 0.0000000000
63072  -51.770  2.275  26.245 0.0000000000
126063  -54.183  2.781  25.412 0.0000000000
115345  -55.006  2.967  25.490 0.0000000000
64025  -56.597  3.414  25.513 0.0000000000
64056  -56.571  2.917  25.016 0.0000000000
63125  -57.316  1.323  21.580 0.0000000000
63120  -55.695  1.491  22.397 0.0000000000
62136  -58.006  0.751  23.355 0.0000000000
63113  -58.511  1.202  23.922 0.0000000000
63114  -59.598  1.407  23.779 0.0000000000
115360  -60.944  0.738  22.977 0.0000000000
125603  -62.818  -0.394  21.873 0.0000000000
45281  -37.612  -17.537  44.340 0.0000000000
45282  -38.536  -17.368  44.307 0.0000000000
46270  -36.395  -16.725  43.165 0.0000000000
46289  -36.484  -15.792  42.016 0.0000000000
37237  -20.363  -26.553  47.885 0.0000000000
45314  -31.319  -17.408  42.523 0.0000000000
45294  -32.579  -17.686  43.571 0.0000000000
115634  -33.852  -17.793  45.002 0.0000000000
45258  -35.115  -17.843  46.317 0.0000000000
45278  -34.690  -17.511  44.672 0.0000000000
45279  -35.713  -17.415  44.687 0.0000000000
135605  -41.340  -11.879  40.100 0.0000000000
114466  -42.477  -11.866  41.355 0.0000000000
114459  -41.857  -11.879  39.644 0.0000000000
51086  -42.578  -11.481  38.480 0.0000000000
51087  -43.361  -11.149  38.154 0.0000000000
62028  -48.978  1.087  32.758 0.0000000000
118780  -49.983  -0.016  33.558 0.0000000000
62021  -50.338  1.113  33.675 0.0000000000
136290  -52.267  0.628  34.706 0.0000000000
114879  -55.196  3.892  29.705 0.0000000000
29137  -10.214  -35.035  46.138 0.0000000000
29110  -9.660  -35.547  47.251 0.0000000000
49221  -37.897  -13.239  42.966 0.0000000000
50096  -38.316  -12.669  44.854 0.0000000000
50104  -37.509  -12.203  43.505 0.0000000000
51014  -37.335  -10.981  43.886 0.0000000000
51961  -37.314  -10.030  43.563 0.0000000000
52879  -37.934  -9.301  42.373 0.0000000000
52890  -36.428  -9.029  41.228 0.0000000000
52009  -36.543  -8.784  39.677 0.0000000000
52035  -36.736  -10.269  37.318 0.0000000000
118744  -21.612  -26.666  55.867 0.0000000000
36266  -20.910  -26.831  57.189 0.0000000000
37164  -22.044  -26.011  56.275 0.0000000000
37996  -21.591  -25.454  58.256 0.0000000000
39698  -25.085  -23.308  58.681 0.0000000000
41665  -24.511  -21.228  44.758 0.0000000000
41646  -25.356  -21.371  46.352 0.0000000000
43335  -29.948  -18.785  47.502 0.0000000000
43333  -28.744  -19.588  48.151 0.0000000000
43322  -29.425  -19.291  48.577 0.0000000000
121611  -29.248  -19.606  50.082 0.0000000000
114021  -29.089  -20.220  52.159 0.0000000000
42424  -29.032  -20.655  53.545 0.0000000000
42436  -30.326  -20.057  52.908 0.0000000000
35482  -16.039  -27.924  47.867 0.0000000000
35471  -15.427  -28.239  48.387 0.0000000000
34527  -14.406  -29.641  50.917 0.0000000000
33501  -13.458  -30.741  52.514 0.0000000000
33490  -14.410  -30.383  53.354 0.0000000000
54662  -44.117  -6.887  32.667 0.0000000000
53836  -44.621  -8.149  33.918 0.0000000000
119200  -44.973  -7.381  33.690 0.0000000000
131272  -46.993  -7.326  34.949 0.0000000000
55457  -47.875  -7.095  35.943 0.0000000000
63093  -50.687  2.257  24.921 0.0000000000
63083  -51.232  2.189  25.531 0.0000000000
64052  -51.016  2.354  24.094 0.0000000000
62156  -58.097  1.090  21.170 0.0000000000
134356  -59.630  0.330  21.788 0.0000000000
63135  -58.539  1.344  20.422 0.0000000000
62173  -60.130  0.703  20.001 0.0000000000
31709  -11.046  -32.992  50.053 0.0000000000
118371  -10.478  -33.504  49.892 0.0000000000
117809  -40.088  -17.295  50.152 0.0000000000
46208  -40.095  -16.790  48.550 0.0000000000
46221  -40.108  -16.665  47.667 0.0000000000
47240  -39.392  -15.308  44.787 0.0000000000
46256  -39.099  -16.740  44.254 0.0000000000
47254  -39.075  -15.382  43.958 0.0000000000
48272  -38.796  -14.659  43.574 0.0000000000
123734  -37.642  -13.472  42.072 0.0000000000
50140  -36.339  -12.731  40.380 0.0000000000
35427  -18.051  -29.028  52.363 0.0000000000
119051  -17.835  -29.383  54.050 0.0000000000
35428  -18.712  -28.858  52.684 0.0000000000
35420  -19.729  -28.447  53.251 0.0000000000
36299  -20.749  -27.682  53.511 0.0000000000
36325  -20.728  -27.123  51.035 0.0000000000
36313  -21.112  -26.987  51.690 0.0000000000
36294  -21.623  -26.946  54.280 0.0000000000
37193  -22.389  -26.100  53.841 0.0000000000
135288  -22.871  -24.515  53.036 0.0000000000
39770  -23.417  -23.596  52.409 0.0000000000
43364  -27.602  -19.171  43.511 0.0000000000
43357  -28.503  -19.033  44.804 0.0000000000
45291  -29.794  -17.707  43.151 0.0000000000
113916  -30.246  -18.319  45.308 0.0000000000
43345  -30.049  -18.621  46.787 0.0000000000
44283  -30.666  -18.554  47.418 0.0000000000
44259  -31.870  -18.596  49.142 0.0000000000
44250  -33.353  -18.541  50.347 0.0000000000
44242  -34.640  -18.660  51.393 0.0000000000
44251  -34.423  -18.530  50.369 0.0000000000
44252  -36.089  -18.913  50.433 0.0000000000
43301  -37.332  -19.758  50.467 0.0000000000
44289  -36.402  -18.362  47.488 0.0000000000
43326  -37.563  -19.339  48.599 0.0000000000
42475  -38.516  -20.482  49.393 0.0000000000
42477  -39.842  -20.693  49.083 0.0000000000
36345  -16.772  -27.724  48.131 0.0000000000
116008  -42.175  -10.128  47.337 0.0000000000
51929  -43.819  -10.097  46.785 0.0000000000
114207  -44.373  -10.303  46.114 0.0000000000
51952  -45.012  -10.806  44.830 0.0000000000
133990  -43.433  -11.619  42.828 0.0000000000
137115  -44.665  -11.362  43.581 0.0000000000
58278  -46.076  -3.503  32.765 0.0000000000
57332  -47.162  -4.260  33.618 0.0000000000
58268  -48.297  -3.303  33.533 0.0000000000
57318  -49.456  -3.581  34.582 0.0000000000
119343  -50.700  -3.702  36.338 0.0000000000
60108  -50.536  -1.397  34.182 0.0000000000
58240  -51.395  -2.726  35.891 0.0000000000
52979  -39.954  -9.803  33.118 0.0000000000
52112  -41.080  -10.067  34.086 0.0000000000
53003  -40.479  -9.314  32.652 0.0000000000
53855  -41.649  -8.757  32.556 0.0000000000
54660  -42.207  -7.881  31.904 0.0000000000
55500  -42.833  -7.374  31.924 0.0000000000
135271  -43.405  -5.963  31.831 0.0000000000
56392  -43.791  -5.261  31.865 0.0000000000
58276  -44.584  -3.740  32.191 0.0000000000
58277  -45.252  -3.401  32.389 0.0000000000
59207  -45.452  -1.884  32.026 0.0000000000
60141  -45.798  -1.150  31.873 0.0000000000
61093  -47.199  -0.079  31.775 0.0000000000
61117  -45.366  0.206  29.806 0.0000000000
61107  -46.949  0.369  31.019 0.0000000000
62037  -47.539  0.736  31.344 0.0000000000
63021  -48.552  1.825  31.024 0.0000000000
126472  -49.242  2.310  31.197 0.0000000000
63979  -50.751  2.807  30.744 0.0000000000
120083  -51.318  2.720  29.951 0.0000000000
63038  -50.729  1.933  28.983 0.0000000000
63057  -50.428  1.394  27.333 0.0000000000
63081  -49.755  1.820  26.022 0.0000000000
63092  -49.775  2.208  25.126 0.0000000000
29925  -9.534  -34.520  49.598 0.0000000000
29072  -9.118  -35.362  48.999 0.0000000000
27422  -7.983  -36.829  48.621 0.0000000000
27411  -6.174  -37.300  50.399 0.0000000000
27421  -6.677  -37.538  49.564 0.0000000000
27432  -7.589  -38.023  48.005 0.0000000000
26545  -7.390  -38.728  47.899 0.0000000000
132651  -6.953  -40.508  47.913 0.0000000000
114777  -6.812  -41.661  47.235 0.0000000000
114558  -7.229  -43.188  48.398 0.0000000000
52816  -41.915  -9.513  49.546 0.0000000000
49155  -39.187  -13.135  49.610 0.0000000000
49185  -38.694  -12.454  46.596 0.0000000000
50077  -38.870  -12.363  47.658 0.0000000000
50976  -39.756  -10.744  48.951 0.0000000000
115114  -40.826  -10.006  48.565 0.0000000000
51917  -41.420  -9.971  47.952 0.0000000000
51939  -41.436  -10.822  46.000 0.0000000000
50997  -40.651  -10.999  44.789 0.0000000000
51029  -40.805  -11.296  42.995 0.0000000000
51974  -38.817  -9.543  42.073 0.0000000000
134576  -39.290  -10.053  41.467 0.0000000000
124438  -40.639  -11.430  41.174 0.0000000000
51085  -39.892  -11.615  38.473 0.0000000000
128810  -39.321  -11.479  36.755 0.0000000000
51146  -39.171  -11.040  35.208 0.0000000000
52032  -34.357  -9.527  37.308 0.0000000000
52047  -35.105  -9.531  36.982 0.0000000000
52064  -35.128  -9.828  36.058 0.0000000000
52083  -36.043  -10.499  35.248 0.0000000000
52084  -36.885  -10.697  34.578 0.0000000000
52085  -37.865  -10.720  34.340 0.0000000000
52109  -38.133  -10.423  33.576 0.0000000000
136686  -38.796  -10.315  33.431 0.0000000000
36254  -19.816  -27.025  58.903 0.0000000000
118316  -22.247  -23.253  46.812 0.0000000000
40744  -22.615  -22.517  47.205 0.0000000000
132428  -22.512  -23.362  48.268 0.0000000000
39825  -23.030  -22.915  49.699 0.0000000000
39786  -23.488  -23.176  51.529 0.0000000000
39771  -24.052  -22.992  52.304 0.0000000000
42521  -26.599  -20.646  44.374 0.0000000000
42510  -26.680  -20.745  45.281 0.0000000000
41647  -26.204  -21.207  46.647 0.0000000000
126534  -27.492  -20.432  48.046 0.0000000000
42482  -26.913  -20.872  48.298 0.0000000000
41629  -26.229  -21.276  48.596 0.0000000000
119451  -25.841  -21.521  50.121 0.0000000000
40665  -25.290  -22.196  52.065 0.0000000000
40657  -25.234  -22.544  53.280 0.0000000000
40649  -25.623  -22.579  54.928 0.0000000000
40631  -26.477  -22.229  56.333 0.0000000000
31752  -12.026  -32.117  45.364 0.0000000000
31726  -12.051  -32.050  47.451 0.0000000000
34593  -13.967  -28.929  45.761 0.0000000000
33620  -13.410  -30.246  45.231 0.0000000000
33604  -13.002  -30.817  46.517 0.0000000000
32631  -12.620  -31.437  47.939 0.0000000000
31718  -11.696  -32.495  48.900 0.0000000000
31700  -11.563  -32.395  50.510 0.0000000000
32564  -13.117  -31.135  53.341 0.0000000000
52089  -42.347  -10.040  34.951 0.0000000000
52051  -43.490  -10.421  36.548 0.0000000000
52036  -44.630  -10.388  37.268 0.0000000000
52952  -45.473  -9.208  35.373 0.0000000000
52053  -45.141  -9.971  36.706 0.0000000000
52024  -45.398  -10.563  38.604 0.0000000000
114975  -46.700  -10.584  40.153 0.0000000000
56329  -47.976  -5.770  34.963 0.0000000000
55458  -48.436  -6.347  36.158 0.0000000000
55443  -48.507  -6.692  37.833 0.0000000000
63992  -52.847  3.190  29.473 0.0000000000
64900  -54.209  3.363  28.573 0.0000000000
64901  -55.008  3.549  28.137 0.0000000000
137629  -53.029  2.732  26.218 0.0000000000
64012  -54.291  3.233  26.951 0.0000000000
114251  -55.762  3.701  27.677 0.0000000000
64925  -57.547  4.316  26.508 0.0000000000
127664  -58.206  4.364  25.798 0.0000000000
63099  -55.764  1.572  23.954 0.0000000000
63100  -56.779  1.910  24.419 0.0000000000
64058  -58.971  2.988  24.669 0.0000000000
62143  -61.352  0.344  22.407 0.0000000000
116747  -33.704  -16.674  42.170 0.0000000000
46306  -34.196  -16.303  41.664 0.0000000000
46286  -32.954  -16.880  42.149 0.0000000000
133840  -33.906  -16.817  42.610 0.0000000000
52067  -40.585  -10.968  35.531 0.0000000000
63955  -51.059  3.079  32.507 0.0000000000
63969  -52.062  3.441  32.083 0.0000000000
63956  -52.584  3.248  32.838 0.0000000000
119606  -52.052  3.453  31.176 0.0000000000
30824  -11.225  -33.373  47.669 0.0000000000
51068  -35.191  -10.942  39.980 0.0000000000
52007  -34.955  -9.703  39.498 0.0000000000
34490  -17.025  -29.740  55.209 0.0000000000
115913  -17.154  -29.634  54.379 0.0000000000
39742  -23.673  -23.828  54.711 0.0000000000
38846  -23.248  -24.351  55.071 0.0000000000
44240  -32.775  -18.698  51.053 0.0000000000
114311  -31.894  -18.855  50.925 0.0000000000
43284  -32.220  -19.025  51.707 0.0000000000
43272  -32.546  -19.184  52.504 0.0000000000
56378  -45.677  -4.911  33.182 0.0000000000
57331  -46.449  -4.587  33.436 0.0000000000
44303  -39.390  -18.700  46.178 0.0000000000
117212  -39.541  -18.073  45.717 0.0000000000
44314  -39.109  -18.336  45.437 0.0000000000
47302  -36.467  -14.858  40.873 0.0000000000
36337  -19.346  -27.556  49.551 0.0000000000
36349  -19.618  -27.189  48.863 0.0000000000
134324  -22.260  -25.045  48.854 0.0000000000
38095  -21.910  -25.672  49.490 0.0000000000
38096  -22.344  -25.092  49.776 0.0000000000
38084  -22.419  -25.174  50.574 0.0000000000
121485  -22.425  -24.446  49.420 0.0000000000
45263  -33.147  -18.076  45.378 0.0000000000
44286  -33.065  -18.372  47.336 0.0000000000
44287  -33.939  -18.193  47.222 0.0000000000
130455  -34.247  -17.954  46.411 0.0000000000
44302  -38.610  -18.667  45.947 0.0000000000
44291  -38.286  -18.962  46.789 0.0000000000
43346  -39.545  -19.265  46.907 0.0000000000
36368  -18.945  -27.017  47.271 0.0000000000
36347  -18.361  -27.513  48.596 0.0000000000
122792  -42.209  -11.630  43.713 0.0000000000
51074  -44.237  -11.315  39.433 0.0000000000
114461  -44.694  -11.524  40.819 0.0000000000
134101  -44.886  -11.397  40.387 0.0000000000
51061  -45.323  -11.345  40.599 0.0000000000
51075  -45.057  -11.170  39.840 0.0000000000
60136  -48.973  -1.162  32.842 0.0000000000
60079  -53.090  -1.725  36.471 0.0000000000
61103  -43.961  -0.341  30.262 0.0000000000
62084  -48.096  0.655  28.282 0.0000000000
62102  -47.820  0.698  27.618 0.0000000000
62103  -48.646  0.766  27.681 0.0000000000
28306  -9.401  -36.171  46.645 0.0000000000
27446  -8.957  -36.994  46.316 0.0000000000
27445  -8.702  -37.818  46.017 0.0000000000
119434  -8.470  -37.553  46.870 0.0000000000
29053  -6.518  -35.470  52.024 0.0000000000
24653  -6.871  -40.577  49.937 0.0000000000
114902  -7.673  -42.163  50.802 0.0000000000
136713  -39.543  -14.253  46.782 0.0000000000
48234  -39.472  -14.295  46.114 0.0000000000
50995  -38.118  -10.392  44.891 0.0000000000
50996  -38.258  -10.874  45.525 0.0000000000
51936  -38.580  -10.225  45.281 0.0000000000
123587  -38.929  -9.904  44.799 0.0000000000
52866  -38.620  -9.633  44.069 0.0000000000
51083  -37.203  -10.202  37.880 0.0000000000
51096  -37.828  -10.986  37.209 0.0000000000
36284  -20.537  -27.715  55.196 0.0000000000
35398  -19.930  -28.041  55.766 0.0000000000
36275  -20.541  -27.530  56.050 0.0000000000
41637  -24.492  -21.475  46.994 0.0000000000
41627  -24.746  -21.749  48.477 0.0000000000
43350  -28.655  -19.177  45.581 0.0000000000
42512  -27.911  -19.778  45.847 0.0000000000
42446  -27.882  -20.578  51.469 0.0000000000
41600  -27.134  -21.014  51.482 0.0000000000
41587  -27.571  -20.926  52.233 0.0000000000
41588  -28.005  -20.871  52.912 0.0000000000
42450  -37.940  -20.425  50.999 0.0000000000
33515  -13.159  -30.750  50.885 0.0000000000
117170  -42.890  -8.695  33.285 0.0000000000
52983  -43.003  -9.134  33.846 0.0000000000
53835  -43.511  -8.727  33.739 0.0000000000
53805  -47.205  -8.524  36.984 0.0000000000
130179  -47.460  -8.307  37.796 0.0000000000
53791  -47.550  -8.540  38.628 0.0000000000
54600  -47.836  -7.787  38.200 0.0000000000
57285  -50.363  -4.263  36.780 0.0000000000
57272  -49.771  -4.949  36.977 0.0000000000
64010  -51.943  2.267  27.274 0.0000000000
64054  -54.538  2.409  24.798 0.0000000000
64039  -55.893  3.023  25.319 0.0000000000
64055  -55.574  2.357  24.711 0.0000000000
62145  -57.842  0.805  22.028 0.0000000000
62144  -57.086  1.104  22.305 0.0000000000
62137  -58.923  0.731  23.290 0.0000000000
62138  -60.096  0.858  23.207 0.0000000000
62142  -59.296  0.449  22.527 0.0000000000
45280  -36.659  -17.490  44.552 0.0000000000
45298  -37.021  -17.139  43.795 0.0000000000
46328  -34.929  -15.699  41.161 0.0000000000
46307  -35.594  -15.970  41.958 0.0000000000
45315  -32.775  -17.320  42.854 0.0000000000
115254  -32.019  -17.577  42.981 0.0000000000
45277  -33.077  -17.857  44.396 0.0000000000
118299  -33.883  -17.576  44.259 0.0000000000
45264  -34.507  -17.737  45.619 0.0000000000
114460  -41.056  -11.846  39.451 0.0000000000
114456  -41.705  -11.722  38.770 0.0000000000
116084  -41.887  -11.283  37.248 0.0000000000
51101  -42.660  -11.203  37.692 0.0000000000
62029  -49.545  1.069  33.224 0.0000000000
62023  -52.192  1.242  34.377 0.0000000000
62012  -52.827  0.794  34.811 0.0000000000
64878  -54.927  3.988  30.704 0.0000000000
64879  -55.864  4.115  30.548 0.0000000000
29955  -10.512  -34.531  46.764 0.0000000000
138109  -10.600  -34.441  46.112 0.0000000000
29111  -10.084  -35.041  46.997 0.0000000000
122940  -9.829  -35.508  46.576 0.0000000000
50105  -38.175  -13.034  43.954 0.0000000000
51040  -36.029  -10.644  41.668 0.0000000000
115124  -37.032  -11.387  42.984 0.0000000000
51028  -36.559  -10.546  42.492 0.0000000000
122493  -36.967  -10.451  43.183 0.0000000000
51973  -36.877  -9.827  42.760 0.0000000000
52878  -37.007  -9.270  42.122 0.0000000000
136331  -35.553  -8.919  38.676 0.0000000000
114193  -36.471  -9.265  38.720 0.0000000000
37175  -22.151  -26.213  55.325 0.0000000000
38006  -22.347  -25.232  56.737 0.0000000000
37997  -22.208  -25.009  57.754 0.0000000000
39721  -24.741  -23.231  57.543 0.0000000000
41666  -25.308  -21.225  44.560 0.0000000000
41654  -25.159  -21.314  45.423 0.0000000000
129778  -29.996  -18.898  48.174 0.0000000000
43323  -30.219  -19.032  49.044 0.0000000000
43295  -29.727  -19.530  50.666 0.0000000000
42448  -29.440  -19.816  51.408 0.0000000000
42449  -29.912  -19.899  52.133 0.0000000000
42435  -29.488  -20.329  52.861 0.0000000000
42427  -31.527  -19.829  53.609 0.0000000000
35472  -16.109  -28.019  48.684 0.0000000000
35461  -15.403  -28.385  49.263 0.0000000000
34518  -15.451  -29.209  51.380 0.0000000000
33502  -14.107  -30.225  52.096 0.0000000000
33503  -14.661  -30.045  52.580 0.0000000000
33481  -15.415  -30.338  54.778 0.0000000000
33480  -14.783  -30.410  54.189 0.0000000000
55491  -44.637  -6.941  33.186 0.0000000000
55483  -46.528  -6.770  34.336 0.0000000000
54629  -47.344  -7.676  35.623 0.0000000000
130538  -47.552  -7.044  35.297 0.0000000000
130225  -57.526  1.597  20.970 0.0000000000
63134  -57.954  1.632  20.603 0.0000000000
62157  -58.847  0.787  20.886 0.0000000000
30789  -10.383  -33.354  50.630 0.0000000000
29902  -7.785  -34.342  54.081 0.0000000000
44265  -40.670  -18.856  49.538 0.0000000000
45234  -40.394  -17.889  49.410 0.0000000000
121275  -40.330  -17.652  48.601 0.0000000000
46232  -40.061  -16.728  46.619 0.0000000000
47229  -39.910  -15.610  46.527 0.0000000000
131131  -39.596  -15.981  45.090 0.0000000000
118547  -38.036  -16.541  43.295 0.0000000000
45300  -38.548  -16.656  43.711 0.0000000000
46291  -38.404  -16.039  43.159 0.0000000000
118811  -38.657  -15.332  43.064 0.0000000000
135200  -38.538  -14.645  42.837 0.0000000000
49232  -38.161  -14.133  42.457 0.0000000000
49249  -36.863  -13.211  40.954 0.0000000000
35440  -18.839  -28.655  51.808 0.0000000000
35441  -19.742  -28.228  51.795 0.0000000000
35429  -19.374  -28.568  52.567 0.0000000000
35430  -20.063  -28.171  52.549 0.0000000000
127182  -20.131  -28.202  53.849 0.0000000000
36304  -20.617  -27.724  52.700 0.0000000000
37220  -20.610  -26.832  49.686 0.0000000000
37210  -20.985  -26.671  50.273 0.0000000000
37203  -21.754  -26.445  51.703 0.0000000000
115942  -21.397  -26.550  50.974 0.0000000000
123692  -21.435  -26.875  52.302 0.0000000000
36300  -21.395  -27.150  53.552 0.0000000000
37198  -21.727  -26.778  52.944 0.0000000000
37192  -21.953  -26.618  53.628 0.0000000000
37199  -22.299  -26.099  53.003 0.0000000000
38910  -22.612  -24.837  51.908 0.0000000000
125220  -22.599  -25.089  52.812 0.0000000000
38890  -22.888  -24.316  52.511 0.0000000000
39758  -23.194  -24.001  53.133 0.0000000000
44332  -27.792  -18.566  42.891 0.0000000000
43365  -28.249  -18.908  44.129 0.0000000000
44320  -28.961  -18.513  44.325 0.0000000000
45313  -30.547  -17.565  42.919 0.0000000000
45292  -30.416  -17.881  43.745 0.0000000000
131289  -30.993  -18.209  45.198 0.0000000000
137344  -29.794  -18.521  45.680 0.0000000000
131842  -30.194  -18.472  46.062 0.0000000000
128629  -30.813  -18.439  46.584 0.0000000000
114478  -32.928  -18.467  48.012 0.0000000000
44274  -32.515  -18.531  48.600 0.0000000000
44260  -32.511  -18.565  49.396 0.0000000000
136791  -33.047  -18.533  49.708 0.0000000000
115872  -33.754  -18.493  49.569 0.0000000000
44277  -35.665  -18.598  49.258 0.0000000000
44263  -35.442  -18.638  49.976 0.0000000000
44264  -36.193  -18.816  49.639 0.0000000000
43312  -36.769  -19.251  50.022 0.0000000000
43325  -36.872  -19.094  49.237 0.0000000000
44310  -35.960  -17.826  46.192 0.0000000000
44299  -35.767  -18.086  46.934 0.0000000000
43314  -38.255  -19.988  48.824 0.0000000000
117819  -39.248  -20.873  49.391 0.0000000000
42476  -39.081  -20.480  48.623 0.0000000000
42487  -40.393  -20.141  48.981 0.0000000000
132463  -40.563  -19.538  48.977 0.0000000000
36357  -17.412  -27.474  47.600 0.0000000000
35452  -17.451  -28.500  50.587 0.0000000000
133098  -42.051  -10.544  46.575 0.0000000000
51928  -42.874  -10.339  46.676 0.0000000000
51940  -42.520  -10.835  45.911 0.0000000000
51009  -43.521  -11.356  44.255 0.0000000000
51000  -44.140  -10.703  45.360 0.0000000000
51942  -44.873  -10.434  45.597 0.0000000000
114657  -42.926  -11.779  42.086 0.0000000000
51045  -43.392  -11.757  41.397 0.0000000000
114656  -44.663  -11.550  42.015 0.0000000000
51019  -44.493  -11.516  42.814 0.0000000000
51020  -45.477  -11.305  43.310 0.0000000000
51012  -45.850  -10.932  44.196 0.0000000000
51021  -46.551  -10.935  43.552 0.0000000000
51034  -46.959  -10.981  42.134 0.0000000000
116821  -46.975  -2.897  32.757 0.0000000000
58267  -47.493  -3.502  33.302 0.0000000000
58279  -47.949  -2.737  33.033 0.0000000000
133849  -49.343  -2.483  33.578 0.0000000000
58269  -49.035  -3.093  33.854 0.0000000000
131091  -50.014  -3.605  35.261 0.0000000000
61070  -50.530  -0.618  34.006 0.0000000000
128730  -50.057  -1.065  33.579 0.0000000000
135283  -51.824  -2.417  36.047 0.0000000000
21720  -6.924  -43.585  47.596 0.0000000000
21719  -6.481  -43.332  46.852 0.0000000000
21724  -6.981  -44.420  47.041 0.0000000000
54676  -41.173  -7.577  31.368 0.0000000000
53876  -41.516  -8.227  31.946 0.0000000000
56390  -41.951  -6.221  30.987 0.0000000000
55518  -42.749  -6.414  31.503 0.0000000000
137438  -42.481  -5.862  31.162 0.0000000000
57356  -43.453  -4.428  31.615 0.0000000000
57357  -44.296  -4.478  32.107 0.0000000000
121560  -43.973  -3.643  31.877 0.0000000000
58290  -44.536  -3.029  32.074 0.0000000000
58291  -45.154  -2.603  32.148 0.0000000000
61091  -45.473  -0.719  31.444 0.0000000000
61092  -46.087  -0.506  31.478 0.0000000000
60142  -46.660  -0.920  32.094 0.0000000000
138087  -46.657  -0.240  31.465 0.0000000000
62049  -46.840  0.551  30.125 0.0000000000
62038  -48.121  1.215  31.636 0.0000000000
62051  -47.975  1.358  30.774 0.0000000000
63029  -49.188  1.902  30.245 0.0000000000
63030  -49.951  2.347  30.394 0.0000000000
63989  -50.690  2.337  29.735 0.0000000000
62118  -49.054  1.011  27.066 0.0000000000
114561  -49.714  1.291  26.791 0.0000000000
26569  -8.361  -38.543  45.741 0.0000000000
29920  -9.909  -33.889  50.181 0.0000000000
29926  -10.218  -33.952  49.312 0.0000000000
29071  -8.276  -35.729  49.583 0.0000000000
28277  -8.494  -36.110  48.813 0.0000000000
28263  -7.777  -36.426  49.314 0.0000000000
28249  -5.820  -36.952  51.277 0.0000000000
26529  -6.641  -38.396  49.351 0.0000000000
133739  -7.350  -37.649  48.677 0.0000000000
135793  -7.146  -38.372  48.494 0.0000000000
24663  -6.858  -40.648  48.747 0.0000000000
24672  -6.855  -41.183  48.007 0.0000000000
133513  -7.195  -40.603  47.116 0.0000000000
23625  -6.883  -42.127  48.234 0.0000000000
51882  -41.797  -10.296  51.280 0.0000000000
51900  -41.640  -9.808  50.277 0.0000000000
46196  -39.783  -16.164  49.321 0.0000000000
46183  -39.745  -16.430  50.422 0.0000000000
48204  -39.393  -14.173  48.206 0.0000000000
48191  -39.327  -14.606  49.761 0.0000000000
114698  -39.201  -13.939  49.399 0.0000000000
49148  -39.272  -13.754  50.374 0.0000000000
119289  -38.558  -12.732  45.592 0.0000000000
133303  -38.304  -12.242  45.381 0.0000000000
50982  -38.748  -11.481  47.193 0.0000000000
137293  -39.092  -12.394  48.795 0.0000000000
124213  -39.291  -11.365  48.697 0.0000000000
50961  -39.463  -11.540  49.487 0.0000000000
50975  -39.455  -10.833  48.168 0.0000000000
51907  -40.043  -10.368  48.384 0.0000000000
51916  -40.511  -10.282  47.788 0.0000000000
51927  -41.189  -10.442  47.020 0.0000000000
124552  -40.597  -10.620  46.458 0.0000000000
129011  -40.157  -10.512  44.297 0.0000000000
51963  -40.188  -10.516  43.546 0.0000000000
51015  -40.798  -11.185  43.906 0.0000000000
51976  -40.206  -10.622  42.634 0.0000000000
52891  -37.263  -9.053  41.436 0.0000000000
51986  -38.321  -9.394  41.441 0.0000000000
51069  -38.677  -10.434  39.508 0.0000000000
51057  -39.582  -11.057  39.904 0.0000000000
51042  -39.818  -10.931  40.841 0.0000000000
51071  -40.182  -11.616  39.306 0.0000000000
51098  -39.601  -11.578  37.658 0.0000000000
132999  -39.424  -11.306  35.980 0.0000000000
52033  -34.753  -9.417  37.760 0.0000000000
52046  -34.428  -9.506  36.643 0.0000000000
52065  -36.119  -10.379  36.094 0.0000000000
52082  -35.245  -10.223  34.922 0.0000000000
121511  -36.069  -10.526  34.460 0.0000000000
52107  -36.456  -10.476  33.782 0.0000000000
52108  -37.296  -10.507  33.681 0.0000000000
34492  -18.546  -29.071  54.217 0.0000000000
34484  -18.331  -29.099  55.190 0.0000000000
35390  -19.205  -28.134  57.390 0.0000000000
36265  -20.228  -27.202  57.621 0.0000000000
37152  -20.546  -26.566  58.242 0.0000000000
40745  -23.132  -22.004  47.566 0.0000000000
40763  -22.966  -21.809  46.646 0.0000000000
40725  -22.756  -22.620  48.133 0.0000000000
39841  -22.669  -23.111  48.898 0.0000000000
39842  -23.104  -22.451  48.925 0.0000000000
40709  -24.170  -22.124  49.720 0.0000000000
40690  -23.718  -22.502  50.161 0.0000000000
39805  -23.946  -22.607  50.963 0.0000000000
39787  -24.156  -22.675  51.665 0.0000000000
42501  -26.776  -20.843  46.111 0.0000000000
42496  -28.066  -19.940  47.709 0.0000000000
42484  -28.052  -20.086  48.628 0.0000000000
127146  -27.225  -20.749  49.965 0.0000000000
42483  -27.394  -20.564  48.703 0.0000000000
42471  -26.870  -20.940  49.206 0.0000000000
41621  -26.061  -21.387  49.452 0.0000000000
41585  -26.031  -21.805  52.138 0.0000000000
41598  -25.609  -21.837  51.384 0.0000000000
40666  -25.665  -22.173  52.782 0.0000000000
137222  -25.091  -22.468  52.622 0.0000000000
131991  -25.344  -22.600  54.081 0.0000000000
134810  -25.771  -22.386  54.285 0.0000000000
40651  -26.970  -21.809  54.879 0.0000000000
40642  -26.325  -22.211  55.371 0.0000000000
40643  -26.947  -21.955  55.676 0.0000000000
42425  -29.339  -20.727  54.270 0.0000000000
41580  -28.494  -21.021  54.183 0.0000000000
41574  -28.976  -21.036  55.004 0.0000000000
43287  -35.462  -18.912  51.716 0.0000000000
31737  -12.037  -32.127  46.389 0.0000000000
35480  -14.738  -28.431  47.401 0.0000000000
138006  -13.844  -29.345  47.202 0.0000000000
34576  -13.899  -29.180  46.658 0.0000000000
34575  -13.687  -29.735  45.973 0.0000000000
33605  -13.363  -30.350  46.066 0.0000000000
32620  -12.689  -31.450  48.802 0.0000000000
31719  -12.149  -32.001  48.417 0.0000000000
31711  -12.223  -32.011  49.264 0.0000000000
31710  -11.680  -32.472  49.693 0.0000000000
32609  -12.201  -31.986  50.085 0.0000000000
33489  -13.751  -30.704  53.320 0.0000000000
52846  -45.777  -9.118  48.107 0.0000000000
52088  -41.453  -10.454  34.973 0.0000000000
52962  -41.924  -9.860  34.217 0.0000000000
52950  -43.838  -9.583  35.152 0.0000000000
52070  -43.418  -10.036  35.758 0.0000000000
135622  -43.835  -10.089  36.156 0.0000000000
130475  -43.986  -10.519  37.082 0.0000000000
52052  -44.308  -10.144  36.496 0.0000000000
53837  -45.407  -7.945  34.270 0.0000000000
53824  -44.919  -8.754  34.631 0.0000000000
52933  -46.573  -9.328  37.201 0.0000000000
52932  -45.889  -9.741  36.935 0.0000000000
52038  -45.995  -9.935  37.741 0.0000000000
120257  -45.538  -10.318  38.108 0.0000000000
52025  -46.033  -10.243  38.604 0.0000000000
52013  -46.356  -10.451  39.459 0.0000000000
52914  -46.720  -9.818  39.004 0.0000000000
52905  -47.841  -9.561  40.376 0.0000000000
132113  -48.247  -4.425  34.234 0.0000000000
57316  -47.628  -4.700  34.082 0.0000000000
56350  -48.137  -5.043  34.604 0.0000000000
55459  -49.255  -5.594  37.137 0.0000000000
124965  -48.897  -5.815  36.523 0.0000000000
118479  -48.756  -6.272  37.081 0.0000000000
63990  -51.441  2.352  29.103 0.0000000000
63991  -52.043  2.909  29.689 0.0000000000
64001  -52.388  2.670  28.742 0.0000000000
131003  -52.932  2.701  28.103 0.0000000000
64002  -53.295  3.044  28.682 0.0000000000
64911  -54.445  3.309  27.720 0.0000000000
64037  -52.602  2.548  25.871 0.0000000000
64013  -55.003  3.328  26.385 0.0000000000
64023  -54.215  3.089  26.085 0.0000000000
64912  -55.032  3.470  27.256 0.0000000000
64913  -56.561  3.951  27.101 0.0000000000
64924  -56.606  3.756  26.166 0.0000000000
119757  -57.274  3.477  25.242 0.0000000000
64937  -57.415  3.893  25.642 0.0000000000
64938  -58.995  4.513  25.657 0.0000000000
64041  -59.206  3.813  25.064 0.0000000000
63121  -56.390  1.189  22.640 0.0000000000
63110  -55.711  1.290  23.121 0.0000000000
129251  -55.112  1.482  23.539 0.0000000000
63112  -57.534  1.210  23.876 0.0000000000
63102  -59.205  2.107  24.311 0.0000000000
64059  -59.797  3.039  24.651 0.0000000000
64060  -60.639  2.838  24.753 0.0000000000
62148  -60.479  0.262  21.577 0.0000000000
62149  -61.472  0.150  21.353 0.0000000000
134019  -35.597  -16.874  43.265 0.0000000000
46288  -35.304  -16.529  42.605 0.0000000000
45334  -31.307  -16.964  41.607 0.0000000000
45296  -34.350  -17.302  43.746 0.0000000000
45317  -34.060  -16.998  43.049 0.0000000000
46269  -34.815  -16.947  43.165 0.0000000000
121282  -40.172  -11.546  37.027 0.0000000000
51100  -41.289  -11.611  37.960 0.0000000000
122024  -40.988  -11.448  37.198 0.0000000000
51118  -41.431  -11.171  36.632 0.0000000000
52050  -42.064  -10.864  36.402 0.0000000000
63023  -49.618  2.447  32.178 0.0000000000
63016  -50.620  2.571  33.075 0.0000000000
63940  -51.315  2.654  33.248 0.0000000000
63957  -53.507  3.321  32.918 0.0000000000
63958  -54.469  3.331  32.979 0.0000000000
64853  -54.026  3.657  32.244 0.0000000000
64865  -53.671  3.766  31.433 0.0000000000
64877  -53.464  3.669  30.484 0.0000000000
123240  -11.617  -32.781  45.842 0.0000000000
30839  -11.266  -33.460  46.197 0.0000000000
129499  -11.196  -33.580  46.903 0.0000000000
30823  -10.842  -34.021  47.285 0.0000000000
29940  -10.331  -34.544  47.595 0.0000000000
50128  -36.349  -12.027  41.134 0.0000000000
51985  -35.782  -9.555  41.074 0.0000000000
51995  -35.287  -9.562  40.216 0.0000000000
113854  -34.944  -9.202  38.144 0.0000000000
33469  -15.531  -30.443  55.768 0.0000000000
38855  -22.867  -24.847  54.635 0.0000000000
38014  -22.491  -25.462  55.839 0.0000000000
38845  -22.866  -24.878  55.441 0.0000000000
122457  -23.301  -24.340  55.840 0.0000000000
38837  -23.373  -24.207  56.735 0.0000000000
38829  -23.459  -24.061  57.804 0.0000000000
39735  -23.820  -23.808  56.143 0.0000000000
39736  -24.518  -23.329  56.441 0.0000000000
39744  -25.037  -22.972  55.681 0.0000000000
43310  -31.455  -18.706  49.618 0.0000000000
43309  -30.806  -18.901  49.895 0.0000000000
43297  -31.066  -19.064  50.740 0.0000000000
43270  -30.808  -19.628  52.199 0.0000000000
43271  -31.683  -19.406  52.322 0.0000000000
43258  -31.990  -19.519  53.102 0.0000000000
115517  -15.492  -29.593  52.346 0.0000000000
33492  -15.665  -30.056  54.003 0.0000000000
117424  -44.625  -5.589  32.644 0.0000000000
55492  -45.236  -6.435  33.481 0.0000000000
56364  -45.649  -5.695  33.451 0.0000000000
56348  -46.754  -5.870  34.126 0.0000000000
43338  -40.213  -19.019  47.504 0.0000000000
132089  -40.372  -18.244  47.875 0.0000000000
44292  -40.203  -18.184  47.180 0.0000000000
45259  -39.973  -17.937  46.384 0.0000000000
117519  -39.772  -17.321  45.705 0.0000000000
47269  -37.353  -15.647  42.176 0.0000000000
119641  -36.951  -15.245  41.501 0.0000000000
47285  -37.675  -15.026  41.843 0.0000000000
48292  -37.669  -14.282  41.710 0.0000000000
48303  -36.664  -14.228  40.567 0.0000000000
36322  -18.952  -27.959  50.188 0.0000000000
36311  -20.091  -27.727  51.051 0.0000000000
38106  -21.662  -25.719  48.616 0.0000000000
37221  -21.203  -26.290  49.340 0.0000000000
37212  -22.055  -25.873  50.978 0.0000000000
38072  -22.331  -25.783  51.989 0.0000000000
38927  -22.632  -24.579  51.100 0.0000000000
44322  -31.538  -18.141  44.739 0.0000000000
44308  -31.648  -18.286  45.469 0.0000000000
44297  -31.613  -18.364  46.269 0.0000000000
114248  -31.499  -18.402  47.101 0.0000000000
114619  -32.358  -18.341  46.774 0.0000000000
44276  -33.836  -18.464  48.727 0.0000000000
115738  -34.581  -18.320  48.087 0.0000000000
130833  -35.534  -18.457  48.565 0.0000000000
44311  -36.998  -18.089  45.854 0.0000000000
43337  -38.939  -19.651  47.235 0.0000000000
42486  -39.787  -20.235  48.358 0.0000000000
43328  -39.701  -19.739  47.635 0.0000000000
36358  -18.205  -27.325  47.729 0.0000000000
51007  -41.564  -11.450  44.391 0.0000000000
51008  -42.594  -11.495  44.391 0.0000000000
51017  -43.010  -11.588  43.593 0.0000000000
51059  -43.589  -11.642  39.985 0.0000000000
114462  -43.908  -11.659  40.766 0.0000000000
51033  -46.310  -11.219  42.664 0.0000000000
51062  -46.017  -11.288  41.013 0.0000000000
51999  -46.695  -10.909  40.808 0.0000000000
59198  -47.649  -2.090  32.598 0.0000000000
59199  -48.488  -2.013  32.829 0.0000000000
59183  -49.209  -1.967  33.156 0.0000000000
59184  -49.875  -1.927  33.696 0.0000000000
125480  -51.993  -0.484  35.069 0.0000000000
60110  -51.775  -1.235  35.170 0.0000000000
60094  -52.430  -1.412  35.721 0.0000000000
65797  -58.211  4.763  28.023 0.0000000000
132376  -43.602  -1.073  30.909 0.0000000000
60153  -44.329  -1.198  31.369 0.0000000000
132192  -44.283  -0.647  30.860 0.0000000000
62065  -47.491  0.821  29.545 0.0000000000
120227  -48.066  1.230  29.891 0.0000000000
123804  -48.192  0.914  29.041 0.0000000000
63048  -49.581  1.221  28.667 0.0000000000
29913  -8.101  -34.651  51.656 0.0000000000
29054  -7.561  -35.142  51.316 0.0000000000
29061  -6.974  -35.729  50.878 0.0000000000
26518  -5.959  -38.745  51.317 0.0000000000
26519  -6.325  -38.984  50.464 0.0000000000
124992  -6.606  -39.224  49.667 0.0000000000
134435  -7.029  -41.198  49.560 0.0000000000
22612  -7.259  -42.474  49.109 0.0000000000
23609  -7.295  -41.934  49.821 0.0000000000
47219  -39.948  -15.796  47.457 0.0000000000
47209  -39.570  -15.325  49.095 0.0000000000
48217  -39.738  -14.784  47.288 0.0000000000
49172  -39.372  -13.843  47.393 0.0000000000
50088  -38.364  -11.779  45.827 0.0000000000
50991  -38.817  -10.844  46.835 0.0000000000
50983  -39.124  -10.881  47.433 0.0000000000
51925  -39.312  -10.591  46.785 0.0000000000
117219  -39.853  -10.546  46.422 0.0000000000
51938  -40.380  -10.655  45.720 0.0000000000
51950  -39.419  -9.866  44.101 0.0000000000
51996  -37.696  -9.333  40.010 0.0000000000
52010  -37.648  -9.779  39.108 0.0000000000
130955  -38.524  -10.790  38.684 0.0000000000
51084  -39.067  -11.389  38.238 0.0000000000
130422  -38.521  -11.335  36.778 0.0000000000
51133  -38.370  -11.109  35.561 0.0000000000
35404  -19.393  -28.457  55.482 0.0000000000
35403  -18.786  -28.768  55.722 0.0000000000
37141  -20.304  -26.407  59.513 0.0000000000
41653  -24.107  -21.278  45.625 0.0000000000
115200  -23.177  -21.339  45.844 0.0000000000
41645  -23.781  -21.414  46.426 0.0000000000
40727  -23.891  -22.005  48.896 0.0000000000
40710  -24.771  -21.982  49.952 0.0000000000
118604  -27.807  -19.466  44.414 0.0000000000
42522  -27.383  -20.119  44.935 0.0000000000
42502  -27.413  -20.326  46.433 0.0000000000
42474  -28.581  -19.934  50.123 0.0000000000
114977  -27.898  -20.336  50.055 0.0000000000
133640  -26.996  -20.939  50.396 0.0000000000
41610  -26.752  -21.109  50.818 0.0000000000
120255  -26.794  -21.360  52.210 0.0000000000
41586  -26.425  -21.741  52.941 0.0000000000
40650  -26.249  -22.140  54.494 0.0000000000
41573  -27.699  -21.440  54.486 0.0000000000
118295  -14.308  -29.005  48.935 0.0000000000
34547  -13.831  -29.579  48.665 0.0000000000
33573  -13.450  -30.121  48.016 0.0000000000
33550  -13.160  -30.840  49.152 0.0000000000
32599  -12.626  -31.361  50.464 0.0000000000
32553  -13.464  -31.203  54.860 0.0000000000
52982  -42.321  -9.279  33.561 0.0000000000
52963  -42.709  -9.561  34.328 0.0000000000
52964  -43.515  -9.260  34.414 0.0000000000
54628  -46.724  -8.145  35.260 0.0000000000
53812  -46.389  -8.953  35.722 0.0000000000
53804  -46.769  -8.943  36.422 0.0000000000
52924  -47.054  -9.259  38.603 0.0000000000
52916  -48.262  -8.797  40.163 0.0000000000
57299  -49.584  -4.218  35.352 0.0000000000
56331  -49.157  -4.941  35.591 0.0000000000
63058  -51.155  1.736  27.759 0.0000000000
64011  -52.834  2.659  27.377 0.0000000000
64024  -55.797  3.374  25.880 0.0000000000
127968  -56.146  2.133  21.296 0.0000000000
63124  -56.439  1.500  21.845 0.0000000000
62135  -56.979  0.921  22.927 0.0000000000
134416  -57.335  0.900  23.292 0.0000000000
134679  -60.590  1.669  23.754 0.0000000000
61167  -62.482  -0.147  21.071 0.0000000000
44324  -38.174  -17.944  44.842 0.0000000000
44325  -38.889  -17.940  44.881 0.0000000000
45299  -37.887  -17.037  43.735 0.0000000000
125105  -36.890  -16.222  42.635 0.0000000000
132252  -36.067  -16.307  42.547 0.0000000000
47284  -36.039  -15.457  41.317 0.0000000000
37228  -19.839  -26.924  48.244 0.0000000000
114738  -21.517  -25.662  47.728 0.0000000000
38964  -21.959  -25.021  47.396 0.0000000000
45332  -29.704  -17.140  42.173 0.0000000000
45333  -30.507  -17.235  42.211 0.0000000000
45293  -31.272  -17.713  43.280 0.0000000000
127300  -31.893  -17.813  43.588 0.0000000000
115168  -32.152  -17.987  44.195 0.0000000000
44309  -33.805  -17.910  45.760 0.0000000000
45265  -35.378  -17.627  45.511 0.0000000000
45266  -36.340  -17.735  45.450 0.0000000000
45267  -37.265  -17.894  45.074 0.0000000000
114362  -41.213  -11.782  40.693 0.0000000000
51044  -41.522  -11.769  41.466 0.0000000000
114464  -42.004  -11.977  40.529 0.0000000000
114458  -42.681  -11.814  39.836 0.0000000000
51072  -42.413  -11.697  39.164 0.0000000000
51073  -43.292  -11.489  39.077 0.0000000000
51088  -44.127  -11.045  38.579 0.0000000000
62027  -48.461  0.716  32.453 0.0000000000
61069  -49.559  -0.770  33.204 0.0000000000
61082  -49.129  0.049  32.956 0.0000000000
61071  -50.802  0.210  34.128 0.0000000000
62022  -51.225  1.170  34.066 0.0000000000
62011  -51.692  0.319  34.607 0.0000000000
115063  -52.442  0.160  35.022 0.0000000000
64854  -54.984  3.733  32.321 0.0000000000
64892  -56.286  4.124  29.670 0.0000000000
30858  -10.865  -33.979  45.726 0.0000000000
29989  -10.460  -34.588  45.428 0.0000000000
120767  -38.626  -13.868  44.119 0.0000000000
49196  -38.769  -13.608  44.949 0.0000000000
134701  -38.488  -13.315  44.470 0.0000000000
50095  -37.726  -11.919  44.432 0.0000000000
51948  -37.718  -10.220  44.318 0.0000000000
52865  -37.898  -9.635  43.894 0.0000000000
52871  -38.282  -9.460  43.338 0.0000000000
119482  -37.506  -9.504  43.037 0.0000000000
52903  -36.801  -8.808  40.602 0.0000000000
52902  -35.858  -8.718  40.388 0.0000000000
36276  -21.092  -27.049  56.344 0.0000000000
37163  -21.479  -26.433  56.730 0.0000000000
37153  -21.212  -26.141  57.695 0.0000000000
38005  -21.812  -25.705  57.202 0.0000000000
37986  -21.476  -25.446  59.286 0.0000000000
39697  -24.228  -23.669  58.254 0.0000000000
43344  -29.375  -19.034  46.978 0.0000000000
43343  -28.719  -19.480  47.299 0.0000000000
43334  -29.373  -19.166  47.774 0.0000000000
43321  -28.787  -19.668  48.976 0.0000000000
114177  -29.976  -19.267  49.935 0.0000000000
43308  -29.411  -19.433  49.377 0.0000000000
132339  -28.862  -19.722  49.611 0.0000000000
42461  -28.956  -19.815  50.756 0.0000000000
42447  -28.646  -20.171  51.453 0.0000000000
134231  -28.724  -20.586  52.857 0.0000000000
121839  -29.830  -20.425  53.598 0.0000000000
114154  -30.103  -20.528  54.376 0.0000000000
42426  -30.749  -20.153  53.787 0.0000000000
42412  -30.849  -20.408  54.843 0.0000000000
35481  -15.362  -28.127  47.599 0.0000000000
35460  -14.816  -28.574  48.736 0.0000000000
34537  -15.112  -28.715  50.012 0.0000000000
34536  -14.692  -28.834  49.475 0.0000000000
33533  -13.854  -30.150  50.888 0.0000000000
33516  -13.597  -30.489  51.607 0.0000000000
33517  -14.148  -30.048  51.431 0.0000000000
129456  -14.076  -30.411  52.772 0.0000000000
33479  -14.003  -30.694  54.060 0.0000000000
32554  -14.178  -30.761  54.787 0.0000000000
54661  -43.506  -7.532  32.556 0.0000000000
114285  -44.011  -8.313  33.610 0.0000000000
54649  -44.216  -7.665  33.214 0.0000000000
54650  -45.710  -7.053  34.057 0.0000000000
54639  -46.234  -7.657  34.606 0.0000000000
117572  -47.587  -7.781  36.438 0.0000000000
63082  -50.475  2.060  25.727 0.0000000000
63094  -51.499  2.277  24.707 0.0000000000
63133  -56.910  1.857  21.129 0.0000000000
62146  -58.766  0.522  21.677 0.0000000000
62147  -59.637  0.468  20.928 0.0000000000
64086  -58.208  1.967  20.084 0.0000000000
62158  -59.298  0.985  20.203 0.0000000000
30797  -11.283  -32.866  49.312 0.0000000000
30796  -10.810  -33.357  49.260 0.0000000000
29908  -8.181  -34.328  52.591 0.0000000000
46197  -40.062  -17.014  49.418 0.0000000000
45245  -40.265  -17.465  47.823 0.0000000000
116132  -39.672  -15.259  45.690 0.0000000000
45283  -39.139  -17.384  44.656 0.0000000000
125183  -39.499  -16.820  44.968 0.0000000000
46272  -38.951  -16.057  43.694 0.0000000000
114111  -39.331  -16.071  44.425 0.0000000000
48263  -38.999  -14.572  44.446 0.0000000000
49222  -38.436  -13.943  43.295 0.0000000000
50129  -37.049  -12.814  41.685 0.0000000000
49241  -37.340  -13.630  41.409 0.0000000000
50153  -35.766  -12.214  39.974 0.0000000000
34500  -17.335  -29.498  53.613 0.0000000000
34501  -18.165  -29.182  53.305 0.0000000000
35419  -19.009  -28.813  53.346 0.0000000000
35412  -19.423  -28.636  54.049 0.0000000000
127431  -20.591  -27.791  54.361 0.0000000000
36338  -20.032  -27.227  49.602 0.0000000000
36324  -20.374  -27.231  50.330 0.0000000000
123791  -20.961  -27.322  52.278 0.0000000000
36305  -21.151  -27.280  52.873 0.0000000000
36293  -21.107  -27.417  54.093 0.0000000000
126995  -21.117  -27.360  54.756 0.0000000000
133219  -21.623  -26.863  55.072 0.0000000000
135838  -21.982  -26.534  54.676 0.0000000000
37183  -22.360  -26.098  54.533 0.0000000000
38059  -22.546  -25.501  53.514 0.0000000000
38043  -22.603  -25.468  54.206 0.0000000000
38872  -22.880  -24.671  53.704 0.0000000000
39750  -23.504  -23.849  53.898 0.0000000000
44343  -29.105  -17.927  43.146 0.0000000000
44334  -29.436  -18.103  43.728 0.0000000000
127951  -29.843  -18.213  44.498 0.0000000000
44321  -29.337  -18.615  45.200 0.0000000000
44296  -29.442  -18.808  46.107 0.0000000000
137490  -30.329  -18.705  47.843 0.0000000000
44272  -30.743  -18.658  48.267 0.0000000000
44273  -31.637  -18.563  48.437 0.0000000000
43311  -31.981  -18.643  49.714 0.0000000000
43298  -32.449  -18.636  50.195 0.0000000000
44241  -33.704  -18.596  51.190 0.0000000000
44243  -35.384  -18.731  50.860 0.0000000000
43299  -36.053  -19.047  51.224 0.0000000000
43300  -36.647  -19.310  50.828 0.0000000000
44288  -35.578  -18.280  47.743 0.0000000000
136277  -36.180  -18.470  48.171 0.0000000000
44290  -37.282  -18.613  47.190 0.0000000000
44278  -36.950  -18.726  48.129 0.0000000000
125357  -36.913  -18.926  48.716 0.0000000000
43313  -37.597  -19.727  49.522 0.0000000000
42463  -38.812  -21.010  50.183 0.0000000000
42478  -40.388  -20.580  49.623 0.0000000000
36355  -15.927  -27.780  47.069 0.0000000000
35473  -16.902  -27.859  48.935 0.0000000000
36346  -17.566  -27.602  48.349 0.0000000000
34520  -17.147  -29.156  52.020 0.0000000000
51918  -43.214  -9.749  47.618 0.0000000000
51941  -43.479  -10.591  45.968 0.0000000000
51930  -44.755  -9.787  46.863 0.0000000000
115657  -45.272  -9.991  46.221 0.0000000000
133632  -42.139  -11.779  42.026 0.0000000000
51018  -43.915  -11.431  43.535 0.0000000000
114465  -43.871  -11.631  42.096 0.0000000000
51010  -44.370  -11.221  44.170 0.0000000000
51011  -45.072  -11.177  44.031 0.0000000000
114113  -46.211  -10.441  44.977 0.0000000000
57347  -46.690  -3.804  33.181 0.0000000000
57333  -47.898  -3.997  33.796 0.0000000000
57317  -48.631  -3.814  34.114 0.0000000000
57300  -50.182  -3.950  35.906 0.0000000000
58224  -51.034  -3.740  37.039 0.0000000000
59170  -50.424  -2.235  34.435 0.0000000000
60109  -51.102  -1.705  34.840 0.0000000000
59155  -50.909  -2.501  35.206 0.0000000000
58239  -50.679  -3.270  35.665 0.0000000000
23634  -6.650  -41.755  46.388 0.0000000000
52111  -40.250  -10.209  33.848 0.0000000000
52980  -40.750  -9.696  33.340 0.0000000000
53004  -41.211  -9.242  32.870 0.0000000000
117169  -40.972  -8.802  32.290 0.0000000000
135388  -41.805  -9.137  33.055 0.0000000000
114587  -42.096  -8.359  32.346 0.0000000000
53856  -42.781  -8.140  32.536 0.0000000000
55517  -41.343  -6.821  30.988 0.0000000000
54677  -42.031  -7.183  31.415 0.0000000000
131889  -43.466  -6.727  32.092 0.0000000000
56376  -44.081  -6.003  32.295 0.0000000000
56391  -42.958  -5.384  31.392 0.0000000000
56393  -44.355  -5.244  32.294 0.0000000000
57344  -44.901  -4.132  32.423 0.0000000000
59196  -45.998  -2.584  32.357 0.0000000000
133921  -46.141  -1.696  32.150 0.0000000000
60140  -45.058  -1.231  31.675 0.0000000000
60134  -47.343  -1.380  32.404 0.0000000000
61080  -47.558  -0.593  32.302 0.0000000000
61118  -46.166  0.317  29.942 0.0000000000
61106  -46.381  0.055  30.803 0.0000000000
61094  -47.797  0.331  32.151 0.0000000000
63022  -48.769  1.776  32.038 0.0000000000
63036  -48.527  1.586  30.254 0.0000000000
122947  -49.943  2.682  31.275 0.0000000000
63980  -51.662  3.138  30.568 0.0000000000
63050  -51.106  1.876  28.456 0.0000000000
63049  -50.419  1.419  28.338 0.0000000000
63070  -50.439  1.701  26.485 0.0000000000
29939  -9.902  -34.683  48.515 0.0000000000
29063  -8.751  -35.000  49.973 0.0000000000
29086  -9.474  -35.428  48.059 0.0000000000
28278  -8.982  -35.868  48.298 0.0000000000
28291  -9.168  -36.033  47.572 0.0000000000
28235  -5.728  -36.403  52.337 0.0000000000
28250  -6.529  -36.465  50.552 0.0000000000
28262  -6.900  -36.769  49.749 0.0000000000
135777  -7.335  -37.035  49.144 0.0000000000
27439  -8.138  -37.340  47.820 0.0000000000
26546  -7.926  -38.141  47.347 0.0000000000
25646  -7.115  -39.771  47.924 0.0000000000
22623  -6.586  -42.362  46.902 0.0000000000
22618  -6.762  -42.699  47.580 0.0000000000
51892  -42.528  -9.759  50.962 0.0000000000
52817  -42.522  -9.355  50.168 0.0000000000
46174  -39.714  -16.291  51.653 0.0000000000
49197  -38.992  -13.534  45.868 0.0000000000
49171  -39.043  -13.086  47.293 0.0000000000
116319  -39.102  -13.266  48.034 0.0000000000
130042  -39.293  -12.334  49.792 0.0000000000
50968  -40.161  -10.769  49.937 0.0000000000
51908  -40.388  -10.217  49.160 0.0000000000
116534  -41.177  -9.833  49.345 0.0000000000
51909  -41.699  -9.675  48.797 0.0000000000
133678  -41.241  -11.179  45.224 0.0000000000
113895  -40.776  -11.330  42.064 0.0000000000
52880  -38.853  -9.511  42.823 0.0000000000
51975  -39.537  -9.961  42.309 0.0000000000
51043  -40.099  -10.719  41.726 0.0000000000
51058  -40.534  -11.581  40.222 0.0000000000
114457  -40.747  -11.749  38.648 0.0000000000
51134  -40.014  -11.357  36.215 0.0000000000
134826  -39.841  -11.147  35.593 0.0000000000
52087  -39.982  -10.893  35.060 0.0000000000
132070  -34.637  -11.362  38.121 0.0000000000
52034  -35.503  -9.507  37.587 0.0000000000
52048  -36.339  -10.291  36.769 0.0000000000
51114  -37.022  -10.812  36.100 0.0000000000
52066  -36.761  -10.726  35.454 0.0000000000
51132  -37.610  -10.901  35.316 0.0000000000
51145  -38.377  -10.900  34.908 0.0000000000
52086  -38.800  -10.678  34.169 0.0000000000
113921  -39.710  -10.650  34.397 0.0000000000
52110  -39.448  -10.314  33.620 0.0000000000
34491  -17.775  -29.403  54.761 0.0000000000
34483  -17.590  -29.449  55.634 0.0000000000
35396  -18.528  -28.788  56.509 0.0000000000
133791  -20.570  -27.296  56.771 0.0000000000
38978  -22.183  -24.115  47.259 0.0000000000
121738  -22.387  -23.901  47.963 0.0000000000
38953  -22.422  -24.017  48.715 0.0000000000
39824  -22.594  -23.696  49.538 0.0000000000
132707  -22.809  -23.514  50.203 0.0000000000
38928  -22.842  -23.714  50.921 0.0000000000
39804  -23.259  -23.052  50.584 0.0000000000
39759  -23.987  -23.369  53.213 0.0000000000
42509  -25.975  -21.118  44.874 0.0000000000
41655  -26.060  -21.202  45.755 0.0000000000
41638  -25.503  -21.431  47.227 0.0000000000
42495  -27.489  -20.342  47.270 0.0000000000
133689  -27.047  -20.754  47.634 0.0000000000
41639  -26.373  -21.177  47.619 0.0000000000
120626  -25.548  -21.510  48.089 0.0000000000
41628  -25.448  -21.616  48.940 0.0000000000
41620  -25.334  -21.726  49.723 0.0000000000
40692  -25.227  -21.857  50.539 0.0000000000
41609  -26.059  -21.498  50.743 0.0000000000
40677  -24.735  -22.260  51.322 0.0000000000
40664  -24.639  -22.555  52.142 0.0000000000
40656  -24.639  -22.836  52.866 0.0000000000
39760  -24.729  -22.970  53.709 0.0000000000
39752  -24.891  -23.035  54.646 0.0000000000
40641  -25.758  -22.570  56.012 0.0000000000
137625  -28.411  -20.863  53.446 0.0000000000
135501  -28.272  -21.288  54.952 0.0000000000
31725  -11.650  -32.613  48.028 0.0000000000
34560  -14.159  -28.916  47.300 0.0000000000
33619  -12.951  -30.854  45.497 0.0000000000
33589  -13.084  -30.800  47.490 0.0000000000
120470  -12.528  -31.452  46.961 0.0000000000
114563  -12.842  -31.431  54.255 0.0000000000
52069  -42.136  -10.472  35.642 0.0000000000
115060  -42.766  -10.468  36.118 0.0000000000
51102  -43.376  -10.798  37.363 0.0000000000
51103  -44.061  -10.741  37.766 0.0000000000
53823  -44.134  -8.731  34.175 0.0000000000
52939  -44.912  -9.720  35.936 0.0000000000
52940  -45.754  -9.534  36.143 0.0000000000
52037  -45.352  -10.183  37.477 0.0000000000
52023  -44.867  -10.605  38.107 0.0000000000
52012  -45.623  -10.726  39.250 0.0000000000
52014  -47.069  -10.034  39.825 0.0000000000
52000  -47.470  -10.314  40.753 0.0000000000
56366  -46.908  -5.012  33.930 0.0000000000
56349  -47.469  -5.477  34.374 0.0000000000
56330  -48.556  -5.309  35.210 0.0000000000
127617  -48.370  -5.920  35.495 0.0000000000
55470  -47.970  -6.457  35.393 0.0000000000
54620  -48.146  -7.048  36.915 0.0000000000
54611  -48.081  -7.277  37.775 0.0000000000
54601  -48.391  -7.178  38.599 0.0000000000
53792  -48.151  -7.875  39.042 0.0000000000
63981  -52.562  3.400  30.367 0.0000000000
138125  -53.125  3.485  29.935 0.0000000000
64890  -53.669  3.474  29.498 0.0000000000
64891  -54.454  3.642  29.342 0.0000000000
115042  -54.913  3.654  28.897 0.0000000000
114700  -55.756  3.822  28.737 0.0000000000
64021  -52.611  2.575  26.602 0.0000000000
64022  -53.443  2.901  26.659 0.0000000000
64038  -53.446  2.754  25.751 0.0000000000
64902  -56.550  4.040  28.107 0.0000000000
113876  -57.344  4.382  27.580 0.0000000000
64914  -58.094  4.711  27.189 0.0000000000
64926  -58.721  4.865  26.505 0.0000000000
64927  -59.635  4.757  26.400 0.0000000000
63098  -54.879  1.762  24.153 0.0000000000
64057  -57.510  3.018  24.902 0.0000000000
63101  -58.105  2.131  24.522 0.0000000000
129211  -58.396  3.296  24.878 0.0000000000
118215  -60.283  0.450  22.432 0.0000000000
61165  -62.230  0.019  22.073 0.0000000000
28290  -8.620  -36.481  48.061 0.0000000000
35421  -20.268  -28.082  53.167 0.0000000000
35470  -14.936  -28.433  48.076 0.0000000000
37229  -20.403  -26.748  48.830 0.0000000000
39874  -21.994  -23.927  46.483 0.0000000000
42411  -29.749  -20.776  55.023 0.0000000000
42485  -39.195  -20.085  47.933 0.0000000000
44261  -33.152  -18.530  49.069 0.0000000000
44284  -31.349  -18.499  47.796 0.0000000000
44312  -37.875  -18.259  45.526 0.0000000000
46271  -37.339  -16.652  43.232 0.0000000000
51899  -40.822  -10.146  49.865 0.0000000000
52951  -44.593  -9.408  35.244 0.0000000000
55471  -48.804  -5.621  35.874 0.0000000000
55502  -45.105  -5.605  33.086 0.0000000000
57346  -46.056  -4.176  33.093 0.0000000000
59156  -51.670  -2.026  35.568 0.0000000000
59169  -49.726  -2.719  34.145 0.0000000000
60095  -53.239  -1.072  36.048 0.0000000000
62083  -47.316  0.562  28.242 0.0000000000
62140  -57.574  0.745  22.790 0.0000000000
63954  -50.290  2.691  32.592 0.0000000000
121452  -42.754  -10.153  35.501 0.0000000000
123000  -39.683  -15.099  48.221 0.0000000000
133440  -52.164  2.685  33.378 0.0000000000
134712  -41.753  -7.742  31.633 0.0000000000
136462  -35.830  -16.622  42.890 0.0000000000
136753  -39.255  -14.059  48.847 0.0000000000
136947  -36.462  -17.941  46.061 0.0000000000
137141  -22.094  -26.476  54.187 0.0000000000
137556  -52.239  -0.951  35.334 0.0000000000
