#!ascii label  , from subject sub-v2s16x51215_ses-1 vox2ras=TkReg
1403
8663  -27.174  -60.156  -31.043 0.5000000000
9440  -26.173  -59.657  -31.680 0.6000000238
8609  -35.272  -59.898  -28.032 0.3000000119
134442  -25.158  -59.982  -32.649 0.5000000000
136790  -32.890  -59.233  -26.838 0.4000000060
128564  -33.454  -59.336  -26.864 0.4000000060
118413  -33.741  -59.476  -25.958 0.4000000060
9389  -34.333  -59.627  -27.067 0.3000000119
9377  -32.691  -59.158  -26.120 0.4000000060
9412  -25.707  -59.002  -28.354 0.5000000000
127539  -26.013  -59.333  -29.453 0.5000000000
9429  -26.298  -59.498  -30.854 0.5000000000
10199  -25.155  -58.547  -29.193 0.6000000238
9439  -25.535  -59.025  -31.280 0.6000000238
129117  -36.503  -60.675  -26.685 0.3000000119
9438  -24.297  -58.740  -32.087 0.5000000000
9387  -31.282  -59.356  -26.811 0.5000000000
9399  -31.745  -59.492  -27.945 0.5000000000
117098  -35.391  -60.349  -25.747 0.3000000119
10215  -24.092  -58.525  -31.050 0.6000000238
9449  -24.601  -59.464  -32.604 0.5000000000
9376  -31.729  -59.069  -26.037 0.5000000000
9388  -32.298  -59.276  -27.031 0.4000000060
9363  -33.591  -59.450  -24.761 0.4000000060
129154  -34.440  -59.936  -25.307 0.3000000119
10165  -31.232  -58.733  -25.280 0.4000000060
9362  -32.857  -59.084  -25.085 0.4000000060
9361  -32.047  -58.795  -25.258 0.4000000060
10160  -26.132  -58.696  -25.367 0.6999999881
9371  -26.643  -59.126  -25.972 0.6999999881
8648  -27.770  -60.297  -30.338 0.5000000000
10142  -25.506  -58.431  -24.835 0.6999999881
10159  -25.201  -58.451  -25.604 0.6999999881
9381  -25.478  -58.670  -26.769 0.8000000119
9393  -25.557  -58.792  -27.439 0.5000000000
117568  -25.023  -58.441  -28.034 0.6999999881
8630  -29.079  -60.349  -29.568 0.5000000000
10174  -24.287  -58.447  -26.705 0.6999999881
8619  -29.409  -60.252  -28.442 0.4000000060
9398  -30.810  -59.684  -27.676 0.5000000000
120421  -37.173  -60.898  -25.916 0.3000000119
9411  -23.529  -59.065  -28.801 0.6000000238
9386  -30.323  -59.499  -26.598 0.5000000000
8584  -36.096  -60.686  -25.322 0.3000000119
10197  -23.908  -58.612  -29.086 0.5000000000
9375  -30.827  -59.077  -25.925 0.5000000000
126024  -31.115  -58.284  -23.964 0.4000000060
9352  -33.000  -59.024  -24.162 0.4000000060
9353  -33.568  -59.418  -23.938 0.4000000060
9364  -34.172  -59.865  -24.253 0.4000000060
10129  -31.819  -58.322  -23.627 0.3000000119
10148  -31.545  -58.516  -24.525 0.4000000060
10821  -24.677  -57.204  -21.833 0.5000000000
10841  -25.237  -57.629  -22.467 0.6000000238
123778  -26.054  -57.673  -22.165 0.6000000238
10123  -25.688  -58.261  -24.016 0.6000000238
10143  -26.516  -58.525  -24.524 0.6000000238
11646  -22.985  -56.243  -21.857 0.5000000000
10820  -23.576  -56.829  -22.296 0.5000000000
10839  -22.973  -57.104  -23.118 0.6000000238
10858  -24.726  -57.846  -23.548 0.6000000238
10122  -24.690  -58.148  -24.469 0.6999999881
9394  -26.874  -59.799  -27.514 0.6000000238
128865  -37.060  -62.550  -25.431 0.3000000119
10107  -21.450  -57.469  -22.200 0.6999999881
11661  -22.444  -56.602  -22.536 0.6000000238
137583  -23.568  -57.497  -23.609 0.6000000238
10857  -23.636  -57.825  -24.288 0.6999999881
119646  -24.672  -58.308  -25.139 0.6999999881
9383  -27.195  -59.565  -26.628 0.6000000238
9395  -27.822  -60.070  -27.359 0.6000000238
8618  -28.440  -60.344  -28.295 0.5000000000
11644  -21.152  -56.134  -21.543 0.6999999881
10108  -21.658  -57.607  -22.873 0.6000000238
10120  -21.962  -57.779  -23.654 0.6000000238
10856  -22.651  -57.633  -23.861 0.6000000238
10121  -23.047  -58.029  -24.674 0.6999999881
120740  -23.765  -58.573  -26.145 0.6999999881
9396  -28.817  -60.130  -27.320 0.5000000000
7847  -36.933  -61.057  -26.764 0.3000000119
10071  -21.589  -57.594  -20.372 0.6999999881
10094  -21.504  -57.826  -21.350 0.6000000238
10095  -21.857  -58.427  -22.051 0.6999999881
9351  -22.588  -58.548  -24.509 0.6000000238
9360  -22.901  -59.196  -24.995 0.6000000238
10185  -23.818  -58.745  -28.058 0.6999999881
9384  -28.196  -59.686  -26.492 0.5000000000
9374  -29.951  -59.151  -25.771 0.5000000000
9337  -21.920  -58.453  -23.141 0.6000000238
129303  -22.744  -59.561  -24.186 0.6000000238
8597  -23.330  -59.789  -26.554 0.6000000238
9410  -23.272  -59.683  -28.160 0.6000000238
119574  -23.048  -59.592  -29.049 0.6000000238
133897  -29.612  -58.776  -25.138 0.5000000000
9324  -22.185  -59.609  -21.134 0.6999999881
8553  -22.412  -60.475  -22.277 0.6000000238
8568  -22.636  -59.770  -23.116 0.6000000238
113943  -23.019  -60.719  -24.688 0.6000000238
135368  -23.133  -60.899  -25.460 0.5000000000
117814  -23.147  -60.885  -26.080 0.5000000000
8627  -22.472  -60.293  -28.707 0.5000000000
9427  -23.334  -59.010  -29.741 0.5000000000
129484  -30.001  -58.483  -24.555 0.5000000000
10828  -31.605  -57.457  -21.642 0.3000000119
10848  -32.068  -57.894  -22.157 0.3000000119
123419  -32.492  -58.453  -22.787 0.3000000119
10110  -33.344  -58.938  -22.253 0.4000000060
10131  -33.235  -59.118  -23.220 0.4000000060
8646  -21.662  -60.313  -29.532 0.5000000000
10847  -31.311  -57.673  -22.381 0.3000000119
10109  -31.021  -57.949  -23.196 0.3000000119
10130  -32.546  -58.687  -23.629 0.4000000060
11620  -23.800  -55.935  -20.716 0.5000000000
11647  -24.172  -56.601  -21.277 0.5000000000
11621  -25.014  -56.474  -20.453 0.5000000000
11648  -25.088  -56.990  -21.086 0.5000000000
12387  -21.707  -55.075  -20.684 0.5000000000
12388  -22.712  -55.065  -20.639 0.5000000000
12408  -22.454  -55.580  -21.311 0.5000000000
10822  -25.605  -57.337  -21.573 0.5000000000
10842  -26.701  -57.764  -22.423 0.6000000238
10860  -27.147  -58.102  -23.208 0.6000000238
11619  -21.413  -55.551  -21.229 0.5000000000
129377  -27.111  -58.413  -23.971 0.6000000238
10161  -27.066  -58.872  -25.221 0.8000000119
6432  -37.175  -63.127  -24.135 0.3000000119
11597  -21.232  -55.700  -20.292 0.6000000238
10799  -21.139  -56.341  -20.743 0.6000000238
11645  -21.780  -56.035  -22.000 0.6000000238
10125  -27.830  -58.347  -23.857 0.4000000060
10162  -27.978  -58.871  -25.171 0.5000000000
9372  -27.576  -59.257  -25.841 0.6000000238
7826  -37.957  -61.063  -25.967 0.3000000119
8600  -38.136  -60.940  -25.654 0.3000000119
114962  -21.835  -58.001  -19.476 0.6999999881
10126  -28.699  -58.260  -23.813 0.4000000060
10056  -21.846  -58.612  -19.818 0.6000000238
115673  -22.024  -58.794  -21.016 0.6999999881
10146  -29.183  -58.518  -24.513 0.4000000060
8583  -35.003  -60.370  -24.670 0.3000000119
9295  -21.616  -59.389  -19.552 0.6000000238
9306  -21.724  -59.928  -20.282 0.6999999881
137229  -22.580  -60.713  -22.908 0.6000000238
7803  -22.304  -61.682  -24.540 0.5000000000
7818  -22.684  -61.450  -25.468 0.5000000000
8615  -22.791  -60.544  -27.753 0.6000000238
10127  -29.579  -58.200  -23.809 0.4000000060
12392  -31.699  -56.034  -19.923 0.3000000119
11627  -31.574  -56.748  -20.537 0.3000000119
115940  -32.240  -56.719  -20.295 0.3000000119
10073  -32.685  -57.322  -20.589 0.3000000119
10096  -32.828  -58.329  -21.802 0.4000000060
8569  -34.723  -60.262  -23.655 0.3000000119
7773  -22.085  -61.164  -22.474 0.6000000238
7070  -21.356  -62.203  -24.458 0.5000000000
7817  -21.850  -62.015  -25.146 0.5000000000
7838  -22.545  -61.438  -26.491 0.5000000000
7869  -21.512  -61.381  -27.911 0.5000000000
131015  -21.651  -60.867  -28.631 0.6000000238
10846  -30.660  -57.631  -22.554 0.3000000119
10827  -30.740  -57.326  -21.818 0.3000000119
7787  -21.778  -61.841  -23.709 0.5000000000
7837  -21.665  -62.015  -26.011 0.5000000000
7853  -20.778  -61.824  -27.453 0.5000000000
7140  -20.169  -62.205  -27.081 0.5000000000
13963  -24.053  -53.811  -20.224 0.5000000000
12367  -23.306  -54.506  -20.232 0.5000000000
11599  -25.481  -55.847  -19.893 0.5000000000
117355  -26.058  -56.427  -20.220 0.5000000000
10801  -26.551  -56.821  -20.646 0.5000000000
116439  -21.478  -54.972  -20.029 0.5000000000
12389  -23.619  -55.359  -20.438 0.5000000000
10802  -27.264  -56.910  -20.771 0.4000000060
12365  -21.310  -55.391  -20.650 0.5000000000
10824  -27.549  -57.261  -21.405 0.4000000060
6423  -36.891  -63.580  -23.119 0.3000000119
7057  -37.659  -63.143  -22.469 0.3000000119
11588  -21.715  -55.855  -19.184 0.6000000238
10843  -27.591  -57.644  -22.257 0.4000000060
10861  -28.165  -57.994  -23.105 0.4000000060
10789  -21.664  -56.928  -19.615 0.6000000238
7095  -38.080  -62.304  -24.738 0.3000000119
7827  -38.450  -60.960  -25.324 0.3000000119
122505  -21.923  -57.963  -18.781 0.6000000238
10862  -29.095  -57.892  -23.094 0.4000000060
10040  -21.470  -58.833  -18.118 0.6000000238
10845  -29.458  -57.522  -22.358 0.4000000060
8585  -36.896  -60.910  -24.705 0.3000000119
10041  -21.722  -58.743  -18.935 0.6999999881
125546  -30.161  -57.480  -22.301 0.3000000119
116638  -30.941  -56.482  -20.418 0.3000000119
13162  -25.102  -54.671  -19.841 0.5000000000
12368  -24.825  -55.100  -19.820 0.5000000000
13163  -25.969  -54.734  -19.717 0.5000000000
12370  -26.690  -55.044  -19.567 0.4000000060
12366  -22.007  -54.443  -20.163 0.5000000000
126973  -27.573  -54.792  -19.627 0.4000000060
11622  -26.932  -56.408  -20.152 0.4000000060
13160  -22.428  -53.841  -19.825 0.6000000238
11602  -28.441  -56.005  -19.855 0.4000000060
116988  -28.154  -56.969  -20.988 0.4000000060
7076  -38.694  -61.847  -24.452 0.3000000119
7075  -37.900  -62.839  -23.697 0.3000000119
10784  -22.061  -57.204  -18.477 0.6000000238
118891  -28.182  -57.368  -21.725 0.4000000060
10844  -28.586  -57.605  -22.373 0.4000000060
11649  -29.463  -56.774  -20.834 0.4000000060
11626  -30.119  -56.319  -20.262 0.4000000060
10826  -29.865  -57.211  -21.655 0.3000000119
12391  -30.700  -55.650  -19.786 0.3000000119
9272  -20.469  -59.873  -18.136 0.6000000238
13964  -25.225  -54.202  -20.110 0.5000000000
14000  -26.322  -53.591  -21.766 0.4000000060
13164  -26.574  -54.390  -19.914 0.4000000060
13161  -23.248  -53.710  -20.048 0.5000000000
13965  -27.812  -54.205  -19.921 0.4000000060
13159  -21.983  -54.358  -19.558 0.6000000238
13961  -22.953  -53.445  -19.504 0.6000000238
13962  -23.433  -53.184  -20.010 0.6000000238
135506  -21.792  -54.957  -19.212 0.6000000238
13150  -22.452  -53.802  -18.954 0.6000000238
12372  -29.123  -55.380  -19.653 0.4000000060
12357  -22.218  -55.581  -18.308 0.6000000238
11625  -29.298  -56.163  -20.043 0.4000000060
12373  -30.043  -55.019  -19.556 0.4000000060
12390  -29.858  -55.715  -19.796 0.4000000060
13167  -30.381  -54.183  -19.724 0.4000000060
8586  -38.818  -60.935  -25.032 0.3000000119
8573  -39.152  -60.837  -24.593 0.3000000119
10770  -22.101  -57.474  -17.526 0.6000000238
125754  -30.771  -54.830  -19.589 0.4000000060
117010  -36.392  -60.837  -23.385 0.3000000119
115153  -37.979  -60.812  -24.688 0.3000000119
10014  -21.305  -58.622  -17.307 0.6000000238
9250  -20.905  -59.239  -17.726 0.6000000238
10753  -20.762  -58.009  -16.116 0.6999999881
11552  -21.897  -56.671  -15.939 0.6999999881
9235  -20.648  -58.932  -16.940 0.6000000238
10741  -20.673  -57.464  -15.816 0.6999999881
11551  -20.525  -56.761  -15.578 0.6999999881
9985  -20.044  -57.989  -15.925 0.6000000238
12317  -21.617  -55.294  -15.128 0.6999999881
13104  -21.560  -54.414  -14.770 0.6000000238
10740  -19.829  -57.293  -15.746 0.6999999881
12325  -20.743  -55.415  -15.195 0.6999999881
13983  -25.493  -53.599  -21.039 0.5000000000
13997  -24.453  -53.004  -21.231 0.5000000000
14878  -25.269  -52.850  -22.647 0.5000000000
13998  -24.905  -53.029  -21.939 0.5000000000
14012  -25.913  -53.341  -22.925 0.5000000000
136397  -27.441  -53.619  -21.208 0.4000000060
14844  -23.430  -52.980  -19.464 0.6000000238
14857  -23.869  -52.845  -20.117 0.6000000238
134721  -24.797  -52.392  -21.098 0.6000000238
133319  -25.672  -52.315  -22.854 0.6000000238
131188  -28.088  -53.738  -20.446 0.4000000060
13149  -22.221  -54.606  -18.661 0.6000000238
133627  -24.948  -52.155  -20.509 0.6000000238
15618  -25.330  -51.978  -21.161 0.6000000238
13966  -28.761  -54.005  -19.929 0.4000000060
11575  -22.520  -56.224  -17.304 0.6000000238
13138  -22.740  -54.342  -17.922 0.6000000238
13950  -23.625  -52.802  -18.801 0.6000000238
14846  -24.913  -52.195  -18.872 0.6000000238
118328  -25.823  -51.673  -19.922 0.6000000238
13166  -29.407  -54.445  -19.660 0.4000000060
135117  -30.844  -53.338  -21.574 0.4000000060
131263  -23.091  -54.848  -17.011 0.6000000238
136059  -23.217  -54.236  -17.234 0.6000000238
14831  -24.270  -52.516  -18.320 0.6000000238
15592  -25.786  -51.805  -18.823 0.6000000238
15607  -26.958  -51.552  -19.534 0.6000000238
13968  -30.380  -53.737  -20.113 0.4000000060
13987  -30.819  -53.504  -20.721 0.4000000060
10755  -22.179  -57.068  -16.706 0.6000000238
13124  -23.242  -54.538  -16.340 0.5000000000
13922  -23.598  -53.735  -16.912 0.6000000238
14832  -25.144  -52.139  -17.722 0.6000000238
15594  -27.290  -51.569  -18.649 0.6000000238
15609  -28.445  -51.329  -19.280 0.6999999881
10769  -21.713  -57.929  -16.948 0.6999999881
11565  -22.472  -56.159  -16.386 0.6000000238
135572  -23.818  -53.464  -16.295 0.6000000238
13923  -24.061  -53.099  -16.730 0.6000000238
15595  -28.240  -51.406  -18.332 0.6000000238
15610  -29.175  -51.020  -19.486 0.6000000238
119904  -30.511  -50.168  -20.045 0.6000000238
14818  -25.108  -52.168  -16.599 0.6000000238
15579  -26.795  -51.665  -17.145 0.6000000238
15596  -29.076  -51.109  -18.627 0.6000000238
16393  -30.157  -50.304  -18.711 0.6000000238
13115  -22.904  -54.254  -15.181 0.6000000238
13912  -23.878  -53.083  -15.683 0.6000000238
15565  -25.681  -51.754  -15.923 0.5000000000
135588  -27.636  -51.475  -16.973 0.6000000238
131484  -29.641  -50.657  -18.144 0.6000000238
14799  -24.247  -52.361  -15.276 0.5000000000
11550  -19.648  -56.499  -15.666 0.6999999881
13103  -20.637  -54.186  -14.857 0.6999999881
13902  -21.832  -53.591  -14.528 0.5000000000
13903  -22.961  -52.930  -14.575 0.6000000238
131647  -24.572  -51.768  -14.950 0.5000000000
15567  -27.304  -51.359  -16.289 0.5000000000
125336  -24.356  -51.215  -14.597 0.6000000238
16444  -23.472  -49.764  -26.389 0.6000000238
17223  -22.616  -49.622  -24.925 0.6000000238
16442  -21.313  -50.840  -24.038 0.6000000238
115279  -25.333  -53.054  -22.728 0.5000000000
131796  -25.612  -52.789  -23.222 0.5000000000
14029  -26.039  -53.113  -23.770 0.5000000000
14013  -27.285  -53.576  -22.262 0.5000000000
14001  -28.307  -53.533  -21.293 0.4000000060
123641  -26.187  -51.649  -21.578 0.5000000000
15631  -26.010  -51.812  -22.338 0.5000000000
132673  -27.894  -51.406  -23.134 0.5000000000
131074  -28.511  -53.475  -22.170 0.4000000060
115498  -29.692  -53.373  -23.035 0.4000000060
15632  -26.903  -51.519  -21.997 0.5000000000
15642  -28.588  -51.198  -22.633 0.5000000000
13985  -29.000  -53.644  -20.520 0.4000000060
14014  -29.466  -53.400  -22.202 0.4000000060
115497  -30.632  -53.205  -22.999 0.4000000060
135433  -28.007  -51.340  -20.567 0.5000000000
15633  -28.529  -51.173  -21.849 0.5000000000
123904  -27.789  -51.353  -21.671 0.5000000000
14002  -30.120  -53.399  -21.432 0.4000000060
15622  -28.507  -51.240  -20.142 0.6000000238
16413  -29.283  -50.861  -21.235 0.6000000238
16409  -30.018  -50.507  -20.578 0.6000000238
16414  -30.135  -50.488  -21.459 0.5000000000
17186  -31.006  -49.697  -19.921 0.4000000060
18006  -31.712  -48.809  -21.111 0.4000000060
18015  -31.786  -48.944  -22.000 0.4000000060
16385  -30.249  -49.966  -17.718 0.6000000238
17176  -30.721  -49.680  -18.533 0.6000000238
17991  -31.770  -48.284  -19.798 0.5000000000
126123  -32.042  -47.700  -21.210 0.4000000060
138077  -32.113  -47.983  -22.059 0.4000000060
19804  -31.985  -47.003  -22.075 0.4000000060
10752  -18.426  -56.950  -16.384 0.6999999881
16383  -28.834  -50.902  -16.846 0.6000000238
17985  -31.578  -48.401  -18.882 0.5000000000
19791  -32.017  -47.009  -21.242 0.4000000060
13901  -20.415  -53.402  -14.892 0.6000000238
16366  -26.247  -50.729  -15.001 0.5000000000
16367  -27.688  -50.748  -15.696 0.5000000000
17977  -31.366  -48.408  -17.851 0.5000000000
18845  -31.959  -47.045  -18.918 0.5000000000
18854  -31.995  -47.440  -19.899 0.4000000060
19790  -31.857  -46.168  -20.956 0.4000000060
14785  -22.224  -52.705  -14.409 0.6000000238
17157  -28.809  -49.807  -15.812 0.5000000000
18910  -23.624  -47.835  -26.243 0.6999999881
118075  -24.402  -48.234  -25.806 0.6000000238
18902  -24.325  -47.346  -25.413 0.6999999881
18032  -24.055  -48.397  -25.051 0.6000000238
19822  -24.500  -47.131  -24.861 0.6000000238
17216  -21.863  -49.454  -23.873 0.6000000238
18014  -23.719  -47.830  -23.389 0.6000000238
127696  -24.407  -47.486  -24.047 0.6000000238
19801  -24.629  -46.408  -23.461 0.6000000238
20736  -24.569  -45.471  -23.117 0.6000000238
16429  -20.846  -50.547  -23.270 0.5000000000
18012  -22.005  -48.580  -22.713 0.6000000238
18013  -22.707  -48.106  -22.615 0.6000000238
18884  -24.370  -47.313  -23.008 0.6000000238
18885  -24.750  -46.754  -22.922 0.6000000238
115500  -26.759  -53.483  -23.442 0.5000000000
15639  -20.262  -51.062  -22.734 0.5000000000
17207  -21.139  -49.680  -22.991 0.5000000000
18873  -23.722  -47.464  -21.879 0.5000000000
18874  -24.694  -46.954  -21.998 0.5000000000
115238  -26.075  -52.416  -23.539 0.4000000060
15649  -26.283  -52.803  -24.167 0.5000000000
14031  -27.600  -53.541  -23.840 0.5000000000
136406  -27.789  -53.543  -22.952 0.4000000060
16412  -20.147  -50.176  -21.562 0.5000000000
18004  -20.889  -48.964  -21.310 0.5000000000
18861  -23.034  -47.654  -21.039 0.5000000000
18862  -24.000  -47.325  -21.051 0.5000000000
15650  -26.672  -52.271  -24.172 0.5000000000
14032  -28.792  -53.519  -24.155 0.4000000060
14064  -29.927  -53.459  -25.514 0.4000000060
16419  -19.865  -50.846  -21.921 0.5000000000
17996  -20.870  -48.822  -20.358 0.5000000000
121189  -21.451  -48.417  -20.815 0.6000000238
18849  -22.670  -47.678  -19.577 0.6000000238
14033  -30.034  -53.321  -23.686 0.4000000060
16400  -19.593  -50.450  -19.318 0.6000000238
17185  -20.442  -49.329  -19.781 0.6000000238
17997  -21.405  -48.378  -20.025 0.6999999881
16431  -29.443  -50.943  -22.893 0.4000000060
16421  -29.385  -50.865  -22.078 0.5000000000
13158  -17.450  -54.368  -19.404 0.6000000238
16422  -30.363  -50.483  -22.382 0.5000000000
18025  -31.866  -49.046  -23.043 0.4000000060
12356  -17.558  -55.058  -18.677 0.6000000238
17209  -31.342  -49.744  -22.368 0.4000000060
12331  -18.071  -55.529  -17.316 0.6000000238
13111  -18.920  -54.692  -16.127 0.6000000238
18026  -32.022  -47.998  -23.276 0.4000000060
13909  -19.740  -53.225  -15.428 0.6000000238
13112  -19.506  -54.804  -15.596 0.6999999881
15537  -22.746  -51.262  -14.328 0.6000000238
132271  -23.207  -50.658  -14.362 0.6000000238
16356  -24.833  -50.528  -14.484 0.5000000000
120413  -26.995  -50.507  -15.222 0.5000000000
18900  -22.332  -47.214  -25.624 0.6999999881
19821  -23.949  -46.752  -25.116 0.6999999881
19812  -23.220  -46.317  -24.429 0.6000000238
19813  -24.117  -46.432  -24.444 0.6000000238
20742  -23.781  -45.742  -23.884 0.6000000238
20735  -24.021  -44.971  -23.509 0.6000000238
21639  -24.750  -44.915  -22.395 0.6999999881
20728  -25.412  -45.490  -21.630 0.6000000238
19802  -25.057  -46.201  -22.513 0.6000000238
15662  -26.724  -52.832  -24.972 0.5000000000
14045  -26.458  -53.049  -24.473 0.5000000000
14030  -26.663  -53.290  -24.354 0.5000000000
14063  -27.298  -53.361  -25.774 0.5000000000
18875  -25.315  -46.399  -21.610 0.6000000238
21633  -25.739  -45.314  -20.798 0.5000000000
14079  -27.286  -53.166  -26.425 0.5000000000
127678  -27.963  -53.601  -25.214 0.5000000000
134992  -28.651  -53.688  -26.403 0.4000000060
18850  -23.474  -47.422  -19.390 0.6000000238
123951  -24.192  -47.239  -20.169 0.6000000238
20713  -26.374  -45.751  -20.160 0.5000000000
15651  -27.616  -51.593  -23.841 0.5000000000
13980  -17.535  -53.654  -19.744 0.6000000238
122787  -18.322  -52.290  -19.623 0.4000000060
15605  -18.667  -51.756  -19.298 0.6000000238
17982  -21.113  -48.683  -18.840 0.6000000238
18839  -22.130  -47.879  -19.010 0.6000000238
134175  -25.263  -46.969  -19.294 0.6000000238
16445  -29.410  -51.105  -23.702 0.4000000060
15663  -29.271  -51.280  -24.456 0.4000000060
14842  -17.967  -52.969  -18.651 0.5000000000
15590  -18.695  -51.823  -18.502 0.5000000000
16390  -19.562  -50.612  -18.405 0.6000000238
17174  -20.001  -49.964  -18.677 0.6999999881
17973  -20.963  -48.996  -18.026 0.6000000238
17984  -22.214  -47.969  -17.563 0.6000000238
18841  -23.700  -47.346  -18.382 0.6000000238
16432  -30.307  -50.658  -23.308 0.5000000000
13148  -17.695  -54.136  -18.374 0.6000000238
16381  -19.626  -50.772  -17.581 0.6000000238
16391  -20.010  -50.140  -17.904 0.6000000238
17975  -22.167  -48.264  -16.875 0.6000000238
18835  -23.568  -47.444  -17.314 0.6000000238
116213  -25.249  -47.088  -17.625 0.6000000238
16423  -31.005  -50.254  -22.986 0.4000000060
13937  -18.343  -53.407  -17.235 0.5000000000
14829  -18.804  -51.965  -17.706 0.6000000238
16374  -20.495  -50.281  -16.476 0.6000000238
17961  -22.492  -48.350  -16.180 0.6000000238
135130  -23.616  -47.600  -16.538 0.6000000238
13137  -18.057  -54.157  -17.537 0.6000000238
13920  -18.770  -53.465  -16.530 0.6000000238
14816  -19.264  -52.451  -16.386 0.6000000238
16364  -20.812  -50.559  -15.633 0.6000000238
122165  -21.543  -49.500  -15.811 0.6000000238
15552  -21.252  -50.852  -14.991 0.6000000238
15535  -20.993  -51.766  -14.813 0.6000000238
17138  -25.266  -49.825  -14.477 0.5000000000
17148  -28.249  -49.211  -15.372 0.5000000000
132898  -21.089  -47.323  -25.369 0.6999999881
19820  -22.684  -46.716  -25.020 0.6999999881
18893  -19.227  -47.031  -24.076 0.6999999881
19809  -19.685  -46.661  -23.531 0.6999999881
19810  -20.751  -46.571  -23.740 0.6999999881
19811  -21.935  -46.422  -24.082 0.6999999881
20734  -23.254  -45.064  -23.235 0.6000000238
21638  -22.918  -44.075  -22.765 0.6000000238
22529  -23.152  -43.571  -22.754 0.5000000000
21644  -23.565  -44.224  -23.035 0.6999999881
135353  -23.771  -43.423  -22.567 0.5000000000
21632  -24.803  -44.486  -21.491 0.5000000000
21624  -25.200  -44.551  -20.374 0.5000000000
14899  -27.038  -52.991  -25.955 0.4000000060
14099  -27.475  -53.251  -27.140 0.5000000000
14100  -27.737  -53.455  -27.897 0.5000000000
131163  -28.001  -53.776  -27.506 0.5000000000
115394  -29.037  -53.786  -27.284 0.4000000060
127218  -28.390  -51.568  -24.772 0.4000000060
14919  -27.503  -53.201  -27.533 0.4000000060
19761  -26.770  -45.916  -19.605 0.6000000238
18842  -24.780  -47.132  -18.506 0.6000000238
19760  -26.763  -46.206  -19.241 0.6000000238
18822  -25.264  -47.301  -16.353 0.6000000238
19751  -26.645  -46.511  -18.292 0.6000000238
17145  -23.289  -48.928  -14.865 0.6000000238
18807  -24.984  -47.756  -15.507 0.6000000238
131111  -27.028  -46.413  -17.719 0.6000000238
17135  -22.467  -49.883  -14.708 0.6000000238
18823  -26.342  -47.147  -16.182 0.5000000000
17940  -24.891  -49.003  -14.594 0.6000000238
17949  -25.383  -48.310  -14.974 0.5000000000
17950  -26.845  -49.076  -14.834 0.5000000000
18892  -18.271  -47.149  -23.565 0.6999999881
19808  -18.730  -46.760  -23.321 0.6999999881
19798  -20.438  -46.492  -22.722 0.6999999881
19799  -21.495  -46.296  -23.044 0.6999999881
19788  -21.188  -46.283  -22.007 0.6000000238
20733  -22.168  -45.857  -22.570 0.6999999881
20727  -22.467  -45.081  -22.223 0.4000000060
18882  -17.529  -47.108  -23.016 0.6999999881
19807  -18.000  -46.819  -23.050 0.6999999881
19786  -18.994  -46.555  -21.541 0.6000000238
19787  -20.163  -46.495  -21.540 0.6000000238
21637  -22.229  -43.985  -22.045 0.5000000000
18010  -16.366  -48.665  -22.270 0.6999999881
18011  -17.036  -47.882  -22.756 0.6999999881
23519  -22.426  -42.378  -22.132 0.5000000000
18003  -15.678  -48.374  -21.829 0.6999999881
137467  -23.468  -42.688  -22.194 0.5000000000
17197  -15.100  -49.065  -21.388 0.6000000238
17191  -14.437  -49.604  -20.994 0.6000000238
17183  -14.055  -49.811  -20.390 0.6000000238
16398  -13.771  -50.553  -19.126 0.5000000000
128521  -12.567  -50.017  -17.846 0.5000000000
14920  -27.746  -53.250  -28.396 0.4000000060
125178  -28.657  -53.611  -29.412 0.4000000060
19734  -27.058  -46.617  -16.833 0.6000000238
20712  -20.911  -46.080  -20.146 0.5000000000
20726  -21.769  -45.758  -21.598 0.5000000000
19795  -17.452  -46.760  -22.431 0.6000000238
19785  -18.034  -46.585  -21.535 0.6000000238
19772  -18.561  -46.511  -20.509 0.6000000238
19759  -20.093  -46.307  -19.849 0.6000000238
21623  -21.349  -45.297  -19.744 0.5000000000
135015  -22.051  -45.108  -21.405 0.5000000000
22520  -21.931  -42.782  -21.946 0.5000000000
18880  -16.240  -47.508  -22.241 0.6999999881
19794  -16.683  -46.793  -22.124 0.6000000238
19784  -17.128  -46.604  -21.492 0.6000000238
121263  -17.727  -46.530  -20.632 0.6000000238
19757  -17.630  -46.319  -19.883 0.6000000238
23518  -21.893  -41.960  -21.851 0.5000000000
18870  -15.470  -47.344  -21.774 0.6999999881
19782  -15.267  -46.735  -21.338 0.6000000238
19770  -15.821  -46.209  -20.708 0.6000000238
20720  -16.250  -45.792  -20.031 0.6000000238
17995  -14.156  -48.151  -20.920 0.6000000238
18869  -14.606  -47.330  -21.345 0.6000000238
19781  -14.226  -46.616  -21.041 0.6000000238
19769  -14.870  -46.099  -20.754 0.6000000238
17190  -13.823  -49.010  -20.497 0.6000000238
17994  -12.926  -48.063  -20.375 0.6000000238
18858  -12.194  -47.076  -20.600 0.6000000238
19768  -13.906  -45.854  -20.645 0.6000000238
17988  -12.914  -48.872  -19.877 0.5000000000
17173  -12.811  -49.952  -18.715 0.5000000000
17987  -11.843  -48.413  -19.588 0.5000000000
18857  -11.154  -46.879  -20.193 0.6000000238
133074  -11.691  -46.236  -20.404 0.6000000238
14126  -28.615  -53.326  -29.600 0.4000000060
15576  -13.463  -52.261  -17.256 0.5000000000
17172  -12.117  -49.329  -18.324 0.5000000000
122870  -11.056  -47.604  -18.845 0.6000000238
18847  -10.843  -46.639  -19.360 0.6000000238
15562  -13.129  -51.682  -16.299 0.5000000000
17162  -12.576  -49.985  -17.177 0.5000000000
137330  -12.241  -49.471  -17.652 0.4000000060
17969  -11.873  -48.941  -17.821 0.5000000000
18838  -11.238  -46.983  -18.609 0.6000000238
133452  -20.608  -45.919  -19.421 0.6000000238
132796  -21.226  -44.678  -19.097 0.5000000000
117087  -21.679  -44.141  -20.027 0.5000000000
20711  -19.827  -46.015  -19.028 0.6000000238
21604  -20.589  -44.486  -18.427 0.5000000000
23510  -21.561  -42.194  -21.253 0.5000000000
21619  -17.084  -44.693  -19.289 0.6999999881
21602  -17.989  -44.035  -18.755 0.6999999881
20719  -15.333  -45.540  -20.281 0.6000000238
21618  -16.354  -44.293  -19.514 0.6999999881
20718  -13.695  -45.011  -20.181 0.6000000238
21617  -15.376  -43.938  -19.626 0.6999999881
20717  -12.647  -44.721  -19.588 0.6000000238
21629  -13.546  -44.151  -19.599 0.6999999881
20700  -11.460  -45.136  -19.090 0.6000000238
21615  -12.861  -44.078  -19.038 0.6999999881
137060  -12.975  -52.007  -14.729 0.5000000000
16372  -13.114  -50.620  -16.497 0.5000000000
17152  -12.347  -49.345  -17.117 0.4000000060
18831  -12.953  -47.582  -17.493 0.6000000238
20692  -12.046  -45.299  -18.645 0.6000000238
16362  -13.312  -51.117  -15.552 0.5000000000
17153  -13.031  -49.853  -16.612 0.4000000060
17971  -13.686  -48.333  -16.939 0.5000000000
22502  -21.584  -43.140  -19.927 0.5000000000
21605  -21.333  -43.895  -18.928 0.5000000000
21621  -19.528  -45.065  -18.547 0.6000000238
22486  -18.532  -43.466  -18.390 0.5000000000
23487  -19.129  -42.876  -17.960 0.5000000000
22501  -17.033  -43.786  -19.151 0.6999999881
22500  -16.017  -43.329  -19.363 0.6999999881
22499  -15.014  -43.044  -19.259 0.6000000238
20701  -12.254  -44.526  -18.969 0.6999999881
22497  -13.534  -43.525  -19.105 0.6000000238
19743  -12.976  -46.430  -18.030 0.6000000238
124754  -13.351  -45.526  -18.209 0.6000000238
16363  -14.053  -50.853  -14.737 0.5000000000
17154  -14.220  -49.755  -16.029 0.4000000060
17141  -14.844  -50.222  -14.547 0.4000000060
131579  -14.543  -50.306  -15.226 0.4000000060
17155  -15.148  -49.321  -15.989 0.5000000000
22485  -17.526  -43.099  -18.752 0.6000000238
23486  -18.058  -42.506  -18.396 0.5000000000
23500  -16.594  -42.750  -19.024 0.6000000238
23485  -17.078  -42.152  -18.735 0.5000000000
23499  -15.691  -42.465  -19.034 0.6000000238
23498  -15.013  -42.485  -18.766 0.6000000238
24519  -15.623  -41.846  -18.569 0.5000000000
22484  -14.136  -43.130  -18.711 0.6000000238
21591  -13.804  -44.049  -18.352 0.6999999881
21592  -14.555  -43.732  -17.972 0.5000000000
19744  -14.241  -46.187  -17.885 0.6000000238
18832  -14.530  -47.615  -17.348 0.5000000000
17142  -15.301  -49.721  -15.243 0.4000000060
17972  -15.112  -48.316  -16.988 0.5000000000
118340  -11.406  -43.327  -13.574 0.4000000060
114294  -12.036  -42.876  -13.033 0.3000000119
22417  -12.253  -43.640  -13.097 0.4000000060
119111  -16.582  -41.366  -18.563 0.5000000000
21535  -11.771  -44.761  -13.575 0.3000000119
133842  -13.000  -43.810  -12.759 0.4000000060
23483  -15.217  -41.938  -18.270 0.5000000000
24504  -15.992  -41.355  -18.540 0.5000000000
19685  -12.293  -46.100  -13.481 0.3000000119
21536  -12.568  -44.478  -13.133 0.4000000060
23458  -15.032  -42.495  -17.801 0.5000000000
19686  -12.921  -46.764  -13.329 0.3000000119
21593  -14.630  -44.355  -17.939 0.6000000238
123244  -15.210  -46.014  -17.729 0.6999999881
20695  -15.311  -45.059  -17.732 0.6000000238
17944  -16.264  -48.674  -15.921 0.5000000000
19746  -16.089  -46.749  -17.436 0.5000000000
18834  -16.471  -47.616  -17.033 0.4000000060
19731  -17.069  -47.073  -16.935 0.4000000060
25405  -11.852  -40.962  -12.734 0.3000000119
23413  -11.918  -42.186  -12.916 0.3000000119
24422  -12.966  -41.648  -12.095 0.3000000119
129893  -12.656  -42.459  -12.543 0.3000000119
22405  -13.312  -43.164  -12.465 0.4000000060
24503  -15.665  -41.244  -18.240 0.5000000000
20639  -13.198  -45.169  -13.073 0.4000000060
23472  -15.194  -41.858  -17.894 0.5000000000
124689  -13.088  -45.942  -13.255 0.4000000060
20619  -13.841  -45.018  -12.873 0.4000000060
22458  -14.922  -43.171  -17.774 0.5000000000
23459  -15.495  -42.011  -17.449 0.5000000000
19687  -13.895  -46.594  -13.248 0.4000000060
21578  -15.352  -44.044  -17.593 0.5000000000
20696  -15.967  -45.750  -17.540 0.5000000000
20680  -16.156  -44.981  -17.417 0.5000000000
17929  -15.870  -48.929  -14.317 0.3000000119
17938  -16.495  -48.464  -14.739 0.4000000060
18819  -17.560  -47.215  -16.292 0.4000000060
20681  -16.824  -45.925  -17.202 0.4000000060
25385  -11.967  -40.149  -12.699 0.3000000119
126706  -12.430  -40.860  -12.407 0.3000000119
23399  -13.581  -42.451  -12.048 0.4000000060
25475  -17.176  -40.076  -17.871 0.4000000060
122443  -14.130  -43.173  -12.160 0.4000000060
25474  -16.397  -40.136  -17.768 0.4000000060
21537  -13.436  -44.470  -12.813 0.4000000060
126732  -13.786  -43.830  -12.521 0.4000000060
25458  -15.803  -40.795  -17.594 0.4000000060
21522  -14.194  -44.500  -12.623 0.4000000060
22459  -15.700  -43.045  -17.338 0.5000000000
132340  -14.430  -46.065  -13.080 0.4000000060
19688  -14.861  -46.717  -13.283 0.3000000119
21579  -16.384  -44.125  -17.202 0.5000000000
18798  -16.850  -47.790  -14.325 0.3000000119
122899  -13.193  -40.807  -11.804 0.3000000119
24423  -14.025  -41.570  -11.624 0.4000000060
23384  -15.112  -41.905  -11.569 0.3000000119
23400  -14.484  -42.479  -11.782 0.4000000060
115877  -17.586  -39.426  -17.553 0.4000000060
27276  -17.595  -38.678  -17.314 0.4000000060
23401  -15.003  -43.130  -11.909 0.4000000060
25459  -16.062  -39.952  -17.338 0.4000000060
24476  -15.881  -41.338  -17.199 0.4000000060
20620  -14.541  -45.319  -12.800 0.3000000119
23460  -16.311  -42.253  -16.905 0.4000000060
19671  -15.132  -46.029  -12.948 0.3000000119
19689  -15.718  -46.696  -13.281 0.3000000119
19732  -17.618  -46.461  -16.581 0.4000000060
26331  -12.941  -39.284  -11.869 0.3000000119
25387  -14.037  -40.511  -11.488 0.4000000060
25369  -14.802  -39.968  -11.300 0.4000000060
24405  -15.029  -40.948  -11.419 0.4000000060
27264  -18.340  -38.222  -16.891 0.4000000060
26406  -16.829  -38.745  -17.340 0.4000000060
136353  -15.074  -42.532  -11.709 0.4000000060
26394  -16.236  -39.108  -16.905 0.4000000060
22406  -14.580  -43.845  -12.300 0.4000000060
24464  -16.151  -40.485  -16.873 0.4000000060
123350  -16.210  -39.668  -16.786 0.4000000060
21523  -14.981  -44.564  -12.452 0.3000000119
24465  -16.500  -41.364  -16.603 0.4000000060
20622  -16.330  -45.362  -12.547 0.3000000119
134822  -17.126  -42.802  -16.596 0.5000000000
19672  -15.984  -46.013  -12.902 0.3000000119
22461  -17.581  -43.522  -16.504 0.5000000000
18799  -17.545  -47.403  -14.654 0.3000000119
20682  -17.555  -45.472  -16.730 0.4000000060
18805  -17.121  -48.017  -15.123 0.4000000060
26314  -13.735  -38.784  -11.523 0.3000000119
135323  -15.507  -41.406  -11.443 0.3000000119
125870  -15.916  -41.746  -11.450 0.3000000119
27263  -17.171  -38.120  -17.099 0.4000000060
27262  -16.302  -38.532  -16.962 0.4000000060
28128  -16.478  -38.006  -16.574 0.3000000119
125609  -15.384  -43.872  -12.129 0.3000000119
25423  -16.631  -40.014  -16.174 0.4000000060
26383  -16.415  -39.119  -16.405 0.4000000060
21525  -16.737  -44.725  -12.195 0.3000000119
124969  -17.837  -42.811  -16.267 0.4000000060
19690  -16.579  -46.626  -13.318 0.3000000119
19691  -18.042  -46.746  -14.161 0.3000000119
19703  -18.613  -46.331  -14.749 0.3000000119
21562  -18.711  -44.567  -15.864 0.3000000119
23385  -15.677  -42.565  -11.632 0.3000000119
24407  -16.664  -41.369  -11.232 0.3000000119
22393  -16.350  -43.053  -11.646 0.3000000119
28116  -16.544  -37.849  -16.131 0.3000000119
26367  -17.044  -39.314  -15.739 0.4000000060
27239  -16.621  -38.501  -15.940 0.4000000060
25443  -17.307  -40.765  -15.855 0.4000000060
25424  -17.526  -40.126  -15.555 0.4000000060
133917  -17.570  -45.920  -13.026 0.3000000119
124158  -17.425  -46.475  -13.427 0.3000000119
22442  -18.366  -43.639  -16.090 0.3000000119
20670  -18.768  -45.595  -15.492 0.3000000119
129516  -17.635  -43.576  -11.620 0.3000000119
21526  -17.658  -44.845  -12.215 0.3000000119
24449  -18.112  -40.866  -15.522 0.3000000119
26368  -17.933  -39.486  -15.205 0.3000000119
20624  -18.181  -45.497  -12.796 0.3000000119
24450  -18.693  -41.756  -15.554 0.3000000119
20657  -19.163  -45.564  -14.441 0.3000000119
22443  -19.209  -43.923  -15.568 0.3000000119
22395  -18.544  -43.668  -11.616 0.3000000119
23388  -19.190  -43.065  -11.314 0.3000000119
21527  -18.565  -44.842  -12.314 0.3000000119
113925  -18.990  -40.968  -15.232 0.3000000119
21514  -18.953  -44.286  -11.983 0.3000000119
22396  -19.316  -43.766  -11.768 0.3000000119
19715  -18.081  -46.825  -15.951 0.4000000060
18789  -16.360  -47.340  -13.698 0.3000000119
18790  -17.187  -47.138  -13.874 0.3000000119
8617  -27.492  -60.234  -28.303 0.5000000000
8647  -26.847  -59.912  -29.920 0.5000000000
9428  -25.575  -58.902  -30.201 0.5000000000
8628  -27.329  -60.206  -29.234 0.5000000000
8620  -30.423  -60.013  -28.704 0.5000000000
10176  -25.776  -58.750  -26.136 0.6999999881
10144  -27.493  -58.608  -24.558 0.6999999881
10158  -24.218  -58.329  -25.794 0.6999999881
10187  -24.926  -58.414  -27.149 0.6999999881
10173  -23.876  -58.670  -27.030 0.6999999881
8570  -35.660  -60.697  -24.062 0.3000000119
10164  -30.409  -58.749  -25.230 0.5000000000
10128  -30.423  -58.210  -23.859 0.3000000119
10823  -26.646  -57.331  -21.460 0.6000000238
10859  -26.021  -58.059  -23.054 0.6000000238
11660  -21.779  -56.573  -22.467 0.6000000238
124015  -23.845  -58.150  -24.997 0.6999999881
7112  -37.563  -61.702  -26.016 0.3000000119
123432  -22.264  -58.474  -23.950 0.6000000238
124121  -23.481  -58.390  -25.313 0.6999999881
9373  -28.511  -59.251  -25.723 0.5000000000
9385  -29.261  -59.600  -26.358 0.6000000238
9370  -23.285  -58.907  -25.722 0.6000000238
8616  -23.251  -60.062  -27.351 0.6999999881
8582  -22.783  -60.592  -23.632 0.5000000000
8608  -23.028  -60.760  -26.948 0.5000000000
126652  -35.331  -60.523  -23.048 0.3000000119
8528  -21.801  -60.492  -20.956 0.6000000238
118791  -21.641  -61.733  -26.995 0.5000000000
10829  -32.400  -57.691  -21.363 0.3000000119
10145  -28.342  -58.574  -24.521 0.5000000000
8541  -35.148  -60.214  -22.263 0.3000000119
7836  -20.833  -62.137  -26.640 0.5000000000
12371  -28.240  -55.338  -19.621 0.4000000060
7810  -39.008  -60.991  -24.979 0.3000000119
13949  -23.113  -53.220  -18.827 0.6000000238
10754  -21.434  -57.525  -16.224 0.6999999881
11553  -22.266  -55.699  -15.629 0.6000000238
13911  -23.271  -53.451  -15.040 0.6000000238
14845  -24.011  -52.572  -19.317 0.6000000238
114817  -26.981  -51.701  -23.379 0.5000000000
123462  -29.239  -53.456  -21.359 0.4000000060
15620  -27.370  -51.409  -21.058 0.5000000000
134492  -25.950  -51.817  -17.839 0.6000000238
17194  -30.811  -49.987  -20.792 0.4000000060
11549  -18.895  -56.146  -16.065 0.6000000238
13908  -19.182  -53.915  -15.927 0.6999999881
18022  -21.854  -48.981  -23.301 0.6000000238
14885  -25.897  -52.965  -23.711 0.4000000060
15652  -28.579  -51.275  -23.368 0.4000000060
17165  -29.925  -49.790  -16.783 0.4000000060
118535  -17.928  -56.342  -17.468 0.6000000238
18033  -24.568  -47.964  -25.336 0.6000000238
17199  -21.806  -48.388  -21.788 0.6000000238
14080  -27.618  -53.473  -26.811 0.5000000000
16407  -19.962  -50.050  -20.764 0.5000000000
18864  -25.700  -46.468  -20.656 0.6000000238
15617  -19.115  -51.312  -20.546 0.4000000060
15551  -20.217  -51.781  -15.490 0.5000000000
16446  -30.368  -50.845  -24.271 0.5000000000
17960  -21.726  -48.870  -16.498 0.6000000238
15563  -19.616  -51.740  -16.340 0.5000000000
17203  -14.716  -49.931  -21.753 0.6000000238
16380  -13.138  -50.938  -17.173 0.5000000000
129532  -18.336  -46.291  -19.671 0.5000000000
19783  -16.231  -46.612  -21.442 0.6000000238
19771  -16.830  -46.348  -20.461 0.6000000238
20710  -18.856  -45.824  -19.065 0.6000000238
18859  -13.552  -47.294  -20.917 0.6000000238
15550  -13.041  -51.856  -15.411 0.5000000000
22487  -19.652  -43.897  -18.069 0.5000000000
21601  -13.125  -43.923  -18.881 0.6000000238
17140  -13.600  -50.473  -15.844 0.5000000000
20694  -14.265  -45.118  -18.064 0.6000000238
114133  -11.826  -44.089  -13.442 0.3000000119
23484  -16.239  -41.929  -18.783 0.5000000000
17937  -16.082  -49.130  -15.104 0.3000000119
24505  -16.834  -40.723  -18.273 0.4000000060
25473  -15.824  -40.652  -17.920 0.4000000060
134064  -16.622  -48.464  -15.389 0.4000000060
17930  -16.159  -48.135  -14.017 0.3000000119
128483  -17.356  -44.375  -16.754 0.5000000000
116104  -16.809  -39.464  -17.639 0.4000000060
25386  -12.636  -40.078  -12.189 0.3000000119
20621  -15.445  -45.320  -12.631 0.3000000119
23441  -17.163  -42.104  -16.425 0.4000000060
19733  -18.205  -46.006  -16.169 0.3000000119
21524  -15.833  -44.597  -12.310 0.3000000119
21561  -18.068  -44.232  -16.335 0.4000000060
27205  -14.370  -38.430  -11.257 0.3000000119
21512  -17.194  -44.155  -11.850 0.3000000119
129733  -17.847  -41.359  -15.798 0.4000000060
21513  -18.092  -44.260  -11.876 0.3000000119
138052  -16.384  -63.690  -26.196 0.5000000000
7120  -17.290  -62.736  -26.683 0.5000000000
7121  -18.177  -62.497  -26.931 0.5000000000
7139  -19.228  -62.345  -27.182 0.4000000060
6436  -16.554  -63.507  -24.852 0.5000000000
7102  -16.631  -63.311  -25.628 0.5000000000
7103  -17.218  -62.775  -25.746 0.5000000000
123942  -17.932  -62.576  -26.237 0.5000000000
7122  -18.815  -62.521  -26.291 0.5000000000
7123  -19.917  -62.410  -26.297 0.4000000060
122873  -16.404  -63.935  -24.089 0.4000000060
7083  -16.904  -62.938  -24.884 0.5000000000
7104  -18.265  -62.561  -25.559 0.5000000000
7106  -20.216  -62.436  -25.444 0.4000000060
116150  -17.101  -62.679  -24.063 0.5000000000
7066  -17.966  -62.491  -23.988 0.5000000000
7084  -17.607  -62.616  -24.831 0.5000000000
127611  -18.266  -62.352  -23.201 0.5000000000
7085  -18.811  -62.552  -24.708 0.5000000000
7067  -18.999  -62.472  -23.792 0.5000000000
7068  -19.964  -62.438  -23.519 0.5000000000
123574  -20.642  -62.386  -24.014 0.4000000060
135705  -17.093  -62.509  -22.853 0.5000000000
7052  -18.645  -62.198  -22.494 0.5000000000
7054  -20.080  -62.265  -22.768 0.5000000000
7069  -20.907  -62.193  -23.285 0.5000000000
7705  -16.351  -61.638  -19.179 0.5000000000
7031  -17.283  -62.178  -21.638 0.5000000000
7015  -16.998  -62.062  -20.767 0.5000000000
7032  -18.189  -62.017  -21.808 0.5000000000
7732  -18.437  -61.589  -20.316 0.5000000000
7033  -19.145  -62.006  -21.881 0.5000000000
7755  -18.789  -61.782  -21.148 0.5000000000
7771  -20.018  -62.041  -22.035 0.5000000000
7772  -20.819  -61.920  -22.417 0.5000000000
7706  -17.208  -61.495  -19.323 0.5000000000
7693  -16.769  -61.148  -18.572 0.5000000000
9245  -16.673  -59.450  -17.303 0.5000000000
7707  -18.098  -61.371  -19.500 0.5000000000
8485  -18.206  -60.726  -18.053 0.5000000000
8469  -17.759  -60.263  -17.375 0.5000000000
7708  -19.042  -61.284  -19.657 0.5000000000
7696  -19.511  -60.849  -19.068 0.5000000000
8486  -19.134  -60.614  -18.265 0.5000000000
7709  -20.060  -61.110  -19.868 0.5000000000
131905  -20.211  -60.654  -19.233 0.5000000000
7756  -19.770  -61.732  -21.315 0.5000000000
133622  -21.333  -61.303  -21.565 0.5000000000
7758  -21.821  -60.967  -21.679 0.5000000000
119159  -17.668  -57.109  -17.486 0.5000000000
10751  -17.864  -57.608  -16.718 0.6000000238
9246  -17.376  -59.603  -16.997 0.5000000000
8470  -18.723  -60.276  -17.476 0.5000000000
128367  -18.651  -58.431  -16.289 0.5000000000
8471  -19.648  -60.136  -17.744 0.5000000000
9249  -20.149  -59.541  -17.329 0.5000000000
8508  -20.732  -60.605  -19.706 0.5000000000
8488  -20.680  -60.187  -18.955 0.5000000000
7735  -21.216  -61.104  -20.982 0.5000000000
12364  -17.414  -55.352  -19.559 0.5000000000
114578  -17.774  -55.739  -18.079 0.5000000000
9995  -18.526  -57.722  -16.224 0.6000000238
15693  -23.228  -50.796  -28.058 0.5000000000
16454  -23.551  -50.139  -27.293 0.6000000238
16470  -22.313  -50.977  -28.220 0.5000000000
17236  -23.452  -49.645  -27.488 0.5000000000
132281  -23.859  -49.186  -26.908 0.6000000238
18040  -22.274  -48.474  -26.893 0.6000000238
17234  -21.105  -49.608  -27.205 0.5000000000
17230  -21.071  -48.817  -26.672 0.6000000238
18039  -20.106  -48.552  -25.743 0.5000000000
18909  -21.978  -47.808  -26.180 0.6000000238
18031  -20.411  -47.792  -25.466 0.6000000238
122617  -19.381  -48.636  -24.913 0.5000000000
135101  -19.789  -48.098  -25.216 0.6000000238
18899  -20.160  -47.217  -24.755 0.6000000238
17215  -18.727  -49.087  -24.241 0.5000000000
18029  -18.916  -48.129  -24.370 0.5000000000
17213  -16.656  -49.826  -22.912 0.5000000000
124022  -16.334  -49.424  -22.451 0.6000000238
120806  -14.277  -50.495  -21.567 0.6000000238
16417  -14.154  -50.562  -22.443 0.5000000000
17206  -17.557  -48.636  -23.177 0.6000000238
18021  -18.270  -48.168  -23.789 0.5000000000
17204  -15.644  -49.418  -21.949 0.5000000000
120395  -14.521  -51.205  -20.047 0.6000000238
16405  -14.296  -50.430  -20.647 0.6000000238
16399  -14.163  -50.440  -19.890 0.6000000238
120164  -34.514  -59.778  -22.178 0.3000000119
115866  -35.177  -58.485  -20.192 0.3000000119
11606  -35.440  -56.765  -19.964 0.3000000119
128673  -33.607  -58.726  -21.433 0.3000000119
9338  -33.931  -59.509  -22.581 0.3000000119
9354  -34.002  -59.711  -23.376 0.3000000119
7087  -20.481  -62.427  -24.732 0.4000000060
8487  -19.977  -60.425  -18.540 0.5000000000
9234  -19.799  -59.117  -16.646 0.5000000000
16443  -22.219  -50.533  -25.100 0.5000000000
7105  -19.300  -62.532  -25.537 0.4000000060
7086  -19.790  -62.509  -24.280 0.5000000000
7051  -17.631  -62.286  -22.543 0.5000000000
7002  -15.940  -62.208  -19.652 0.5000000000
7731  -17.538  -61.721  -20.137 0.5000000000
7692  -15.871  -61.156  -18.587 0.5000000000
8483  -16.336  -60.584  -18.045 0.5000000000
7694  -17.701  -61.102  -18.693 0.5000000000
9247  -18.284  -59.721  -16.873 0.5000000000
10805  -34.032  -57.944  -20.219 0.3000000119
10057  -34.818  -57.874  -19.956 0.3000000119
10098  -34.342  -59.054  -21.072 0.3000000119
116024  -33.923  -58.500  -20.781 0.3000000119
10790  -34.351  -57.173  -19.860 0.3000000119
27240  -17.455  -38.685  -15.311 0.3000000119
5822  -16.607  -64.468  -24.758 0.5000000000
7003  -16.718  -61.941  -19.899 0.5000000000
7016  -17.813  -61.843  -20.992 0.5000000000
7050  -16.847  -62.613  -22.277 0.5000000000
7053  -19.424  -62.198  -22.438 0.5000000000
7065  -16.794  -62.809  -23.212 0.5000000000
7096  -38.564  -61.418  -25.081 0.3000000119
7107  -21.072  -62.310  -25.281 0.5000000000
7113  -38.150  -61.539  -25.517 0.3000000119
7119  -16.693  -63.223  -26.401 0.5000000000
7124  -20.742  -62.316  -25.921 0.4000000060
7691  -15.088  -61.157  -18.837 0.5000000000
7695  -18.624  -61.011  -18.862 0.5000000000
7704  -15.526  -61.760  -19.135 0.5000000000
7733  -19.426  -61.503  -20.497 0.5000000000
7734  -20.368  -61.361  -20.744 0.5000000000
7757  -20.731  -61.587  -21.579 0.5000000000
7788  -22.329  -61.282  -23.209 0.5000000000
7804  -22.571  -61.286  -23.916 0.5000000000
7854  -22.374  -61.245  -27.377 0.5000000000
8467  -16.103  -59.896  -17.754 0.5000000000
8468  -16.834  -60.107  -17.455 0.5000000000
8484  -17.245  -60.717  -17.949 0.5000000000
8527  -21.277  -60.545  -20.294 0.5000000000
8540  -22.233  -60.294  -21.594 0.6999999881
8596  -23.179  -60.108  -25.641 0.5000000000
8598  -35.117  -60.013  -26.670 0.3000000119
8599  -37.478  -61.142  -26.296 0.3000000119
8614  -22.203  -60.935  -28.069 0.6000000238
8629  -28.132  -60.373  -29.336 0.5000000000
8678  -24.403  -60.065  -32.812 0.5000000000
9231  -17.149  -59.092  -16.897 0.5000000000
9232  -17.902  -58.995  -16.571 0.5000000000
9233  -18.853  -59.128  -16.483 0.5000000000
9248  -19.250  -59.724  -16.998 0.5000000000
9273  -21.196  -59.494  -18.679 0.6999999881
9294  -21.250  -60.034  -19.544 0.5000000000
9307  -21.931  -59.207  -20.342 0.6999999881
9339  -34.566  -60.040  -22.813 0.3000000119
9382  -26.226  -59.222  -26.844 0.6999999881
9397  -29.824  -59.968  -27.434 0.5000000000
9413  -26.588  -59.819  -28.568 0.5000000000
9450  -25.566  -59.694  -32.233 0.6000000238
9984  -19.218  -57.858  -15.950 0.6000000238
9996  -19.468  -58.531  -16.207 0.5000000000
9997  -20.330  -58.520  -16.351 0.5000000000
9998  -21.097  -58.302  -16.586 0.6000000238
10015  -21.852  -58.151  -17.887 0.6000000238
10072  -21.833  -58.466  -20.540 0.6999999881
10075  -34.548  -58.547  -20.444 0.3000000119
10097  -34.079  -59.330  -21.814 0.3000000119
10124  -26.512  -58.302  -23.753 0.6000000238
10141  -22.925  -58.398  -24.878 0.6000000238
10147  -30.779  -58.485  -24.603 0.4000000060
10149  -32.292  -58.686  -24.383 0.4000000060
10163  -28.820  -58.826  -25.115 0.5000000000
10175  -24.931  -58.416  -26.379 0.6999999881
10186  -24.359  -58.470  -27.587 0.6999999881
10198  -24.438  -58.441  -28.556 0.6999999881
10209  -25.025  -58.486  -30.286 0.6000000238
10216  -24.767  -58.613  -31.211 0.6000000238
10739  -19.018  -57.102  -15.864 0.6999999881
10742  -21.279  -56.975  -15.750 0.6999999881
10783  -17.170  -57.424  -18.285 0.5000000000
10791  -35.123  -57.227  -19.812 0.3000000119
10800  -25.841  -56.934  -20.838 0.5000000000
10803  -31.923  -57.205  -20.943 0.3000000119
10819  -21.236  -56.874  -21.910 0.6999999881
10825  -28.945  -57.197  -21.568 0.4000000060
10837  -21.545  -56.945  -22.459 0.6000000238
10838  -22.013  -57.118  -23.059 0.6000000238
10840  -24.155  -57.344  -22.851 0.5000000000
10863  -30.060  -57.806  -23.043 0.4000000060
11564  -18.303  -56.184  -16.768 0.6000000238
11587  -17.644  -56.596  -18.221 0.5000000000
11598  -24.448  -55.643  -20.174 0.5000000000
11600  -26.441  -55.806  -19.775 0.5000000000
11601  -27.472  -55.714  -19.718 0.4000000060
11618  -21.110  -55.709  -20.933 0.6000000238
11623  -27.827  -56.455  -20.242 0.4000000060
11624  -28.688  -56.532  -20.454 0.4000000060
11650  -30.386  -56.907  -21.006 0.3000000119
11651  -31.182  -57.054  -21.080 0.3000000119
11659  -21.416  -56.437  -22.152 0.6999999881
12316  -20.960  -54.841  -14.941 0.6000000238
12323  -19.040  -55.308  -15.967 0.6999999881
12324  -19.535  -55.674  -15.644 0.6999999881
12332  -18.541  -55.263  -16.566 0.6000000238
12333  -22.876  -55.346  -16.295 0.5000000000
12342  -17.820  -54.879  -17.850 0.6000000238
12343  -18.175  -54.795  -17.190 0.6000000238
12344  -22.720  -55.362  -17.401 0.6000000238
12369  -25.833  -55.199  -19.646 0.5000000000
13105  -22.303  -54.185  -14.794 0.6000000238
13113  -19.888  -54.032  -15.227 0.6999999881
13114  -22.323  -54.852  -15.143 0.6000000238
13122  -18.526  -54.223  -16.708 0.6000000238
13123  -22.829  -54.912  -15.626 0.6000000238
13165  -28.498  -54.634  -19.645 0.4000000060
13910  -22.623  -53.568  -14.683 0.6000000238
13921  -19.222  -53.053  -16.118 0.6000000238
13936  -17.974  -53.628  -17.882 0.5000000000
13938  -23.084  -53.662  -18.016 0.6000000238
13939  -23.718  -53.051  -17.896 0.6000000238
13960  -17.658  -53.560  -19.002 0.6000000238
13967  -29.628  -53.855  -19.969 0.4000000060
13981  -24.032  -53.084  -20.581 0.5000000000
13982  -24.450  -53.314  -20.895 0.5000000000
13984  -26.978  -53.849  -20.542 0.4000000060
13986  -29.879  -53.551  -20.621 0.4000000060
13999  -25.422  -53.234  -22.282 0.5000000000
14015  -30.357  -53.318  -22.240 0.4000000060
14028  -25.573  -53.018  -23.232 0.4000000060
14046  -27.377  -53.486  -24.814 0.5000000000
14047  -29.959  -53.359  -24.540 0.4000000060
14062  -26.961  -53.108  -25.476 0.5000000000
14101  -28.322  -53.859  -28.462 0.4000000060
14113  -28.085  -53.431  -28.972 0.5000000000
14783  -20.319  -52.559  -15.068 0.6000000238
14784  -21.163  -52.809  -14.567 0.6000000238
14786  -23.044  -52.104  -14.380 0.6000000238
14787  -23.892  -51.902  -14.671 0.6000000238
14797  -19.686  -52.453  -15.755 0.6000000238
14798  -23.558  -52.653  -14.856 0.6000000238
14800  -24.936  -52.003  -15.620 0.5000000000
14815  -18.785  -52.838  -16.742 0.6000000238
14817  -24.469  -52.601  -17.262 0.6000000238
14828  -18.110  -53.076  -17.941 0.5000000000
14830  -19.021  -52.179  -16.958 0.6000000238
14843  -18.367  -52.476  -18.184 0.5000000000
14855  -17.875  -52.949  -19.518 0.4000000060
14856  -18.291  -52.376  -18.958 0.4000000060
14858  -24.494  -52.383  -19.959 0.6000000238
14865  -24.397  -52.723  -20.854 0.6000000238
14871  -24.833  -52.731  -21.660 0.5000000000
14910  -27.321  -53.121  -26.788 0.4000000060
14926  -28.179  -53.166  -29.240 0.4000000060
15536  -21.891  -51.214  -14.518 0.6000000238
15538  -23.523  -51.278  -14.416 0.6000000238
15539  -25.351  -51.295  -14.984 0.5000000000
15553  -26.159  -51.328  -15.477 0.5000000000
15554  -26.860  -51.110  -15.575 0.5000000000
15564  -20.234  -51.056  -15.977 0.6000000238
15566  -26.470  -51.548  -16.185 0.5000000000
15568  -28.102  -51.171  -16.488 0.5000000000
15577  -19.322  -51.469  -17.223 0.6000000238
15578  -25.852  -51.831  -16.900 0.6000000238
15580  -27.505  -51.542  -17.753 0.6000000238
15581  -28.272  -51.329  -17.316 0.6000000238
15582  -29.001  -51.083  -17.718 0.6000000238
15591  -19.119  -51.174  -18.885 0.6000000238
15593  -26.649  -51.670  -18.192 0.6000000238
15606  -19.092  -51.172  -19.721 0.6000000238
15608  -27.667  -51.407  -20.046 0.6000000238
15619  -26.538  -51.538  -20.561 0.5000000000
15621  -28.405  -51.217  -20.998 0.5000000000
15629  -19.302  -51.443  -21.413 0.5000000000
15630  -25.409  -52.228  -22.151 0.5000000000
15640  -26.451  -51.751  -22.821 0.5000000000
15641  -27.606  -51.412  -22.495 0.5000000000
15648  -20.710  -51.317  -23.569 0.5000000000
15664  -29.908  -51.193  -24.946 0.4000000060
15682  -23.207  -51.359  -27.669 0.5000000000
15683  -23.429  -50.662  -27.656 0.5000000000
15684  -27.413  -52.946  -27.084 0.4000000060
15694  -27.622  -52.899  -27.753 0.4000000060
16353  -21.903  -50.347  -14.761 0.6000000238
16354  -22.575  -50.509  -14.489 0.6000000238
16355  -23.935  -50.518  -14.378 0.5000000000
16357  -25.562  -50.515  -14.658 0.5000000000
16358  -25.957  -50.070  -14.625 0.5000000000
16365  -21.396  -50.122  -15.319 0.6000000238
16368  -28.178  -50.064  -15.576 0.5000000000
16373  -19.836  -50.908  -16.771 0.5000000000
16375  -28.517  -50.544  -16.100 0.5000000000
16376  -29.229  -50.218  -16.439 0.4000000060
16382  -20.074  -50.337  -17.208 0.6000000238
16384  -29.525  -50.472  -17.233 0.6000000238
16392  -29.614  -50.729  -18.917 0.6000000238
16401  -29.926  -50.532  -19.632 0.6000000238
16402  -30.586  -50.013  -19.342 0.6000000238
16406  -19.517  -50.594  -20.216 0.6000000238
16408  -29.237  -50.921  -20.369 0.6000000238
16411  -19.613  -50.721  -21.080 0.5000000000
16420  -20.460  -50.313  -22.393 0.5000000000
16430  -21.532  -50.066  -24.008 0.6000000238
16453  -23.115  -50.592  -26.367 0.6000000238
16463  -23.441  -50.266  -27.770 0.5000000000
17136  -23.299  -49.768  -14.505 0.6000000238
17137  -24.358  -49.714  -14.406 0.6000000238
17143  -21.993  -49.649  -15.131 0.6000000238
17144  -22.662  -49.255  -14.973 0.6000000238
17146  -26.609  -49.941  -14.817 0.5000000000
17147  -27.469  -49.808  -15.154 0.5000000000
17156  -21.063  -49.545  -16.528 0.6000000238
17158  -29.461  -49.441  -16.114 0.5000000000
17163  -20.558  -49.683  -17.354 0.6000000238
17164  -21.166  -49.109  -17.163 0.6000000238
17166  -30.472  -49.323  -17.116 0.4000000060
17167  -30.892  -49.212  -17.778 0.6000000238
17175  -20.529  -49.296  -18.903 0.6999999881
17177  -31.249  -49.077  -18.597 0.5000000000
17181  -12.159  -49.222  -19.102 0.5000000000
17182  -13.437  -49.694  -19.710 0.6000000238
17184  -20.079  -49.794  -19.328 0.6000000238
17187  -31.443  -49.058  -19.618 0.5000000000
17192  -19.963  -49.935  -19.984 0.6000000238
17193  -20.417  -49.420  -20.592 0.5000000000
17195  -31.375  -49.309  -20.537 0.4000000060
17198  -20.669  -49.594  -21.962 0.5000000000
17200  -30.865  -50.089  -21.671 0.4000000060
17201  -31.353  -49.470  -21.410 0.4000000060
17205  -16.951  -49.052  -22.671 0.6999999881
17208  -21.286  -48.983  -22.334 0.6000000238
17212  -15.831  -50.027  -22.681 0.6000000238
17217  -22.812  -49.014  -24.421 0.6000000238
17221  -19.060  -49.644  -24.866 0.5000000000
17222  -19.559  -49.240  -25.450 0.5000000000
17224  -23.992  -48.833  -25.936 0.6000000238
17235  -22.481  -49.156  -27.420 0.6000000238
17939  -23.978  -48.933  -14.631 0.6000000238
17941  -25.911  -49.212  -14.650 0.5000000000
17943  -15.756  -49.157  -15.704 0.4000000060
17945  -22.191  -48.994  -15.637 0.6000000238
17946  -22.903  -48.585  -15.440 0.6000000238
17947  -24.187  -47.684  -15.880 0.6000000238
17948  -24.496  -48.270  -15.070 0.6000000238
17957  -13.254  -49.158  -16.729 0.5000000000
17958  -14.504  -48.963  -16.500 0.5000000000
17959  -15.547  -48.781  -16.362 0.5000000000
17970  -12.439  -48.605  -17.293 0.4000000060
17974  -21.630  -48.553  -17.407 0.6000000238
17981  -11.511  -48.480  -18.745 0.6000000238
17983  -21.674  -48.259  -18.363 0.6000000238
17989  -20.948  -48.752  -19.544 0.6000000238
17990  -21.524  -48.301  -19.267 0.6999999881
17993  -11.774  -47.602  -20.086 0.6000000238
17998  -31.666  -48.744  -20.366 0.4000000060
17999  -31.936  -48.115  -20.683 0.4000000060
18002  -14.980  -48.173  -21.397 0.6000000238
18005  -22.176  -47.983  -21.025 0.6000000238
18007  -31.996  -48.232  -21.621 0.4000000060
18016  -32.029  -48.334  -22.405 0.4000000060
18020  -17.703  -47.650  -23.327 0.6999999881
18023  -22.984  -48.446  -23.678 0.6000000238
18024  -24.245  -47.954  -24.481 0.6000000238
18030  -19.489  -47.683  -24.702 0.6000000238
18041  -23.525  -48.548  -26.767 0.6999999881
18042  -24.152  -48.477  -26.289 0.6000000238
18043  -24.409  -47.902  -25.785 0.6999999881
18049  -23.414  -49.009  -27.251 0.6000000238
18806  -17.650  -47.465  -15.561 0.4000000060
18817  -16.083  -48.237  -16.737 0.4000000060
18818  -17.002  -47.982  -16.204 0.4000000060
18820  -22.845  -47.782  -16.840 0.6000000238
18821  -23.264  -47.963  -15.982 0.6000000238
18830  -12.041  -47.104  -18.044 0.6000000238
18833  -15.626  -47.629  -17.294 0.5000000000
18836  -24.315  -47.345  -16.854 0.6000000238
18837  -26.255  -46.846  -17.283 0.6000000238
18840  -22.312  -47.801  -18.304 0.6000000238
18843  -25.923  -46.803  -18.736 0.6000000238
18844  -31.713  -47.692  -18.378 0.5000000000
18848  -21.994  -48.004  -19.767 0.6999999881
18851  -24.393  -47.196  -19.299 0.6000000238
18852  -25.996  -46.576  -19.778 0.6000000238
18853  -31.838  -47.767  -19.182 0.5000000000
18860  -22.479  -47.799  -20.337 0.6000000238
18863  -24.949  -46.909  -20.971 0.5000000000
18865  -32.030  -47.400  -20.681 0.4000000060
18871  -16.090  -46.921  -22.013 0.6000000238
18872  -22.748  -47.851  -21.792 0.6000000238
18876  -32.067  -47.613  -21.776 0.4000000060
18881  -16.827  -47.042  -22.504 0.6999999881
18883  -23.436  -47.698  -22.496 0.6000000238
18886  -24.951  -46.525  -22.288 0.5000000000
18888  -32.062  -47.672  -22.415 0.4000000060
18894  -24.530  -47.553  -24.831 0.6000000238
18895  -24.630  -47.097  -23.993 0.6000000238
18901  -23.705  -47.247  -25.650 0.6999999881
18903  -24.523  -47.676  -25.293 0.6999999881
19673  -16.848  -46.002  -12.909 0.3000000119
19674  -18.150  -46.115  -13.492 0.3000000119
19692  -18.599  -46.132  -14.060 0.3000000119
19702  -18.168  -46.948  -15.099 0.3000000119
19716  -18.413  -46.377  -15.509 0.3000000119
19735  -27.776  -46.279  -16.472 0.6000000238
19742  -11.804  -46.312  -18.398 0.6000000238
19745  -15.047  -46.907  -17.642 0.5000000000
19747  -27.475  -46.117  -17.509 0.6000000238
19750  -11.144  -45.855  -18.914 0.6000000238
19752  -27.204  -46.108  -18.374 0.6000000238
19755  -10.930  -45.675  -19.385 0.6000000238
19756  -17.042  -46.009  -19.746 0.6000000238
19758  -19.202  -46.328  -19.709 0.5000000000
19763  -32.002  -46.720  -19.655 0.4000000060
19766  -10.941  -46.092  -19.934 0.6000000238
19767  -12.743  -45.550  -20.300 0.6000000238
19773  -19.553  -46.483  -20.614 0.6000000238
19774  -20.366  -46.371  -20.604 0.5000000000
19775  -21.036  -46.214  -21.032 0.5000000000
19776  -26.334  -46.105  -20.252 0.6000000238
19778  -32.023  -46.799  -20.398 0.4000000060
19789  -25.564  -45.992  -21.691 0.6000000238
19796  -18.376  -46.624  -22.472 0.6999999881
19797  -19.353  -46.568  -22.553 0.6000000238
19800  -22.651  -46.009  -23.572 0.6000000238
19803  -31.666  -46.230  -22.408 0.4000000060
19814  -24.438  -46.662  -24.188 0.6000000238
19818  -20.089  -46.814  -24.242 0.6999999881
19819  -21.184  -46.837  -24.733 0.6999999881
20623  -17.220  -45.422  -12.569 0.3000000119
20640  -13.827  -45.684  -13.077 0.4000000060
20669  -18.203  -45.073  -16.286 0.4000000060
20693  -13.027  -44.598  -18.564 0.6999999881
20706  -11.517  -45.368  -19.639 0.6000000238
20707  -12.003  -44.699  -19.095 0.6000000238
20708  -15.784  -44.898  -19.843 0.6000000238
20709  -16.708  -45.278  -19.595 0.6000000238
20721  -21.534  -45.595  -20.723 0.5000000000
20729  -31.595  -45.386  -21.328 0.4000000060
20737  -25.149  -45.692  -22.286 0.6000000238
20743  -24.210  -45.920  -23.830 0.6000000238
21603  -18.828  -44.312  -18.459 0.5000000000
21616  -14.331  -43.640  -19.478 0.6999999881
21620  -18.423  -44.953  -18.794 0.6999999881
21622  -20.593  -45.348  -18.888 0.5000000000
21630  -14.661  -44.613  -19.980 0.6000000238
21631  -21.844  -44.696  -20.830 0.5000000000
21645  -24.124  -44.423  -23.076 0.6999999881
22407  -15.717  -43.302  -11.821 0.3000000119
22460  -16.739  -43.342  -16.888 0.5000000000
22473  -13.883  -43.454  -18.594 0.6000000238
22474  -14.531  -42.950  -18.236 0.5000000000
22483  -13.545  -43.471  -18.957 0.6000000238
22498  -14.240  -43.112  -19.079 0.6000000238
22512  -21.637  -43.118  -21.076 0.5000000000
22521  -22.626  -43.196  -22.466 0.5000000000
22522  -23.171  -43.002  -22.558 0.5000000000
22523  -24.209  -43.951  -22.506 0.5000000000
22530  -23.612  -43.710  -22.797 0.5000000000
23482  -14.669  -42.667  -18.553 0.6000000238
23488  -20.117  -43.031  -17.746 0.5000000000
24406  -15.893  -41.021  -11.312 0.3000000119
24421  -12.202  -41.605  -12.647 0.3000000119
24466  -17.242  -41.389  -16.155 0.4000000060
24467  -17.945  -42.029  -16.027 0.3000000119
24487  -15.432  -41.235  -17.984 0.5000000000
25490  -16.115  -40.848  -18.291 0.5000000000
26405  -16.406  -39.280  -17.256 0.4000000060
27253  -16.425  -38.466  -16.560 0.3000000119
28147  -16.594  -38.207  -16.968 0.3000000119
113926  -28.442  -51.419  -24.127 0.5000000000
114023  -22.869  -47.588  -17.808 0.6000000238
114121  -19.147  -51.281  -18.039 0.6000000238
114210  -25.924  -45.871  -20.920 0.5000000000
115076  -16.880  -44.969  -17.100 0.5000000000
115398  -24.279  -47.254  -17.708 0.6000000238
115499  -28.682  -53.469  -23.041 0.4000000060
116160  -21.311  -56.176  -15.432 0.6999999881
116163  -20.296  -55.988  -15.430 0.6999999881
116335  -23.476  -53.888  -15.833 0.6000000238
116995  -27.750  -51.487  -19.151 0.6999999881
119116  -24.499  -52.598  -16.171 0.6000000238
119263  -22.305  -51.863  -14.339 0.6000000238
119761  -21.437  -61.462  -22.081 0.5000000000
119799  -31.049  -49.515  -19.174 0.6000000238
119973  -16.634  -63.104  -24.098 0.4000000060
119984  -19.730  -62.507  -24.937 0.5000000000
120025  -25.188  -52.021  -19.655 0.6000000238
120032  -22.828  -47.586  -18.744 0.6000000238
120397  -11.176  -47.614  -19.457 0.6000000238
120427  -22.374  -59.545  -22.170 0.6000000238
120579  -31.741  -57.999  -22.851 0.3000000119
120998  -37.444  -62.463  -25.121 0.3000000119
121079  -22.670  -50.072  -27.886 0.5000000000
121202  -13.398  -51.501  -14.685 0.5000000000
121457  -22.473  -58.039  -24.290 0.6000000238
121787  -18.630  -51.831  -20.066 0.6000000238
122067  -23.278  -47.518  -20.243 0.6000000238
122398  -14.556  -48.835  -21.027 0.6000000238
122625  -20.265  -54.765  -15.165 0.6999999881
123152  -31.463  -49.759  -23.243 0.4000000060
123197  -17.571  -56.012  -18.892 0.5000000000
124019  -17.289  -49.475  -23.116 0.5000000000
124529  -15.522  -41.426  -17.677 0.5000000000
124579  -27.531  -48.942  -15.083 0.5000000000
125080  -13.083  -46.437  -20.760 0.6000000238
125484  -21.675  -52.048  -14.450 0.6000000238
125742  -21.602  -61.690  -22.843 0.6000000238
125812  -26.285  -48.316  -14.986 0.5000000000
126857  -18.824  -47.519  -24.094 0.5000000000
126901  -25.836  -46.125  -21.025 0.6000000238
127301  -21.835  -43.703  -21.312 0.5000000000
127304  -22.290  -56.643  -17.895 0.6000000238
127308  -16.705  -40.780  -16.299 0.4000000060
127526  -11.516  -48.018  -18.002 0.5000000000
128121  -21.202  -56.878  -21.250 0.6999999881
128200  -19.222  -62.342  -23.034 0.5000000000
128201  -23.511  -59.177  -27.297 0.6999999881
128348  -24.998  -59.020  -32.064 0.5000000000
128394  -20.396  -49.612  -21.245 0.5000000000
128439  -25.128  -46.930  -20.056 0.6000000238
128616  -20.678  -51.195  -15.339 0.5000000000
128620  -26.182  -59.384  -27.696 0.5000000000
128987  -17.298  -54.817  -20.151 0.6000000238
129151  -14.875  -42.348  -18.141 0.5000000000
129690  -26.850  -53.213  -25.053 0.5000000000
129722  -14.043  -46.934  -17.633 0.6000000238
129849  -18.521  -52.642  -17.436 0.6000000238
129856  -14.532  -45.449  -20.389 0.6000000238
130041  -18.025  -56.850  -16.924 0.6000000238
130834  -33.163  -59.354  -27.545 0.4000000060
131153  -17.856  -53.463  -18.367 0.6000000238
131212  -17.410  -62.477  -23.316 0.5000000000
131642  -21.066  -53.678  -14.622 0.5000000000
132111  -28.868  -53.571  -25.287 0.4000000060
132289  -23.669  -48.340  -15.261 0.6000000238
132341  -20.040  -55.329  -15.361 0.6999999881
132474  -27.172  -52.555  -25.490 0.5000000000
133136  -17.712  -45.590  -19.304 0.6999999881
133359  -21.039  -49.981  -15.929 0.6000000238
134463  -17.637  -44.612  -19.019 0.6999999881
134632  -26.684  -60.007  -31.503 0.5000000000
134702  -23.462  -56.128  -21.231 0.5000000000
135426  -25.470  -51.979  -18.302 0.6000000238
135500  -21.164  -61.218  -28.514 0.6000000238
136098  -23.564  -58.898  -26.536 0.6999999881
136110  -12.649  -43.201  -12.747 0.4000000060
136334  -20.759  -60.978  -20.310 0.5000000000
136348  -18.077  -46.475  -20.115 0.6000000238
136372  -21.199  -62.201  -23.857 0.4000000060
136695  -21.737  -58.463  -18.404 0.6000000238
136788  -27.905  -53.647  -25.963 0.5000000000
136820  -24.487  -58.437  -30.383 0.6000000238
136930  -20.383  -49.595  -18.175 0.6999999881
136982  -26.029  -46.819  -18.003 0.6000000238
137016  -26.508  -51.631  -19.013 0.6000000238
137179  -21.051  -48.214  -26.228 0.6000000238
137326  -28.830  -56.872  -20.959 0.4000000060
137728  -23.157  -54.441  -15.697 0.6000000238
137735  -29.239  -59.130  -25.585 0.5000000000
137837  -21.881  -48.106  -20.394 0.6000000238
138025  -24.127  -54.387  -20.086 0.5000000000
