#!ascii label  , from subject sub-v2s16x51215_ses-1 vox2ras=TkReg
492
15527  -41.610  -51.438  -12.870 0.0000000000
17992  -35.661  -48.585  -18.847 0.0000000000
124954  -36.424  -46.361  -12.365 0.0000000000
17968  -39.315  -48.845  -16.211 0.0000000000
120986  -35.391  -43.006  -14.709 0.0000000000
15508  -36.673  -51.443  -10.147 0.0000000000
18729  -32.371  -47.671  -7.826 0.0000000000
125058  -35.224  -48.038  -2.745 0.0000000000
22398  -35.014  -43.609  -10.656 0.0000000000
21531  -36.663  -44.237  -12.970 0.0000000000
25375  -36.045  -40.738  -11.764 0.0000000000
16315  -33.925  -50.148  -9.281 0.0000000000
15479  -33.387  -51.537  -6.335 0.0000000000
22289  -37.710  -43.498  -4.018 0.0000000000
18688  -36.948  -47.904  -4.585 0.0000000000
14822  -40.609  -53.024  -15.772 0.0000000000
17170  -37.902  -49.119  -17.437 0.0000000000
15599  -40.496  -51.432  -18.789 0.0000000000
15597  -38.802  -51.156  -19.608 0.0000000000
17918  -39.865  -48.530  -12.225 0.0000000000
17139  -41.675  -49.668  -14.018 0.0000000000
19723  -36.409  -46.419  -15.418 0.0000000000
20699  -35.382  -45.850  -17.191 0.0000000000
17112  -36.404  -49.544  -11.655 0.0000000000
18772  -33.699  -47.257  -10.817 0.0000000000
21458  -33.831  -44.841  -8.280 0.0000000000
14685  -33.822  -52.108  -2.705 0.0000000000
17060  -32.497  -48.962  -4.844 0.0000000000
19600  -35.332  -46.703  -6.220 0.0000000000
20561  -38.675  -46.094  -7.561 0.0000000000
14824  -42.778  -53.233  -15.607 0.0000000000
23515  -38.590  -42.719  -20.057 0.0000000000
19780  -37.065  -46.426  -20.653 0.0000000000
18019  -37.885  -48.180  -22.929 0.0000000000
133353  -35.617  -42.151  -8.925 0.0000000000
22399  -35.631  -42.898  -10.992 0.0000000000
15543  -42.259  -51.867  -13.723 0.0000000000
17168  -36.183  -49.126  -18.135 0.0000000000
16395  -38.220  -50.163  -18.485 0.0000000000
17189  -36.259  -50.238  -19.416 0.0000000000
15611  -36.779  -51.330  -20.387 0.0000000000
17196  -35.957  -49.949  -20.217 0.0000000000
128050  -38.269  -47.387  -12.489 0.0000000000
19678  -38.352  -45.645  -12.863 0.0000000000
127479  -35.536  -43.486  -14.025 0.0000000000
20659  -36.924  -44.966  -14.059 0.0000000000
20658  -35.788  -44.970  -14.713 0.0000000000
18813  -35.916  -46.879  -16.036 0.0000000000
126059  -35.341  -44.210  -15.850 0.0000000000
17113  -37.339  -49.875  -11.650 0.0000000000
16326  -36.178  -50.699  -10.575 0.0000000000
17087  -33.315  -49.644  -8.845 0.0000000000
129709  -33.716  -48.903  -10.277 0.0000000000
18762  -32.768  -47.416  -9.367 0.0000000000
19654  -33.270  -45.824  -9.781 0.0000000000
20577  -32.756  -46.252  -8.351 0.0000000000
16259  -33.495  -50.263  -2.444 0.0000000000
16264  -32.745  -50.537  -3.679 0.0000000000
17844  -33.392  -48.537  -3.725 0.0000000000
19580  -38.668  -47.966  -5.059 0.0000000000
18715  -36.003  -47.652  -5.484 0.0000000000
19602  -37.156  -47.616  -6.529 0.0000000000
19616  -36.956  -46.458  -7.285 0.0000000000
17150  -40.612  -49.324  -14.871 0.0000000000
16369  -42.628  -51.576  -14.919 0.0000000000
16377  -41.808  -51.399  -15.953 0.0000000000
133813  -42.090  -53.336  -18.691 0.0000000000
24540  -40.399  -41.182  -20.417 0.0000000000
21636  -38.307  -44.339  -20.821 0.0000000000
19805  -38.796  -46.473  -22.331 0.0000000000
20611  -34.858  -44.993  -11.533 0.0000000000
20627  -37.328  -44.728  -12.878 0.0000000000
21517  -35.758  -43.766  -11.925 0.0000000000
22410  -35.906  -43.415  -12.548 0.0000000000
23416  -35.524  -42.080  -13.348 0.0000000000
16317  -35.618  -51.097  -9.832 0.0000000000
15489  -33.979  -51.034  -8.113 0.0000000000
16297  -32.627  -49.911  -7.047 0.0000000000
124851  -37.052  -44.996  -3.693 0.0000000000
18672  -35.124  -48.076  -3.617 0.0000000000
21436  -37.645  -45.315  -4.637 0.0000000000
21437  -38.383  -45.135  -5.164 0.0000000000
20531  -40.123  -45.987  -5.422 0.0000000000
17160  -38.699  -49.010  -16.944 0.0000000000
16386  -39.901  -50.226  -17.287 0.0000000000
16396  -39.305  -50.317  -18.238 0.0000000000
15598  -39.620  -50.936  -18.853 0.0000000000
14859  -40.264  -51.984  -20.188 0.0000000000
14867  -39.702  -52.440  -20.754 0.0000000000
15635  -37.655  -52.008  -21.354 0.0000000000
15634  -36.572  -51.357  -21.948 0.0000000000
16333  -41.159  -49.740  -11.663 0.0000000000
16360  -43.161  -50.799  -12.918 0.0000000000
17942  -40.526  -48.595  -14.079 0.0000000000
18816  -39.600  -47.863  -14.647 0.0000000000
20644  -38.213  -45.055  -13.050 0.0000000000
19725  -38.487  -46.623  -14.722 0.0000000000
18829  -38.190  -47.821  -16.036 0.0000000000
18828  -37.183  -47.692  -16.237 0.0000000000
17964  -35.871  -47.899  -17.163 0.0000000000
122464  -35.477  -47.060  -18.310 0.0000000000
17115  -39.914  -50.003  -11.491 0.0000000000
17117  -37.913  -49.272  -12.016 0.0000000000
17915  -36.497  -47.885  -12.250 0.0000000000
17106  -34.508  -49.467  -10.683 0.0000000000
17910  -34.601  -48.065  -11.486 0.0000000000
18774  -35.047  -47.306  -11.825 0.0000000000
20610  -33.987  -45.944  -10.949 0.0000000000
21499  -34.130  -44.207  -9.516 0.0000000000
22365  -35.407  -43.108  -8.025 0.0000000000
14700  -33.605  -52.440  -4.546 0.0000000000
16281  -32.517  -50.502  -5.156 0.0000000000
127791  -32.342  -48.192  -6.619 0.0000000000
123733  -35.099  -47.886  -4.258 0.0000000000
19576  -33.291  -46.930  -5.830 0.0000000000
121546  -32.739  -46.738  -6.911 0.0000000000
20557  -34.392  -45.361  -7.268 0.0000000000
120846  -36.008  -44.798  -7.471 0.0000000000
122765  -42.666  -51.902  -14.239 0.0000000000
14823  -42.573  -53.305  -15.299 0.0000000000
14833  -41.820  -52.544  -17.581 0.0000000000
13142  -42.781  -54.782  -17.063 0.0000000000
22467  -35.827  -43.015  -16.570 0.0000000000
21610  -35.762  -44.817  -17.986 0.0000000000
19764  -35.715  -46.272  -18.741 0.0000000000
20716  -36.864  -45.053  -19.619 0.0000000000
18866  -35.857  -48.043  -20.034 0.0000000000
18008  -36.246  -48.557  -21.263 0.0000000000
128662  -36.264  -49.894  -22.147 0.0000000000
23352  -36.484  -42.013  -7.949 0.0000000000
24381  -35.822  -41.692  -9.516 0.0000000000
15556  -40.658  -51.959  -14.729 0.0000000000
17178  -35.845  -49.035  -18.621 0.0000000000
17179  -36.231  -49.661  -18.722 0.0000000000
17188  -35.833  -49.335  -19.368 0.0000000000
18779  -36.868  -46.892  -12.414 0.0000000000
127931  -37.886  -46.532  -12.546 0.0000000000
19677  -37.462  -45.643  -12.641 0.0000000000
123869  -35.583  -44.212  -14.430 0.0000000000
22451  -35.324  -43.799  -15.057 0.0000000000
21568  -35.458  -44.627  -15.349 0.0000000000
15509  -37.570  -51.808  -10.215 0.0000000000
16327  -37.434  -51.162  -10.644 0.0000000000
17888  -32.526  -48.407  -8.314 0.0000000000
17098  -32.987  -48.849  -9.138 0.0000000000
18745  -32.525  -47.535  -8.590 0.0000000000
19638  -32.646  -46.760  -8.860 0.0000000000
124374  -32.472  -46.946  -8.106 0.0000000000
18666  -35.817  -47.362  -2.293 0.0000000000
17834  -35.378  -47.943  -1.824 0.0000000000
17823  -34.864  -48.589  -1.807 0.0000000000
17024  -33.980  -49.727  -1.980 0.0000000000
17041  -34.184  -49.046  -2.220 0.0000000000
17040  -33.546  -49.495  -2.646 0.0000000000
17832  -33.847  -48.809  -2.967 0.0000000000
130690  -39.625  -47.466  -5.294 0.0000000000
120691  -38.166  -48.346  -5.124 0.0000000000
18730  -37.901  -47.993  -6.559 0.0000000000
18718  -39.245  -48.798  -5.716 0.0000000000
116400  -40.177  -49.506  -15.766 0.0000000000
17161  -40.777  -50.469  -16.111 0.0000000000
21642  -38.792  -44.349  -21.374 0.0000000000
20739  -38.699  -45.877  -21.911 0.0000000000
20740  -39.315  -45.728  -22.406 0.0000000000
21516  -34.979  -44.226  -11.255 0.0000000000
20612  -35.611  -44.454  -11.934 0.0000000000
123805  -35.470  -43.529  -11.332 0.0000000000
24396  -35.958  -41.335  -11.129 0.0000000000
120861  -35.937  -43.008  -11.900 0.0000000000
23404  -35.756  -42.179  -12.412 0.0000000000
118225  -35.710  -42.783  -12.908 0.0000000000
25389  -35.855  -40.927  -12.468 0.0000000000
16298  -33.263  -50.587  -7.607 0.0000000000
16289  -32.976  -50.844  -6.711 0.0000000000
21410  -37.008  -44.642  -2.930 0.0000000000
20512  -36.845  -46.005  -3.895 0.0000000000
21423  -37.449  -44.530  -4.174 0.0000000000
20530  -38.968  -46.272  -5.334 0.0000000000
13928  -41.278  -53.671  -16.053 0.0000000000
17171  -38.785  -49.614  -17.677 0.0000000000
16404  -37.847  -50.754  -19.183 0.0000000000
131116  -38.780  -50.613  -18.900 0.0000000000
15626  -39.330  -51.761  -20.295 0.0000000000
15624  -37.585  -51.692  -20.691 0.0000000000
129520  -36.355  -51.105  -20.976 0.0000000000
15623  -36.878  -51.642  -21.189 0.0000000000
16415  -36.214  -50.575  -21.560 0.0000000000
17119  -41.072  -48.999  -12.035 0.0000000000
17120  -42.197  -49.662  -11.973 0.0000000000
18800  -39.378  -46.856  -13.949 0.0000000000
20628  -38.083  -45.013  -12.972 0.0000000000
20643  -37.564  -44.737  -13.153 0.0000000000
19706  -38.189  -45.839  -14.275 0.0000000000
19724  -37.472  -46.488  -15.126 0.0000000000
18815  -38.784  -47.410  -15.164 0.0000000000
117881  -37.807  -47.186  -15.577 0.0000000000
20687  -35.443  -45.803  -16.485 0.0000000000
18826  -35.684  -47.137  -16.729 0.0000000000
19749  -35.464  -46.563  -16.964 0.0000000000
124955  -35.569  -47.398  -17.573 0.0000000000
19754  -35.446  -46.499  -17.791 0.0000000000
17116  -37.004  -49.224  -12.011 0.0000000000
17916  -37.355  -48.399  -12.279 0.0000000000
17912  -36.354  -48.774  -12.016 0.0000000000
16316  -34.657  -50.584  -9.611 0.0000000000
16325  -35.096  -50.311  -10.366 0.0000000000
17100  -34.278  -49.939  -10.009 0.0000000000
17902  -33.572  -48.036  -10.561 0.0000000000
17903  -34.165  -48.579  -10.982 0.0000000000
17909  -33.998  -47.850  -11.087 0.0000000000
18773  -34.289  -47.259  -11.360 0.0000000000
137095  -34.267  -46.173  -11.292 0.0000000000
19665  -34.022  -46.587  -11.117 0.0000000000
21481  -33.648  -44.800  -9.020 0.0000000000
21498  -33.705  -44.987  -9.885 0.0000000000
21482  -34.222  -44.196  -8.732 0.0000000000
22364  -34.792  -43.594  -8.406 0.0000000000
22340  -35.151  -43.797  -7.864 0.0000000000
122038  -33.336  -52.107  -3.990 0.0000000000
125924  -32.563  -49.522  -4.350 0.0000000000
16272  -32.515  -50.208  -4.353 0.0000000000
129037  -32.430  -49.767  -4.822 0.0000000000
132965  -32.394  -49.503  -6.257 0.0000000000
17865  -32.598  -48.140  -5.257 0.0000000000
18687  -36.280  -47.857  -4.229 0.0000000000
18686  -35.802  -48.013  -4.086 0.0000000000
136525  -36.148  -48.025  -4.456 0.0000000000
19578  -34.964  -47.125  -5.509 0.0000000000
19599  -34.373  -46.431  -6.242 0.0000000000
19597  -32.864  -46.968  -6.274 0.0000000000
20545  -33.920  -45.864  -6.867 0.0000000000
20546  -34.799  -45.927  -6.777 0.0000000000
20560  -37.761  -45.977  -7.538 0.0000000000
20559  -36.891  -45.344  -7.471 0.0000000000
21462  -37.607  -44.797  -7.505 0.0000000000
21461  -36.740  -44.260  -7.441 0.0000000000
124475  -42.740  -50.005  -13.114 0.0000000000
16359  -42.885  -50.865  -13.764 0.0000000000
15570  -43.044  -52.650  -15.517 0.0000000000
14807  -43.234  -52.834  -14.936 0.0000000000
13131  -41.949  -54.290  -16.352 0.0000000000
13930  -42.655  -53.829  -16.245 0.0000000000
15583  -40.375  -50.982  -17.798 0.0000000000
114334  -41.247  -51.845  -17.707 0.0000000000
13151  -42.892  -54.871  -17.910 0.0000000000
13941  -42.684  -54.319  -17.477 0.0000000000
23451  -35.852  -42.417  -15.881 0.0000000000
23466  -36.480  -42.235  -16.617 0.0000000000
21611  -36.354  -44.317  -18.482 0.0000000000
20705  -36.172  -45.183  -18.825 0.0000000000
20725  -37.834  -45.089  -20.689 0.0000000000
127007  -37.402  -44.896  -20.121 0.0000000000
20724  -37.093  -45.654  -20.216 0.0000000000
19779  -36.451  -46.483  -20.046 0.0000000000
18867  -36.428  -47.245  -20.540 0.0000000000
121125  -36.170  -48.086  -20.703 0.0000000000
18877  -36.672  -47.658  -21.239 0.0000000000
18889  -37.622  -47.766  -22.353 0.0000000000
18009  -36.862  -48.086  -21.900 0.0000000000
18018  -37.090  -48.532  -22.561 0.0000000000
22387  -35.212  -42.981  -10.158 0.0000000000
23376  -35.710  -42.086  -10.425 0.0000000000
24397  -36.047  -41.109  -10.227 0.0000000000
22290  -38.432  -43.272  -4.680 0.0000000000
23291  -38.947  -42.439  -4.644 0.0000000000
14806  -42.577  -52.888  -14.732 0.0000000000
17169  -36.944  -49.203  -17.700 0.0000000000
17180  -37.603  -49.640  -18.065 0.0000000000
120471  -36.754  -49.620  -18.242 0.0000000000
16394  -37.001  -50.269  -18.719 0.0000000000
15612  -37.605  -51.301  -19.920 0.0000000000
16403  -36.842  -50.904  -19.573 0.0000000000
16410  -36.314  -50.747  -20.205 0.0000000000
127105  -39.386  -47.441  -12.766 0.0000000000
18781  -38.725  -46.444  -12.789 0.0000000000
19679  -38.730  -45.855  -12.988 0.0000000000
21552  -35.916  -44.000  -13.531 0.0000000000
21553  -36.360  -44.457  -13.693 0.0000000000
19704  -36.085  -45.740  -15.039 0.0000000000
19722  -35.818  -46.256  -15.719 0.0000000000
20674  -35.596  -45.580  -15.704 0.0000000000
21584  -35.379  -45.021  -16.096 0.0000000000
16330  -36.743  -50.308  -11.200 0.0000000000
16329  -35.591  -49.828  -11.170 0.0000000000
135333  -34.012  -49.460  -10.183 0.0000000000
17099  -33.632  -49.433  -9.667 0.0000000000
17900  -33.106  -48.224  -9.789 0.0000000000
18766  -33.177  -47.330  -10.138 0.0000000000
19660  -33.481  -46.445  -10.431 0.0000000000
19653  -32.949  -46.601  -9.630 0.0000000000
20595  -32.887  -46.001  -9.086 0.0000000000
20578  -33.222  -45.506  -8.514 0.0000000000
15439  -34.239  -51.177  -1.734 0.0000000000
15449  -33.695  -51.174  -2.340 0.0000000000
132082  -33.433  -51.924  -3.347 0.0000000000
16265  -33.148  -50.794  -3.000 0.0000000000
17051  -32.701  -49.726  -3.764 0.0000000000
17843  -32.795  -48.992  -4.031 0.0000000000
19579  -37.691  -47.934  -4.821 0.0000000000
18697  -36.596  -48.060  -4.756 0.0000000000
18698  -37.432  -48.248  -4.962 0.0000000000
18716  -36.907  -48.118  -5.478 0.0000000000
19601  -36.254  -47.016  -6.518 0.0000000000
20547  -35.559  -46.163  -6.840 0.0000000000
19617  -37.587  -47.023  -7.265 0.0000000000
19619  -39.113  -47.319  -7.368 0.0000000000
17151  -41.432  -50.283  -14.979 0.0000000000
132917  -41.724  -51.747  -16.563 0.0000000000
14848  -41.889  -52.957  -18.098 0.0000000000
24553  -39.927  -41.797  -20.885 0.0000000000
22519  -38.904  -43.116  -20.779 0.0000000000
22518  -38.273  -43.606  -20.346 0.0000000000
22526  -38.684  -43.798  -20.977 0.0000000000
127321  -38.407  -44.903  -21.203 0.0000000000
19792  -37.627  -46.431  -21.199 0.0000000000
18879  -38.208  -47.090  -22.274 0.0000000000
18890  -38.270  -47.586  -22.696 0.0000000000
19675  -35.391  -45.424  -11.936 0.0000000000
19676  -36.474  -45.432  -12.388 0.0000000000
20626  -36.375  -44.539  -12.501 0.0000000000
21530  -36.053  -44.016  -12.495 0.0000000000
22419  -35.682  -43.182  -13.278 0.0000000000
127201  -35.469  -42.753  -13.819 0.0000000000
16307  -34.268  -50.753  -8.879 0.0000000000
16306  -33.591  -50.343  -8.458 0.0000000000
16305  -32.943  -49.837  -8.031 0.0000000000
17078  -32.528  -49.131  -7.681 0.0000000000
20509  -36.709  -45.652  -3.104 0.0000000000
18673  -35.836  -47.642  -3.303 0.0000000000
19557  -36.487  -46.846  -3.551 0.0000000000
131873  -36.712  -47.111  -4.102 0.0000000000
19567  -37.187  -46.601  -4.439 0.0000000000
21424  -38.012  -44.230  -4.697 0.0000000000
20529  -37.982  -46.568  -5.007 0.0000000000
115600  -39.591  -49.550  -16.730 0.0000000000
13970  -41.402  -53.053  -20.110 0.0000000000
15625  -38.392  -51.601  -20.312 0.0000000000
14866  -38.554  -52.172  -20.990 0.0000000000
14873  -39.041  -52.915  -21.383 0.0000000000
123507  -37.264  -52.017  -21.924 0.0000000000
133899  -41.902  -50.122  -11.700 0.0000000000
15528  -42.844  -51.014  -12.614 0.0000000000
16336  -42.642  -50.414  -12.284 0.0000000000
17132  -42.378  -49.599  -12.570 0.0000000000
17932  -41.688  -49.114  -13.140 0.0000000000
17931  -40.656  -48.272  -13.096 0.0000000000
17956  -39.839  -48.682  -15.265 0.0000000000
20629  -38.420  -45.301  -13.012 0.0000000000
20660  -37.892  -45.181  -13.696 0.0000000000
17955  -39.033  -48.168  -15.685 0.0000000000
17967  -38.494  -48.450  -16.444 0.0000000000
17966  -37.644  -48.260  -16.623 0.0000000000
17979  -37.247  -48.704  -17.155 0.0000000000
18827  -36.181  -47.515  -16.448 0.0000000000
17965  -36.672  -48.163  -16.836 0.0000000000
17978  -36.332  -48.626  -17.488 0.0000000000
17986  -35.739  -48.398  -18.020 0.0000000000
18846  -35.563  -47.827  -18.456 0.0000000000
16332  -40.754  -50.461  -11.632 0.0000000000
17118  -39.138  -49.262  -11.857 0.0000000000
17114  -38.585  -50.215  -11.487 0.0000000000
17917  -38.657  -48.368  -12.302 0.0000000000
18780  -37.324  -47.459  -12.409 0.0000000000
18778  -35.936  -47.236  -12.194 0.0000000000
17111  -34.949  -48.939  -11.401 0.0000000000
122885  -35.710  -49.104  -11.671 0.0000000000
17911  -35.527  -48.235  -11.893 0.0000000000
132150  -35.597  -46.404  -12.091 0.0000000000
19666  -34.669  -46.424  -11.620 0.0000000000
119400  -34.502  -45.692  -11.408 0.0000000000
21506  -34.366  -44.269  -10.362 0.0000000000
20603  -33.686  -45.651  -10.391 0.0000000000
22386  -34.633  -43.603  -9.908 0.0000000000
22380  -34.963  -43.093  -9.514 0.0000000000
23350  -35.163  -42.864  -8.800 0.0000000000
136035  -32.996  -51.587  -4.185 0.0000000000
15471  -32.787  -51.253  -5.132 0.0000000000
15478  -32.820  -51.057  -5.837 0.0000000000
16288  -32.556  -50.274  -6.094 0.0000000000
17073  -32.311  -48.972  -6.813 0.0000000000
17879  -32.365  -48.357  -7.405 0.0000000000
18684  -33.587  -47.959  -4.233 0.0000000000
132253  -33.755  -47.565  -4.652 0.0000000000
122145  -35.679  -47.878  -4.695 0.0000000000
18696  -34.463  -47.443  -4.863 0.0000000000
18683  -33.124  -47.692  -4.865 0.0000000000
18694  -32.803  -47.434  -5.693 0.0000000000
18714  -32.540  -47.447  -6.572 0.0000000000
131555  -32.476  -47.157  -7.372 0.0000000000
19614  -32.690  -46.503  -7.647 0.0000000000
20556  -33.574  -45.461  -7.681 0.0000000000
116178  -34.134  -44.929  -7.742 0.0000000000
20558  -35.266  -45.319  -7.239 0.0000000000
121439  -34.671  -44.857  -7.544 0.0000000000
21460  -35.212  -44.434  -7.585 0.0000000000
22341  -35.853  -43.705  -7.576 0.0000000000
22342  -36.702  -43.277  -7.482 0.0000000000
15544  -43.122  -51.209  -13.256 0.0000000000
117967  -42.825  -52.414  -14.336 0.0000000000
15557  -43.153  -52.497  -14.721 0.0000000000
131515  -40.784  -50.904  -16.798 0.0000000000
15584  -42.422  -52.667  -16.516 0.0000000000
14834  -42.631  -53.409  -16.701 0.0000000000
25362  -36.522  -40.357  -10.124 0.0000000000
25410  -35.873  -40.850  -13.097 0.0000000000
24439  -35.701  -41.410  -13.625 0.0000000000
23432  -35.518  -42.086  -14.345 0.0000000000
23450  -35.549  -42.509  -15.174 0.0000000000
23465  -35.448  -43.277  -15.676 0.0000000000
22466  -35.499  -43.859  -16.498 0.0000000000
124054  -35.370  -45.178  -16.776 0.0000000000
22479  -35.912  -43.613  -17.293 0.0000000000
21598  -35.538  -44.478  -17.177 0.0000000000
114986  -35.463  -45.203  -17.403 0.0000000000
20704  -35.572  -45.635  -18.019 0.0000000000
118426  -35.610  -47.164  -19.011 0.0000000000
22517  -37.743  -43.838  -19.870 0.0000000000
21628  -37.348  -44.392  -19.735 0.0000000000
21627  -36.817  -44.421  -19.161 0.0000000000
20723  -36.352  -45.855  -19.512 0.0000000000
19765  -35.975  -46.591  -19.439 0.0000000000
18855  -35.627  -47.947  -19.258 0.0000000000
18001  -35.850  -48.943  -20.327 0.0000000000
17202  -36.044  -49.673  -21.189 0.0000000000
18017  -36.398  -49.020  -22.001 0.0000000000
13817  -33.898  -52.824  -4.093 0.0000000000
13929  -42.479  -53.606  -15.897 0.0000000000
13940  -42.642  -54.095  -16.796 0.0000000000
13951  -42.449  -53.676  -17.661 0.0000000000
13952  -42.473  -54.027  -18.599 0.0000000000
14690  -33.823  -52.568  -3.422 0.0000000000
14691  -34.235  -52.876  -2.886 0.0000000000
14860  -40.998  -52.327  -19.841 0.0000000000
14868  -40.611  -52.681  -20.489 0.0000000000
15454  -33.026  -51.370  -3.648 0.0000000000
15463  -32.693  -51.078  -4.406 0.0000000000
15464  -33.145  -51.807  -4.714 0.0000000000
15529  -43.124  -50.838  -12.736 0.0000000000
15569  -43.081  -52.311  -15.193 0.0000000000
16242  -34.030  -50.495  -1.827 0.0000000000
16258  -33.003  -49.988  -3.081 0.0000000000
16337  -42.906  -50.227  -12.545 0.0000000000
17025  -34.538  -49.277  -1.547 0.0000000000
17052  -33.140  -49.229  -3.333 0.0000000000
17086  -32.799  -49.192  -8.415 0.0000000000
17210  -36.679  -49.355  -22.755 0.0000000000
17833  -34.614  -48.496  -2.583 0.0000000000
17858  -32.937  -48.300  -4.448 0.0000000000
17866  -39.814  -48.838  -5.592 0.0000000000
17899  -32.700  -48.089  -9.060 0.0000000000
17980  -38.021  -48.684  -16.951 0.0000000000
18000  -35.712  -48.617  -19.548 0.0000000000
18671  -34.315  -48.286  -3.445 0.0000000000
18685  -34.309  -47.827  -4.186 0.0000000000
18695  -33.546  -47.258  -5.241 0.0000000000
18717  -37.681  -48.383  -5.489 0.0000000000
18791  -39.096  -46.492  -12.998 0.0000000000
18856  -35.937  -47.237  -19.748 0.0000000000
18868  -37.064  -46.983  -21.071 0.0000000000
19551  -36.316  -46.660  -2.716 0.0000000000
19577  -34.008  -46.828  -5.637 0.0000000000
19598  -33.418  -46.480  -6.404 0.0000000000
19615  -33.130  -46.122  -7.231 0.0000000000
19618  -38.258  -47.116  -7.365 0.0000000000
19739  -35.624  -46.402  -16.285 0.0000000000
20513  -37.207  -45.394  -4.190 0.0000000000
20555  -32.969  -45.927  -7.885 0.0000000000
20604  -34.216  -45.099  -10.865 0.0000000000
20730  -37.607  -45.859  -20.794 0.0000000000
21411  -37.281  -44.133  -3.455 0.0000000000
21459  -34.535  -44.338  -7.988 0.0000000000
21539  -35.984  -43.653  -13.047 0.0000000000
21635  -37.821  -44.334  -20.293 0.0000000000
22379  -34.576  -43.550  -9.149 0.0000000000
23351  -35.788  -42.366  -8.290 0.0000000000
23367  -35.396  -42.471  -9.538 0.0000000000
23392  -35.825  -42.196  -11.469 0.0000000000
24413  -35.861  -41.505  -11.997 0.0000000000
24426  -35.671  -41.448  -12.852 0.0000000000
25348  -36.895  -40.428  -9.440 0.0000000000
118289  -38.303  -45.230  -7.550 0.0000000000
120005  -33.375  -51.470  -2.992 0.0000000000
126191  -36.164  -45.843  -7.248 0.0000000000
127173  -32.341  -48.720  -5.860 0.0000000000
128051  -32.399  -49.616  -5.484 0.0000000000
131237  -35.401  -44.564  -16.462 0.0000000000
132868  -32.402  -47.956  -5.974 0.0000000000
134245  -33.302  -45.408  -9.258 0.0000000000
134374  -40.235  -49.275  -11.813 0.0000000000
136046  -33.349  -48.874  -9.737 0.0000000000
137299  -32.386  -47.759  -7.162 0.0000000000
137968  -35.034  -48.243  -2.259 0.0000000000
