#!ascii label  , from subject sub-v2s16x51215_ses-1 vox2ras=TkReg
1765
132048  9.805  -32.178  50.257 0.0000000000
58371  41.834  -4.864  30.795 0.0000000000
39018  27.805  -24.867  45.168 0.0000000000
40824  37.958  -22.447  47.716 0.0000000000
42738  20.352  -20.941  45.994 0.0000000000
37072  16.390  -26.945  54.309 0.0000000000
67135  49.609  4.811  23.787 0.0000000000
137367  51.314  0.067  34.874 0.0000000000
51223  31.841  -11.565  41.710 0.0000000000
71013  51.635  8.661  16.405 0.0000000000
38947  26.455  -24.828  50.489 0.0000000000
35202  12.292  -28.325  52.498 0.0000000000
65079  51.088  2.017  30.014 0.0000000000
64051  45.056  1.596  28.945 0.0000000000
56365  41.841  -7.081  36.454 0.0000000000
57334  47.139  -5.260  38.233 0.0000000000
53280  36.814  -9.874  35.442 0.0000000000
43771  33.738  -19.632  42.223 0.0000000000
39918  32.489  -23.360  46.694 0.0000000000
40778  23.038  -22.598  51.274 0.0000000000
38907  20.615  -24.231  56.077 0.0000000000
38968  18.274  -24.477  49.825 0.0000000000
37175  14.501  -26.400  47.387 0.0000000000
41770  24.161  -21.816  46.184 0.0000000000
68991  54.709  6.874  23.754 0.0000000000
67063  55.824  5.116  31.034 0.0000000000
60137  47.322  -2.197  32.840 0.0000000000
51207  36.632  -10.954  42.605 0.0000000000
45690  38.268  -17.263  44.690 0.0000000000
69036  49.592  5.883  20.157 0.0000000000
137267  55.895  7.465  19.690 0.0000000000
68181  58.798  6.166  14.521 0.0000000000
130543  26.243  -24.672  53.699 0.0000000000
33091  11.110  -30.135  50.952 0.0000000000
34150  10.307  -29.123  55.322 0.0000000000
31978  9.102  -31.121  54.055 0.0000000000
66119  44.889  3.122  26.241 0.0000000000
55262  41.589  -7.894  39.566 0.0000000000
56309  43.855  -6.838  40.340 0.0000000000
26032  4.925  -37.139  50.413 0.0000000000
54332  37.098  -8.890  32.965 0.0000000000
39971  28.416  -23.543  43.400 0.0000000000
39968  30.975  -23.115  43.985 0.0000000000
39015  30.236  -24.298  45.768 0.0000000000
41739  21.636  -21.598  48.548 0.0000000000
39882  20.425  -23.197  49.920 0.0000000000
40833  19.023  -22.855  47.323 0.0000000000
42736  21.967  -20.465  46.620 0.0000000000
41737  23.337  -21.459  48.515 0.0000000000
37994  18.803  -25.692  55.523 0.0000000000
67131  53.288  4.787  23.570 0.0000000000
68051  55.296  5.860  27.341 0.0000000000
66114  53.240  3.805  27.110 0.0000000000
64012  51.440  1.318  31.397 0.0000000000
65040  53.809  2.787  32.873 0.0000000000
59322  41.425  -3.368  28.415 0.0000000000
60193  44.632  -2.476  29.084 0.0000000000
59275  45.000  -3.806  32.119 0.0000000000
52232  31.957  -10.110  39.432 0.0000000000
51251  34.632  -11.249  39.158 0.0000000000
52181  34.205  -10.129  42.796 0.0000000000
42748  35.750  -20.402  45.323 0.0000000000
44750  35.851  -18.250  43.018 0.0000000000
42746  38.299  -19.870  45.935 0.0000000000
69010  46.766  6.546  22.211 0.0000000000
70009  46.451  7.321  19.068 0.0000000000
69981  49.162  6.775  21.929 0.0000000000
69986  51.218  7.917  21.561 0.0000000000
70073  55.848  7.902  14.224 0.0000000000
69085  54.981  6.901  15.622 0.0000000000
68117  57.770  6.042  17.595 0.0000000000
119183  53.366  6.123  17.221 0.0000000000
38078  26.887  -25.448  47.795 0.0000000000
37167  29.147  -26.354  47.812 0.0000000000
37138  28.275  -27.149  49.849 0.0000000000
118378  14.017  -27.310  53.859 0.0000000000
36141  15.320  -27.324  57.203 0.0000000000
36160  12.614  -27.739  55.978 0.0000000000
67122  46.893  4.305  23.962 0.0000000000
65142  51.148  2.212  26.075 0.0000000000
120157  47.941  2.495  26.538 0.0000000000
65082  48.376  2.246  29.965 0.0000000000
122879  48.956  1.058  31.411 0.0000000000
56390  41.420  -6.538  33.653 0.0000000000
58326  44.146  -5.021  34.309 0.0000000000
57349  44.030  -6.093  37.118 0.0000000000
49321  32.524  -13.582  39.684 0.0000000000
41722  39.811  -21.944  49.538 0.0000000000
30118  8.967  -34.062  48.630 0.0000000000
30081  8.247  -33.267  52.901 0.0000000000
29108  6.869  -35.208  51.923 0.0000000000
56433  38.983  -6.058  30.702 0.0000000000
55323  39.289  -7.491  32.686 0.0000000000
54291  39.478  -8.443  36.140 0.0000000000
53231  39.659  -9.251  39.362 0.0000000000
41837  32.071  -21.136  41.894 0.0000000000
41798  33.127  -22.150  43.975 0.0000000000
40839  34.466  -22.199  47.212 0.0000000000
38059  31.387  -25.209  48.735 0.0000000000
39879  33.614  -23.783  49.595 0.0000000000
39829  24.479  -23.753  53.698 0.0000000000
38893  23.500  -24.186  56.817 0.0000000000
39832  21.752  -23.594  53.876 0.0000000000
38928  19.505  -24.363  52.631 0.0000000000
37097  17.486  -25.874  52.414 0.0000000000
39924  17.670  -23.583  46.546 0.0000000000
38067  16.282  -25.177  48.703 0.0000000000
114738  15.304  -26.346  51.207 0.0000000000
36243  13.579  -27.642  49.918 0.0000000000
34220  12.227  -29.508  49.048 0.0000000000
32030  10.946  -31.188  48.026 0.0000000000
121628  26.045  -23.175  43.293 0.0000000000
41810  24.067  -21.944  43.285 0.0000000000
39934  25.755  -23.908  45.643 0.0000000000
39896  25.183  -23.247  48.389 0.0000000000
136239  24.773  -23.135  50.895 0.0000000000
67061  56.806  4.192  30.066 0.0000000000
66093  53.286  3.455  30.015 0.0000000000
63063  43.099  0.547  28.267 0.0000000000
128188  47.034  -0.927  30.155 0.0000000000
61959  49.245  -0.829  33.950 0.0000000000
59242  46.940  -3.649  34.973 0.0000000000
60988  48.472  -1.501  36.246 0.0000000000
52296  34.472  -10.746  35.446 0.0000000000
51249  37.168  -11.107  39.306 0.0000000000
52160  39.430  -10.519  43.162 0.0000000000
46659  35.490  -16.264  41.072 0.0000000000
48432  35.473  -14.556  42.960 0.0000000000
44690  38.463  -18.642  48.796 0.0000000000
47506  36.930  -15.851  46.963 0.0000000000
49285  34.288  -13.385  44.545 0.0000000000
51174  36.064  -10.979  45.999 0.0000000000
52116  38.758  -10.986  46.565 0.0000000000
70041  50.432  7.418  17.437 0.0000000000
68102  52.790  6.026  20.283 0.0000000000
70953  54.483  8.747  21.478 0.0000000000
130040  27.117  -25.531  54.793 0.0000000000
32011  10.130  -31.319  51.226 0.0000000000
137745  10.307  -30.452  52.779 0.0000000000
32012  9.680  -31.837  51.768 0.0000000000
54239  41.443  -8.295  40.942 0.0000000000
55243  42.064  -7.912  41.163 0.0000000000
24912  5.159  -38.440  48.215 0.0000000000
39053  27.915  -24.032  43.924 0.0000000000
39949  29.640  -23.754  44.290 0.0000000000
39017  28.653  -24.819  45.304 0.0000000000
41757  20.800  -21.377  47.407 0.0000000000
40815  20.428  -22.373  48.412 0.0000000000
41774  19.926  -21.583  46.426 0.0000000000
43742  21.608  -19.968  45.044 0.0000000000
42737  21.145  -20.509  46.242 0.0000000000
42718  21.462  -20.879  47.211 0.0000000000
37061  17.598  -26.536  55.291 0.0000000000
121168  16.562  -27.128  56.306 0.0000000000
67133  51.416  4.747  23.729 0.0000000000
67105  53.783  3.875  25.158 0.0000000000
66152  51.830  3.161  24.540 0.0000000000
125488  52.441  0.369  33.327 0.0000000000
62986  52.879  0.885  34.076 0.0000000000
58391  42.259  -4.162  29.717 0.0000000000
58379  43.156  -4.017  30.014 0.0000000000
120656  43.395  -4.426  31.606 0.0000000000
50233  31.187  -11.711  40.583 0.0000000000
52214  31.683  -10.654  41.160 0.0000000000
52197  32.797  -9.963  41.344 0.0000000000
51208  32.874  -10.922  42.870 0.0000000000
41767  36.264  -21.193  46.645 0.0000000000
42747  37.408  -20.057  45.739 0.0000000000
41765  38.337  -21.132  46.652 0.0000000000
68085  48.389  5.610  23.189 0.0000000000
69008  48.564  6.602  22.194 0.0000000000
68996  49.560  6.172  22.892 0.0000000000
68995  51.088  6.373  23.108 0.0000000000
71022  53.404  8.386  15.212 0.0000000000
71011  53.055  8.097  15.861 0.0000000000
69073  54.668  6.200  16.470 0.0000000000
70054  52.653  7.639  16.467 0.0000000000
38966  26.644  -25.121  49.615 0.0000000000
37139  27.736  -26.694  49.241 0.0000000000
130610  27.527  -26.226  50.965 0.0000000000
36196  12.854  -27.815  52.917 0.0000000000
36159  13.365  -27.535  55.487 0.0000000000
35177  12.244  -28.126  54.242 0.0000000000
131505  9.223  -29.222  56.625 0.0000000000
35151  10.482  -28.394  56.749 0.0000000000
67123  46.050  4.237  24.051 0.0000000000
66134  48.010  3.356  25.256 0.0000000000
66136  46.143  3.424  25.396 0.0000000000
129157  45.324  2.464  27.872 0.0000000000
65108  46.772  2.470  27.548 0.0000000000
65084  46.713  2.096  29.481 0.0000000000
64039  48.419  1.783  31.141 0.0000000000
64041  46.582  1.316  30.497 0.0000000000
133748  41.662  -6.876  35.217 0.0000000000
57383  43.056  -6.084  35.208 0.0000000000
56364  42.553  -6.654  36.439 0.0000000000
68088  45.916  5.490  23.172 0.0000000000
29113  8.212  -34.561  50.618 0.0000000000
28172  7.501  -35.722  49.451 0.0000000000
56434  37.597  -6.574  30.353 0.0000000000
56416  39.462  -6.573  31.481 0.0000000000
55341  38.249  -7.510  31.657 0.0000000000
53323  36.775  -9.329  33.720 0.0000000000
114040  38.006  -8.842  34.160 0.0000000000
53279  37.860  -9.427  35.714 0.0000000000
53254  39.405  -8.908  37.496 0.0000000000
53255  38.529  -9.434  37.258 0.0000000000
41839  30.531  -21.725  41.331 0.0000000000
40855  32.067  -23.094  45.000 0.0000000000
40879  32.331  -22.419  43.708 0.0000000000
40854  32.847  -22.797  45.294 0.0000000000
41769  34.140  -22.000  45.888 0.0000000000
40829  33.234  -23.026  47.082 0.0000000000
36251  29.668  -26.970  49.017 0.0000000000
38060  30.708  -25.596  48.328 0.0000000000
37136  31.191  -26.384  49.843 0.0000000000
38946  33.242  -24.690  50.369 0.0000000000
38962  34.849  -24.009  50.129 0.0000000000
39839  23.605  -23.112  52.588 0.0000000000
39831  22.576  -23.458  53.716 0.0000000000
114644  22.030  -23.122  52.360 0.0000000000
39865  19.357  -23.863  50.308 0.0000000000
39853  20.030  -23.623  51.731 0.0000000000
38949  18.993  -24.240  50.937 0.0000000000
38923  18.692  -25.371  53.134 0.0000000000
38935  17.811  -25.147  50.837 0.0000000000
40858  17.977  -22.908  45.162 0.0000000000
38103  15.203  -25.210  46.642 0.0000000000
38993  15.878  -24.885  47.061 0.0000000000
38068  15.597  -25.497  48.355 0.0000000000
118096  15.916  -25.751  50.004 0.0000000000
119268  14.854  -26.366  50.063 0.0000000000
123055  14.429  -26.750  50.146 0.0000000000
36254  14.147  -27.082  48.710 0.0000000000
124601  11.732  -30.186  48.461 0.0000000000
40900  26.785  -22.675  41.907 0.0000000000
39989  25.413  -22.713  42.824 0.0000000000
41800  23.500  -21.338  44.687 0.0000000000
41786  24.255  -22.049  45.191 0.0000000000
39953  25.117  -22.996  44.411 0.0000000000
40856  24.701  -22.496  45.994 0.0000000000
39907  25.393  -23.505  47.463 0.0000000000
132193  24.706  -22.482  47.227 0.0000000000
40800  22.741  -22.110  49.970 0.0000000000
116591  24.302  -22.598  49.843 0.0000000000
40777  23.704  -22.598  51.018 0.0000000000
39838  24.435  -23.274  52.230 0.0000000000
39803  21.879  -23.875  56.252 0.0000000000
30083  6.686  -33.781  53.839 0.0000000000
31011  7.549  -32.583  54.470 0.0000000000
69952  56.369  7.551  25.696 0.0000000000
68033  55.287  5.486  29.067 0.0000000000
132160  56.404  5.905  28.849 0.0000000000
68025  56.163  5.352  30.259 0.0000000000
67050  56.413  4.444  31.481 0.0000000000
65103  51.502  2.381  28.087 0.0000000000
66100  52.626  3.250  28.350 0.0000000000
66094  52.602  2.917  29.715 0.0000000000
66042  54.692  3.636  33.572 0.0000000000
60180  45.822  -2.785  30.451 0.0000000000
61066  45.920  -1.677  29.560 0.0000000000
61040  47.160  -1.952  31.100 0.0000000000
61038  48.438  -1.131  31.789 0.0000000000
118192  48.138  -1.586  33.742 0.0000000000
58294  46.010  -5.070  36.182 0.0000000000
137791  45.687  -4.734  35.247 0.0000000000
58293  46.745  -4.783  36.491 0.0000000000
51319  32.757  -11.082  35.769 0.0000000000
51222  35.737  -11.112  40.936 0.0000000000
51264  35.431  -11.308  38.578 0.0000000000
116167  36.997  -11.506  40.977 0.0000000000
52193  38.656  -11.062  41.166 0.0000000000
130410  38.430  -11.400  42.458 0.0000000000
43786  32.752  -19.716  41.178 0.0000000000
44785  33.728  -18.551  41.173 0.0000000000
44748  37.409  -17.784  43.910 0.0000000000
45718  35.916  -17.486  42.326 0.0000000000
46639  36.590  -16.269  42.428 0.0000000000
47559  35.972  -15.178  42.371 0.0000000000
126497  36.818  -15.664  43.474 0.0000000000
125726  39.299  -19.958  48.652 0.0000000000
47507  36.520  -15.206  47.334 0.0000000000
48408  35.322  -14.342  45.624 0.0000000000
49265  35.428  -13.398  46.873 0.0000000000
51176  34.662  -11.701  45.481 0.0000000000
50181  35.644  -12.759  47.257 0.0000000000
69038  48.058  6.289  19.667 0.0000000000
70022  49.964  6.470  18.177 0.0000000000
116768  51.279  5.803  18.417 0.0000000000
68113  50.927  5.618  19.746 0.0000000000
69969  53.105  7.441  22.795 0.0000000000
70954  53.571  8.648  21.545 0.0000000000
70938  54.335  8.224  22.706 0.0000000000
122621  56.024  8.802  22.711 0.0000000000
69102  57.250  6.895  14.200 0.0000000000
69044  56.787  6.226  18.900 0.0000000000
70989  58.384  8.782  19.174 0.0000000000
70975  56.835  8.771  20.168 0.0000000000
38012  26.764  -24.996  52.136 0.0000000000
38021  27.324  -25.787  51.742 0.0000000000
38006  27.481  -25.681  53.547 0.0000000000
35203  11.742  -29.013  51.989 0.0000000000
117226  11.628  -28.572  53.836 0.0000000000
34176  10.628  -29.832  53.059 0.0000000000
34165  9.878  -29.703  54.858 0.0000000000
34152  8.838  -29.775  56.044 0.0000000000
65133  43.931  2.974  26.436 0.0000000000
65098  44.226  2.013  27.854 0.0000000000
55271  41.508  -7.567  37.987 0.0000000000
56338  42.794  -6.861  38.155 0.0000000000
55261  42.275  -7.509  39.603 0.0000000000
55241  43.400  -7.311  41.736 0.0000000000
27133  6.833  -36.409  49.370 0.0000000000
26051  6.146  -37.403  48.518 0.0000000000
26044  4.393  -37.845  50.089 0.0000000000
55343  36.555  -7.906  30.799 0.0000000000
53324  35.812  -9.639  33.525 0.0000000000
40896  30.342  -22.528  42.524 0.0000000000
39984  29.808  -22.962  43.057 0.0000000000
39948  30.455  -23.570  44.503 0.0000000000
39920  30.952  -23.931  46.070 0.0000000000
116814  22.000  -22.328  50.137 0.0000000000
40791  21.632  -22.753  50.678 0.0000000000
40792  21.190  -22.692  49.822 0.0000000000
40816  19.857  -22.888  48.444 0.0000000000
39898  18.713  -23.681  48.573 0.0000000000
36282  14.077  -26.977  46.806 0.0000000000
37209  13.973  -26.726  45.176 0.0000000000
116817  22.298  -20.337  45.284 0.0000000000
42735  23.115  -20.890  46.271 0.0000000000
40843  23.966  -21.586  47.003 0.0000000000
41755  22.881  -21.016  47.951 0.0000000000
41738  22.507  -21.398  48.621 0.0000000000
38908  19.550  -25.047  55.453 0.0000000000
116456  53.622  5.681  23.386 0.0000000000
68980  55.178  6.104  25.351 0.0000000000
68067  54.864  5.304  25.579 0.0000000000
67088  54.612  5.059  27.522 0.0000000000
67079  54.496  4.990  28.442 0.0000000000
135787  50.735  2.006  30.966 0.0000000000
65054  52.360  2.054  31.322 0.0000000000
126243  53.141  2.007  32.390 0.0000000000
63998  53.828  2.473  34.458 0.0000000000
61085  42.451  -1.048  27.976 0.0000000000
59320  43.137  -3.154  28.743 0.0000000000
59294  45.122  -3.248  30.284 0.0000000000
59273  46.088  -3.088  32.084 0.0000000000
58264  47.729  -4.519  38.699 0.0000000000
136069  31.529  -10.547  37.507 0.0000000000
51284  33.212  -11.202  37.316 0.0000000000
52248  32.641  -10.535  38.950 0.0000000000
52211  34.076  -10.487  40.709 0.0000000000
52180  34.986  -10.142  43.009 0.0000000000
42777  34.456  -20.241  43.592 0.0000000000
44751  35.037  -18.773  42.852 0.0000000000
43734  35.990  -19.297  44.182 0.0000000000
43732  37.518  -19.078  44.964 0.0000000000
44721  38.522  -18.423  45.523 0.0000000000
126097  45.463  6.821  21.198 0.0000000000
114667  45.892  6.974  19.742 0.0000000000
116131  46.823  6.547  20.900 0.0000000000
69027  48.253  6.296  20.643 0.0000000000
69026  49.146  6.356  20.940 0.0000000000
69997  50.818  7.442  21.175 0.0000000000
69979  50.742  7.648  22.011 0.0000000000
69004  52.239  7.350  22.692 0.0000000000
71033  53.763  8.596  14.507 0.0000000000
70062  55.395  7.435  14.899 0.0000000000
68160  57.382  5.692  15.598 0.0000000000
68139  58.553  6.025  16.211 0.0000000000
114177  56.397  5.411  16.967 0.0000000000
68119  56.134  5.367  18.284 0.0000000000
68109  54.937  5.342  19.141 0.0000000000
38098  26.951  -25.235  46.418 0.0000000000
38096  28.345  -25.597  46.415 0.0000000000
37169  27.814  -26.235  47.684 0.0000000000
137169  28.326  -27.073  49.080 0.0000000000
36221  29.599  -27.523  50.344 0.0000000000
37073  15.427  -27.214  54.376 0.0000000000
36156  15.837  -27.308  55.900 0.0000000000
36158  14.293  -27.394  55.373 0.0000000000
36142  13.578  -27.458  56.781 0.0000000000
35166  11.432  -28.348  55.454 0.0000000000
36127  11.531  -27.749  57.669 0.0000000000
67121  48.248  4.329  24.055 0.0000000000
66153  50.849  3.027  24.666 0.0000000000
66133  48.916  3.188  25.242 0.0000000000
65127  49.659  1.852  26.623 0.0000000000
65105  49.997  1.685  27.693 0.0000000000
66118  45.720  3.129  26.147 0.0000000000
114687  48.254  1.961  27.837 0.0000000000
117543  49.706  2.045  29.575 0.0000000000
65055  50.069  1.884  31.253 0.0000000000
63008  51.037  0.677  31.565 0.0000000000
61968  50.755  -0.213  32.191 0.0000000000
57430  41.770  -5.705  32.459 0.0000000000
57428  43.228  -5.047  33.082 0.0000000000
57413  42.684  -5.646  33.583 0.0000000000
57381  44.411  -5.494  35.793 0.0000000000
57347  45.779  -5.605  37.585 0.0000000000
56337  43.537  -6.605  38.527 0.0000000000
56335  45.257  -6.285  39.273 0.0000000000
57323  46.717  -5.876  39.656 0.0000000000
49312  32.761  -13.386  40.683 0.0000000000
40823  38.795  -22.129  47.725 0.0000000000
69018  44.902  6.925  21.733 0.0000000000
135431  45.745  6.630  22.128 0.0000000000
68087  46.783  5.626  23.164 0.0000000000
120403  50.844  10.882  15.780 0.0000000000
119845  50.402  10.873  16.347 0.0000000000
134464  9.413  -33.169  49.422 0.0000000000
31028  9.277  -32.629  51.449 0.0000000000
119965  8.544  -33.898  51.008 0.0000000000
136454  7.978  -34.229  52.158 0.0000000000
29091  6.150  -34.417  53.479 0.0000000000
27125  6.153  -36.140  50.911 0.0000000000
58393  40.480  -4.371  29.422 0.0000000000
57471  39.236  -5.023  29.746 0.0000000000
57458  40.518  -5.243  30.504 0.0000000000
56415  40.263  -6.282  31.793 0.0000000000
55308  40.814  -6.751  33.257 0.0000000000
137898  40.242  -7.595  34.833 0.0000000000
54347  37.936  -8.374  32.858 0.0000000000
55302  39.461  -8.061  34.663 0.0000000000
55288  40.473  -7.870  36.612 0.0000000000
54281  40.154  -8.277  37.309 0.0000000000
54260  40.299  -8.758  39.563 0.0000000000
53203  40.266  -9.106  41.274 0.0000000000
42788  32.772  -20.770  42.220 0.0000000000
40895  31.199  -22.361  42.734 0.0000000000
41819  32.413  -21.472  42.582 0.0000000000
42778  33.823  -20.715  43.229 0.0000000000
41796  34.439  -21.218  44.733 0.0000000000
41783  35.302  -21.312  46.426 0.0000000000
40826  36.090  -22.186  47.717 0.0000000000
38095  29.418  -25.376  46.657 0.0000000000
38988  30.840  -24.758  47.286 0.0000000000
39906  31.943  -23.808  47.197 0.0000000000
38045  32.577  -25.331  50.327 0.0000000000
38976  32.380  -24.268  48.785 0.0000000000
39905  32.669  -23.507  47.570 0.0000000000
40811  34.242  -22.965  48.426 0.0000000000
40810  35.574  -22.630  48.246 0.0000000000
39891  36.911  -23.370  48.654 0.0000000000
38903  25.303  -24.454  55.548 0.0000000000
129616  23.620  -23.744  55.014 0.0000000000
39820  22.355  -23.609  54.537 0.0000000000
39812  20.783  -24.021  54.676 0.0000000000
39852  20.695  -23.350  51.485 0.0000000000
39833  20.553  -23.791  53.131 0.0000000000
38915  20.223  -24.203  54.073 0.0000000000
38008  19.101  -25.274  53.959 0.0000000000
38002  18.355  -25.813  53.805 0.0000000000
37084  17.312  -26.252  53.155 0.0000000000
40845  18.813  -22.653  46.496 0.0000000000
39923  18.332  -23.221  46.940 0.0000000000
39899  18.035  -24.036  48.167 0.0000000000
39022  16.249  -24.257  45.737 0.0000000000
38992  16.615  -24.583  47.452 0.0000000000
38969  17.475  -24.789  49.470 0.0000000000
114893  17.047  -25.564  50.925 0.0000000000
38025  16.146  -25.963  50.897 0.0000000000
37098  15.843  -26.548  52.677 0.0000000000
37099  14.530  -26.858  52.196 0.0000000000
36194  13.994  -27.145  52.091 0.0000000000
36229  12.986  -27.978  51.266 0.0000000000
120270  13.690  -27.663  48.092 0.0000000000
35228  13.135  -28.250  49.365 0.0000000000
34207  12.340  -28.926  50.399 0.0000000000
34208  11.689  -29.615  50.442 0.0000000000
116905  11.132  -30.750  49.256 0.0000000000
32031  10.690  -31.411  48.791 0.0000000000
31047  9.779  -32.815  48.189 0.0000000000
136078  9.504  -33.343  47.873 0.0000000000
40899  27.685  -22.750  42.020 0.0000000000
39972  27.543  -23.569  43.288 0.0000000000
39039  26.656  -24.208  44.597 0.0000000000
39974  25.522  -23.111  43.745 0.0000000000
39952  25.980  -23.867  44.821 0.0000000000
39020  26.367  -24.398  45.361 0.0000000000
39003  26.233  -24.551  46.290 0.0000000000
38979  25.804  -24.024  48.171 0.0000000000
38967  26.070  -24.338  49.778 0.0000000000
40812  24.506  -22.426  48.536 0.0000000000
136240  24.907  -23.018  49.441 0.0000000000
38948  25.850  -24.148  50.599 0.0000000000
38926  25.950  -24.420  52.108 0.0000000000
38921  25.350  -24.094  53.750 0.0000000000
31987  8.764  -31.836  53.683 0.0000000000
31973  8.212  -31.249  55.221 0.0000000000
68964  56.542  6.561  27.644 0.0000000000
66115  52.504  3.163  26.920 0.0000000000
66107  53.191  3.822  28.109 0.0000000000
120913  54.511  4.601  30.005 0.0000000000
66057  53.506  3.003  32.172 0.0000000000
66069  54.752  4.093  32.167 0.0000000000
67037  55.667  4.383  32.478 0.0000000000
65112  42.801  2.048  27.441 0.0000000000
123482  44.291  0.993  28.845 0.0000000000
61079  43.235  -0.912  28.327 0.0000000000
62023  44.769  -0.347  29.276 0.0000000000
63050  45.713  0.645  29.940 0.0000000000
63018  48.528  0.231  31.075 0.0000000000
61969  49.955  -0.415  32.059 0.0000000000
61948  50.748  -0.263  34.635 0.0000000000
59264  44.563  -4.226  32.726 0.0000000000
59254  45.739  -3.934  33.706 0.0000000000
59252  47.209  -2.881  34.274 0.0000000000
59223  47.818  -3.855  37.335 0.0000000000
60125  47.765  -2.895  35.836 0.0000000000
131531  47.818  -2.063  34.594 0.0000000000
61940  48.873  -0.925  35.573 0.0000000000
61938  50.073  -0.063  35.849 0.0000000000
52332  34.102  -10.294  33.887 0.0000000000
52295  35.960  -10.302  35.647 0.0000000000
51283  34.599  -11.292  37.526 0.0000000000
52265  35.952  -10.843  37.237 0.0000000000
52277  37.223  -10.105  37.113 0.0000000000
116306  38.361  -10.255  39.025 0.0000000000
52208  38.997  -10.351  40.499 0.0000000000
120030  39.826  -9.739  42.724 0.0000000000
45719  35.116  -17.815  41.868 0.0000000000
48454  34.422  -14.832  40.580 0.0000000000
48447  34.261  -14.192  41.305 0.0000000000
49296  33.970  -13.752  42.221 0.0000000000
42710  39.386  -20.804  47.199 0.0000000000
43692  39.231  -19.355  47.246 0.0000000000
134303  38.458  -17.465  46.306 0.0000000000
45660  37.655  -17.205  47.834 0.0000000000
46601  37.856  -16.304  45.568 0.0000000000
47531  36.117  -15.210  44.248 0.0000000000
48415  34.863  -14.076  44.234 0.0000000000
50208  33.230  -12.527  43.514 0.0000000000
51193  33.912  -11.193  43.959 0.0000000000
52156  34.691  -10.779  44.268 0.0000000000
52154  36.312  -10.559  44.640 0.0000000000
51145  36.588  -11.690  47.473 0.0000000000
52118  36.879  -10.907  46.231 0.0000000000
51183  37.757  -11.300  44.082 0.0000000000
51181  39.093  -11.205  44.454 0.0000000000
72803  50.056  10.256  16.835 0.0000000000
71000  51.108  8.102  16.910 0.0000000000
69059  51.684  6.284  17.741 0.0000000000
68131  52.858  5.413  18.655 0.0000000000
69034  54.334  6.206  20.106 0.0000000000
69996  52.101  8.046  20.778 0.0000000000
69995  53.108  8.019  20.562 0.0000000000
70961  55.673  8.604  20.556 0.0000000000
71876  56.474  9.000  21.678 0.0000000000
38902  26.088  -24.889  55.317 0.0000000000
37992  26.765  -25.517  55.596 0.0000000000
31034  10.165  -31.604  50.395 0.0000000000
32023  9.722  -32.022  50.940 0.0000000000
54240  40.963  -8.598  41.690 0.0000000000
54232  41.514  -8.337  42.370 0.0000000000
39037  28.304  -24.447  44.593 0.0000000000
41773  20.637  -21.145  46.768 0.0000000000
41758  20.197  -21.771  47.185 0.0000000000
117364  17.191  -26.713  54.649 0.0000000000
37062  16.728  -27.044  55.389 0.0000000000
67134  50.501  4.757  23.828 0.0000000000
67117  52.084  3.900  23.906 0.0000000000
67118  51.109  3.900  24.136 0.0000000000
62987  52.056  0.286  34.379 0.0000000000
62979  51.647  0.625  35.393 0.0000000000
125322  41.855  -4.541  30.169 0.0000000000
58380  42.462  -4.455  30.473 0.0000000000
58370  42.517  -4.774  31.380 0.0000000000
132633  31.549  -12.003  41.062 0.0000000000
50224  31.427  -11.301  41.082 0.0000000000
52198  32.250  -10.428  41.639 0.0000000000
50213  32.398  -11.821  42.488 0.0000000000
41750  36.687  -21.722  47.191 0.0000000000
41766  37.287  -21.191  46.662 0.0000000000
41749  37.877  -21.830  47.180 0.0000000000
68084  49.193  5.533  23.272 0.0000000000
126555  49.998  5.517  23.405 0.0000000000
71916  52.050  9.036  15.909 0.0000000000
71012  52.352  8.368  16.157 0.0000000000
38048  27.170  -25.981  49.454 0.0000000000
38037  27.029  -25.649  50.419 0.0000000000
36181  12.853  -27.792  53.759 0.0000000000
35189  12.242  -28.213  53.367 0.0000000000
67124  45.197  4.191  24.124 0.0000000000
66158  45.661  3.788  24.742 0.0000000000
65097  44.898  2.135  28.206 0.0000000000
65096  45.597  2.249  28.453 0.0000000000
65085  45.923  1.938  29.213 0.0000000000
65074  47.005  1.876  30.283 0.0000000000
64046  46.268  1.655  29.947 0.0000000000
55294  41.400  -7.185  35.795 0.0000000000
56377  42.059  -6.785  35.766 0.0000000000
56354  42.193  -6.995  37.019 0.0000000000
28171  8.040  -35.271  49.017 0.0000000000
56452  37.250  -6.066  29.813 0.0000000000
56418  37.924  -7.155  30.959 0.0000000000
55360  37.123  -7.237  30.609 0.0000000000
114021  37.384  -9.470  34.949 0.0000000000
54304  37.995  -9.120  34.794 0.0000000000
134221  38.412  -9.305  36.443 0.0000000000
53267  37.844  -9.704  36.695 0.0000000000
39931  32.307  -23.252  45.819 0.0000000000
40841  33.085  -22.939  46.150 0.0000000000
130585  30.676  -27.029  50.030 0.0000000000
37137  30.449  -26.703  49.383 0.0000000000
39850  22.881  -22.878  52.069 0.0000000000
40779  22.094  -22.837  51.473 0.0000000000
39866  18.941  -23.929  49.491 0.0000000000
130066  18.801  -24.263  50.222 0.0000000000
116629  18.525  -24.889  51.514 0.0000000000
38950  18.371  -24.645  50.593 0.0000000000
38085  14.826  -25.764  47.025 0.0000000000
38084  15.397  -25.360  47.489 0.0000000000
37174  14.983  -25.882  47.910 0.0000000000
37158  15.128  -25.986  48.826 0.0000000000
37159  14.593  -26.471  48.342 0.0000000000
37145  14.633  -26.517  49.360 0.0000000000
41787  23.626  -21.373  45.702 0.0000000000
39922  25.008  -22.922  46.792 0.0000000000
40842  24.509  -22.216  46.806 0.0000000000
40789  23.278  -22.380  50.517 0.0000000000
39849  23.777  -22.806  51.730 0.0000000000
38895  21.143  -24.047  56.386 0.0000000000
30074  6.236  -33.405  54.619 0.0000000000
69960  55.366  7.678  24.143 0.0000000000
68985  55.722  7.458  25.020 0.0000000000
67072  55.422  5.220  30.034 0.0000000000
68032  56.059  5.869  29.387 0.0000000000
123437  56.182  4.990  31.106 0.0000000000
65090  51.377  2.194  29.002 0.0000000000
66095  51.982  2.478  29.427 0.0000000000
65069  52.019  2.288  30.254 0.0000000000
60166  46.633  -2.537  31.619 0.0000000000
60179  46.514  -2.384  30.759 0.0000000000
60152  47.238  -2.095  31.979 0.0000000000
61025  47.819  -1.640  32.334 0.0000000000
61011  47.816  -1.752  33.102 0.0000000000
57363  46.300  -5.254  36.990 0.0000000000
58279  47.030  -5.004  37.305 0.0000000000
51221  36.275  -11.138  41.550 0.0000000000
51234  36.394  -11.388  40.590 0.0000000000
51220  37.282  -11.447  41.719 0.0000000000
51206  37.693  -11.467  42.525 0.0000000000
43785  33.410  -19.305  41.516 0.0000000000
45691  37.877  -17.093  43.961 0.0000000000
45704  37.172  -17.123  43.283 0.0000000000
46625  37.449  -16.371  43.677 0.0000000000
47543  36.577  -15.657  42.692 0.0000000000
47498  36.664  -15.165  48.199 0.0000000000
48393  35.693  -14.025  47.120 0.0000000000
49264  35.812  -13.417  47.547 0.0000000000
69037  48.830  6.027  19.926 0.0000000000
69048  48.567  6.374  18.973 0.0000000000
70023  49.218  6.611  18.406 0.0000000000
69047  49.529  5.914  19.201 0.0000000000
69046  50.550  5.708  18.895 0.0000000000
69035  50.173  5.690  19.696 0.0000000000
135330  53.836  7.683  22.918 0.0000000000
69968  54.576  7.605  23.337 0.0000000000
70937  55.291  8.344  23.274 0.0000000000
69101  58.236  6.657  13.878 0.0000000000
69081  59.693  6.644  14.627 0.0000000000
70006  56.612  7.394  19.241 0.0000000000
70021  57.473  7.469  18.603 0.0000000000
70005  57.402  8.350  19.294 0.0000000000
70974  57.888  8.898  19.773 0.0000000000
70976  56.300  8.204  19.799 0.0000000000
120323  26.314  -24.697  52.796 0.0000000000
38007  26.903  -25.115  53.151 0.0000000000
33063  11.130  -29.784  51.773 0.0000000000
34188  11.145  -29.445  52.614 0.0000000000
33064  10.648  -30.180  52.308 0.0000000000
33045  9.670  -30.675  53.703 0.0000000000
33044  10.190  -30.243  53.396 0.0000000000
33027  9.479  -30.388  54.461 0.0000000000
33011  9.222  -30.097  55.242 0.0000000000
33028  8.845  -30.796  54.819 0.0000000000
66120  42.899  3.026  26.273 0.0000000000
65111  44.046  2.512  27.237 0.0000000000
129452  43.130  2.560  27.023 0.0000000000
130923  41.437  -7.778  38.826 0.0000000000
137413  41.853  -7.618  39.164 0.0000000000
137192  6.456  -37.332  47.703 0.0000000000
24899  4.824  -38.193  49.168 0.0000000000
24900  3.779  -38.595  49.845 0.0000000000
39985  28.928  -23.063  42.879 0.0000000000
39970  29.294  -23.425  43.578 0.0000000000
39035  29.955  -24.060  45.010 0.0000000000
39933  30.726  -23.795  45.260 0.0000000000
41726  22.026  -21.936  49.359 0.0000000000
40814  21.079  -22.207  48.961 0.0000000000
40832  19.817  -22.455  47.740 0.0000000000
40817  19.237  -23.139  48.106 0.0000000000
39897  19.464  -23.354  48.898 0.0000000000
42755  21.758  -20.253  45.820 0.0000000000
42754  22.458  -20.518  46.061 0.0000000000
42753  22.986  -20.824  45.469 0.0000000000
41772  23.214  -20.973  47.111 0.0000000000
130597  22.616  -20.674  46.706 0.0000000000
41740  21.228  -21.400  47.910 0.0000000000
41756  22.016  -21.091  47.962 0.0000000000
128659  18.628  -25.780  56.489 0.0000000000
121627  54.802  5.527  24.601 0.0000000000
67115  54.245  4.955  23.850 0.0000000000
67095  53.552  3.913  26.145 0.0000000000
67094  54.238  4.541  25.872 0.0000000000
121010  54.039  4.464  26.843 0.0000000000
67089  53.860  4.413  27.780 0.0000000000
65043  50.952  1.667  31.097 0.0000000000
65042  51.842  1.678  31.335 0.0000000000
64011  52.460  1.443  31.988 0.0000000000
63999  53.363  1.534  33.745 0.0000000000
60209  41.802  -2.735  28.074 0.0000000000
59321  42.290  -3.293  28.563 0.0000000000
59287  43.868  -3.990  30.808 0.0000000000
117718  43.924  -3.691  29.984 0.0000000000
59286  44.805  -3.657  31.128 0.0000000000
134127  45.459  -3.245  30.944 0.0000000000
59274  45.601  -3.520  32.369 0.0000000000
130076  31.343  -10.310  38.123 0.0000000000
51267  32.018  -10.379  38.563 0.0000000000
129671  33.480  -10.035  41.438 0.0000000000
127615  33.834  -9.981  42.176 0.0000000000
52196  34.363  -10.288  41.544 0.0000000000
122991  34.666  -10.177  42.318 0.0000000000
42765  34.786  -20.499  44.318 0.0000000000
43735  35.126  -19.762  43.923 0.0000000000
42764  35.470  -20.060  44.640 0.0000000000
43716  37.044  -19.615  45.209 0.0000000000
43715  37.857  -19.422  45.420 0.0000000000
44722  38.113  -18.760  45.132 0.0000000000
43714  38.495  -19.144  45.692 0.0000000000
69017  46.299  6.646  21.499 0.0000000000
69029  45.997  6.715  20.534 0.0000000000
125936  47.066  6.606  21.720 0.0000000000
115386  47.637  6.507  21.291 0.0000000000
69016  48.552  6.612  21.651 0.0000000000
69015  49.547  6.887  21.731 0.0000000000
69987  50.428  7.353  21.679 0.0000000000
69980  49.855  7.138  21.992 0.0000000000
68082  51.709  5.574  23.424 0.0000000000
68994  51.976  6.457  23.117 0.0000000000
68081  52.646  5.592  23.357 0.0000000000
68993  52.912  6.511  23.113 0.0000000000
70063  54.576  7.635  15.217 0.0000000000
69084  55.838  6.627  15.310 0.0000000000
69083  56.838  6.216  14.973 0.0000000000
69072  56.349  5.762  15.972 0.0000000000
120786  55.444  6.191  16.004 0.0000000000
69057  54.100  5.798  17.282 0.0000000000
68143  54.951  5.549  17.389 0.0000000000
136267  55.164  5.377  17.944 0.0000000000
128154  55.444  5.351  18.435 0.0000000000
68120  54.563  5.386  18.214 0.0000000000
38077  27.343  -25.699  47.201 0.0000000000
126603  27.359  -26.030  48.040 0.0000000000
36237  29.044  -27.373  49.556 0.0000000000
36222  28.951  -27.462  50.529 0.0000000000
37074  14.825  -27.168  53.676 0.0000000000
36167  14.583  -27.333  54.527 0.0000000000
135206  12.779  -27.727  55.322 0.0000000000
125912  13.273  -27.530  56.265 0.0000000000
36143  12.856  -27.566  56.960 0.0000000000
114686  12.902  -27.472  57.885 0.0000000000
130431  11.133  -28.822  54.271 0.0000000000
35178  11.582  -28.431  54.645 0.0000000000
35167  10.735  -28.608  55.815 0.0000000000
136807  47.570  4.438  23.879 0.0000000000
66154  49.301  3.599  24.714 0.0000000000
66155  48.527  3.774  24.679 0.0000000000
65146  47.528  2.979  25.939 0.0000000000
65145  48.410  2.807  25.859 0.0000000000
65128  48.746  2.192  26.491 0.0000000000
65106  49.008  1.782  27.325 0.0000000000
66138  44.358  3.385  25.609 0.0000000000
66137  45.250  3.414  25.498 0.0000000000
133247  47.249  2.230  28.976 0.0000000000
65094  47.419  2.180  28.168 0.0000000000
65093  48.130  2.130  28.889 0.0000000000
65092  49.035  2.124  29.283 0.0000000000
65081  49.222  2.191  30.149 0.0000000000
65071  49.577  2.160  30.878 0.0000000000
65072  48.734  2.133  30.797 0.0000000000
64025  49.031  1.580  31.399 0.0000000000
64024  49.714  1.653  31.369 0.0000000000
63017  49.607  1.153  31.366 0.0000000000
62997  51.432  -0.027  32.394 0.0000000000
63009  50.271  0.398  31.473 0.0000000000
57414  41.970  -5.989  33.231 0.0000000000
56389  42.136  -6.230  34.051 0.0000000000
56375  43.184  -6.218  35.989 0.0000000000
57382  43.728  -5.778  35.510 0.0000000000
57366  43.879  -5.958  36.289 0.0000000000
57365  44.611  -5.647  36.571 0.0000000000
57348  44.854  -5.797  37.414 0.0000000000
56324  42.901  -7.029  39.050 0.0000000000
56323  43.675  -6.724  39.426 0.0000000000
56321  45.410  -6.444  40.046 0.0000000000
57324  45.952  -6.222  39.630 0.0000000000
115554  46.060  -5.977  39.001 0.0000000000
128010  46.792  -5.828  40.606 0.0000000000
49322  31.887  -13.100  39.468 0.0000000000
50232  31.844  -12.713  40.372 0.0000000000
134696  44.985  6.651  22.269 0.0000000000
67138  46.409  4.835  23.516 0.0000000000
67137  47.205  4.922  23.495 0.0000000000
129316  47.964  4.953  23.553 0.0000000000
73688  50.440  11.742  16.080 0.0000000000
30112  8.987  -33.822  49.439 0.0000000000
30111  9.238  -33.249  50.108 0.0000000000
30104  8.763  -33.863  50.333 0.0000000000
29107  7.572  -34.960  51.300 0.0000000000
116854  7.556  -34.606  52.075 0.0000000000
29100  6.790  -34.661  52.689 0.0000000000
27134  6.035  -36.680  50.077 0.0000000000
58405  40.086  -3.941  28.857 0.0000000000
58406  39.202  -4.035  28.830 0.0000000000
57460  38.881  -5.511  30.092 0.0000000000
57472  38.449  -5.219  29.621 0.0000000000
57459  39.601  -5.435  30.311 0.0000000000
57445  40.778  -5.662  31.298 0.0000000000
57446  39.959  -5.928  30.980 0.0000000000
56403  39.031  -7.239  31.923 0.0000000000
56402  39.801  -6.927  32.252 0.0000000000
56391  40.087  -7.208  33.147 0.0000000000
56383  40.730  -7.128  34.046 0.0000000000
55309  39.841  -7.638  33.981 0.0000000000
54357  37.228  -8.469  32.211 0.0000000000
55325  37.887  -8.038  32.088 0.0000000000
54315  38.644  -8.562  34.527 0.0000000000
54302  39.107  -8.479  35.329 0.0000000000
55296  39.824  -8.016  35.479 0.0000000000
55289  40.066  -8.015  36.125 0.0000000000
54290  39.946  -8.207  36.610 0.0000000000
53242  39.541  -9.100  38.398 0.0000000000
54272  40.198  -8.696  38.816 0.0000000000
53215  40.099  -9.051  40.291 0.0000000000
42802  31.747  -20.829  41.184 0.0000000000
42801  32.444  -20.459  41.519 0.0000000000
40881  30.666  -22.831  43.251 0.0000000000
41808  32.781  -21.832  43.261 0.0000000000
42779  33.157  -21.140  42.877 0.0000000000
41807  33.504  -21.465  43.580 0.0000000000
42766  34.181  -21.018  43.931 0.0000000000
41797  33.795  -21.705  44.341 0.0000000000
41768  34.542  -21.822  46.487 0.0000000000
137133  35.004  -21.806  47.021 0.0000000000
41751  35.711  -21.694  47.151 0.0000000000
40827  35.150  -22.181  47.671 0.0000000000
130832  28.779  -26.130  47.293 0.0000000000
38076  28.850  -25.745  46.744 0.0000000000
38075  29.383  -25.812  47.211 0.0000000000
38074  30.555  -25.293  47.686 0.0000000000
38073  31.139  -24.979  47.991 0.0000000000
38987  31.522  -24.395  47.610 0.0000000000
38977  31.771  -24.616  48.356 0.0000000000
125390  33.260  -24.148  49.888 0.0000000000
38964  32.585  -24.619  49.618 0.0000000000
39880  33.013  -23.948  49.229 0.0000000000
39895  32.850  -23.718  48.417 0.0000000000
39894  33.548  -23.457  48.882 0.0000000000
39904  33.394  -23.204  47.994 0.0000000000
39877  35.343  -23.559  49.431 0.0000000000
39892  35.915  -23.140  48.788 0.0000000000
38914  24.919  -23.967  54.563 0.0000000000
38904  24.345  -23.947  55.292 0.0000000000
39818  24.010  -23.748  54.407 0.0000000000
39819  23.178  -23.590  54.399 0.0000000000
39821  21.496  -23.781  54.644 0.0000000000
39864  20.782  -23.177  50.658 0.0000000000
39863  21.301  -23.069  51.244 0.0000000000
39843  19.946  -23.879  52.483 0.0000000000
39834  19.862  -24.233  53.208 0.0000000000
117356  19.631  -24.622  53.793 0.0000000000
38916  19.649  -24.777  54.549 0.0000000000
38922  19.321  -24.798  53.184 0.0000000000
38013  18.264  -25.427  52.365 0.0000000000
113832  17.996  -25.830  53.096 0.0000000000
136630  17.771  -26.170  53.674 0.0000000000
39936  17.496  -23.432  45.655 0.0000000000
40846  18.183  -23.086  46.072 0.0000000000
39910  17.841  -23.770  47.375 0.0000000000
38083  16.089  -25.044  47.899 0.0000000000
38982  16.766  -24.730  48.250 0.0000000000
38981  17.445  -24.493  48.610 0.0000000000
38970  16.907  -24.905  48.917 0.0000000000
38039  17.227  -25.231  50.201 0.0000000000
38051  16.591  -25.302  49.537 0.0000000000
37130  15.352  -26.173  50.411 0.0000000000
37113  16.007  -26.296  51.820 0.0000000000
117357  15.173  -26.536  52.034 0.0000000000
129370  14.018  -27.194  50.272 0.0000000000
36212  14.043  -27.105  51.447 0.0000000000
36228  13.617  -27.487  50.828 0.0000000000
36213  13.502  -27.488  51.703 0.0000000000
36268  13.694  -27.621  47.122 0.0000000000
35242  12.827  -28.901  47.797 0.0000000000
35241  13.216  -28.268  48.432 0.0000000000
35229  12.735  -28.887  48.746 0.0000000000
120660  12.603  -28.862  49.632 0.0000000000
120978  12.132  -29.407  49.808 0.0000000000
33133  11.355  -30.707  47.739 0.0000000000
137185  11.439  -30.472  48.916 0.0000000000
33121  11.223  -30.803  48.528 0.0000000000
31052  10.079  -32.282  47.657 0.0000000000
31053  9.743  -32.935  47.361 0.0000000000
39988  26.337  -22.940  42.642 0.0000000000
39987  27.181  -23.126  42.627 0.0000000000
39973  26.715  -23.443  43.264 0.0000000000
39054  27.054  -23.954  43.888 0.0000000000
39951  26.215  -23.641  43.978 0.0000000000
123607  24.526  -22.215  42.670 0.0000000000
40882  24.765  -22.534  43.647 0.0000000000
130353  25.406  -23.400  45.045 0.0000000000
134402  25.638  -23.421  44.394 0.0000000000
38990  25.955  -24.315  47.254 0.0000000000
127181  26.225  -24.596  48.884 0.0000000000
127210  25.606  -23.805  49.095 0.0000000000
41754  23.659  -21.401  47.784 0.0000000000
40830  24.370  -22.037  47.635 0.0000000000
40813  23.998  -21.759  48.319 0.0000000000
39862  24.668  -22.957  50.346 0.0000000000
134891  25.090  -23.273  50.106 0.0000000000
39881  25.475  -23.671  49.955 0.0000000000
39861  25.195  -23.499  50.676 0.0000000000
38933  25.561  -23.978  51.381 0.0000000000
118629  24.183  -23.483  53.001 0.0000000000
39828  24.876  -23.811  52.951 0.0000000000
38913  25.754  -24.472  54.592 0.0000000000
38892  24.475  -24.392  56.393 0.0000000000
136382  15.519  -27.334  56.493 0.0000000000
36140  16.031  -27.257  56.785 0.0000000000
31021  8.750  -33.040  52.075 0.0000000000
125768  8.733  -32.641  52.699 0.0000000000
31015  8.477  -32.517  53.341 0.0000000000
31007  7.134  -32.217  55.208 0.0000000000
31980  7.889  -31.953  54.828 0.0000000000
31974  7.438  -31.564  55.589 0.0000000000
33013  7.768  -30.850  56.031 0.0000000000
31967  6.922  -31.198  56.530 0.0000000000
68056  55.395  6.186  26.331 0.0000000000
68050  55.928  6.678  27.251 0.0000000000
68024  56.523  5.122  29.754 0.0000000000
128843  50.728  2.507  25.335 0.0000000000
66131  51.517  2.629  25.331 0.0000000000
66116  51.979  2.661  26.298 0.0000000000
66099  53.065  3.615  29.054 0.0000000000
67073  53.820  4.169  29.566 0.0000000000
67065  54.001  4.094  30.411 0.0000000000
65041  53.032  2.389  31.945 0.0000000000
66071  53.008  2.740  31.409 0.0000000000
66056  54.264  3.506  32.626 0.0000000000
66055  55.157  4.052  33.092 0.0000000000
67036  56.199  4.143  32.408 0.0000000000
124071  41.948  1.052  27.624 0.0000000000
64058  42.228  1.797  27.441 0.0000000000
64053  42.787  1.310  27.799 0.0000000000
121693  43.694  1.296  28.230 0.0000000000
63062  43.725  0.583  28.611 0.0000000000
128201  42.930  -1.764  28.239 0.0000000000
61078  43.713  -1.656  28.517 0.0000000000
136661  46.524  -1.485  29.925 0.0000000000
126177  45.414  -0.945  29.358 0.0000000000
62006  46.182  -0.691  29.786 0.0000000000
62022  45.456  -0.075  29.713 0.0000000000
62007  46.027  0.169  30.015 0.0000000000
63035  46.280  0.712  30.306 0.0000000000
62005  47.586  -0.189  30.657 0.0000000000
124663  49.280  -0.868  32.955 0.0000000000
132975  49.174  -0.735  31.972 0.0000000000
61958  50.091  -0.672  33.125 0.0000000000
61949  49.978  -0.551  34.384 0.0000000000
58340  44.114  -4.716  33.437 0.0000000000
113834  43.743  -4.550  32.500 0.0000000000
130216  44.684  -4.649  34.038 0.0000000000
58311  46.501  -4.306  35.282 0.0000000000
58324  46.165  -4.136  34.556 0.0000000000
59253  46.519  -3.489  33.976 0.0000000000
136511  48.451  -1.899  37.351 0.0000000000
60111  48.248  -2.155  36.835 0.0000000000
60116  48.042  -2.166  36.035 0.0000000000
60996  47.854  -2.310  35.398 0.0000000000
60995  48.240  -1.644  35.396 0.0000000000
52318  33.453  -10.598  34.307 0.0000000000
52317  34.496  -10.423  34.561 0.0000000000
52316  35.300  -10.392  35.125 0.0000000000
114590  35.190  -10.703  35.944 0.0000000000
115063  33.828  -11.296  37.855 0.0000000000
51265  34.571  -11.331  38.273 0.0000000000
51263  36.274  -11.244  38.909 0.0000000000
51281  36.101  -11.036  38.070 0.0000000000
52264  36.680  -10.583  37.586 0.0000000000
52247  36.874  -10.811  38.403 0.0000000000
52263  37.405  -10.298  37.891 0.0000000000
52229  37.891  -10.760  39.331 0.0000000000
52178  38.876  -11.091  41.982 0.0000000000
52192  39.259  -10.432  41.443 0.0000000000
53204  39.748  -9.692  41.816 0.0000000000
44768  34.676  -18.502  42.196 0.0000000000
44767  35.308  -18.177  42.460 0.0000000000
46650  35.943  -16.253  41.580 0.0000000000
45733  35.591  -17.012  41.515 0.0000000000
46660  34.992  -16.392  40.605 0.0000000000
47585  34.309  -15.532  40.020 0.0000000000
47579  35.026  -15.617  40.676 0.0000000000
48445  35.307  -14.677  42.107 0.0000000000
47573  34.987  -14.808  41.293 0.0000000000
48446  34.704  -14.254  41.912 0.0000000000
48433  34.682  -14.041  42.795 0.0000000000
41732  39.530  -21.662  48.567 0.0000000000
41747  39.352  -21.528  47.770 0.0000000000
43682  38.832  -19.383  49.315 0.0000000000
44702  38.850  -18.576  47.741 0.0000000000
44713  38.945  -18.708  46.716 0.0000000000
45659  38.472  -17.832  47.130 0.0000000000
46576  37.316  -16.479  47.428 0.0000000000
46588  37.596  -16.347  46.515 0.0000000000
47513  37.005  -15.875  46.081 0.0000000000
130235  36.496  -15.465  44.936 0.0000000000
124669  36.427  -15.407  45.682 0.0000000000
49280  34.835  -13.797  45.086 0.0000000000
48414  35.370  -14.549  44.711 0.0000000000
48423  34.343  -13.707  43.744 0.0000000000
50207  33.691  -13.045  44.056 0.0000000000
50202  33.540  -12.140  44.189 0.0000000000
50201  33.908  -12.630  44.669 0.0000000000
51175  35.297  -11.281  45.745 0.0000000000
51184  34.965  -10.997  45.056 0.0000000000
52139  35.808  -10.718  45.220 0.0000000000
52155  35.549  -10.524  44.443 0.0000000000
50179  36.949  -12.062  48.173 0.0000000000
51119  37.816  -11.788  48.408 0.0000000000
52097  38.027  -11.052  47.221 0.0000000000
52117  37.807  -10.995  46.439 0.0000000000
52137  37.570  -10.981  45.623 0.0000000000
52136  38.599  -11.158  45.746 0.0000000000
51182  38.559  -11.379  44.049 0.0000000000
51173  39.082  -11.216  45.167 0.0000000000
69999  46.622  6.643  19.886 0.0000000000
70010  45.561  7.669  19.395 0.0000000000
135110  49.958  7.930  17.331 0.0000000000
71001  50.364  8.364  17.071 0.0000000000
70040  51.360  7.206  17.281 0.0000000000
68111  52.580  5.548  19.998 0.0000000000
68122  52.266  5.389  19.284 0.0000000000
120050  53.020  5.367  19.473 0.0000000000
115946  54.397  5.584  19.695 0.0000000000
68110  53.512  5.660  20.013 0.0000000000
124165  51.432  7.039  20.663 0.0000000000
70963  51.529  8.066  21.079 0.0000000000
114316  53.675  8.569  21.041 0.0000000000
124505  54.042  8.264  20.632 0.0000000000
71882  55.200  8.818  21.203 0.0000000000
116145  55.951  8.950  21.255 0.0000000000
71877  55.377  8.927  21.710 0.0000000000
70944  56.522  8.650  22.961 0.0000000000
71031  55.466  8.391  13.862 0.0000000000
71044  55.103  8.824  13.501 0.0000000000
71030  56.297  8.298  13.521 0.0000000000
135408  58.015  5.778  16.909 0.0000000000
33092  10.619  -30.892  50.654 0.0000000000
33079  10.609  -30.556  51.504 0.0000000000
31999  10.104  -30.994  52.151 0.0000000000
31986  9.355  -31.412  53.324 0.0000000000
54249  41.229  -8.307  40.143 0.0000000000
55254  41.860  -7.917  40.324 0.0000000000
119405  41.649  -8.230  41.647 0.0000000000
39950  28.789  -23.922  44.086 0.0000000000
39036  29.155  -24.300  44.777 0.0000000000
39016  29.474  -24.614  45.514 0.0000000000
131568  20.952  -21.835  48.366 0.0000000000
40831  20.545  -21.839  47.857 0.0000000000
40844  19.495  -22.232  46.877 0.0000000000
42756  21.116  -20.070  45.437 0.0000000000
37060  18.224  -26.149  55.126 0.0000000000
37053  18.126  -26.211  55.924 0.0000000000
37054  17.338  -26.693  56.359 0.0000000000
37055  16.762  -27.002  57.187 0.0000000000
67132  52.325  4.767  23.606 0.0000000000
67116  53.728  4.126  24.164 0.0000000000
121718  52.880  4.087  23.797 0.0000000000
66151  52.908  3.467  24.555 0.0000000000
66129  53.148  3.451  25.517 0.0000000000
63007  52.026  0.584  32.251 0.0000000000
62995  52.903  0.921  32.929 0.0000000000
59307  41.867  -3.812  29.023 0.0000000000
59306  42.728  -3.670  29.206 0.0000000000
58369  44.232  -4.120  31.816 0.0000000000
52233  31.335  -10.187  39.913 0.0000000000
130997  31.697  -10.253  40.588 0.0000000000
115784  32.144  -10.011  40.219 0.0000000000
52213  32.221  -10.036  40.952 0.0000000000
52183  32.973  -10.148  42.095 0.0000000000
52182  33.517  -10.296  42.629 0.0000000000
42729  35.968  -20.743  46.013 0.0000000000
118594  36.519  -20.215  45.560 0.0000000000
42728  36.849  -20.648  46.165 0.0000000000
119578  37.850  -20.574  46.223 0.0000000000
42727  38.842  -20.445  46.485 0.0000000000
68998  48.036  6.265  22.692 0.0000000000
69009  47.699  6.628  22.148 0.0000000000
68997  48.812  6.196  22.704 0.0000000000
69007  49.265  6.642  22.262 0.0000000000
137033  49.866  6.659  22.498 0.0000000000
132127  50.286  6.238  23.051 0.0000000000
68083  50.828  5.541  23.459 0.0000000000
70064  53.795  7.849  15.536 0.0000000000
70052  54.197  7.172  15.970 0.0000000000
70053  53.410  7.419  16.226 0.0000000000
69074  53.765  6.607  16.636 0.0000000000
69075  52.980  6.804  16.835 0.0000000000
38063  26.860  -25.468  48.640 0.0000000000
38062  27.391  -26.226  48.730 0.0000000000
37125  27.604  -26.503  50.116 0.0000000000
37124  28.200  -26.991  50.773 0.0000000000
36180  13.455  -27.476  53.327 0.0000000000
36168  13.761  -27.448  54.661 0.0000000000
128976  13.405  -27.534  54.054 0.0000000000
36169  12.936  -27.700  54.669 0.0000000000
35165  12.212  -28.015  55.171 0.0000000000
34140  9.996  -28.893  56.234 0.0000000000
66156  47.553  3.915  24.533 0.0000000000
66157  46.563  3.846  24.658 0.0000000000
66135  47.067  3.425  25.297 0.0000000000
65132  44.732  2.771  26.901 0.0000000000
65131  45.358  2.900  26.698 0.0000000000
118081  45.945  2.552  27.780 0.0000000000
65095  46.507  2.320  28.530 0.0000000000
65083  47.520  2.206  29.739 0.0000000000
65073  47.861  2.044  30.592 0.0000000000
64040  47.463  1.514  30.915 0.0000000000
64026  48.324  1.308  31.249 0.0000000000
56382  41.545  -6.746  34.495 0.0000000000
56381  42.275  -6.441  34.978 0.0000000000
56376  42.621  -6.440  35.681 0.0000000000
56363  43.282  -6.348  36.804 0.0000000000
67139  45.585  4.726  23.590 0.0000000000
29121  8.529  -34.624  49.016 0.0000000000
117631  8.541  -34.395  49.843 0.0000000000
29114  8.108  -35.026  49.748 0.0000000000
28166  7.557  -35.341  50.423 0.0000000000
57461  38.159  -5.908  30.078 0.0000000000
56417  38.669  -6.863  31.234 0.0000000000
55324  38.540  -7.794  32.380 0.0000000000
54331  37.598  -8.846  33.599 0.0000000000
114121  38.736  -8.924  35.922 0.0000000000
116467  39.597  -8.542  36.847 0.0000000000
54292  39.026  -8.926  36.680 0.0000000000
116607  38.928  -9.387  37.998 0.0000000000
41838  31.327  -21.463  41.592 0.0000000000
40867  31.810  -22.907  44.213 0.0000000000
40880  31.516  -22.649  43.465 0.0000000000
40866  32.607  -22.639  44.481 0.0000000000
40865  33.366  -22.316  44.781 0.0000000000
41785  34.032  -21.881  45.148 0.0000000000
40853  33.569  -22.422  45.620 0.0000000000
40840  33.837  -22.426  46.576 0.0000000000
40828  33.938  -22.705  47.529 0.0000000000
37151  29.558  -26.537  48.360 0.0000000000
38061  29.973  -25.914  47.839 0.0000000000
37150  30.226  -26.309  48.655 0.0000000000
38047  30.931  -25.902  49.113 0.0000000000
38035  33.934  -25.016  50.967 0.0000000000
39878  34.350  -23.475  49.440 0.0000000000
39830  23.534  -23.475  53.524 0.0000000000
39840  22.752  -23.186  52.900 0.0000000000
114653  21.927  -23.380  53.133 0.0000000000
119926  19.999  -23.467  50.461 0.0000000000
136812  20.209  -23.473  51.096 0.0000000000
133156  19.635  -23.767  51.083 0.0000000000
38934  19.368  -24.204  51.838 0.0000000000
38929  18.965  -24.857  52.438 0.0000000000
38024  17.693  -25.499  51.622 0.0000000000
39005  15.699  -24.736  46.211 0.0000000000
38052  15.771  -25.603  49.197 0.0000000000
37144  15.251  -26.044  49.655 0.0000000000
37131  14.756  -26.506  50.686 0.0000000000
36242  14.099  -27.142  49.594 0.0000000000
34233  12.315  -29.522  48.119 0.0000000000
34246  11.872  -30.098  47.461 0.0000000000
41799  24.163  -21.986  44.172 0.0000000000
40868  24.629  -22.499  44.508 0.0000000000
126325  24.882  -22.798  45.163 0.0000000000
39935  25.216  -23.227  45.860 0.0000000000
39921  25.565  -23.762  46.542 0.0000000000
39908  24.883  -22.757  47.673 0.0000000000
41725  23.029  -21.716  49.251 0.0000000000
120436  23.840  -21.899  48.984 0.0000000000
119755  23.633  -22.210  49.755 0.0000000000
40788  23.999  -22.557  50.424 0.0000000000
39848  24.324  -22.864  51.084 0.0000000000
39847  24.855  -23.340  51.444 0.0000000000
137431  24.366  -23.005  51.637 0.0000000000
30082  7.497  -33.582  53.421 0.0000000000
31016  7.909  -32.943  53.743 0.0000000000
30073  7.164  -33.203  54.160 0.0000000000
31012  6.705  -32.790  54.897 0.0000000000
68042  55.226  5.629  28.213 0.0000000000
68041  55.855  6.320  28.058 0.0000000000
68031  56.351  5.629  29.433 0.0000000000
67062  56.523  4.745  30.653 0.0000000000
66068  56.634  3.548  31.746 0.0000000000
65104  50.925  1.984  27.624 0.0000000000
65125  51.509  2.385  27.086 0.0000000000
66101  52.046  2.704  28.598 0.0000000000
124704  52.476  2.997  29.009 0.0000000000
65029  54.335  3.051  34.039 0.0000000000
63073  42.344  0.430  27.923 0.0000000000
60192  45.416  -2.548  29.662 0.0000000000
61067  45.172  -1.786  29.142 0.0000000000
60191  46.285  -2.167  30.027 0.0000000000
61065  46.887  -1.727  30.400 0.0000000000
61054  47.538  -1.232  30.697 0.0000000000
61039  47.762  -1.482  31.447 0.0000000000
61010  48.483  -1.274  32.795 0.0000000000
135017  48.706  -1.124  33.640 0.0000000000
133831  44.874  -5.091  35.342 0.0000000000
58312  44.833  -4.842  34.702 0.0000000000
130961  46.439  -4.645  35.801 0.0000000000
58310  47.059  -4.158  35.922 0.0000000000
61933  48.981  -0.867  36.603 0.0000000000
52298  32.826  -10.881  34.801 0.0000000000
51318  33.742  -11.030  35.774 0.0000000000
51236  34.801  -11.065  40.015 0.0000000000
51250  35.557  -11.349  39.420 0.0000000000
51235  35.660  -11.297  40.239 0.0000000000
117093  36.402  -11.390  39.755 0.0000000000
51233  37.142  -11.411  40.230 0.0000000000
51232  37.835  -11.145  39.969 0.0000000000
51219  37.843  -11.450  40.872 0.0000000000
51205  38.177  -11.485  41.782 0.0000000000
51204  38.978  -11.124  42.784 0.0000000000
44749  36.648  -17.993  43.452 0.0000000000
45705  36.490  -17.544  42.906 0.0000000000
46640  36.210  -16.643  42.049 0.0000000000
47572  35.669  -15.490  41.522 0.0000000000
47558  36.292  -15.860  42.020 0.0000000000
47544  36.114  -15.093  43.246 0.0000000000
128279  39.571  -21.187  49.293 0.0000000000
42678  39.583  -21.003  50.204 0.0000000000
47514  36.440  -15.309  46.497 0.0000000000
48407  35.859  -14.855  46.078 0.0000000000
48401  35.470  -14.147  46.466 0.0000000000
49272  34.994  -13.345  46.055 0.0000000000
49281  34.408  -12.706  45.339 0.0000000000
50197  34.881  -12.140  46.079 0.0000000000
50190  35.319  -12.531  46.683 0.0000000000
51163  35.569  -11.635  46.444 0.0000000000
70008  47.377  6.715  19.216 0.0000000000
135051  47.973  6.527  19.068 0.0000000000
70042  49.503  7.433  17.700 0.0000000000
69060  50.844  6.401  17.924 0.0000000000
68112  51.757  5.513  19.884 0.0000000000
68103  52.044  6.021  20.361 0.0000000000
69977  52.566  8.068  22.350 0.0000000000
70948  51.930  8.348  21.451 0.0000000000
69976  53.387  8.199  22.406 0.0000000000
70947  53.976  8.635  22.041 0.0000000000
71869  54.895  8.864  22.043 0.0000000000
71868  55.709  8.921  22.202 0.0000000000
70945  55.569  8.733  22.652 0.0000000000
70072  56.712  7.715  13.854 0.0000000000
70071  57.627  7.436  13.481 0.0000000000
70070  58.537  7.260  13.186 0.0000000000
69043  57.441  6.397  18.237 0.0000000000
70988  59.147  8.772  18.821 0.0000000000
38022  26.832  -25.220  51.198 0.0000000000
119315  27.368  -25.625  52.687 0.0000000000
37999  27.585  -25.829  54.378 0.0000000000
35190  11.653  -28.753  52.971 0.0000000000
34175  11.028  -29.177  53.551 0.0000000000
34164  10.560  -29.304  54.398 0.0000000000
120800  10.498  -29.680  53.707 0.0000000000
34151  9.588  -29.457  55.694 0.0000000000
34141  8.411  -29.485  56.959 0.0000000000
65110  44.775  2.474  27.562 0.0000000000
55279  41.640  -7.334  37.171 0.0000000000
55278  42.166  -7.131  37.718 0.0000000000
55270  42.137  -7.357  38.642 0.0000000000
55260  43.061  -7.150  39.965 0.0000000000
55253  42.517  -7.547  40.549 0.0000000000
55252  43.251  -7.269  40.863 0.0000000000
27132  7.270  -36.196  48.743 0.0000000000
27140  6.791  -36.783  48.393 0.0000000000
26042  6.314  -36.957  49.179 0.0000000000
26043  5.512  -37.435  49.436 0.0000000000
26052  5.562  -37.864  48.598 0.0000000000
26033  3.970  -37.528  50.904 0.0000000000
53339  36.427  -9.256  33.047 0.0000000000
134377  36.779  -9.610  34.568 0.0000000000
39969  30.144  -23.283  43.774 0.0000000000
39947  31.261  -23.361  44.734 0.0000000000
39932  31.502  -23.518  45.532 0.0000000000
39919  31.724  -23.652  46.363 0.0000000000
40790  22.469  -22.489  50.676 0.0000000000
40801  20.316  -22.927  49.148 0.0000000000
39883  19.744  -23.466  49.687 0.0000000000
38124  15.038  -25.049  45.790 0.0000000000
38104  14.714  -25.666  46.163 0.0000000000
37192  14.404  -26.316  46.496 0.0000000000
37193  13.981  -26.864  45.939 0.0000000000
41771  23.634  -21.319  46.454 0.0000000000
42717  22.367  -20.763  47.301 0.0000000000
68080  54.476  5.974  23.795 0.0000000000
68986  55.123  6.663  24.606 0.0000000000
68057  54.784  5.180  26.580 0.0000000000
67104  54.393  4.617  24.811 0.0000000000
115906  54.512  4.847  29.317 0.0000000000
120710  51.218  1.943  30.797 0.0000000000
66072  52.173  2.199  30.911 0.0000000000
136699  51.660  1.826  31.077 0.0000000000
121714  52.549  1.897  31.697 0.0000000000
64010  53.198  1.557  32.830 0.0000000000
65030  53.664  2.168  33.375 0.0000000000
60214  42.127  -1.905  27.968 0.0000000000
60208  42.631  -2.601  28.309 0.0000000000
60194  43.939  -2.927  28.935 0.0000000000
59305  43.578  -3.470  29.375 0.0000000000
59304  44.489  -3.204  29.591 0.0000000000
60167  45.998  -2.927  31.265 0.0000000000
60153  46.713  -2.688  32.494 0.0000000000
57322  47.341  -5.297  39.203 0.0000000000
58278  47.571  -4.582  37.720 0.0000000000
51301  31.816  -10.907  36.744 0.0000000000
114023  32.699  -11.137  36.787 0.0000000000
51285  32.212  -10.836  37.619 0.0000000000
51266  32.920  -10.933  38.188 0.0000000000
51252  33.595  -10.996  38.846 0.0000000000
52212  33.016  -10.059  40.620 0.0000000000
52230  33.818  -10.750  39.832 0.0000000000
52210  34.990  -10.864  40.829 0.0000000000
52195  35.272  -10.679  41.598 0.0000000000
52194  35.580  -10.556  42.413 0.0000000000
43754  34.108  -19.959  42.895 0.0000000000
43770  34.365  -19.200  42.568 0.0000000000
43753  34.735  -19.485  43.242 0.0000000000
43752  35.447  -19.033  43.495 0.0000000000
43717  36.243  -19.784  44.931 0.0000000000
43733  36.850  -19.131  44.639 0.0000000000
44736  36.753  -18.548  44.065 0.0000000000
44735  37.618  -18.442  44.521 0.0000000000
135954  37.998  -17.710  44.341 0.0000000000
69028  47.445  6.379  20.257 0.0000000000
135792  49.724  6.311  20.750 0.0000000000
69998  50.006  6.874  21.276 0.0000000000
69006  50.481  6.955  22.521 0.0000000000
69005  51.335  7.230  22.585 0.0000000000
69978  51.702  8.126  22.082 0.0000000000
68992  53.912  6.768  23.244 0.0000000000
71932  54.183  8.828  13.776 0.0000000000
71032  54.619  8.466  14.169 0.0000000000
71021  54.191  8.175  14.856 0.0000000000
70074  54.997  8.014  14.516 0.0000000000
70061  56.274  7.199  14.562 0.0000000000
69082  57.831  5.968  14.612 0.0000000000
68159  58.281  5.789  15.394 0.0000000000
121918  59.176  6.325  15.411 0.0000000000
68140  57.761  5.624  16.309 0.0000000000
68128  57.227  5.501  17.226 0.0000000000
68142  55.567  5.637  16.726 0.0000000000
68118  56.864  5.611  18.232 0.0000000000
68108  55.960  5.571  18.989 0.0000000000
115924  55.975  6.369  19.487 0.0000000000
38118  27.365  -25.152  45.785 0.0000000000
38117  28.131  -25.266  45.839 0.0000000000
38097  27.693  -25.554  46.433 0.0000000000
37188  28.147  -26.003  47.041 0.0000000000
37168  28.399  -26.457  47.773 0.0000000000
37153  27.918  -26.667  48.395 0.0000000000
37152  28.819  -26.921  48.531 0.0000000000
36236  29.960  -27.337  49.792 0.0000000000
37108  28.013  -26.625  51.693 0.0000000000
36207  28.900  -27.443  51.681 0.0000000000
41788  19.675  -21.378  45.622 0.0000000000
37063  15.914  -27.240  55.029 0.0000000000
36157  15.157  -27.325  55.229 0.0000000000
116330  14.907  -27.355  56.191 0.0000000000
119623  13.951  -27.410  56.185 0.0000000000
133628  14.302  -27.384  57.109 0.0000000000
36125  13.525  -27.446  57.535 0.0000000000
131150  11.899  -28.059  55.928 0.0000000000
35150  11.252  -28.202  56.299 0.0000000000
36144  11.914  -27.820  56.792 0.0000000000
67136  48.754  4.886  23.649 0.0000000000
67119  50.054  3.905  24.356 0.0000000000
67120  49.091  4.231  24.227 0.0000000000
66132  49.900  2.886  25.051 0.0000000000
65143  50.235  2.152  25.868 0.0000000000
65144  49.285  2.502  25.812 0.0000000000
128961  50.736  1.922  28.446 0.0000000000
65091  50.475  1.958  29.371 0.0000000000
66117  46.609  3.076  26.067 0.0000000000
65129  47.093  2.681  26.700 0.0000000000
65130  46.118  2.777  26.884 0.0000000000
137157  48.292  2.057  27.070 0.0000000000
114445  49.045  1.849  28.293 0.0000000000
133616  49.829  1.878  28.791 0.0000000000
65070  50.396  2.040  30.807 0.0000000000
64023  50.471  1.523  31.226 0.0000000000
65056  49.241  1.859  31.260 0.0000000000
62996  51.821  -0.098  33.271 0.0000000000
61947  51.387  -0.202  34.164 0.0000000000
57444  41.642  -5.349  31.567 0.0000000000
57429  42.478  -5.406  32.786 0.0000000000
57412  43.448  -5.318  33.914 0.0000000000
57399  42.869  -5.894  34.407 0.0000000000
57398  43.583  -5.566  34.733 0.0000000000
57397  44.243  -5.271  35.072 0.0000000000
57380  45.166  -5.238  35.986 0.0000000000
57364  45.445  -5.428  36.789 0.0000000000
57346  46.554  -5.406  37.669 0.0000000000
56353  42.724  -6.730  37.306 0.0000000000
56352  43.411  -6.473  37.653 0.0000000000
56351  44.227  -6.249  37.986 0.0000000000
56322  44.541  -6.554  39.781 0.0000000000
56336  44.388  -6.407  38.884 0.0000000000
57335  45.244  -5.985  38.351 0.0000000000
120967  46.290  -5.699  38.288 0.0000000000
132444  46.797  -5.692  38.864 0.0000000000
50243  31.128  -12.321  39.832 0.0000000000
50223  32.042  -12.556  41.148 0.0000000000
40808  37.475  -22.870  48.151 0.0000000000
40806  39.261  -22.401  48.576 0.0000000000
68095  45.298  6.126  22.750 0.0000000000
68094  46.316  6.207  22.706 0.0000000000
68093  47.218  6.260  22.708 0.0000000000
68086  47.601  5.663  23.166 0.0000000000
72802  50.836  10.219  16.299 0.0000000000
124732  9.619  -32.646  49.826 0.0000000000
31035  9.463  -32.673  50.598 0.0000000000
30095  9.001  -33.290  50.947 0.0000000000
30096  8.623  -33.574  51.560 0.0000000000
29106  8.159  -34.271  51.586 0.0000000000
30089  8.292  -33.788  52.188 0.0000000000
29099  7.683  -34.072  52.679 0.0000000000
29090  7.012  -34.117  53.214 0.0000000000
28167  6.872  -36.016  50.243 0.0000000000
119180  6.893  -35.596  51.094 0.0000000000
28155  5.895  -35.289  52.517 0.0000000000
135861  6.050  -34.825  52.986 0.0000000000
29082  5.243  -34.549  54.089 0.0000000000
59323  40.534  -3.420  28.337 0.0000000000
59308  40.977  -3.876  28.927 0.0000000000
58392  41.364  -4.337  29.624 0.0000000000
58381  41.258  -4.819  30.317 0.0000000000
117709  39.640  -4.476  29.338 0.0000000000
57470  40.036  -4.886  29.870 0.0000000000
57457  41.215  -5.198  30.889 0.0000000000
57431  41.037  -5.974  32.114 0.0000000000
56400  41.256  -6.256  32.888 0.0000000000
56401  40.548  -6.577  32.575 0.0000000000
55301  41.051  -7.229  35.020 0.0000000000
55342  37.377  -7.884  31.391 0.0000000000
116097  38.788  -8.014  33.127 0.0000000000
54330  38.352  -8.465  33.679 0.0000000000
55310  39.097  -8.094  33.877 0.0000000000
133436  39.426  -7.702  33.357 0.0000000000
55295  40.605  -7.622  35.771 0.0000000000
55287  41.156  -7.474  36.521 0.0000000000
55280  40.943  -7.759  37.309 0.0000000000
54271  40.738  -8.137  38.231 0.0000000000
115926  40.016  -8.632  38.044 0.0000000000
54259  40.886  -8.306  39.310 0.0000000000
122701  40.659  -8.601  40.009 0.0000000000
54250  40.767  -8.632  40.728 0.0000000000
54233  40.928  -8.693  42.663 0.0000000000
42813  32.143  -20.167  40.777 0.0000000000
42800  33.097  -20.049  41.872 0.0000000000
42787  33.457  -20.386  42.549 0.0000000000
40915  30.020  -22.224  41.793 0.0000000000
41821  30.875  -22.058  42.017 0.0000000000
41820  31.666  -21.792  42.286 0.0000000000
41809  32.019  -22.142  42.968 0.0000000000
42749  35.073  -20.738  45.065 0.0000000000
41784  34.673  -21.382  45.657 0.0000000000
133469  35.327  -20.889  45.719 0.0000000000
40825  37.086  -22.310  47.679 0.0000000000
38116  28.962  -25.209  46.084 0.0000000000
39002  29.778  -24.857  46.272 0.0000000000
38094  30.057  -25.195  47.074 0.0000000000
39001  30.521  -24.535  46.543 0.0000000000
39000  31.234  -24.155  46.851 0.0000000000
38046  31.798  -25.462  49.582 0.0000000000
38965  31.954  -24.787  49.040 0.0000000000
38986  32.186  -24.046  47.993 0.0000000000
123259  34.531  -22.508  47.838 0.0000000000
39893  35.028  -22.922  48.869 0.0000000000
133671  34.907  -22.608  48.256 0.0000000000
40809  36.490  -22.745  48.207 0.0000000000
38905  23.624  -23.887  55.802 0.0000000000
122122  22.952  -23.665  55.206 0.0000000000
38906  22.779  -23.848  56.080 0.0000000000
39810  22.098  -23.727  55.372 0.0000000000
39811  21.126  -23.934  55.516 0.0000000000
39851  21.325  -23.221  51.912 0.0000000000
39841  21.262  -23.427  52.679 0.0000000000
39842  20.607  -23.532  52.241 0.0000000000
133500  21.263  -23.581  53.344 0.0000000000
113960  20.969  -23.800  53.952 0.0000000000
116365  20.254  -24.371  55.230 0.0000000000
38000  19.154  -25.344  54.796 0.0000000000
38001  18.595  -25.788  54.587 0.0000000000
37071  17.882  -26.293  54.418 0.0000000000
114173  17.214  -26.551  53.912 0.0000000000
37085  16.535  -26.588  53.349 0.0000000000
41775  19.264  -22.037  46.047 0.0000000000
39909  18.528  -23.453  47.744 0.0000000000
38980  18.149  -24.245  49.020 0.0000000000
39937  16.781  -23.759  45.231 0.0000000000
39925  17.003  -23.953  46.132 0.0000000000
39004  16.453  -24.441  46.604 0.0000000000
39911  17.174  -24.116  46.994 0.0000000000
38991  17.328  -24.295  47.812 0.0000000000
38951  17.835  -24.856  50.191 0.0000000000
38040  16.572  -25.558  50.309 0.0000000000
121341  16.848  -25.926  51.694 0.0000000000
130461  16.689  -26.280  52.510 0.0000000000
37086  15.667  -26.895  53.539 0.0000000000
117147  15.011  -26.824  52.845 0.0000000000
36179  14.176  -27.144  52.926 0.0000000000
37114  14.588  -26.694  51.453 0.0000000000
136334  14.288  -26.933  51.797 0.0000000000
36195  13.473  -27.458  52.500 0.0000000000
36214  12.900  -27.873  52.087 0.0000000000
35212  12.413  -28.432  51.657 0.0000000000
36267  14.135  -27.044  47.733 0.0000000000
36255  13.653  -27.674  49.034 0.0000000000
35254  13.280  -28.267  47.467 0.0000000000
35220  12.967  -28.212  50.347 0.0000000000
117375  12.540  -28.491  50.962 0.0000000000
34196  12.029  -28.975  51.121 0.0000000000
136766  11.534  -29.485  51.259 0.0000000000
34221  11.632  -30.045  49.434 0.0000000000
33106  11.124  -30.447  50.086 0.0000000000
132768  10.644  -31.202  49.784 0.0000000000
31041  10.124  -31.990  49.518 0.0000000000
32036  10.510  -31.678  47.896 0.0000000000
31046  10.161  -32.147  48.514 0.0000000000
31042  9.754  -32.701  49.029 0.0000000000
123579  9.388  -33.414  48.653 0.0000000000
29128  9.177  -33.902  47.920 0.0000000000
29129  8.715  -34.533  48.051 0.0000000000
40898  28.581  -22.735  42.143 0.0000000000
39986  28.049  -23.157  42.716 0.0000000000
39038  27.439  -24.422  44.522 0.0000000000
39019  27.017  -24.753  45.156 0.0000000000
38119  26.751  -24.869  45.781 0.0000000000
38989  26.591  -25.067  47.144 0.0000000000
38978  26.378  -24.833  47.980 0.0000000000
40799  24.253  -22.406  49.310 0.0000000000
38932  26.233  -24.607  51.313 0.0000000000
38927  25.238  -23.829  52.168 0.0000000000
38920  25.659  -24.266  52.908 0.0000000000
31020  9.201  -32.327  52.257 0.0000000000
31014  9.006  -32.064  52.965 0.0000000000
31010  8.221  -32.281  54.095 0.0000000000
31979  8.512  -31.565  54.439 0.0000000000
33012  8.516  -30.463  55.608 0.0000000000
33000  8.070  -30.095  56.468 0.0000000000
68979  55.628  6.925  25.625 0.0000000000
117342  56.556  6.970  26.970 0.0000000000
66130  52.445  2.966  25.495 0.0000000000
126421  52.905  3.367  26.256 0.0000000000
66109  52.167  2.875  27.685 0.0000000000
66108  52.743  3.406  27.642 0.0000000000
67080  53.786  4.326  28.706 0.0000000000
67064  54.932  4.607  30.723 0.0000000000
66085  52.755  2.814  30.576 0.0000000000
66084  53.496  3.414  30.915 0.0000000000
66070  53.853  3.440  31.773 0.0000000000
67052  54.349  4.077  31.270 0.0000000000
129248  55.349  4.579  31.617 0.0000000000
67051  56.055  4.816  31.796 0.0000000000
133914  42.475  2.289  27.159 0.0000000000
128156  43.442  1.998  27.612 0.0000000000
64052  44.429  1.618  28.426 0.0000000000
62034  42.733  -0.222  28.198 0.0000000000
62033  43.468  -0.080  28.584 0.0000000000
128159  44.788  -1.121  29.043 0.0000000000
62032  44.093  -0.792  28.753 0.0000000000
63061  44.173  0.182  28.986 0.0000000000
63051  44.932  0.625  29.461 0.0000000000
64047  45.601  1.299  29.691 0.0000000000
64042  46.038  1.144  30.163 0.0000000000
63019  47.718  0.815  31.023 0.0000000000
61988  48.216  -0.793  31.064 0.0000000000
61987  48.838  -0.482  31.383 0.0000000000
61986  49.479  0.108  31.275 0.0000000000
61957  50.945  -0.429  33.420 0.0000000000
58355  42.924  -4.850  32.259 0.0000000000
58325  45.352  -4.436  34.281 0.0000000000
58339  44.965  -4.306  33.513 0.0000000000
59263  45.321  -3.854  32.916 0.0000000000
59262  46.132  -3.369  32.991 0.0000000000
60138  46.892  -2.807  33.377 0.0000000000
58292  47.393  -4.411  36.843 0.0000000000
59234  47.684  -3.574  36.427 0.0000000000
60112  47.997  -2.980  37.110 0.0000000000
60117  47.947  -2.755  36.450 0.0000000000
118343  47.437  -3.484  35.647 0.0000000000
118237  47.540  -2.918  35.107 0.0000000000
117616  47.530  -2.215  33.660 0.0000000000
61001  48.554  -1.211  34.540 0.0000000000
61950  49.198  -0.747  34.771 0.0000000000
61939  49.614  -0.483  35.322 0.0000000000
115223  50.206  -0.236  35.168 0.0000000000
62980  50.816  0.179  35.537 0.0000000000
53302  34.881  -10.035  33.753 0.0000000000
53281  36.100  -10.030  34.869 0.0000000000
51300  33.500  -11.179  36.465 0.0000000000
52279  34.372  -11.064  36.226 0.0000000000
51282  35.319  -11.207  37.739 0.0000000000
118112  35.873  -10.589  36.422 0.0000000000
52278  36.550  -10.377  36.788 0.0000000000
53268  37.122  -9.945  36.305 0.0000000000
52262  37.841  -9.891  37.421 0.0000000000
52245  38.216  -9.879  38.145 0.0000000000
52227  38.969  -9.931  39.599 0.0000000000
52228  38.420  -10.610  39.791 0.0000000000
117479  39.471  -9.618  40.142 0.0000000000
53216  39.643  -9.683  40.913 0.0000000000
53189  40.354  -9.134  42.229 0.0000000000
44769  34.036  -18.892  41.864 0.0000000000
44784  34.390  -18.177  41.518 0.0000000000
45734  34.796  -17.463  41.181 0.0000000000
49320  33.241  -14.168  39.837 0.0000000000
48455  33.726  -14.126  40.589 0.0000000000
49306  33.402  -13.528  41.493 0.0000000000
132019  33.037  -12.875  42.590 0.0000000000
136896  38.950  -21.037  46.739 0.0000000000
42694  39.545  -20.788  48.379 0.0000000000
43681  39.427  -20.037  47.718 0.0000000000
43702  38.968  -19.499  46.352 0.0000000000
128028  38.820  -18.808  46.025 0.0000000000
45668  38.709  -18.144  46.141 0.0000000000
45678  38.479  -17.557  45.498 0.0000000000
44691  37.784  -18.090  49.208 0.0000000000
45646  37.393  -17.380  48.758 0.0000000000
45645  38.070  -17.945  48.261 0.0000000000
45669  38.014  -16.989  46.889 0.0000000000
46587  38.269  -16.845  45.990 0.0000000000
46612  37.903  -16.463  44.577 0.0000000000
47530  37.089  -15.791  44.305 0.0000000000
48422  35.463  -14.622  43.830 0.0000000000
47521  35.851  -15.025  45.233 0.0000000000
136822  34.985  -14.177  43.514 0.0000000000
49290  33.776  -13.364  43.182 0.0000000000
118947  32.765  -11.941  43.133 0.0000000000
51194  33.241  -11.556  43.545 0.0000000000
52165  33.673  -10.673  43.242 0.0000000000
51185  34.164  -11.703  44.813 0.0000000000
52164  34.489  -10.434  43.462 0.0000000000
52163  35.277  -10.334  43.703 0.0000000000
52179  35.791  -10.433  43.221 0.0000000000
51192  36.479  -10.690  43.454 0.0000000000
50180  36.151  -12.533  47.836 0.0000000000
51162  36.312  -11.317  46.744 0.0000000000
51144  37.460  -11.472  47.704 0.0000000000
51161  37.129  -11.119  47.008 0.0000000000
52138  36.616  -10.746  45.419 0.0000000000
52161  36.807  -10.740  44.072 0.0000000000
51191  37.294  -11.123  43.328 0.0000000000
51190  38.294  -11.462  43.259 0.0000000000
51189  39.043  -11.163  43.614 0.0000000000
116760  39.476  -10.613  44.935 0.0000000000
71918  50.693  9.642  16.577 0.0000000000
71014  50.894  8.923  16.635 0.0000000000
70055  51.883  7.857  16.679 0.0000000000
70039  52.201  7.009  17.101 0.0000000000
69058  52.607  5.996  17.625 0.0000000000
69045  51.996  5.634  18.445 0.0000000000
68130  53.529  5.544  17.996 0.0000000000
68121  53.847  5.284  19.131 0.0000000000
69033  55.167  5.836  19.670 0.0000000000
70007  55.141  7.023  20.007 0.0000000000
69025  50.442  6.187  20.525 0.0000000000
68104  51.308  5.908  20.308 0.0000000000
69024  52.421  6.976  20.442 0.0000000000
70955  52.645  8.508  21.172 0.0000000000
68101  53.374  6.651  20.291 0.0000000000
69023  54.111  7.477  20.290 0.0000000000
69994  54.812  8.135  20.332 0.0000000000
117264  55.511  8.030  20.002 0.0000000000
71881  56.844  8.987  20.912 0.0000000000
71867  56.191  8.931  22.289 0.0000000000
71866  56.856  8.869  22.151 0.0000000000
32000  9.552  -31.618  52.571 0.0000000000
33026  10.074  -29.991  54.101 0.0000000000
33065  9.911  -30.946  52.999 0.0000000000
35179  10.937  -28.738  54.964 0.0000000000
36227  14.237  -26.929  50.809 0.0000000000
41748  38.907  -21.526  47.066 0.0000000000
42695  39.259  -20.273  49.657 0.0000000000
42726  39.331  -20.038  46.933 0.0000000000
43693  39.160  -19.285  48.248 0.0000000000
44734  38.312  -18.042  44.863 0.0000000000
44737  36.127  -18.648  43.636 0.0000000000
45717  36.632  -16.893  42.605 0.0000000000
45745  35.091  -16.849  40.942 0.0000000000
46600  38.288  -16.833  45.227 0.0000000000
46626  36.995  -16.310  42.945 0.0000000000
47520  37.149  -15.885  45.177 0.0000000000
48400  35.995  -14.664  46.867 0.0000000000
49307  32.512  -12.713  41.715 0.0000000000
50189  35.838  -12.005  47.149 0.0000000000
51209  32.371  -10.862  42.247 0.0000000000
51237  31.258  -10.791  40.609 0.0000000000
51299  35.079  -11.054  36.853 0.0000000000
52135  39.222  -10.886  45.773 0.0000000000
52152  38.366  -11.313  44.862 0.0000000000
52153  37.187  -10.859  44.817 0.0000000000
52162  36.026  -10.381  43.938 0.0000000000
52177  39.381  -10.466  42.311 0.0000000000
52209  38.388  -11.001  40.452 0.0000000000
52231  32.819  -10.347  39.674 0.0000000000
52246  37.656  -10.536  38.668 0.0000000000
52294  36.464  -10.218  36.114 0.0000000000
52297  33.621  -10.816  35.095 0.0000000000
53243  38.953  -9.648  38.740 0.0000000000
53299  37.428  -9.211  34.279 0.0000000000
53300  36.191  -9.740  34.194 0.0000000000
53301  35.480  -10.066  34.329 0.0000000000
54303  38.480  -8.917  35.250 0.0000000000
57308  46.177  -6.262  40.257 0.0000000000
57443  42.274  -5.212  32.085 0.0000000000
58382  40.737  -4.740  29.935 0.0000000000
58394  38.799  -4.612  29.256 0.0000000000
59295  44.454  -3.595  30.329 0.0000000000
60206  44.062  -2.283  28.723 0.0000000000
60207  43.424  -2.450  28.534 0.0000000000
61077  44.445  -1.705  28.810 0.0000000000
63016  50.022  1.004  31.242 0.0000000000
63034  46.949  0.754  30.703 0.0000000000
65080  50.055  2.064  30.171 0.0000000000
65107  47.612  2.270  27.289 0.0000000000
65109  45.374  2.666  27.294 0.0000000000
65126  50.623  1.899  26.802 0.0000000000
67049  56.786  3.971  30.953 0.0000000000
68123  51.441  5.494  19.119 0.0000000000
68127  58.593  6.596  16.962 0.0000000000
68129  55.733  5.360  17.667 0.0000000000
68141  57.047  5.496  16.411 0.0000000000
68970  56.125  7.090  26.482 0.0000000000
70936  56.082  8.596  23.427 0.0000000000
70946  54.868  8.611  22.478 0.0000000000
70962  54.618  8.603  20.888 0.0000000000
70972  59.482  8.778  19.212 0.0000000000
71870  54.204  8.701  21.747 0.0000000000
114287  34.118  -11.284  37.012 0.0000000000
115370  52.732  8.525  21.849 0.0000000000
115707  43.087  -4.340  30.848 0.0000000000
117157  56.485  5.389  17.738 0.0000000000
121288  39.448  -10.588  44.012 0.0000000000
122827  55.813  6.036  28.734 0.0000000000
126322  46.647  0.015  30.285 0.0000000000
132541  55.919  9.024  21.876 0.0000000000
133464  45.490  -3.400  31.665 0.0000000000
134106  38.276  -6.506  30.642 0.0000000000
134674  27.153  -25.705  51.082 0.0000000000
134733  56.311  8.855  20.713 0.0000000000
135360  39.301  -21.969  48.090 0.0000000000
135393  52.056  2.784  27.016 0.0000000000
135721  52.007  8.354  21.102 0.0000000000
135896  52.478  3.007  26.249 0.0000000000
136122  8.919  -33.126  51.507 0.0000000000
