#!ascii label  , from subject sub-v2s16x51215_ses-1 vox2ras=TkReg
919
75759  16.248  13.526  -24.976 0.2500000000
75758  16.843  13.670  -25.540 0.2500000000
74946  16.677  12.922  -25.221 0.7500000000
127159  15.775  16.926  -25.042 0.2500000000
78275  16.165  16.122  -25.388 0.1250000000
77389  15.989  15.419  -25.100 0.2500000000
76572  16.332  14.259  -25.240 0.2500000000
76571  17.379  14.173  -26.017 0.7500000000
74945  17.341  12.937  -25.711 0.8750000000
75777  17.553  13.501  -25.989 0.8750000000
74962  18.164  12.905  -26.269 0.8750000000
77402  16.458  15.372  -25.571 0.3750000000
76585  16.796  14.707  -25.701 0.3750000000
126670  17.504  14.810  -26.251 0.8750000000
75790  19.292  13.808  -27.203 1.0000000000
75791  18.638  13.966  -26.949 1.0000000000
75775  18.772  13.326  -26.809 1.0000000000
75776  18.094  13.737  -26.482 0.8750000000
74960  19.583  12.922  -27.077 1.0000000000
79163  16.536  16.808  -25.598 0.2500000000
78290  16.822  16.003  -25.906 0.7500000000
78289  17.552  15.944  -26.433 0.8750000000
77400  18.039  15.411  -26.769 0.8750000000
77401  17.187  15.342  -26.080 0.7500000000
76596  19.692  14.478  -27.466 1.0000000000
76597  18.971  14.481  -27.265 1.0000000000
77413  18.793  15.158  -27.304 1.0000000000
75789  20.186  13.740  -27.316 1.0000000000
74972  20.324  12.906  -27.114 1.0000000000
78288  18.189  16.303  -26.981 1.0000000000
122455  17.518  16.788  -26.367 0.8750000000
78300  18.778  15.938  -27.430 1.0000000000
128494  21.443  14.956  -27.233 1.0000000000
77410  20.745  15.129  -27.557 1.0000000000
126379  19.365  15.010  -27.548 1.0000000000
77412  19.394  15.646  -27.701 1.0000000000
75773  21.588  14.132  -26.800 1.0000000000
75788  20.940  14.300  -27.310 1.0000000000
75757  22.254  14.073  -26.146 1.0000000000
82660  17.920  21.235  -26.607 0.2500000000
126223  16.085  17.699  -25.198 0.2500000000
79148  17.061  17.687  -25.868 0.3750000000
79162  17.865  17.832  -26.737 1.0000000000
79161  18.345  17.155  -27.175 1.0000000000
78298  20.202  16.608  -27.903 1.0000000000
134115  18.776  16.651  -27.497 1.0000000000
127217  21.733  15.665  -26.900 1.0000000000
77399  21.134  15.767  -27.465 1.0000000000
78297  20.831  16.523  -27.672 1.0000000000
77388  22.341  15.614  -26.155 1.0000000000
76570  22.662  14.822  -25.763 1.0000000000
77387  23.140  15.594  -25.530 1.0000000000
81772  18.017  20.372  -26.957 0.5000000000
127426  17.439  20.372  -25.805 0.3750000000
80902  17.754  19.538  -26.545 0.3750000000
80023  17.462  18.631  -26.205 0.5000000000
80915  18.326  19.610  -27.271 0.5000000000
80033  18.760  18.898  -27.504 0.8750000000
79172  18.571  18.038  -27.411 1.0000000000
80032  19.355  18.998  -27.667 1.0000000000
79169  20.589  17.260  -27.752 1.0000000000
79171  19.257  18.193  -27.718 1.0000000000
79160  21.766  17.307  -26.830 1.0000000000
79168  21.124  17.107  -27.476 1.0000000000
121923  23.941  16.997  -25.069 1.0000000000
78274  22.737  16.346  -25.876 1.0000000000
77386  24.093  15.636  -25.130 0.8750000000
81787  18.365  21.037  -27.335 0.5000000000
125690  18.451  20.248  -27.422 0.6250000000
81786  18.827  20.448  -27.627 0.6250000000
80913  19.471  19.792  -27.683 1.0000000000
80914  18.832  19.676  -27.600 0.7500000000
80912  19.889  19.057  -27.707 1.0000000000
80009  23.193  18.522  -25.491 1.0000000000
80020  22.557  18.846  -26.159 1.0000000000
80021  21.821  18.346  -26.789 1.0000000000
80022  21.079  17.923  -27.513 1.0000000000
79146  23.496  17.750  -25.307 1.0000000000
79158  22.648  17.851  -26.113 1.0000000000
79145  24.423  17.684  -24.580 0.8750000000
121553  24.812  16.868  -24.616 0.8750000000
81785  19.390  20.705  -27.697 0.8750000000
114076  21.378  20.649  -26.658 1.0000000000
81783  20.667  20.313  -27.242 1.0000000000
80900  23.143  19.377  -25.372 1.0000000000
134311  21.796  19.961  -26.476 1.0000000000
80911  21.078  18.889  -27.224 1.0000000000
113849  24.036  20.764  -24.777 1.0000000000
79130  25.259  18.187  -24.456 1.0000000000
80008  23.797  18.436  -24.799 1.0000000000
113536  23.580  20.143  -24.859 1.0000000000
79994  25.178  18.996  -24.399 1.0000000000
82668  18.489  21.779  -27.511 0.5000000000
121983  18.951  21.054  -27.737 0.8750000000
113555  19.814  21.321  -27.747 1.0000000000
129546  21.338  22.446  -26.851 1.0000000000
113551  20.615  21.167  -27.306 1.0000000000
129537  23.941  22.340  -25.251 1.0000000000
129552  23.411  21.724  -25.498 1.0000000000
113533  24.897  21.711  -24.676 1.0000000000
113775  24.147  21.551  -24.957 1.0000000000
113537  23.471  20.936  -25.216 1.0000000000
81744  26.017  20.843  -24.440 1.0000000000
113534  24.652  21.021  -24.568 1.0000000000
80868  25.659  19.840  -24.500 0.8750000000
85952  20.269  25.689  -28.149 1.0000000000
85225  18.551  25.018  -27.809 0.3750000000
113820  20.030  24.784  -28.280 0.8750000000
129510  21.248  23.283  -27.056 1.0000000000
136061  23.731  22.976  -25.382 1.0000000000
129551  23.234  23.255  -25.746 1.0000000000
86710  19.914  26.618  -28.146 0.8750000000
86709  20.800  26.470  -27.691 1.0000000000
85951  21.175  25.666  -27.465 1.0000000000
113565  20.785  24.924  -27.764 1.0000000000
113697  21.999  23.911  -26.789 1.0000000000
137051  24.035  23.679  -25.540 1.0000000000
113765  23.973  24.505  -25.717 1.0000000000
129562  24.910  23.717  -25.183 1.0000000000
87544  19.549  27.420  -28.087 0.7500000000
86703  21.671  26.394  -27.160 1.0000000000
86702  22.567  26.321  -26.532 1.0000000000
115624  24.009  25.342  -25.711 1.0000000000
113548  23.339  25.806  -26.117 1.0000000000
113811  23.176  24.852  -26.163 1.0000000000
87543  21.332  27.196  -27.502 1.0000000000
92231  20.484  32.701  -27.879 0.1250000000
91564  21.007  32.520  -26.797 0.1250000000
91582  20.508  32.802  -28.525 0.2500000000
91581  20.807  32.707  -28.808 0.3750000000
92237  20.604  33.297  -28.368 0.2500000000
92247  21.543  33.275  -29.102 0.5000000000
92259  21.176  34.093  -29.440 0.2500000000
92837  20.747  34.031  -28.729 0.2500000000
92846  20.865  34.273  -29.275 0.2500000000
93432  20.950  34.641  -28.879 0.2500000000
93439  21.136  34.950  -29.377 0.2500000000
130733  21.200  34.593  -29.506 0.2500000000
92859  21.408  35.121  -29.842 0.2500000000
92858  21.594  34.674  -29.755 0.3750000000
93447  23.375  35.488  -30.103 0.3750000000
93448  21.977  35.399  -30.167 0.2500000000
75760  15.942  13.977  -24.671 0.1250000000
122649  16.255  14.887  -25.282 0.2500000000
77390  15.759  15.374  -24.591 0.1250000000
127885  21.811  13.304  -26.367 1.0000000000
113806  22.818  21.125  -25.774 1.0000000000
74933  15.940  12.715  -24.282 0.1250000000
122484  17.158  12.332  -25.418 0.6250000000
74094  18.321  11.360  -25.927 0.7500000000
78276  15.779  16.169  -24.842 0.1250000000
116720  19.039  11.212  -26.368 1.0000000000
76560  15.836  14.650  -24.689 0.1250000000
137244  20.107  12.307  -26.979 1.0000000000
74958  21.442  12.509  -26.540 1.0000000000
127952  22.560  13.274  -25.831 1.0000000000
80011  15.688  18.537  -24.735 0.3750000000
137797  16.758  20.077  -25.204 0.2500000000
80890  17.079  19.467  -25.617 0.2500000000
125743  24.823  15.067  -25.003 0.8750000000
79144  25.656  17.299  -24.576 0.8750000000
78272  24.438  16.287  -24.921 0.8750000000
80007  26.746  18.483  -25.333 0.8750000000
85214  18.125  24.761  -27.118 0.1250000000
116858  18.559  24.192  -27.666 0.1250000000
113563  19.532  22.084  -27.945 0.6250000000
113718  25.407  21.389  -24.522 1.0000000000
79993  26.001  18.785  -24.786 0.8750000000
85953  19.392  25.308  -28.287 0.5000000000
85213  19.202  24.483  -28.223 0.3750000000
113808  19.807  23.987  -28.147 0.8750000000
113539  25.270  23.056  -24.836 1.0000000000
119385  25.720  23.755  -25.079 1.0000000000
129526  25.376  24.494  -25.225 1.0000000000
113544  24.678  24.942  -25.394 1.0000000000
126961  20.848  27.983  -27.805 0.8750000000
88348  22.314  28.739  -27.256 1.0000000000
87535  22.948  27.144  -26.496 1.0000000000
86694  24.187  26.212  -25.747 1.0000000000
135000  20.472  31.729  -27.605 0.1250000000
90872  20.969  31.923  -28.473 0.6250000000
92246  22.862  33.606  -28.802 0.5000000000
92844  23.441  34.120  -29.134 0.5000000000
92829  21.325  33.923  -27.605 0.2500000000
92857  22.820  34.792  -29.643 0.5000000000
93431  21.480  35.381  -28.409 0.1250000000
93450  21.466  35.597  -29.651 0.2500000000
137527  22.509  36.554  -30.663 0.2500000000
94031  22.596  37.609  -31.540 0.2500000000
75747  15.894  13.341  -24.435 0.1250000000
76573  15.964  14.763  -24.914 0.1250000000
74114  17.852  12.182  -25.815 0.7500000000
74113  18.638  12.026  -26.324 1.0000000000
74961  18.939  12.614  -26.689 1.0000000000
76584  18.189  14.520  -26.741 1.0000000000
75774  21.015  13.309  -26.949 1.0000000000
78299  19.446  16.520  -27.799 1.0000000000
76583  21.998  14.866  -26.546 1.0000000000
77411  19.992  15.251  -27.735 1.0000000000
122630  19.911  15.978  -27.935 1.0000000000
80010  16.563  18.592  -25.424 0.3750000000
116178  19.047  17.342  -27.688 1.0000000000
79170  19.854  17.462  -27.870 1.0000000000
125638  20.472  15.885  -27.794 1.0000000000
78287  21.418  16.463  -27.173 1.0000000000
78286  22.050  16.402  -26.522 1.0000000000
78273  23.550  16.338  -25.350 1.0000000000
80034  18.164  18.767  -27.009 0.6250000000
80031  19.882  18.365  -27.780 1.0000000000
132489  20.318  19.607  -27.558 1.0000000000
126010  20.394  17.917  -27.775 1.0000000000
79159  22.456  17.009  -26.208 1.0000000000
132949  24.936  15.718  -24.931 0.8750000000
137867  19.807  20.131  -27.671 1.0000000000
80888  23.906  19.310  -24.571 1.0000000000
80901  21.813  19.243  -26.644 1.0000000000
133360  26.017  18.072  -24.857 0.8750000000
113543  22.174  21.327  -26.367 1.0000000000
81784  20.097  20.511  -27.632 1.0000000000
113733  22.325  20.511  -26.233 1.0000000000
81782  21.118  19.755  -26.914 1.0000000000
80889  22.487  19.707  -26.150 1.0000000000
113784  22.946  20.300  -25.577 1.0000000000
114036  24.326  20.214  -24.524 1.0000000000
80869  24.755  19.605  -24.364 1.0000000000
113948  18.917  21.836  -27.889 0.6250000000
113535  20.255  21.956  -27.708 1.0000000000
113556  20.842  21.949  -27.223 1.0000000000
114904  21.384  21.608  -26.774 1.0000000000
113696  21.984  23.022  -26.539 1.0000000000
129549  22.096  22.173  -26.477 1.0000000000
113538  24.692  22.326  -24.876 1.0000000000
113703  23.267  22.500  -25.626 1.0000000000
129525  22.755  21.928  -25.997 1.0000000000
113831  20.676  22.635  -27.418 1.0000000000
129545  22.670  23.528  -26.295 1.0000000000
113564  20.452  23.481  -27.741 1.0000000000
129541  21.192  24.179  -27.369 1.0000000000
116503  20.415  27.269  -27.892 0.8750000000
113558  21.499  24.925  -27.155 1.0000000000
113740  21.906  25.591  -26.795 1.0000000000
129547  22.711  24.193  -26.427 1.0000000000
113706  22.212  24.768  -26.632 1.0000000000
113687  24.603  24.261  -25.430 1.0000000000
87536  22.209  27.164  -26.978 1.0000000000
129544  22.616  25.463  -26.410 1.0000000000
86701  23.512  26.690  -26.137 1.0000000000
88340  22.833  27.992  -26.720 1.0000000000
87542  21.805  27.989  -27.325 1.0000000000
91561  20.684  31.989  -26.203 0.1250000000
91565  20.692  32.025  -27.320 0.1250000000
92230  21.108  33.215  -27.237 0.2500000000
125823  20.735  33.466  -29.022 0.2500000000
91570  20.502  32.137  -28.057 0.3750000000
130346  20.648  32.347  -28.374 0.5000000000
92845  22.160  34.105  -29.401 0.5000000000
93449  21.743  35.935  -30.173 0.2500000000
74932  16.202  12.844  -24.671 0.2500000000
74926  15.915  12.345  -24.038 0.1250000000
74078  16.117  11.850  -24.126 0.1250000000
74096  16.856  12.032  -25.115 0.6250000000
74095  17.490  11.453  -25.388 0.7500000000
74112  19.501  11.935  -26.733 1.0000000000
113801  18.984  22.106  -28.044 0.6250000000
113818  19.255  22.783  -28.082 0.7500000000
114114  19.994  22.694  -27.975 0.8750000000
113569  19.011  23.581  -28.125 0.7500000000
113822  19.679  23.303  -28.100 1.0000000000
130369  20.458  24.277  -27.871 1.0000000000
88347  23.215  28.884  -26.858 1.0000000000
124633  23.690  27.540  -26.253 1.0000000000
90864  20.339  31.383  -27.684 0.3750000000
90871  21.891  31.577  -28.218 0.7500000000
90873  20.577  31.447  -28.084 0.5000000000
91580  21.665  32.382  -28.558 0.7500000000
94030  23.490  36.748  -31.409 0.2500000000
93457  23.986  36.014  -30.647 0.3750000000
71471  19.401  7.712  -25.641 0.7500000000
70518  21.873  7.238  -25.679 0.7500000000
70521  18.841  7.426  -25.387 0.7500000000
71472  18.731  8.178  -25.525 0.7500000000
70528  21.402  7.915  -25.656 0.7500000000
70530  19.970  8.049  -25.826 0.7500000000
71483  19.427  8.686  -25.874 0.7500000000
71470  21.803  8.572  -25.664 0.7500000000
71481  21.040  8.640  -25.977 0.7500000000
71482  20.277  8.706  -26.048 0.7500000000
73212  18.137  10.625  -25.654 0.7500000000
72370  19.874  9.504  -26.228 0.7500000000
73226  19.348  10.327  -26.295 0.8750000000
130642  18.670  10.025  -25.897 0.8750000000
132615  22.220  9.118  -25.658 0.7500000000
72359  21.524  9.316  -25.965 0.7500000000
72369  20.710  9.448  -26.228 0.7500000000
73225  20.333  10.410  -26.479 0.8750000000
117095  19.719  11.061  -26.586 0.8750000000
73211  22.254  9.958  -25.705 0.7500000000
126092  21.265  10.174  -26.242 0.7500000000
137363  21.022  10.934  -26.616 0.8750000000
74111  20.384  11.510  -26.763 0.8750000000
74093  22.496  11.736  -25.877 0.7500000000
73210  21.816  11.024  -26.169 0.8750000000
74110  21.202  11.685  -26.611 0.8750000000
74943  23.813  12.501  -25.342 0.8750000000
74944  22.953  12.492  -25.630 0.8750000000
126806  23.396  13.205  -25.474 0.8750000000
76582  26.710  13.572  -26.200 0.3750000000
124607  25.839  13.879  -25.425 0.6250000000
126930  24.801  14.270  -25.132 0.7500000000
75756  23.081  14.001  -25.665 0.7500000000
76581  27.020  14.329  -26.427 0.5000000000
76567  26.384  14.399  -25.655 0.5000000000
129823  26.138  14.873  -25.350 0.7500000000
77425  27.863  15.501  -28.378 0.1250000000
77409  27.520  15.283  -27.750 0.3750000000
77398  27.176  15.304  -26.570 0.6250000000
77385  25.801  15.349  -25.124 0.6250000000
78271  25.595  16.252  -24.827 0.6250000000
77436  28.739  16.123  -29.243 0.1250000000
77424  28.309  15.801  -28.805 0.1250000000
78296  27.490  16.283  -27.938 0.1250000000
124387  27.545  17.016  -28.437 0.1250000000
79156  27.176  17.255  -26.165 0.6250000000
79155  27.402  17.612  -26.797 0.6250000000
79143  26.697  17.681  -25.305 0.7500000000
78313  27.728  16.855  -29.263 0.1250000000
79185  27.396  17.520  -29.866 0.1250000000
80041  27.429  17.924  -28.153 0.1250000000
80030  27.490  18.372  -27.171 0.5000000000
80019  27.279  18.227  -26.132 0.6250000000
80006  27.149  18.935  -25.780 0.7500000000
78312  28.292  16.599  -29.659 0.1250000000
80923  27.425  18.853  -28.076 0.5000000000
80910  27.517  19.424  -27.332 0.5000000000
80899  27.383  19.249  -26.370 0.6250000000
80886  27.078  19.538  -25.559 0.7500000000
136333  20.048  27.949  -28.122 0.6250000000
89213  19.807  29.100  -27.939 0.5000000000
128747  20.267  28.647  -28.073 0.7500000000
134217  27.536  20.556  -27.043 0.6250000000
82659  27.404  21.443  -26.081 0.6250000000
82639  26.195  21.775  -24.668 0.8750000000
81781  27.287  20.928  -28.275 0.5000000000
122931  27.483  21.014  -27.339 0.6250000000
82667  27.413  21.724  -27.743 0.6250000000
83521  27.297  22.318  -25.938 0.7500000000
132925  26.351  22.461  -24.828 0.8750000000
135745  25.370  25.257  -25.282 0.8750000000
132703  24.839  25.729  -25.424 0.8750000000
83513  26.779  22.950  -25.257 0.7500000000
85199  26.509  24.657  -25.513 0.8750000000
85934  26.053  25.083  -25.237 0.8750000000
85941  26.535  25.534  -25.644 0.8750000000
122159  26.439  26.438  -25.819 0.8750000000
119657  26.796  21.069  -29.200 0.3750000000
82681  27.066  21.769  -28.633 0.5000000000
83540  27.295  22.404  -28.082 0.5000000000
84403  27.351  23.294  -27.310 0.6250000000
82698  26.224  21.187  -30.015 0.2500000000
124536  26.539  21.893  -29.443 0.3750000000
120490  27.217  23.033  -28.186 0.5000000000
123253  20.537  29.532  -28.086 0.6250000000
89212  21.265  29.604  -28.015 0.7500000000
130259  21.286  28.841  -27.849 0.8750000000
87527  24.403  27.075  -25.809 0.8750000000
87534  24.681  27.904  -26.137 0.7500000000
87525  26.137  27.212  -26.003 0.8750000000
120935  27.330  24.135  -27.127 0.6250000000
85212  27.308  24.974  -26.792 0.7500000000
83550  26.882  22.541  -28.843 0.3750000000
84411  26.836  23.331  -28.887 0.5000000000
85950  27.347  25.617  -27.468 0.7500000000
127506  25.993  21.996  -30.232 0.2500000000
90040  20.491  30.436  -28.057 0.6250000000
89211  21.982  29.445  -27.577 0.8750000000
88339  23.865  28.373  -26.458 0.8750000000
131151  23.464  29.659  -27.065 0.7500000000
136924  25.158  28.293  -26.367 0.8750000000
87541  26.770  27.569  -27.199 0.7500000000
85243  25.744  24.180  -30.583 0.2500000000
85242  26.370  24.239  -29.850 0.5000000000
85234  26.889  24.255  -28.892 0.5000000000
83573  25.751  22.727  -30.505 0.2500000000
90039  21.113  30.905  -28.251 0.5000000000
90030  22.309  30.784  -27.796 0.7500000000
90029  23.546  30.595  -27.324 0.7500000000
90862  24.082  31.413  -27.483 0.7500000000
90028  24.642  30.739  -27.354 0.7500000000
89208  25.364  30.043  -27.366 0.7500000000
89209  24.395  29.945  -27.037 0.7500000000
88346  25.823  29.175  -27.176 0.7500000000
88345  26.335  28.924  -27.624 0.7500000000
89207  26.139  29.662  -27.812 0.7500000000
86714  27.104  26.743  -28.466 0.5000000000
124929  26.824  27.498  -29.028 0.3750000000
119818  26.738  28.165  -28.531 0.6250000000
127100  26.179  24.965  -30.284 0.2500000000
85974  26.503  25.773  -29.830 0.3750000000
86717  26.769  26.596  -29.384 0.3750000000
91569  22.674  32.070  -28.080 0.6250000000
90863  23.070  31.446  -27.704 0.7500000000
137141  24.435  31.941  -27.725 0.7500000000
90861  24.923  31.440  -27.641 0.7500000000
90037  26.178  30.865  -28.619 0.7500000000
89217  26.354  30.076  -28.534 0.6250000000
123426  26.591  27.714  -29.831 0.3750000000
134630  26.576  29.101  -29.336 0.3750000000
127205  25.395  24.956  -31.086 0.1250000000
86727  25.016  26.260  -31.760 0.1250000000
86720  25.737  26.417  -30.977 0.2500000000
91578  24.244  32.568  -28.065 0.7500000000
90870  25.042  32.076  -28.056 0.6250000000
120330  26.015  31.505  -28.836 0.7500000000
89225  26.537  29.757  -29.373 0.3750000000
90048  26.450  30.479  -29.116 0.3750000000
87558  25.930  27.941  -31.260 0.2500000000
87557  26.449  28.217  -30.391 0.3750000000
118612  26.537  29.063  -28.521 0.6250000000
86728  24.024  26.065  -32.680 0.1250000000
86738  24.625  26.905  -32.335 0.1250000000
85986  24.685  25.413  -31.932 0.1250000000
91579  22.950  32.812  -28.330 0.6250000000
92245  24.042  33.405  -28.626 0.6250000000
91593  25.492  32.723  -29.387 0.3750000000
91577  24.977  32.763  -28.601 0.3750000000
90883  25.977  31.901  -29.642 0.3750000000
90066  26.096  30.314  -31.607 0.2500000000
90058  26.455  30.482  -29.842 0.3750000000
90882  26.308  31.098  -29.352 0.3750000000
88377  24.913  28.349  -32.676 0.1250000000
88368  26.276  28.832  -31.100 0.3750000000
89232  26.552  29.134  -30.119 0.3750000000
126360  23.038  26.205  -33.686 0.1250000000
87565  25.244  27.714  -32.109 0.1250000000
92865  24.375  35.100  -30.201 0.3750000000
92265  25.373  33.377  -30.058 0.3750000000
92257  24.911  33.425  -29.245 0.3750000000
90908  25.806  31.855  -31.783 0.3750000000
91602  25.776  32.640  -30.330 0.3750000000
122720  25.753  31.046  -32.239 0.3750000000
90065  26.415  30.450  -30.726 0.3750000000
90897  26.058  31.906  -30.772 0.3750000000
118957  23.845  28.997  -34.302 0.1250000000
89241  25.918  29.444  -31.782 0.1250000000
90071  25.642  30.070  -32.618 0.2500000000
87575  23.241  27.488  -33.919 0.1250000000
92874  25.096  34.511  -31.568 0.2500000000
92274  25.403  33.751  -31.509 0.2500000000
92864  25.268  33.962  -30.729 0.3750000000
90911  25.546  31.970  -33.052 0.1250000000
91614  25.815  32.579  -31.293 0.3750000000
128103  25.627  33.275  -30.933 0.3750000000
90077  24.644  30.236  -34.486 0.1250000000
93456  24.710  35.352  -30.980 0.3750000000
133460  24.889  34.620  -30.627 0.3750000000
124029  25.465  33.008  -32.882 0.1250000000
134831  25.212  33.732  -33.769 0.1250000000
92279  25.141  32.821  -34.024 0.1250000000
90079  24.320  30.387  -35.470 0.1250000000
90917  24.778  31.600  -34.866 0.1250000000
93471  24.707  35.839  -35.086 0.1250000000
120027  24.380  32.924  -36.207 0.1250000000
132405  24.611  34.529  -36.084 0.1250000000
90921  24.405  31.404  -36.595 0.1250000000
90082  24.253  30.640  -36.328 0.1250000000
127124  24.155  13.089  -25.221 0.6250000000
81797  27.404  19.726  -28.187 0.6250000000
137710  26.822  23.516  -25.547 0.8750000000
85224  27.325  24.658  -27.818 0.5000000000
83560  26.353  22.793  -29.673 0.3750000000
89218  20.932  30.111  -28.169 0.6250000000
90031  21.685  30.143  -27.874 0.8750000000
135645  22.729  29.342  -27.210 0.8750000000
89210  22.627  30.006  -27.405 0.7500000000
89204  24.136  29.161  -26.719 0.8750000000
89203  25.034  29.301  -26.834 0.7500000000
88336  26.226  28.323  -27.018 0.7500000000
85958  27.178  25.242  -28.483 0.5000000000
123413  27.008  25.906  -28.980 0.5000000000
86708  27.204  26.675  -27.414 0.7500000000
85967  26.717  25.045  -29.421 0.5000000000
90076  25.161  30.185  -33.583 0.1250000000
92281  24.692  33.582  -35.273 0.1250000000
90918  24.486  31.156  -35.747 0.1250000000
78284  27.141  16.338  -26.274 0.5000000000
79157  26.679  16.774  -25.375 0.6250000000
81798  27.131  20.184  -28.944 0.3750000000
81818  26.020  20.479  -30.562 0.2500000000
85947  27.102  25.935  -26.401 0.7500000000
127630  25.435  30.938  -33.234 0.1250000000
82699  25.611  21.293  -30.876 0.1250000000
69549  20.042  6.404  -25.471 0.7500000000
69534  18.579  6.889  -25.042 0.7500000000
70503  18.256  7.664  -25.126 0.7500000000
69547  21.564  6.575  -25.692 0.7500000000
70520  20.152  7.215  -25.698 0.7500000000
70517  22.717  7.304  -25.551 0.7500000000
73213  17.481  10.386  -25.080 0.6250000000
124311  18.556  9.167  -25.638 0.7500000000
71469  22.633  8.524  -25.455 0.6250000000
72358  23.015  9.202  -25.409 0.7500000000
73209  23.410  9.964  -25.377 0.6250000000
74092  23.521  11.659  -25.452 0.6250000000
74942  24.759  12.501  -25.252 0.5000000000
75772  26.197  12.860  -25.749 0.3750000000
136371  25.453  12.697  -25.392 0.5000000000
75770  27.325  13.317  -27.260 0.1250000000
76594  27.922  14.463  -28.088 0.1250000000
76604  28.370  15.010  -28.551 0.1250000000
77435  29.610  16.072  -29.243 0.1250000000
137473  29.044  16.831  -30.859 0.1250000000
78329  28.573  17.039  -31.536 0.1250000000
78330  27.943  17.395  -31.208 0.1250000000
88349  19.456  28.287  -28.008 0.3750000000
79204  27.349  17.668  -31.842 0.1250000000
79186  26.935  17.982  -30.465 0.1250000000
80931  26.796  19.469  -29.759 0.1250000000
81809  26.547  20.385  -29.809 0.2500000000
89219  20.058  29.878  -27.789 0.5000000000
82710  25.018  21.825  -31.539 0.1250000000
84443  24.874  23.308  -31.640 0.1250000000
136915  24.775  24.648  -31.775 0.1250000000
128430  24.098  24.765  -32.613 0.1250000000
85995  23.334  25.431  -33.380 0.1250000000
86755  21.914  26.926  -35.132 0.1250000000
86006  22.475  25.959  -34.441 0.1250000000
88397  22.608  28.936  -35.451 0.1250000000
88408  22.595  28.880  -36.979 0.1250000000
92229  21.848  33.780  -26.481 0.1250000000
93469  24.454  36.317  -32.529 0.2500000000
125753  24.735  35.561  -32.941 0.1250000000
93468  24.475  36.474  -33.959 0.1250000000
121597  24.565  35.452  -36.198 0.1250000000
91625  24.266  32.076  -36.191 0.1250000000
89265  23.828  30.187  -36.975 0.1250000000
91629  24.304  32.039  -37.104 0.1250000000
76569  23.751  14.750  -25.284 0.7500000000
82638  26.681  21.252  -24.922 0.7500000000
81743  26.573  20.476  -24.834 0.7500000000
86711  18.904  26.719  -28.022 0.3750000000
86693  25.066  26.536  -25.542 0.8750000000
74957  22.159  12.530  -26.098 0.8750000000
73227  18.704  10.689  -26.060 0.7500000000
74959  20.737  12.360  -26.857 0.8750000000
114598  26.100  23.086  -24.821 0.8750000000
87526  25.319  27.281  -25.795 0.8750000000
92856  23.966  34.678  -29.572 0.3750000000
131198  24.029  36.764  -32.004 0.1250000000
93464  24.384  36.149  -31.467 0.2500000000
125153  19.348  6.794  -25.383 0.7500000000
70519  21.049  7.217  -25.752 0.7500000000
69546  22.378  6.657  -25.669 0.7500000000
120954  22.202  7.904  -25.464 0.7500000000
71473  18.011  8.517  -25.231 0.7500000000
70529  20.628  7.955  -25.801 0.7500000000
133968  18.119  9.905  -25.529 0.7500000000
72371  19.175  9.534  -26.014 0.7500000000
121767  22.866  10.842  -25.583 0.7500000000
74109  21.824  11.885  -26.321 0.8750000000
75755  23.986  13.801  -25.278 0.7500000000
75771  26.937  12.638  -26.954 0.2500000000
75754  25.038  13.331  -25.171 0.6250000000
76568  25.625  14.656  -25.215 0.7500000000
76580  27.512  14.342  -27.404 0.2500000000
120557  27.787  13.585  -27.720 0.1250000000
78283  27.375  15.995  -27.106 0.3750000000
78285  26.710  15.823  -25.482 0.6250000000
78304  28.143  16.319  -29.096 0.1250000000
78311  29.089  16.465  -29.982 0.1250000000
78305  27.812  16.288  -28.661 0.1250000000
124495  27.368  16.815  -26.971 0.5000000000
79167  27.452  17.337  -27.560 0.1250000000
78322  27.873  17.175  -30.152 0.1250000000
79178  27.412  17.611  -29.012 0.1250000000
80042  27.312  18.416  -28.853 0.1250000000
127339  27.092  18.770  -29.470 0.1250000000
81761  27.333  20.207  -25.948 0.6250000000
122387  27.337  20.937  -25.872 0.6250000000
83539  27.423  22.478  -27.146 0.6250000000
86700  26.794  26.965  -26.484 0.7500000000
84404  27.257  23.778  -28.075 0.5000000000
87532  26.367  27.605  -26.585 0.7500000000
84419  26.485  23.612  -29.515 0.3750000000
88338  24.746  28.634  -26.484 0.7500000000
122732  26.972  27.504  -28.043 0.6250000000
87549  26.625  28.267  -27.802 0.7500000000
128278  25.141  24.078  -31.330 0.1250000000
84428  25.448  23.398  -30.889 0.1250000000
84427  26.027  23.483  -30.177 0.2500000000
83586  25.200  22.639  -31.216 0.1250000000
91568  23.626  32.084  -27.773 0.7500000000
90027  25.345  30.845  -27.646 0.7500000000
129991  26.580  27.117  -29.805 0.3750000000
88358  26.644  28.428  -29.377 0.3750000000
85975  25.931  25.713  -30.612 0.1250000000
116208  25.594  32.101  -28.699 0.3750000000
87553  26.208  27.273  -30.579 0.3750000000
85985  25.384  25.742  -31.273 0.1250000000
121209  25.472  27.077  -31.474 0.1250000000
89240  26.442  29.681  -30.969 0.3750000000
90896  26.295  31.181  -30.281 0.3750000000
88369  25.625  28.573  -31.902 0.2500000000
86739  23.548  26.795  -33.317 0.1250000000
86754  22.375  26.769  -34.314 0.1250000000
134015  24.074  25.430  -32.630 0.1250000000
92258  24.296  33.960  -29.243 0.3750000000
87566  24.282  27.577  -32.891 0.1250000000
88378  24.060  28.196  -33.453 0.1250000000
92855  24.808  34.181  -29.889 0.3750000000
91618  25.627  32.504  -32.154 0.3750000000
90907  26.144  31.142  -31.257 0.3750000000
88388  23.066  28.294  -34.438 0.1250000000
88387  24.586  28.935  -33.338 0.1250000000
89253  24.614  29.607  -33.936 0.1250000000
89257  23.865  29.630  -35.143 0.1250000000
89252  25.174  29.574  -33.199 0.1250000000
87576  21.961  27.534  -34.931 0.1250000000
88389  21.922  28.245  -35.509 0.1250000000
93463  24.761  35.393  -32.002 0.2500000000
92278  25.348  33.896  -32.517 0.2500000000
122110  25.116  32.092  -34.173 0.1250000000
135268  24.648  30.855  -34.905 0.1250000000
90914  24.970  30.893  -34.119 0.1250000000
92879  25.053  34.793  -32.681 0.1250000000
92881  25.158  34.431  -33.442 0.1250000000
92883  24.917  34.675  -34.712 0.1250000000
89261  23.575  30.040  -36.242 0.1250000000
130805  25.207  31.510  -33.863 0.1250000000
118673  24.393  37.055  -35.803 0.1250000000
118468  24.918  35.228  -33.743 0.1250000000
68619  19.630  5.923  -25.139 0.7500000000
69548  20.742  6.485  -25.603 0.7500000000
117012  21.274  5.848  -25.569 0.7500000000
68620  18.963  6.168  -24.848 0.7500000000
72344  17.130  9.625  -24.552 0.5000000000
72360  17.770  9.392  -25.192 0.6250000000
118293  23.955  10.693  -25.342 0.6250000000
126342  24.980  11.809  -25.361 0.5000000000
79196  26.836  17.969  -31.383 0.1250000000
79214  27.386  17.539  -32.885 0.1250000000
115392  26.785  18.624  -30.173 0.1250000000
85253  24.531  23.986  -32.119 0.1250000000
88398  21.853  28.587  -36.421 0.1250000000
89258  22.660  29.386  -36.305 0.1250000000
69535  18.301  6.357  -24.526 0.7500000000
70504  17.602  8.028  -24.565 0.5000000000
67669  21.059  5.061  -25.476 0.6250000000
116190  21.845  5.289  -25.556 0.6250000000
69545  23.667  6.200  -25.385 0.3750000000
118645  22.867  6.094  -25.557 0.6250000000
70515  24.730  7.193  -25.267 0.2500000000
70516  23.705  7.485  -25.390 0.3750000000
74941  25.729  12.014  -25.708 0.3750000000
90032  20.135  30.704  -27.745 0.2500000000
68618  20.401  5.658  -25.393 0.6250000000
71468  23.658  8.436  -25.362 0.5000000000
72357  24.046  9.225  -25.378 0.5000000000
73208  24.526  9.878  -25.428 0.3750000000
116752  24.112  5.766  -25.223 0.5000000000
68617  23.352  5.429  -25.337 0.6250000000
74091  24.540  11.309  -25.360 0.5000000000
67657  20.921  4.249  -25.117 0.6250000000
70505  17.140  7.955  -23.885 0.3750000000
69523  17.636  6.566  -23.981 0.3750000000
67670  20.408  4.874  -25.237 0.6250000000
68608  18.626  5.654  -24.384 0.6250000000
67655  24.215  4.412  -24.683 0.3750000000
67668  23.492  4.597  -25.044 0.5000000000
66697  21.937  3.957  -25.146 0.6250000000
68606  25.605  5.855  -24.699 0.3750000000
71467  25.412  7.935  -25.273 0.2500000000
69543  25.212  6.504  -25.089 0.2500000000
124621  24.612  8.042  -25.383 0.2500000000
72356  25.050  9.222  -25.489 0.3750000000
73207  25.619  9.819  -25.657 0.2500000000
74090  25.491  11.192  -25.643 0.2500000000
80891  16.216  19.519  -24.802 0.1250000000
82669  18.252  21.715  -27.240 0.2500000000
116159  18.566  23.475  -27.616 0.3750000000
113568  18.556  22.287  -27.621 0.2500000000
85959  19.441  26.044  -28.231 0.2500000000
74077  16.333  11.418  -24.248 0.2500000000
114229  18.720  22.858  -27.795 0.3750000000
119255  17.970  7.123  -24.597 0.5000000000
117196  22.071  5.998  -25.656 0.6250000000
121090  23.217  6.755  -25.527 0.5000000000
124028  22.969  7.923  -25.375 0.5000000000
74956  26.600  11.962  -26.674 0.2500000000
71458  16.914  8.800  -24.054 0.3750000000
71457  17.476  8.858  -24.755 0.3750000000
73214  17.038  11.157  -24.923 0.2500000000
68607  19.230  5.421  -24.677 0.6250000000
117218  25.056  10.517  -25.491 0.2500000000
128945  22.531  4.747  -25.343 0.6250000000
129980  22.529  5.511  -25.520 0.5000000000
127052  23.965  6.795  -25.355 0.2500000000
69544  24.445  6.354  -25.253 0.2500000000
70514  25.560  7.282  -25.040 0.2500000000
124244  24.575  8.692  -25.425 0.3750000000
67667  24.191  5.143  -25.033 0.5000000000
67654  24.996  5.002  -24.592 0.3750000000
70494  17.473  7.383  -24.105 0.3750000000
67659  19.457  4.702  -24.488 0.6250000000
115994  23.631  3.990  -24.700 0.3750000000
67656  22.892  3.951  -24.883 0.5000000000
121703  25.330  8.623  -25.404 0.2500000000
73224  26.125  10.449  -25.982 0.2500000000
80856  15.474  19.466  -24.100 0.1250000000
136039  19.311  3.675  -23.788 0.5000000000
66685  23.333  3.368  -24.427 0.2500000000
65702  22.408  2.334  -24.285 0.3750000000
66687  21.306  3.323  -24.738 0.5000000000
66689  19.676  3.987  -24.230 0.5000000000
66676  19.111  3.109  -23.466 0.3750000000
67644  18.522  4.466  -23.626 0.5000000000
66690  19.130  4.282  -23.947 0.5000000000
68598  18.264  5.207  -23.859 0.3750000000
67660  18.878  4.954  -24.183 0.5000000000
65680  17.389  2.480  -22.014 0.1250000000
65693  18.454  3.154  -23.057 0.3750000000
68599  17.558  5.655  -23.510 0.2500000000
63620  18.244  0.243  -21.960 0.1250000000
64660  17.811  1.833  -22.157 0.2500000000
64670  19.213  1.762  -23.078 0.3750000000
65701  23.070  2.599  -24.130 0.2500000000
64676  21.347  1.809  -24.178 0.3750000000
65704  20.695  2.601  -24.296 0.5000000000
116657  16.911  1.103  -21.394 0.1250000000
65679  18.140  2.510  -22.556 0.3750000000
65690  20.046  2.315  -23.844 0.3750000000
66652  16.614  3.476  -21.482 0.1250000000
118890  16.988  4.916  -22.332 0.1250000000
134236  26.338  19.857  -30.353 0.1250000000
68609  18.052  5.854  -24.129 0.3750000000
67658  20.063  4.416  -24.815 0.5000000000
66688  20.377  3.626  -24.512 0.5000000000
69524  17.157  6.406  -23.346 0.2500000000
66684  24.066  3.693  -24.277 0.2500000000
65705  19.821  3.135  -23.896 0.5000000000
130701  18.797  3.765  -23.505 0.5000000000
66686  22.397  3.119  -24.612 0.3750000000
65703  21.713  2.461  -24.455 0.3750000000
65692  18.815  2.459  -23.072 0.3750000000
67633  17.678  4.021  -22.584 0.1250000000
67645  17.773  4.662  -23.190 0.1250000000
64647  17.097  1.811  -21.617 0.1250000000
65681  16.969  3.045  -21.800 0.1250000000
65670  16.696  2.432  -21.394 0.1250000000
66664  17.725  3.264  -22.438 0.1250000000
67646  17.173  5.158  -22.875 0.1250000000
136213  17.483  1.293  -21.846 0.1250000000
64659  18.546  1.810  -22.609 0.3750000000
64675  22.038  1.874  -24.199 0.2500000000
66665  17.188  3.766  -22.032 0.1250000000
67634  17.263  4.448  -22.462 0.1250000000
63634  18.938  1.098  -22.683 0.2500000000
63644  20.492  0.977  -23.385 0.2500000000
72345  16.466  9.804  -23.828 0.2500000000
64666  22.689  1.834  -23.768 0.2500000000
136672  18.723  0.531  -22.367 0.1250000000
63635  18.175  1.062  -22.231 0.1250000000
64669  19.865  1.702  -23.502 0.2500000000
63645  19.650  1.033  -23.036 0.2500000000
63633  20.099  0.316  -22.800 0.1250000000
72333  16.026  9.997  -23.192 0.1250000000
87545  18.825  27.592  -27.863 0.1250000000
88350  18.761  28.310  -27.598 0.1250000000
88341  18.433  28.300  -26.613 0.1250000000
89214  19.473  29.409  -27.507 0.1250000000
128044  19.229  28.826  -27.752 0.1250000000
89199  18.564  29.046  -26.071 0.1250000000
89206  18.845  28.965  -27.150 0.1250000000
90856  19.931  30.837  -27.049 0.1250000000
119236  18.284  27.038  -27.532 0.1250000000
89205  19.191  29.597  -26.614 0.1250000000
89198  18.832  29.794  -25.548 0.1250000000
125883  18.708  29.954  -24.347 0.1250000000
85960  18.657  25.834  -27.945 0.1250000000
86712  18.066  26.339  -27.473 0.1250000000
83541  18.342  22.267  -27.322 0.1250000000
70495  16.990  7.288  -23.437 0.1250000000
71449  16.334  9.186  -23.282 0.1250000000
125981  17.719  26.034  -26.885 0.1250000000
86704  17.859  26.762  -26.695 0.1250000000
87546  18.278  27.618  -27.151 0.1250000000
87528  17.968  27.515  -24.970 0.1250000000
88329  18.565  28.983  -23.924 0.1250000000
90003  19.264  30.624  -24.334 0.1250000000
90013  19.263  30.475  -25.205 0.1250000000
128824  16.197  12.227  -24.402 0.1250000000
90033  19.774  30.093  -27.178 0.1250000000
71441  16.221  8.704  -22.831 0.1250000000
113827  18.407  22.963  -27.342 0.1250000000
73198  16.695  10.523  -24.364 0.1250000000
73186  15.855  10.547  -23.242 0.1250000000
87537  18.097  27.517  -26.058 0.1250000000
88330  18.236  28.248  -24.413 0.1250000000
90020  19.535  30.268  -26.242 0.1250000000
67642  25.472  4.589  -23.793 0.1250000000
68596  26.205  5.720  -24.067 0.1250000000
69533  25.860  6.697  -24.777 0.1250000000
70513  25.928  7.890  -25.089 0.1250000000
71466  26.065  8.613  -25.300 0.1250000000
72355  25.945  9.286  -25.566 0.1250000000
73206  27.184  10.109  -26.208 0.1250000000
72368  26.922  9.966  -26.125 0.1250000000
73223  26.604  9.997  -26.078 0.1250000000
73221  27.416  10.774  -26.652 0.1250000000
74105  27.840  11.386  -27.016 0.1250000000
74106  27.238  11.260  -27.138 0.1250000000
74955  27.083  12.031  -27.412 0.1250000000
64657  23.200  1.517  -22.860 0.1250000000
133206  21.131  1.296  -23.761 0.1250000000
65689  23.523  2.257  -23.448 0.1250000000
65688  24.245  2.704  -23.191 0.1250000000
66673  25.197  3.843  -23.354 0.1250000000
67641  26.276  5.004  -23.499 0.1250000000
133594  26.159  6.275  -24.434 0.1250000000
70501  26.766  7.574  -24.493 0.1250000000
71455  27.066  8.367  -24.658 0.1250000000
71465  26.684  8.902  -25.211 0.1250000000
72352  27.536  9.811  -25.355 0.1250000000
74089  28.263  11.252  -25.953 0.1250000000
74971  27.408  12.077  -27.545 0.1250000000
74970  27.635  12.236  -27.656 0.1250000000
74969  28.104  12.157  -27.485 0.1250000000
75787  27.331  12.434  -27.507 0.1250000000
67643  24.726  4.184  -24.052 0.1250000000
68597  25.712  5.242  -24.168 0.1250000000
74107  27.056  11.414  -27.222 0.1250000000
70502  26.160  7.411  -24.825 0.1250000000
66675  23.818  2.973  -23.884 0.1250000000
66674  24.486  3.428  -23.608 0.1250000000
64658  22.482  1.276  -23.221 0.1250000000
67632  25.967  4.194  -23.095 0.1250000000
69532  26.443  6.864  -24.419 0.1250000000
71456  26.419  8.139  -24.948 0.1250000000
72354  26.579  9.463  -25.607 0.1250000000
73222  27.056  10.493  -26.580 0.1250000000
72353  26.990  9.547  -25.723 0.1250000000
119948  26.921  10.710  -26.715 0.1250000000
74121  27.460  11.787  -27.515 0.1250000000
74940  28.550  11.992  -26.494 0.1250000000
65678  24.666  2.470  -22.494 0.1250000000
121995  27.325  6.196  -23.377 0.1250000000
75769  28.495  12.893  -27.414 0.1250000000
63621  17.558  0.655  -21.706 0.1250000000
64667  21.894  1.340  -23.734 0.1250000000
64668  20.545  1.744  -23.922 0.3750000000
65691  19.474  2.426  -23.472 0.3750000000
66677  18.176  3.881  -23.083 0.5000000000
67671  19.815  5.130  -25.033 0.6250000000
69522  26.659  6.287  -23.925 0.1250000000
74108  26.417  11.178  -26.380 0.1250000000
74122  27.289  11.707  -27.473 0.1250000000
76566  26.643  15.015  -25.657 0.7500000000
76595  20.331  14.585  -27.504 1.0000000000
78310  30.028  16.371  -29.871 0.1250000000
78321  28.459  16.951  -30.506 0.1250000000
79147  23.112  17.064  -25.639 1.0000000000
79195  27.362  17.647  -30.798 0.1250000000
79995  24.493  18.683  -24.266 1.0000000000
80048  27.130  18.110  -29.628 0.1250000000
80866  26.938  20.127  -25.298 0.7500000000
80867  26.484  19.726  -24.871 0.7500000000
80887  26.718  19.098  -25.293 0.7500000000
80924  27.248  19.248  -28.886 0.1250000000
80939  25.982  19.744  -31.009 0.1250000000
81745  25.128  20.502  -24.441 1.0000000000
81771  27.481  20.838  -26.520 0.6250000000
81780  27.493  20.295  -27.598 0.6250000000
82649  27.157  21.469  -25.522 0.6250000000
82650  26.827  22.065  -25.105 0.8750000000
82666  27.480  21.651  -26.778 0.6250000000
84382  26.443  23.776  -25.310 1.0000000000
84385  27.115  23.286  -25.841 0.7500000000
84393  27.326  23.038  -26.477 0.6250000000
84394  27.245  23.723  -26.423 0.6250000000
85195  26.085  24.374  -25.216 1.0000000000
85204  26.974  24.963  -25.993 0.7500000000
85942  25.783  25.941  -25.402 0.8750000000
86692  25.789  26.722  -25.649 0.8750000000
86719  26.325  26.479  -30.209 0.3750000000
87533  25.652  27.912  -26.346 0.7500000000
88333  18.248  28.263  -25.455 0.1250000000
88337  25.476  28.619  -26.684 0.7500000000
89246  25.364  29.141  -32.572 0.1250000000
89988  19.205  30.416  -23.498 0.1250000000
90038  25.898  30.502  -27.981 0.7500000000
90855  20.287  31.505  -26.812 0.1250000000
90869  25.616  31.359  -28.163 0.7500000000
91622  24.677  32.522  -35.132 0.1250000000
92836  21.365  34.679  -27.917 0.2500000000
113557  23.339  23.993  -26.061 1.0000000000
113562  19.114  21.576  -27.829 0.8750000000
113724  22.666  22.740  -26.102 1.0000000000
113776  25.580  22.273  -24.680 1.0000000000
117454  20.438  18.608  -27.638 1.0000000000
120700  24.302  11.972  -25.330 0.6250000000
121240  27.519  20.085  -26.765 0.6250000000
123864  27.049  20.744  -25.395 0.7500000000
123873  26.924  24.065  -25.799 0.8750000000
126139  25.566  33.166  -31.863 0.3750000000
127189  25.469  22.089  -30.835 0.2500000000
128240  28.041  12.805  -27.787 0.1250000000
129259  26.510  29.898  -30.220 0.3750000000
129568  24.414  23.024  -25.129 1.0000000000
129601  27.257  26.062  -28.139 0.7500000000
131343  24.813  5.734  -25.082 0.5000000000
133632  23.932  28.603  -33.814 0.1250000000
134137  23.519  18.888  -25.039 1.0000000000
134517  21.401  35.509  -29.117 0.2500000000
134916  21.643  4.640  -25.403 0.6250000000
135353  16.791  14.213  -25.606 0.3750000000
135471  21.725  24.440  -26.970 1.0000000000
136186  27.192  24.396  -26.358 0.6250000000
136753  26.169  20.237  -24.583 0.7500000000
137116  27.352  22.813  -27.699 0.5000000000
137708  27.354  20.302  -28.268 0.3750000000
