#!ascii label  , from subject sub-v2s16x51258_ses-1 vox2ras=TkReg
1803
45728  -47.220  -25.078  27.378 0.0000000000
52439  -33.077  -17.917  38.964 0.0000000000
51803  -50.209  -18.672  12.165 0.0000000000
49670  -38.414  -21.086  19.414 0.0000000000
49663  -49.094  -21.517  20.719 0.0000000000
44701  -40.385  -26.002  35.847 0.0000000000
41101  -33.834  -29.112  30.734 0.0000000000
45753  -33.647  -24.673  23.700 0.0000000000
113016  -28.777  -23.496  42.463 0.0000000000
106025  -53.564  -13.127  11.883 0.0000000000
40051  -31.321  -30.774  33.595 0.0000000000
47540  -42.502  -22.517  23.574 0.0000000000
50684  -44.521  -19.387  20.506 0.0000000000
48536  -49.421  -22.266  25.105 0.0000000000
43833  -44.470  -26.350  30.885 0.0000000000
113794  -36.983  -25.483  29.152 0.0000000000
46625  -40.531  -23.579  26.340 0.0000000000
46680  -37.200  -23.332  21.722 0.0000000000
56773  -56.721  -13.137  9.365 0.0000000000
48258  -32.692  -21.512  42.123 0.0000000000
42868  -30.087  -27.747  37.869 0.0000000000
42857  -33.870  -28.012  39.054 0.0000000000
48647  -48.292  -21.886  15.645 0.0000000000
48323  -36.624  -21.419  38.072 0.0000000000
46539  -29.819  -23.569  35.054 0.0000000000
106130  -33.742  -23.267  32.153 0.0000000000
42951  -30.784  -27.124  26.835 0.0000000000
47413  -26.422  -23.140  37.585 0.0000000000
50690  -52.751  -19.978  20.486 0.0000000000
124047  -51.351  -20.071  16.792 0.0000000000
54691  -48.636  -14.915  12.290 0.0000000000
52696  -55.669  -18.341  15.653 0.0000000000
51805  -59.971  -18.725  13.463 0.0000000000
42864  -27.055  -27.833  37.269 0.0000000000
39019  -35.767  -31.773  35.857 0.0000000000
46640  -45.132  -23.484  25.519 0.0000000000
48532  -45.819  -21.751  24.163 0.0000000000
107934  -47.912  -24.177  25.478 0.0000000000
122255  -46.054  -25.874  29.030 0.0000000000
45698  -42.625  -24.793  29.244 0.0000000000
46616  -43.049  -23.832  26.943 0.0000000000
46654  -41.762  -23.331  24.808 0.0000000000
51847  -49.688  -18.216  9.384 0.0000000000
51836  -51.680  -18.689  10.308 0.0000000000
50390  -32.003  -19.439  41.093 0.0000000000
45564  -33.295  -24.397  40.662 0.0000000000
47395  -31.100  -22.251  38.868 0.0000000000
50737  -38.292  -19.568  16.522 0.0000000000
105782  -46.840  -19.317  20.900 0.0000000000
51743  -44.660  -18.810  17.479 0.0000000000
49694  -46.899  -20.271  17.932 0.0000000000
48645  -46.612  -21.397  15.851 0.0000000000
48622  -48.484  -22.847  18.129 0.0000000000
45581  -38.405  -24.267  37.141 0.0000000000
47432  -35.680  -22.666  35.489 0.0000000000
45635  -37.683  -24.576  34.034 0.0000000000
44805  -35.445  -25.286  26.676 0.0000000000
114614  -34.025  -25.133  28.170 0.0000000000
44814  -31.528  -25.941  24.711 0.0000000000
47573  -37.435  -22.397  20.655 0.0000000000
50716  -50.204  -20.306  18.772 0.0000000000
53676  -51.174  -16.867  12.981 0.0000000000
53694  -52.801  -16.796  10.708 0.0000000000
52710  -57.891  -18.383  15.172 0.0000000000
52761  -55.202  -17.353  10.305 0.0000000000
52796  -59.094  -17.076  7.838 0.0000000000
46486  -27.908  -24.029  40.259 0.0000000000
112665  -25.358  -27.380  41.118 0.0000000000
41960  -26.909  -28.611  42.144 0.0000000000
41061  -30.838  -29.907  35.310 0.0000000000
42897  -28.999  -27.962  34.120 0.0000000000
41093  -29.409  -29.340  32.056 0.0000000000
42914  -31.862  -27.051  32.866 0.0000000000
42023  -33.864  -28.510  35.033 0.0000000000
114299  -35.376  -30.478  33.854 0.0000000000
48583  -40.582  -21.548  21.307 0.0000000000
50696  -40.776  -20.377  19.236 0.0000000000
49633  -43.831  -20.816  22.193 0.0000000000
49636  -46.127  -19.884  22.629 0.0000000000
50642  -50.080  -19.785  22.885 0.0000000000
43813  -42.746  -26.873  33.087 0.0000000000
44732  -38.775  -25.711  32.327 0.0000000000
44752  -40.902  -25.760  30.939 0.0000000000
45708  -38.725  -24.578  28.220 0.0000000000
46649  -37.056  -24.034  24.956 0.0000000000
45765  -35.163  -24.203  22.675 0.0000000000
46665  -38.419  -23.524  23.780 0.0000000000
118301  -39.645  -22.653  22.326 0.0000000000
106022  -55.121  -13.267  9.979 0.0000000000
56713  -59.195  -13.398  13.810 0.0000000000
47334  -30.030  -22.624  42.894 0.0000000000
110954  -29.007  -27.300  41.411 0.0000000000
124418  -31.580  -26.524  41.139 0.0000000000
41033  -31.822  -29.799  38.612 0.0000000000
39017  -32.553  -31.386  36.971 0.0000000000
126047  -41.641  -18.820  17.556 0.0000000000
50798  -47.163  -19.775  13.512 0.0000000000
50778  -49.760  -19.860  14.320 0.0000000000
50425  -34.939  -19.250  38.280 0.0000000000
49390  -30.467  -20.517  36.797 0.0000000000
49414  -33.082  -20.923  35.950 0.0000000000
47450  -31.833  -22.380  33.285 0.0000000000
44738  -30.429  -24.979  30.876 0.0000000000
45664  -35.904  -24.304  31.411 0.0000000000
116090  -31.659  -24.555  29.160 0.0000000000
42946  -32.130  -27.860  29.034 0.0000000000
48484  -48.111  -22.024  27.267 0.0000000000
52432  -36.438  -17.487  39.489 0.0000000000
48313  -38.643  -21.915  38.520 0.0000000000
46530  -40.762  -24.217  36.397 0.0000000000
48486  -50.899  -21.854  27.427 0.0000000000
111594  -52.559  -21.740  25.983 0.0000000000
48574  -53.499  -22.402  22.567 0.0000000000
49655  -56.035  -20.459  21.874 0.0000000000
46682  -51.866  -23.690  20.863 0.0000000000
120717  -50.251  -23.156  18.747 0.0000000000
48638  -50.691  -21.799  16.905 0.0000000000
50780  -51.879  -20.126  15.164 0.0000000000
116380  -50.004  -17.561  14.900 0.0000000000
51773  -53.249  -18.613  15.912 0.0000000000
50804  -53.784  -19.443  13.827 0.0000000000
50828  -54.474  -19.392  12.489 0.0000000000
52785  -56.919  -17.254  8.730 0.0000000000
43736  -24.380  -26.646  38.635 0.0000000000
42028  -25.055  -27.972  33.652 0.0000000000
42866  -28.475  -27.272  37.813 0.0000000000
43779  -26.841  -26.924  33.765 0.0000000000
44678  -32.222  -25.953  36.873 0.0000000000
40016  -34.662  -30.606  37.580 0.0000000000
39053  -33.185  -32.108  34.947 0.0000000000
119056  -35.298  -33.704  34.798 0.0000000000
45738  -46.422  -24.730  26.419 0.0000000000
46641  -46.569  -23.912  25.353 0.0000000000
45740  -47.848  -24.535  26.526 0.0000000000
44799  -46.508  -25.383  28.031 0.0000000000
44786  -45.072  -25.353  28.121 0.0000000000
120164  -45.729  -24.931  26.908 0.0000000000
46628  -44.299  -23.686  26.029 0.0000000000
51802  -49.460  -18.573  11.931 0.0000000000
51822  -50.263  -18.457  10.785 0.0000000000
51835  -50.896  -18.572  10.102 0.0000000000
51824  -51.486  -18.699  11.545 0.0000000000
51483  -31.546  -18.599  39.676 0.0000000000
114880  -31.736  -20.604  39.984 0.0000000000
50405  -30.761  -19.905  38.870 0.0000000000
49680  -36.903  -20.743  18.108 0.0000000000
49691  -38.335  -20.253  17.800 0.0000000000
50688  -47.938  -19.946  20.342 0.0000000000
113529  -46.727  -19.405  19.291 0.0000000000
49675  -48.078  -20.645  19.786 0.0000000000
49683  -47.433  -21.066  18.190 0.0000000000
48598  -48.599  -21.838  19.921 0.0000000000
45591  -39.320  -24.924  36.649 0.0000000000
45605  -37.888  -24.398  35.922 0.0000000000
44699  -38.984  -25.499  35.191 0.0000000000
45744  -34.759  -24.758  25.287 0.0000000000
44812  -33.875  -25.274  25.701 0.0000000000
127738  -32.357  -25.492  23.767 0.0000000000
42974  -31.929  -27.330  22.964 0.0000000000
48609  -37.736  -21.495  19.701 0.0000000000
48608  -36.409  -21.820  19.296 0.0000000000
48619  -36.609  -21.284  18.695 0.0000000000
54702  -50.667  -14.973  9.826 0.0000000000
54704  -51.889  -14.881  9.136 0.0000000000
53699  -53.279  -16.670  9.940 0.0000000000
55720  -52.720  -14.482  8.826 0.0000000000
45563  -28.287  -23.675  41.267 0.0000000000
43717  -26.164  -26.727  42.314 0.0000000000
44592  -27.040  -26.312  42.647 0.0000000000
40036  -30.903  -30.282  34.312 0.0000000000
125458  -30.011  -29.610  33.271 0.0000000000
40066  -30.481  -30.288  32.307 0.0000000000
41100  -29.962  -29.973  30.938 0.0000000000
40084  -31.085  -30.850  31.759 0.0000000000
42045  -32.814  -28.025  31.817 0.0000000000
42031  -33.493  -28.539  33.085 0.0000000000
41088  -34.594  -29.679  32.024 0.0000000000
47551  -42.126  -22.138  22.926 0.0000000000
48585  -42.262  -21.211  21.674 0.0000000000
48570  -43.383  -21.405  22.657 0.0000000000
48534  -47.507  -21.874  24.488 0.0000000000
48554  -46.150  -21.124  23.764 0.0000000000
49595  -48.106  -20.854  24.283 0.0000000000
50639  -47.740  -19.533  22.807 0.0000000000
127334  -49.661  -20.225  24.077 0.0000000000
43814  -43.797  -26.690  32.521 0.0000000000
43824  -41.601  -26.466  32.303 0.0000000000
107350  -42.852  -26.049  31.267 0.0000000000
45723  -41.606  -23.930  27.701 0.0000000000
45710  -40.362  -24.296  28.525 0.0000000000
46612  -39.273  -23.972  27.035 0.0000000000
45735  -37.720  -24.321  26.608 0.0000000000
46634  -38.185  -23.971  25.817 0.0000000000
46650  -37.633  -23.717  24.247 0.0000000000
46635  -39.085  -23.605  24.957 0.0000000000
47524  -42.109  -23.037  24.061 0.0000000000
46667  -40.452  -23.311  23.859 0.0000000000
47539  -41.686  -22.730  23.423 0.0000000000
47562  -40.105  -22.086  21.820 0.0000000000
47335  -31.226  -22.624  42.645 0.0000000000
44596  -30.490  -24.905  42.156 0.0000000000
45551  -32.411  -24.003  41.701 0.0000000000
44634  -33.492  -26.096  39.792 0.0000000000
42836  -32.929  -27.488  40.238 0.0000000000
41981  -33.143  -29.142  39.382 0.0000000000
40014  -32.203  -30.382  38.232 0.0000000000
40006  -32.819  -30.493  38.444 0.0000000000
50682  -42.982  -19.860  20.164 0.0000000000
124989  -41.752  -19.427  18.705 0.0000000000
50712  -43.125  -19.114  18.876 0.0000000000
50740  -44.608  -19.141  16.504 0.0000000000
112412  -43.096  -18.683  16.281 0.0000000000
50775  -43.368  -19.845  14.669 0.0000000000
48646  -47.416  -21.770  15.755 0.0000000000
49748  -46.544  -20.600  14.014 0.0000000000
49733  -47.942  -20.793  14.634 0.0000000000
50799  -48.035  -19.634  13.570 0.0000000000
49734  -48.965  -20.517  14.658 0.0000000000
49373  -35.825  -20.802  37.811 0.0000000000
49371  -33.881  -20.138  37.174 0.0000000000
49395  -35.172  -21.186  37.050 0.0000000000
47454  -35.118  -22.870  33.876 0.0000000000
47442  -34.042  -22.286  34.235 0.0000000000
47460  -32.332  -22.761  32.740 0.0000000000
46572  -30.446  -23.800  31.843 0.0000000000
46574  -32.138  -23.439  31.432 0.0000000000
44739  -37.900  -25.588  31.035 0.0000000000
124297  -37.256  -25.030  31.602 0.0000000000
45683  -36.681  -25.151  30.407 0.0000000000
44792  -31.639  -25.411  27.027 0.0000000000
45704  -32.366  -24.704  28.538 0.0000000000
44777  -30.851  -25.762  27.829 0.0000000000
43841  -30.802  -25.798  28.696 0.0000000000
46671  -35.994  -23.921  22.591 0.0000000000
122694  -39.775  -22.956  36.978 0.0000000000
45637  -45.083  -25.209  34.141 0.0000000000
48485  -49.477  -21.873  27.216 0.0000000000
49574  -53.779  -20.732  27.151 0.0000000000
48520  -54.516  -21.277  25.476 0.0000000000
49599  -52.978  -21.016  24.390 0.0000000000
48542  -55.175  -21.330  24.092 0.0000000000
49667  -54.437  -20.319  21.095 0.0000000000
48587  -54.060  -22.655  21.439 0.0000000000
48601  -52.792  -22.777  20.579 0.0000000000
47587  -51.176  -23.646  19.719 0.0000000000
49677  -51.292  -21.173  19.711 0.0000000000
50729  -49.770  -19.969  17.737 0.0000000000
49696  -50.505  -21.697  17.746 0.0000000000
113516  -51.384  -20.741  16.867 0.0000000000
49720  -51.435  -21.057  16.160 0.0000000000
50744  -52.069  -20.166  16.320 0.0000000000
53674  -49.142  -16.577  13.397 0.0000000000
125685  -53.523  -17.193  14.493 0.0000000000
52705  -53.003  -17.280  14.784 0.0000000000
52695  -54.573  -18.191  15.690 0.0000000000
123630  -54.216  -18.973  16.005 0.0000000000
50782  -54.943  -19.344  15.426 0.0000000000
50805  -54.481  -19.447  13.505 0.0000000000
107885  -55.346  -19.479  14.530 0.0000000000
51789  -59.300  -18.627  14.153 0.0000000000
106048  -56.861  -19.553  12.647 0.0000000000
50850  -57.800  -19.590  12.185 0.0000000000
106295  -56.226  -13.169  10.057 0.0000000000
54713  -54.908  -14.598  7.776 0.0000000000
55727  -56.057  -14.161  7.558 0.0000000000
41976  -27.202  -29.976  40.341 0.0000000000
41975  -26.522  -29.889  40.491 0.0000000000
41995  -26.667  -28.880  38.065 0.0000000000
123942  -25.598  -28.660  35.182 0.0000000000
42014  -26.482  -27.834  35.841 0.0000000000
42845  -29.687  -27.494  40.107 0.0000000000
42844  -28.682  -27.339  39.747 0.0000000000
42867  -29.368  -27.376  38.034 0.0000000000
43793  -27.823  -27.120  33.885 0.0000000000
106953  -26.791  -27.771  28.844 0.0000000000
48344  -29.906  -21.699  35.555 0.0000000000
46511  -30.377  -23.490  36.870 0.0000000000
44676  -31.036  -24.819  35.987 0.0000000000
41063  -34.833  -30.028  35.685 0.0000000000
111717  -34.713  -29.648  36.476 0.0000000000
40017  -35.099  -30.769  36.751 0.0000000000
38006  -34.304  -32.203  37.170 0.0000000000
38020  -35.000  -32.737  36.688 0.0000000000
38058  -34.265  -33.140  33.065 0.0000000000
119764  -44.020  -22.769  24.626 0.0000000000
47542  -44.163  -22.278  24.057 0.0000000000
47527  -44.951  -22.721  24.828 0.0000000000
47529  -47.057  -22.707  24.695 0.0000000000
47531  -48.868  -23.153  25.252 0.0000000000
44756  -45.950  -26.397  30.153 0.0000000000
114908  -43.367  -25.483  30.137 0.0000000000
44785  -44.335  -25.294  28.703 0.0000000000
105691  -43.139  -24.291  27.785 0.0000000000
46615  -41.997  -23.621  26.826 0.0000000000
46636  -41.051  -23.471  25.545 0.0000000000
46626  -42.746  -23.512  26.135 0.0000000000
46639  -43.447  -23.399  25.601 0.0000000000
51850  -52.268  -18.869  9.778 0.0000000000
49314  -32.623  -20.548  41.616 0.0000000000
47349  -33.096  -22.626  41.605 0.0000000000
48299  -32.778  -21.887  40.545 0.0000000000
111227  -32.520  -23.110  39.725 0.0000000000
45574  -32.072  -24.422  38.747 0.0000000000
50685  -45.375  -19.286  20.661 0.0000000000
51721  -44.824  -18.938  19.206 0.0000000000
121962  -45.619  -18.977  19.087 0.0000000000
50727  -45.551  -19.170  17.634 0.0000000000
49693  -45.923  -19.976  16.903 0.0000000000
49716  -45.336  -20.632  15.456 0.0000000000
49705  -46.551  -21.020  16.594 0.0000000000
48635  -47.261  -21.713  16.440 0.0000000000
48629  -48.488  -22.713  17.270 0.0000000000
47416  -37.525  -23.014  38.143 0.0000000000
47425  -35.963  -22.441  36.338 0.0000000000
46528  -37.070  -23.431  36.271 0.0000000000
46550  -36.271  -23.432  34.408 0.0000000000
46567  -35.862  -23.645  32.962 0.0000000000
44782  -36.529  -25.450  28.516 0.0000000000
44762  -35.784  -25.358  28.926 0.0000000000
44794  -34.230  -25.420  27.431 0.0000000000
44802  -31.713  -25.579  26.127 0.0000000000
42965  -30.686  -26.860  25.249 0.0000000000
42091  -31.789  -28.953  25.714 0.0000000000
42102  -31.222  -27.752  24.177 0.0000000000
47558  -37.036  -22.961  20.987 0.0000000000
47582  -36.250  -22.536  19.858 0.0000000000
117495  -51.861  -18.713  20.009 0.0000000000
50703  -50.764  -20.271  19.462 0.0000000000
51722  -50.540  -18.591  19.250 0.0000000000
120316  -49.355  -19.278  17.668 0.0000000000
50742  -49.420  -19.365  17.280 0.0000000000
55708  -49.193  -14.606  11.677 0.0000000000
53691  -49.468  -15.990  11.593 0.0000000000
54693  -49.734  -15.512  10.792 0.0000000000
53693  -51.196  -16.424  10.933 0.0000000000
52720  -55.171  -17.244  14.315 0.0000000000
52708  -56.572  -17.907  15.287 0.0000000000
52732  -55.533  -17.236  13.320 0.0000000000
122727  -57.488  -17.538  13.284 0.0000000000
114033  -57.119  -17.601  11.403 0.0000000000
57697  -57.542  -12.489  9.137 0.0000000000
54716  -57.408  -15.049  7.289 0.0000000000
54717  -58.371  -15.286  7.206 0.0000000000
45573  -27.315  -23.829  38.797 0.0000000000
44644  -25.986  -25.138  38.925 0.0000000000
44632  -25.973  -25.693  40.359 0.0000000000
120502  -26.053  -28.765  42.021 0.0000000000
41987  -27.334  -28.344  39.517 0.0000000000
42008  -30.398  -28.706  36.409 0.0000000000
42007  -29.687  -28.136  35.785 0.0000000000
42021  -29.560  -28.668  34.287 0.0000000000
121189  -29.092  -28.709  32.687 0.0000000000
42044  -28.951  -28.955  31.216 0.0000000000
110873  -28.216  -28.447  29.894 0.0000000000
110926  -29.388  -29.500  30.570 0.0000000000
44722  -30.803  -25.633  33.641 0.0000000000
43768  -31.883  -26.169  34.920 0.0000000000
42898  -32.555  -27.276  34.110 0.0000000000
42024  -34.197  -29.193  34.563 0.0000000000
118286  -35.440  -30.976  34.608 0.0000000000
48595  -39.812  -21.208  20.290 0.0000000000
49672  -39.890  -20.760  19.592 0.0000000000
48597  -41.041  -21.123  20.722 0.0000000000
49649  -42.768  -20.674  21.237 0.0000000000
50667  -44.004  -19.826  21.037 0.0000000000
48571  -44.151  -21.179  22.879 0.0000000000
49635  -45.351  -20.230  22.535 0.0000000000
50669  -45.457  -19.508  21.402 0.0000000000
107714  -46.920  -19.388  21.524 0.0000000000
50657  -48.303  -19.513  22.086 0.0000000000
49637  -49.867  -20.137  22.157 0.0000000000
116274  -41.523  -26.608  34.826 0.0000000000
44724  -39.572  -26.043  33.837 0.0000000000
43811  -41.020  -26.541  32.855 0.0000000000
43822  -40.079  -26.008  31.355 0.0000000000
44750  -39.236  -25.637  30.135 0.0000000000
121036  -41.342  -24.956  29.776 0.0000000000
45695  -39.794  -24.740  29.100 0.0000000000
44784  -38.159  -25.150  28.800 0.0000000000
45718  -36.982  -24.871  27.095 0.0000000000
45733  -36.023  -24.808  26.120 0.0000000000
45755  -35.373  -24.346  24.643 0.0000000000
45759  -34.544  -24.356  23.271 0.0000000000
45761  -35.915  -24.060  24.069 0.0000000000
105776  -37.183  -23.695  23.653 0.0000000000
46673  -37.727  -23.385  22.508 0.0000000000
127554  -40.106  -23.441  24.451 0.0000000000
109570  -39.124  -23.361  23.413 0.0000000000
47548  -38.461  -23.069  22.275 0.0000000000
47560  -38.492  -22.577  21.584 0.0000000000
48581  -38.896  -21.923  20.988 0.0000000000
106024  -54.832  -13.140  11.778 0.0000000000
121878  -56.125  -13.321  13.247 0.0000000000
108187  -57.049  -13.362  12.925 0.0000000000
56755  -58.090  -13.055  11.937 0.0000000000
57685  -58.187  -12.204  10.747 0.0000000000
57691  -57.931  -11.967  9.803 0.0000000000
46473  -28.972  -23.454  42.630 0.0000000000
114366  -28.442  -25.982  42.556 0.0000000000
43693  -29.316  -26.160  42.261 0.0000000000
42825  -30.065  -27.294  41.229 0.0000000000
42846  -30.707  -27.901  40.160 0.0000000000
43707  -32.610  -26.096  40.794 0.0000000000
41970  -31.445  -28.229  40.120 0.0000000000
41032  -31.106  -29.144  38.160 0.0000000000
41044  -30.968  -29.398  37.133 0.0000000000
41062  -31.264  -30.237  36.010 0.0000000000
39051  -31.975  -31.278  35.408 0.0000000000
50709  -39.695  -20.036  18.162 0.0000000000
105680  -39.964  -19.206  16.992 0.0000000000
107288  -42.976  -18.564  17.151 0.0000000000
118499  -48.768  -18.653  12.270 0.0000000000
50800  -50.043  -19.365  13.609 0.0000000000
109193  -33.640  -18.306  38.586 0.0000000000
51508  -31.637  -18.891  38.217 0.0000000000
50443  -32.844  -19.765  37.120 0.0000000000
49391  -31.478  -20.398  36.196 0.0000000000
48370  -31.038  -21.377  34.669 0.0000000000
48349  -34.413  -21.811  35.519 0.0000000000
48371  -32.140  -21.639  34.346 0.0000000000
46556  -29.765  -23.243  33.472 0.0000000000
115763  -29.959  -24.475  32.713 0.0000000000
43808  -30.615  -25.803  32.149 0.0000000000
42930  -31.562  -26.972  31.216 0.0000000000
45651  -38.163  -25.251  32.838 0.0000000000
45649  -36.613  -24.232  32.677 0.0000000000
46577  -35.217  -23.768  31.777 0.0000000000
118928  -34.433  -24.600  29.525 0.0000000000
45680  -34.015  -24.207  30.054 0.0000000000
46590  -32.542  -23.763  30.726 0.0000000000
44747  -30.577  -25.045  30.143 0.0000000000
42937  -31.508  -26.927  29.872 0.0000000000
45763  -33.983  -25.157  21.895 0.0000000000
46617  -46.920  -24.757  27.977 0.0000000000
47494  -47.023  -23.370  27.529 0.0000000000
47377  -27.076  -22.215  38.973 0.0000000000
48256  -29.106  -21.624  41.909 0.0000000000
48246  -29.566  -21.562  42.683 0.0000000000
111812  -30.441  -20.612  42.994 0.0000000000
51462  -31.441  -18.114  41.465 0.0000000000
52422  -32.234  -17.181  40.629 0.0000000000
53345  -33.674  -16.870  40.031 0.0000000000
52431  -34.576  -17.611  39.245 0.0000000000
51498  -35.758  -18.840  38.746 0.0000000000
107928  -36.840  -20.031  38.472 0.0000000000
49355  -37.371  -20.545  38.513 0.0000000000
117254  -38.092  -21.057  39.008 0.0000000000
48312  -38.163  -21.653  38.964 0.0000000000
46501  -38.804  -23.306  38.221 0.0000000000
45583  -39.677  -24.398  37.033 0.0000000000
45593  -41.221  -25.152  36.320 0.0000000000
44683  -42.399  -25.934  35.579 0.0000000000
44714  -43.005  -26.251  34.870 0.0000000000
43800  -44.434  -26.479  33.448 0.0000000000
46609  -46.361  -24.457  29.042 0.0000000000
46620  -48.825  -23.476  26.668 0.0000000000
46631  -49.680  -23.027  26.425 0.0000000000
47516  -50.480  -22.565  26.291 0.0000000000
49559  -52.078  -20.810  28.140 0.0000000000
48504  -51.818  -22.042  27.112 0.0000000000
48516  -51.049  -21.923  25.716 0.0000000000
119704  -51.334  -20.689  24.433 0.0000000000
106329  -51.670  -20.753  23.054 0.0000000000
48572  -51.304  -21.772  22.258 0.0000000000
48576  -54.609  -22.020  22.499 0.0000000000
47552  -52.761  -23.165  21.982 0.0000000000
47564  -50.685  -23.668  20.833 0.0000000000
122754  -49.709  -23.495  19.919 0.0000000000
47590  -49.794  -23.254  18.522 0.0000000000
47602  -49.319  -22.938  17.232 0.0000000000
49676  -50.735  -21.622  19.123 0.0000000000
48630  -50.427  -22.162  17.429 0.0000000000
48648  -50.022  -21.931  16.260 0.0000000000
49719  -50.616  -21.342  15.873 0.0000000000
50779  -50.763  -19.802  14.472 0.0000000000
117590  -51.567  -19.525  14.056 0.0000000000
52691  -49.093  -17.981  15.368 0.0000000000
51771  -50.798  -18.642  15.974 0.0000000000
53675  -50.296  -16.767  13.435 0.0000000000
121647  -51.761  -17.580  15.159 0.0000000000
51759  -52.690  -19.323  16.097 0.0000000000
50745  -52.760  -19.741  15.958 0.0000000000
105729  -52.454  -19.689  14.657 0.0000000000
106255  -52.384  -19.224  13.009 0.0000000000
50827  -52.900  -19.131  12.144 0.0000000000
106186  -53.213  -19.078  11.001 0.0000000000
50863  -53.870  -19.231  10.146 0.0000000000
108144  -57.274  -19.308  14.979 0.0000000000
106047  -55.271  -19.415  11.246 0.0000000000
50875  -54.326  -19.350  9.387 0.0000000000
118795  -53.955  -13.912  8.457 0.0000000000
53705  -55.082  -16.551  8.644 0.0000000000
124602  -58.155  -17.958  10.638 0.0000000000
53711  -57.485  -16.734  8.014 0.0000000000
51838  -58.557  -18.184  10.152 0.0000000000
50833  -60.624  -19.002  12.613 0.0000000000
43727  -25.062  -27.107  40.069 0.0000000000
123270  -28.178  -27.599  41.616 0.0000000000
42843  -27.866  -27.585  39.576 0.0000000000
42865  -27.750  -27.424  37.580 0.0000000000
42890  -28.910  -27.465  35.613 0.0000000000
43754  -27.947  -27.179  35.820 0.0000000000
42888  -26.924  -27.320  35.436 0.0000000000
42895  -26.383  -27.209  34.131 0.0000000000
112631  -30.291  -21.113  37.767 0.0000000000
45580  -31.439  -24.455  37.876 0.0000000000
43747  -33.537  -27.051  37.905 0.0000000000
42882  -33.048  -27.236  36.000 0.0000000000
42009  -34.354  -28.310  37.309 0.0000000000
41990  -34.273  -29.128  38.331 0.0000000000
40007  -33.371  -31.048  38.094 0.0000000000
39034  -32.540  -31.608  36.189 0.0000000000
121110  -32.625  -31.645  34.152 0.0000000000
39054  -36.348  -31.611  33.901 0.0000000000
38033  -36.465  -32.318  34.958 0.0000000000
37170  -35.521  -33.267  36.125 0.0000000000
38041  -34.574  -33.102  35.197 0.0000000000
121737  -33.297  -32.100  34.039 0.0000000000
39071  -32.320  -31.635  32.568 0.0000000000
45739  -47.176  -24.949  26.703 0.0000000000
44798  -45.897  -25.367  27.675 0.0000000000
45727  -46.689  -25.226  27.227 0.0000000000
123710  -50.015  -18.523  11.529 0.0000000000
51823  -50.694  -18.605  11.534 0.0000000000
52428  -31.908  -18.120  39.417 0.0000000000
50406  -31.069  -19.243  39.129 0.0000000000
51494  -31.436  -18.673  38.892 0.0000000000
111029  -37.682  -20.567  18.195 0.0000000000
111327  -38.355  -20.650  18.649 0.0000000000
49662  -48.501  -20.586  20.461 0.0000000000
48611  -48.153  -21.491  19.273 0.0000000000
44680  -39.787  -25.445  36.259 0.0000000000
44679  -38.985  -25.280  36.152 0.0000000000
44700  -39.676  -25.844  35.578 0.0000000000
45743  -33.782  -24.860  24.722 0.0000000000
110788  -37.069  -21.491  19.332 0.0000000000
48620  -37.538  -21.022  18.891 0.0000000000
106470  -52.909  -13.142  11.658 0.0000000000
56760  -51.633  -13.581  10.511 0.0000000000
56761  -52.455  -13.463  10.184 0.0000000000
55716  -52.045  -14.348  9.331 0.0000000000
56769  -52.661  -13.819  9.306 0.0000000000
45556  -28.183  -24.283  42.256 0.0000000000
45546  -27.451  -25.232  42.326 0.0000000000
45547  -27.868  -25.071  42.472 0.0000000000
40050  -30.693  -30.326  33.239 0.0000000000
40067  -31.164  -30.762  32.677 0.0000000000
42046  -33.329  -28.541  31.252 0.0000000000
42039  -33.409  -28.544  32.156 0.0000000000
41095  -33.960  -29.068  31.610 0.0000000000
48551  -42.929  -21.940  23.130 0.0000000000
48535  -48.481  -22.082  24.695 0.0000000000
48555  -47.097  -20.841  23.898 0.0000000000
49617  -48.786  -20.058  23.882 0.0000000000
49596  -49.053  -21.033  24.491 0.0000000000
43827  -44.602  -26.549  31.677 0.0000000000
43826  -43.741  -26.408  31.582 0.0000000000
46614  -41.054  -23.656  27.076 0.0000000000
46613  -40.111  -23.806  27.212 0.0000000000
46624  -39.612  -23.722  26.373 0.0000000000
46623  -38.711  -23.987  26.487 0.0000000000
108577  -39.008  -23.737  25.712 0.0000000000
125079  -38.500  -23.749  25.250 0.0000000000
47525  -42.867  -22.778  24.179 0.0000000000
47550  -41.295  -22.343  22.737 0.0000000000
47328  -31.791  -21.787  42.571 0.0000000000
46476  -31.904  -23.356  42.226 0.0000000000
47336  -32.572  -22.465  42.146 0.0000000000
43728  -33.538  -26.760  39.531 0.0000000000
42847  -33.451  -27.538  39.644 0.0000000000
109895  -33.333  -28.446  39.483 0.0000000000
41034  -33.154  -29.832  38.979 0.0000000000
41989  -33.772  -28.986  38.987 0.0000000000
50683  -43.737  -19.564  20.333 0.0000000000
50697  -42.626  -19.580  19.464 0.0000000000
50698  -43.441  -19.347  19.607 0.0000000000
50759  -44.557  -19.852  15.592 0.0000000000
120209  -43.888  -19.053  15.980 0.0000000000
48659  -47.602  -21.442  15.142 0.0000000000
48660  -48.407  -21.284  15.143 0.0000000000
48322  -35.921  -21.477  37.380 0.0000000000
46565  -34.252  -23.054  32.795 0.0000000000
47461  -33.404  -22.815  32.899 0.0000000000
46564  -32.775  -23.139  32.118 0.0000000000
46563  -31.746  -23.122  32.111 0.0000000000
44749  -37.801  -25.604  30.183 0.0000000000
45684  -37.246  -25.313  30.679 0.0000000000
44748  -37.035  -25.483  29.876 0.0000000000
44790  -30.789  -25.942  26.869 0.0000000000
44791  -30.997  -25.642  27.227 0.0000000000
43844  -30.737  -26.398  27.301 0.0000000000
42952  -31.050  -27.210  27.626 0.0000000000
46678  -36.366  -23.780  21.799 0.0000000000
109450  -35.972  -24.054  21.121 0.0000000000
49601  -55.096  -21.047  24.979 0.0000000000
51714  -52.710  -18.832  20.359 0.0000000000
50691  -53.632  -19.566  20.664 0.0000000000
49666  -53.617  -20.820  20.757 0.0000000000
49665  -52.742  -21.302  20.450 0.0000000000
113278  -52.227  -22.069  20.260 0.0000000000
49664  -51.867  -21.055  20.175 0.0000000000
50743  -50.421  -20.156  17.264 0.0000000000
109982  -50.574  -20.929  17.599 0.0000000000
49707  -51.594  -20.806  16.529 0.0000000000
55695  -48.866  -14.353  12.643 0.0000000000
54679  -48.197  -15.200  13.048 0.0000000000
53681  -48.456  -15.890  13.097 0.0000000000
54680  -48.761  -15.496  12.253 0.0000000000
52707  -54.866  -17.545  15.210 0.0000000000
52706  -53.948  -17.438  15.133 0.0000000000
51775  -55.015  -18.776  15.866 0.0000000000
50763  -55.514  -18.911  15.905 0.0000000000
123087  -55.755  -19.224  15.656 0.0000000000
51776  -56.064  -18.870  15.822 0.0000000000
52723  -59.532  -18.320  13.851 0.0000000000
50831  -59.373  -19.327  13.361 0.0000000000
50832  -60.350  -19.020  13.075 0.0000000000
56785  -55.653  -13.862  7.774 0.0000000000
56786  -56.265  -13.729  7.789 0.0000000000
45579  -26.240  -24.190  37.108 0.0000000000
41986  -27.053  -29.654  39.320 0.0000000000
42006  -26.450  -28.449  36.772 0.0000000000
42856  -30.243  -27.749  38.637 0.0000000000
42855  -29.498  -27.371  39.060 0.0000000000
42881  -29.636  -27.604  37.241 0.0000000000
42929  -26.886  -27.582  29.806 0.0000000000
47430  -29.702  -22.284  35.324 0.0000000000
46527  -30.050  -23.527  36.018 0.0000000000
45604  -30.401  -24.241  35.597 0.0000000000
123883  -35.260  -30.758  35.274 0.0000000000
41057  -35.037  -30.296  36.017 0.0000000000
40022  -35.372  -30.992  35.865 0.0000000000
124480  -35.023  -32.263  37.099 0.0000000000
38007  -35.524  -32.475  36.515 0.0000000000
46657  -44.189  -23.177  25.219 0.0000000000
46658  -45.896  -23.266  25.204 0.0000000000
46642  -47.256  -24.101  25.349 0.0000000000
46659  -46.722  -23.339  25.025 0.0000000000
46660  -47.562  -23.585  25.011 0.0000000000
47530  -47.985  -22.982  24.761 0.0000000000
47513  -48.347  -23.777  25.351 0.0000000000
44772  -45.707  -26.084  29.522 0.0000000000
44771  -44.724  -25.709  29.477 0.0000000000
115939  -45.327  -25.650  28.872 0.0000000000
45725  -43.922  -24.333  27.239 0.0000000000
45714  -44.092  -24.792  27.971 0.0000000000
45724  -42.382  -23.979  27.536 0.0000000000
46637  -41.916  -23.449  25.816 0.0000000000
46656  -43.311  -23.068  24.793 0.0000000000
52770  -49.055  -17.908  9.582 0.0000000000
49329  -32.512  -20.293  41.304 0.0000000000
48287  -33.047  -21.544  41.254 0.0000000000
48286  -32.499  -20.950  40.729 0.0000000000
47380  -31.317  -21.630  39.281 0.0000000000
47381  -32.066  -22.310  39.686 0.0000000000
47396  -31.657  -23.056  39.135 0.0000000000
45575  -32.948  -24.738  39.386 0.0000000000
50736  -37.429  -19.822  16.574 0.0000000000
50686  -46.135  -19.222  20.413 0.0000000000
51712  -45.504  -19.098  19.831 0.0000000000
50701  -46.143  -19.148  19.636 0.0000000000
50713  -46.558  -19.507  18.517 0.0000000000
50728  -46.278  -19.640  17.753 0.0000000000
50726  -45.245  -19.269  16.933 0.0000000000
124681  -46.559  -20.460  17.268 0.0000000000
48621  -47.998  -21.868  18.532 0.0000000000
49695  -47.171  -21.308  17.263 0.0000000000
48628  -47.871  -22.093  17.690 0.0000000000
115371  -47.736  -22.150  16.981 0.0000000000
46513  -37.906  -23.752  37.707 0.0000000000
47427  -37.327  -23.312  37.258 0.0000000000
46529  -37.738  -24.016  36.722 0.0000000000
45621  -37.682  -24.287  35.026 0.0000000000
46540  -36.864  -23.579  35.217 0.0000000000
46551  -37.003  -23.980  34.249 0.0000000000
46549  -35.716  -23.294  33.759 0.0000000000
46559  -36.433  -23.802  33.570 0.0000000000
119063  -35.785  -25.423  27.328 0.0000000000
44795  -35.135  -25.482  27.417 0.0000000000
112985  -34.745  -25.471  26.871 0.0000000000
44810  -32.095  -25.560  25.393 0.0000000000
44803  -32.786  -25.438  26.273 0.0000000000
43851  -30.967  -26.431  24.966 0.0000000000
42958  -30.881  -27.580  24.932 0.0000000000
42966  -30.810  -27.012  24.401 0.0000000000
110131  -36.840  -22.584  20.431 0.0000000000
51723  -51.362  -18.199  19.627 0.0000000000
111512  -49.033  -17.851  17.651 0.0000000000
51734  -49.368  -18.674  18.120 0.0000000000
51745  -48.952  -18.722  17.360 0.0000000000
51756  -48.946  -18.757  16.713 0.0000000000
113305  -51.743  -13.154  12.384 0.0000000000
56706  -51.472  -13.113  13.201 0.0000000000
56727  -51.002  -13.300  12.285 0.0000000000
55709  -49.918  -14.142  11.231 0.0000000000
54696  -49.637  -14.861  10.830 0.0000000000
53697  -51.326  -16.033  9.889 0.0000000000
54698  -50.716  -15.449  9.887 0.0000000000
52744  -52.287  -16.821  11.400 0.0000000000
52730  -53.605  -17.120  12.849 0.0000000000
52745  -53.187  -17.099  11.701 0.0000000000
52731  -54.554  -17.152  13.125 0.0000000000
52746  -54.080  -17.237  11.949 0.0000000000
52760  -54.261  -17.079  9.928 0.0000000000
119465  -54.601  -17.301  11.073 0.0000000000
52747  -55.534  -17.369  11.420 0.0000000000
52748  -56.590  -17.456  12.094 0.0000000000
52762  -56.232  -17.476  10.677 0.0000000000
56780  -57.800  -12.806  8.131 0.0000000000
55729  -58.074  -14.392  7.291 0.0000000000
45568  -27.451  -24.203  39.510 0.0000000000
45567  -26.849  -24.771  39.581 0.0000000000
45561  -26.835  -25.136  40.860 0.0000000000
43702  -26.294  -27.448  42.540 0.0000000000
42822  -26.287  -28.400  42.341 0.0000000000
41964  -26.645  -29.081  41.764 0.0000000000
41969  -27.058  -28.962  41.600 0.0000000000
42015  -30.351  -29.058  35.502 0.0000000000
110284  -29.785  -28.645  35.005 0.0000000000
41069  -30.232  -29.404  34.515 0.0000000000
41086  -29.668  -29.391  32.922 0.0000000000
42037  -28.835  -28.663  31.982 0.0000000000
116142  -29.546  -29.552  31.333 0.0000000000
40101  -30.433  -30.487  30.409 0.0000000000
40100  -29.857  -30.032  30.037 0.0000000000
43795  -31.471  -26.455  33.418 0.0000000000
112505  -31.478  -26.111  34.158 0.0000000000
42906  -32.055  -27.004  33.555 0.0000000000
41081  -34.841  -29.854  33.087 0.0000000000
41080  -34.122  -29.205  33.567 0.0000000000
113802  -34.743  -29.868  34.171 0.0000000000
41071  -35.170  -30.454  34.748 0.0000000000
40038  -35.680  -31.067  34.185 0.0000000000
48596  -40.341  -21.284  20.688 0.0000000000
49632  -43.073  -21.071  21.928 0.0000000000
49648  -41.938  -20.790  20.858 0.0000000000
49661  -43.277  -20.145  20.807 0.0000000000
49650  -43.535  -20.462  21.481 0.0000000000
47543  -45.133  -22.036  24.160 0.0000000000
118441  -44.547  -21.590  23.531 0.0000000000
48553  -45.345  -21.335  23.640 0.0000000000
49615  -46.505  -20.268  23.252 0.0000000000
49614  -45.698  -20.588  23.173 0.0000000000
50653  -45.052  -19.914  21.886 0.0000000000
50654  -45.791  -19.635  21.977 0.0000000000
50655  -46.569  -19.496  22.020 0.0000000000
50640  -48.613  -19.539  23.043 0.0000000000
112949  -49.267  -19.634  22.506 0.0000000000
50672  -49.049  -19.869  21.717 0.0000000000
43786  -41.978  -26.796  34.309 0.0000000000
110490  -41.451  -26.844  34.149 0.0000000000
125292  -41.464  -26.810  33.560 0.0000000000
44741  -41.469  -26.093  31.548 0.0000000000
43823  -40.850  -26.237  31.848 0.0000000000
113738  -39.297  -25.870  30.919 0.0000000000
44751  -40.003  -25.707  30.511 0.0000000000
44768  -42.090  -25.100  29.954 0.0000000000
45697  -41.727  -24.589  29.211 0.0000000000
45709  -39.551  -24.404  28.413 0.0000000000
45694  -38.986  -24.898  28.946 0.0000000000
45707  -37.892  -24.881  28.034 0.0000000000
44797  -37.133  -25.167  27.855 0.0000000000
45719  -37.625  -24.669  27.385 0.0000000000
45747  -37.353  -24.183  25.732 0.0000000000
45734  -36.803  -24.578  26.328 0.0000000000
45746  -36.531  -24.381  25.562 0.0000000000
45745  -35.716  -24.560  25.399 0.0000000000
45756  -36.230  -24.217  24.812 0.0000000000
121223  -35.146  -24.189  23.941 0.0000000000
120540  -37.232  -23.617  23.057 0.0000000000
46664  -37.790  -23.546  23.348 0.0000000000
110604  -40.781  -23.415  24.636 0.0000000000
47537  -39.918  -23.118  23.111 0.0000000000
46675  -39.110  -23.093  22.681 0.0000000000
120923  -38.997  -22.734  22.117 0.0000000000
48567  -40.927  -21.916  22.023 0.0000000000
48582  -39.737  -21.635  21.055 0.0000000000
122603  -39.222  -21.492  20.479 0.0000000000
56690  -57.721  -13.605  14.724 0.0000000000
56712  -58.020  -13.481  13.605 0.0000000000
121655  -57.820  -13.323  12.641 0.0000000000
56732  -58.677  -13.219  12.924 0.0000000000
57675  -58.586  -12.497  11.607 0.0000000000
58551  -58.988  -11.896  11.355 0.0000000000
58571  -58.510  -11.450  10.535 0.0000000000
46474  -29.424  -23.042  42.674 0.0000000000
45548  -29.268  -24.710  42.605 0.0000000000
45549  -30.071  -24.217  42.474 0.0000000000
44608  -30.894  -25.810  41.700 0.0000000000
43706  -30.574  -26.762  41.456 0.0000000000
42834  -30.893  -27.689  40.541 0.0000000000
42826  -31.172  -27.305  40.890 0.0000000000
45558  -32.864  -24.574  41.184 0.0000000000
44621  -33.163  -25.198  40.664 0.0000000000
41980  -32.698  -28.711  39.663 0.0000000000
41971  -32.296  -28.123  40.160 0.0000000000
41979  -31.909  -28.794  39.706 0.0000000000
41988  -31.487  -29.175  39.095 0.0000000000
41045  -31.568  -29.994  37.808 0.0000000000
40021  -32.045  -30.866  36.999 0.0000000000
41055  -31.480  -30.222  36.862 0.0000000000
107820  -31.641  -30.670  36.325 0.0000000000
40026  -31.454  -30.657  35.449 0.0000000000
39033  -32.009  -31.165  36.287 0.0000000000
49682  -39.928  -20.402  18.845 0.0000000000
50725  -41.747  -19.078  18.114 0.0000000000
105633  -40.997  -19.384  18.094 0.0000000000
51740  -41.168  -19.037  17.565 0.0000000000
51732  -44.324  -18.776  18.364 0.0000000000
51731  -43.596  -18.795  18.402 0.0000000000
107075  -43.720  -18.646  17.713 0.0000000000
51767  -42.413  -18.797  15.682 0.0000000000
49717  -46.026  -21.168  15.304 0.0000000000
119348  -46.265  -21.136  14.640 0.0000000000
115228  -47.685  -19.177  12.960 0.0000000000
50777  -49.009  -19.576  13.727 0.0000000000
50824  -48.522  -19.074  12.950 0.0000000000
115571  -49.507  -18.919  12.799 0.0000000000
51511  -33.841  -18.939  38.109 0.0000000000
51510  -32.919  -19.079  37.805 0.0000000000
114192  -33.565  -19.518  37.574 0.0000000000
49393  -33.426  -20.540  36.578 0.0000000000
110466  -32.168  -20.765  35.716 0.0000000000
48346  -31.271  -20.848  35.486 0.0000000000
48347  -32.053  -21.195  35.047 0.0000000000
48350  -35.207  -22.134  35.929 0.0000000000
47431  -35.015  -22.362  35.128 0.0000000000
47451  -32.773  -22.426  33.406 0.0000000000
47441  -33.127  -22.027  34.141 0.0000000000
48389  -32.270  -22.066  33.779 0.0000000000
48388  -31.374  -21.923  33.866 0.0000000000
47449  -30.832  -22.401  33.315 0.0000000000
45646  -29.767  -23.830  33.000 0.0000000000
46557  -30.050  -23.398  32.698 0.0000000000
45662  -30.447  -24.444  31.384 0.0000000000
44730  -30.200  -24.888  31.847 0.0000000000
43820  -30.581  -25.607  31.291 0.0000000000
43832  -30.982  -26.294  30.881 0.0000000000
44733  -39.636  -26.005  32.870 0.0000000000
44723  -38.889  -25.597  33.281 0.0000000000
45665  -36.626  -24.814  31.071 0.0000000000
125006  -36.960  -24.642  32.177 0.0000000000
45648  -35.938  -23.956  32.190 0.0000000000
45663  -35.133  -24.098  30.966 0.0000000000
44761  -35.163  -25.259  28.643 0.0000000000
45691  -35.098  -24.948  29.276 0.0000000000
45706  -34.388  -24.934  28.823 0.0000000000
45689  -32.645  -24.397  29.282 0.0000000000
45679  -33.034  -24.050  30.001 0.0000000000
46591  -33.568  -23.841  30.717 0.0000000000
45678  -31.846  -24.128  29.981 0.0000000000
118862  -31.086  -24.267  30.384 0.0000000000
109614  -31.051  -24.582  29.734 0.0000000000
42945  -31.540  -27.112  29.103 0.0000000000
43839  -30.953  -26.288  29.232 0.0000000000
42938  -32.096  -27.610  29.749 0.0000000000
42055  -32.637  -28.241  29.628 0.0000000000
45758  -33.683  -24.810  22.707 0.0000000000
45764  -34.517  -24.570  22.287 0.0000000000
48296  -26.500  -21.704  39.503 0.0000000000
49297  -29.540  -20.745  42.543 0.0000000000
50366  -31.734  -19.244  41.647 0.0000000000
113678  -35.402  -17.157  39.729 0.0000000000
51484  -35.579  -17.975  39.141 0.0000000000
48325  -38.595  -21.242  38.072 0.0000000000
49374  -38.424  -20.291  38.242 0.0000000000
48324  -38.315  -21.170  38.824 0.0000000000
47399  -38.374  -22.519  38.577 0.0000000000
47400  -39.001  -22.654  38.341 0.0000000000
47428  -40.404  -23.446  36.362 0.0000000000
46516  -40.019  -23.811  37.126 0.0000000000
45592  -40.350  -24.643  36.680 0.0000000000
45594  -42.075  -25.246  36.064 0.0000000000
44702  -43.084  -25.707  35.241 0.0000000000
44715  -43.748  -25.800  34.863 0.0000000000
44725  -45.165  -25.974  33.692 0.0000000000
43801  -45.181  -26.363  33.072 0.0000000000
47483  -46.400  -23.734  28.422 0.0000000000
47495  -47.941  -23.121  27.176 0.0000000000
46619  -48.048  -23.876  26.882 0.0000000000
116966  -50.250  -22.249  27.010 0.0000000000
47496  -49.711  -22.781  26.677 0.0000000000
47497  -50.400  -22.133  26.952 0.0000000000
46645  -49.856  -23.016  26.313 0.0000000000
47505  -50.213  -22.495  26.667 0.0000000000
108854  -53.477  -21.506  26.776 0.0000000000
48505  -52.649  -21.859  27.207 0.0000000000
116714  -52.374  -21.968  26.676 0.0000000000
48517  -51.606  -22.013  26.386 0.0000000000
48538  -51.783  -21.247  25.230 0.0000000000
48537  -50.845  -21.224  24.917 0.0000000000
119786  -52.616  -21.217  25.071 0.0000000000
48556  -53.326  -21.290  23.574 0.0000000000
49619  -52.331  -20.728  23.755 0.0000000000
49639  -52.714  -21.400  23.054 0.0000000000
48573  -52.253  -22.183  22.461 0.0000000000
50693  -55.528  -18.819  21.164 0.0000000000
49640  -56.015  -20.954  22.418 0.0000000000
48589  -55.411  -21.359  22.124 0.0000000000
47578  -53.287  -23.057  21.113 0.0000000000
47567  -53.618  -23.034  21.662 0.0000000000
47566  -52.774  -23.282  21.428 0.0000000000
47565  -51.451  -23.664  21.147 0.0000000000
47575  -50.065  -23.593  20.423 0.0000000000
47576  -50.728  -23.997  20.232 0.0000000000
48614  -50.729  -23.090  19.136 0.0000000000
47586  -50.463  -23.534  19.433 0.0000000000
47594  -49.135  -23.244  17.870 0.0000000000
47595  -49.660  -23.094  17.750 0.0000000000
49706  -51.043  -21.413  17.008 0.0000000000
116965  -50.293  -22.087  16.725 0.0000000000
48649  -50.784  -21.557  16.462 0.0000000000
49737  -51.955  -20.618  15.884 0.0000000000
49736  -51.258  -20.675  15.543 0.0000000000
52703  -48.962  -17.416  14.680 0.0000000000
120191  -50.017  -18.162  15.454 0.0000000000
109365  -50.628  -16.513  11.841 0.0000000000
53683  -50.073  -16.521  12.545 0.0000000000
52693  -52.655  -17.779  15.380 0.0000000000
52704  -51.971  -17.200  14.632 0.0000000000
51772  -52.059  -18.455  15.808 0.0000000000
50746  -53.482  -19.119  15.973 0.0000000000
106599  -53.950  -19.581  15.118 0.0000000000
50781  -53.135  -19.699  15.288 0.0000000000
50803  -52.999  -19.495  14.082 0.0000000000
50802  -52.138  -19.391  13.718 0.0000000000
50826  -51.918  -18.921  12.213 0.0000000000
105929  -53.123  -19.316  13.116 0.0000000000
106052  -53.723  -19.343  12.756 0.0000000000
50847  -53.827  -19.250  11.806 0.0000000000
50848  -54.571  -19.354  11.711 0.0000000000
108142  -57.229  -17.939  15.058 0.0000000000
50784  -57.090  -19.096  15.564 0.0000000000
50785  -57.990  -18.983  15.269 0.0000000000
50849  -56.411  -19.511  11.536 0.0000000000
123719  -55.922  -19.492  12.076 0.0000000000
106023  -54.939  -13.185  11.002 0.0000000000
56770  -54.119  -13.408  9.503 0.0000000000
105550  -54.006  -13.630  8.788 0.0000000000
53710  -55.685  -16.359  8.196 0.0000000000
54710  -55.068  -15.674  7.921 0.0000000000
52784  -55.882  -17.061  8.847 0.0000000000
52763  -57.217  -17.695  10.532 0.0000000000
52774  -57.592  -17.770  9.591 0.0000000000
53716  -57.834  -15.965  7.455 0.0000000000
53715  -56.922  -15.848  7.573 0.0000000000
124089  -58.296  -17.169  8.140 0.0000000000
51852  -59.502  -18.561  9.901 0.0000000000
51825  -60.518  -18.796  12.445 0.0000000000
44631  -25.335  -26.505  40.324 0.0000000000
44643  -25.261  -25.687  38.833 0.0000000000
42842  -25.220  -27.823  40.650 0.0000000000
41043  -26.638  -30.399  38.810 0.0000000000
41022  -26.853  -30.337  39.802 0.0000000000
41052  -25.952  -30.192  36.889 0.0000000000
41068  -25.158  -29.180  34.905 0.0000000000
42019  -24.777  -28.810  34.119 0.0000000000
43704  -28.734  -26.790  42.192 0.0000000000
42824  -28.200  -27.453  42.044 0.0000000000
42854  -28.580  -27.273  38.741 0.0000000000
127505  -27.958  -27.614  40.474 0.0000000000
42853  -27.787  -27.544  38.565 0.0000000000
123045  -28.342  -27.176  37.049 0.0000000000
42891  -29.268  -27.972  34.927 0.0000000000
42896  -28.593  -27.452  34.783 0.0000000000
43792  -27.349  -27.031  33.315 0.0000000000
43781  -28.005  -27.096  34.566 0.0000000000
43780  -27.424  -27.005  34.214 0.0000000000
42889  -27.483  -27.279  35.822 0.0000000000
43765  -26.891  -27.064  34.610 0.0000000000
41106  -28.656  -28.931  29.545 0.0000000000
109556  -28.176  -28.578  29.044 0.0000000000
50441  -31.230  -19.386  37.653 0.0000000000
50440  -30.723  -19.696  37.817 0.0000000000
49370  -30.467  -20.339  37.604 0.0000000000
45589  -31.191  -24.711  36.894 0.0000000000
46512  -30.821  -23.576  37.709 0.0000000000
44661  -31.813  -25.297  37.416 0.0000000000
44662  -32.523  -25.899  37.824 0.0000000000
43746  -32.876  -26.499  37.353 0.0000000000
111518  -32.846  -27.266  35.048 0.0000000000
43769  -32.447  -26.691  35.491 0.0000000000
42892  -33.504  -27.849  35.535 0.0000000000
113996  -34.730  -29.336  37.103 0.0000000000
126810  -34.325  -28.406  36.760 0.0000000000
41998  -34.544  -28.894  37.607 0.0000000000
42870  -33.929  -27.661  37.590 0.0000000000
41046  -34.537  -29.703  37.818 0.0000000000
40008  -34.076  -30.514  38.264 0.0000000000
39000  -34.149  -31.176  37.951 0.0000000000
38019  -33.939  -32.404  36.623 0.0000000000
39018  -33.117  -31.865  36.803 0.0000000000
39035  -33.153  -32.096  35.992 0.0000000000
39052  -32.556  -31.674  35.235 0.0000000000
38042  -36.603  -32.053  34.190 0.0000000000
37173  -36.822  -32.972  34.635 0.0000000000
122627  -36.005  -34.232  34.904 0.0000000000
114274  -36.010  -33.797  35.561 0.0000000000
37181  -35.257  -33.420  35.652 0.0000000000
38048  -34.487  -33.134  34.117 0.0000000000
38057  -33.572  -32.603  32.586 0.0000000000
38047  -33.763  -32.537  33.539 0.0000000000
38046  -33.011  -31.950  33.153 0.0000000000
45748  -46.050  -24.093  25.672 0.0000000000
45749  -46.935  -24.491  25.857 0.0000000000
45750  -47.716  -24.555  25.971 0.0000000000
44788  -46.333  -25.603  28.869 0.0000000000
44787  -45.793  -25.591  28.493 0.0000000000
45726  -44.893  -24.913  27.405 0.0000000000
45737  -44.662  -24.365  26.710 0.0000000000
45736  -43.852  -23.940  26.632 0.0000000000
46629  -45.392  -24.242  26.174 0.0000000000
51821  -48.792  -18.394  11.573 0.0000000000
117160  -49.449  -18.376  11.159 0.0000000000
51834  -49.439  -18.174  10.255 0.0000000000
121508  -50.181  -18.375  9.949 0.0000000000
118294  -51.142  -18.610  10.883 0.0000000000
126612  -51.808  -18.691  10.953 0.0000000000
51473  -31.645  -18.514  40.577 0.0000000000
49328  -31.921  -20.054  40.500 0.0000000000
108353  -31.489  -19.210  40.088 0.0000000000
49340  -31.259  -19.915  39.609 0.0000000000
49339  -31.056  -20.749  39.254 0.0000000000
50723  -38.739  -19.725  17.207 0.0000000000
50687  -47.441  -19.531  20.618 0.0000000000
105866  -46.776  -19.328  20.114 0.0000000000
50702  -47.438  -19.817  19.701 0.0000000000
50714  -47.202  -19.994  18.749 0.0000000000
49674  -47.705  -20.767  19.047 0.0000000000
48612  -48.486  -22.536  19.014 0.0000000000
45590  -38.823  -24.731  36.749 0.0000000000
119378  -38.363  -24.645  36.426 0.0000000000
45606  -38.375  -24.900  35.603 0.0000000000
45622  -38.328  -24.972  34.616 0.0000000000
45732  -34.717  -25.262  26.209 0.0000000000
44811  -32.986  -25.306  25.132 0.0000000000
44815  -32.273  -25.520  24.521 0.0000000000
43853  -31.216  -26.511  24.099 0.0000000000
43854  -31.650  -26.537  23.334 0.0000000000
43858  -32.213  -26.481  22.728 0.0000000000
48593  -37.763  -21.874  20.323 0.0000000000
47583  -37.059  -21.982  19.980 0.0000000000
56748  -51.489  -13.342  11.468 0.0000000000
56747  -50.799  -13.801  10.763 0.0000000000
124931  -51.138  -14.051  10.146 0.0000000000
55713  -51.268  -14.566  9.689 0.0000000000
53698  -52.329  -16.323  9.842 0.0000000000
52759  -53.683  -17.119  10.871 0.0000000000
105802  -52.822  -16.032  9.247 0.0000000000
54705  -52.570  -15.276  8.832 0.0000000000
110475  -53.731  -16.361  9.127 0.0000000000
44620  -26.962  -25.385  41.926 0.0000000000
44607  -26.816  -26.000  42.479 0.0000000000
43692  -26.829  -27.143  42.615 0.0000000000
41078  -30.328  -29.802  33.637 0.0000000000
41087  -30.199  -29.864  32.944 0.0000000000
119790  -29.964  -29.757  32.394 0.0000000000
41094  -29.996  -29.882  31.748 0.0000000000
40083  -30.486  -30.425  31.336 0.0000000000
42915  -32.318  -27.541  32.361 0.0000000000
42907  -32.440  -27.481  33.201 0.0000000000
42038  -32.910  -27.998  32.697 0.0000000000
41079  -34.060  -29.118  32.553 0.0000000000
48584  -41.414  -21.390  21.464 0.0000000000
48568  -41.761  -21.733  22.221 0.0000000000
48569  -42.590  -21.579  22.427 0.0000000000
48533  -46.571  -21.800  24.336 0.0000000000
127511  -47.219  -19.926  23.277 0.0000000000
50638  -46.923  -19.648  22.687 0.0000000000
49616  -47.916  -19.974  23.584 0.0000000000
50641  -49.459  -19.702  23.307 0.0000000000
125342  -42.269  -26.652  32.525 0.0000000000
43825  -42.946  -26.546  32.145 0.0000000000
44742  -42.173  -26.252  31.770 0.0000000000
44753  -41.950  -25.656  30.905 0.0000000000
45712  -42.281  -24.299  28.385 0.0000000000
45711  -41.246  -24.231  28.504 0.0000000000
45722  -40.749  -23.955  27.834 0.0000000000
116632  -40.047  -24.062  27.948 0.0000000000
45721  -39.372  -24.136  27.711 0.0000000000
45720  -38.464  -24.308  27.363 0.0000000000
121952  -37.849  -23.867  25.111 0.0000000000
46651  -38.418  -23.652  24.600 0.0000000000
46668  -41.282  -23.232  23.970 0.0000000000
47538  -40.845  -22.944  23.266 0.0000000000
47549  -40.452  -22.534  22.547 0.0000000000
46475  -30.389  -23.416  42.607 0.0000000000
45550  -31.199  -24.166  42.149 0.0000000000
44609  -31.904  -25.705  41.260 0.0000000000
44633  -33.452  -25.148  40.113 0.0000000000
44622  -33.279  -26.010  40.322 0.0000000000
42837  -33.351  -26.804  40.072 0.0000000000
121219  -32.953  -28.103  39.887 0.0000000000
41023  -32.389  -29.455  39.263 0.0000000000
124864  -32.484  -30.028  38.733 0.0000000000
40015  -32.561  -30.951  37.735 0.0000000000
49660  -42.243  -20.254  20.042 0.0000000000
125672  -41.754  -19.866  19.277 0.0000000000
111849  -42.294  -19.264  18.761 0.0000000000
51730  -42.801  -18.760  18.077 0.0000000000
51755  -43.848  -18.685  16.848 0.0000000000
51768  -43.194  -19.171  15.475 0.0000000000
48658  -46.785  -21.416  15.181 0.0000000000
49732  -47.063  -21.042  14.587 0.0000000000
49749  -47.494  -20.317  14.091 0.0000000000
49750  -48.277  -20.119  14.161 0.0000000000
50445  -35.301  -20.022  38.008 0.0000000000
50444  -34.360  -19.715  37.732 0.0000000000
49372  -34.778  -20.457  37.406 0.0000000000
49394  -34.317  -20.849  36.758 0.0000000000
49415  -33.920  -21.226  36.133 0.0000000000
47444  -35.530  -22.884  34.595 0.0000000000
47443  -34.771  -22.531  34.379 0.0000000000
47453  -34.341  -22.717  33.565 0.0000000000
47452  -33.563  -22.455  33.652 0.0000000000
46562  -30.759  -23.218  32.239 0.0000000000
46573  -31.113  -23.533  31.523 0.0000000000
46588  -30.787  -24.088  31.042 0.0000000000
44740  -38.641  -25.776  31.392 0.0000000000
44731  -38.005  -25.420  31.932 0.0000000000
45682  -35.933  -24.727  30.502 0.0000000000
44780  -33.161  -25.093  27.836 0.0000000000
45705  -33.391  -24.750  28.663 0.0000000000
44779  -31.996  -25.006  27.853 0.0000000000
122979  -31.594  -24.837  28.518 0.0000000000
44778  -31.084  -24.906  28.978 0.0000000000
44759  -30.915  -25.342  28.786 0.0000000000
43842  -30.915  -26.498  28.281 0.0000000000
51486  -37.113  -18.292  39.041 0.0000000000
48336  -38.991  -21.036  36.669 0.0000000000
118725  -39.190  -22.239  37.749 0.0000000000
123728  -39.545  -21.880  36.251 0.0000000000
45624  -44.312  -24.937  34.711 0.0000000000
49556  -48.518  -20.972  27.283 0.0000000000
49557  -49.905  -20.904  27.431 0.0000000000
49558  -50.997  -21.371  27.805 0.0000000000
49583  -54.250  -21.176  26.339 0.0000000000
48519  -53.933  -21.665  25.970 0.0000000000
48539  -53.495  -21.524  25.442 0.0000000000
48540  -54.273  -21.410  24.981 0.0000000000
49600  -53.942  -21.449  24.265 0.0000000000
48557  -54.138  -21.818  23.167 0.0000000000
51716  -54.850  -18.182  20.673 0.0000000000
106793  -54.614  -19.196  20.866 0.0000000000
50692  -55.376  -19.873  21.384 0.0000000000
49654  -55.071  -20.976  21.689 0.0000000000
48603  -54.345  -21.643  21.258 0.0000000000
48602  -53.637  -22.245  20.828 0.0000000000
47577  -52.332  -23.402  20.732 0.0000000000
46690  -51.506  -23.749  20.277 0.0000000000
48600  -51.936  -23.185  20.071 0.0000000000
48615  -51.311  -22.569  19.519 0.0000000000
49684  -50.122  -20.713  18.122 0.0000000000
48639  -51.291  -21.165  16.524 0.0000000000
49721  -52.068  -20.474  16.101 0.0000000000
53673  -48.184  -16.349  13.930 0.0000000000
53667  -48.786  -16.907  14.116 0.0000000000
53668  -49.871  -17.016  14.146 0.0000000000
53684  -52.136  -17.035  13.022 0.0000000000
52718  -52.085  -17.019  13.895 0.0000000000
52694  -53.649  -17.971  15.620 0.0000000000
51774  -54.126  -18.666  15.963 0.0000000000
50762  -54.524  -19.085  15.880 0.0000000000
120800  -54.499  -19.491  14.482 0.0000000000
106051  -55.259  -19.503  13.240 0.0000000000
52722  -58.748  -18.287  14.561 0.0000000000
106050  -58.028  -19.238  14.669 0.0000000000
50807  -58.892  -18.972  14.499 0.0000000000
106248  -58.110  -19.405  13.660 0.0000000000
56764  -55.836  -13.197  10.817 0.0000000000
56771  -54.827  -13.454  8.940 0.0000000000
56778  -55.486  -13.596  8.209 0.0000000000
54714  -55.628  -14.863  7.562 0.0000000000
53714  -56.017  -15.731  7.708 0.0000000000
52788  -59.792  -17.888  8.152 0.0000000000
52787  -58.918  -17.944  8.544 0.0000000000
44642  -24.799  -25.927  38.318 0.0000000000
41963  -26.507  -29.394  41.278 0.0000000000
41967  -25.540  -28.811  40.487 0.0000000000
41018  -26.989  -30.114  40.505 0.0000000000
41031  -26.800  -30.569  39.801 0.0000000000
126165  -26.008  -29.302  36.564 0.0000000000
42005  -25.986  -28.555  35.831 0.0000000000
119268  -26.147  -27.712  34.941 0.0000000000
42832  -28.704  -27.455  40.846 0.0000000000
107450  -28.938  -27.226  37.133 0.0000000000
42029  -28.731  -27.973  33.316 0.0000000000
108759  -28.354  -27.427  33.993 0.0000000000
42912  -27.659  -27.322  32.532 0.0000000000
43791  -26.679  -26.923  32.924 0.0000000000
43818  -25.739  -27.183  30.757 0.0000000000
42936  -26.064  -27.426  29.274 0.0000000000
42943  -26.117  -27.685  28.252 0.0000000000
48332  -30.171  -21.097  36.229 0.0000000000
116086  -30.109  -21.014  36.982 0.0000000000
47424  -29.880  -22.822  36.430 0.0000000000
45588  -30.622  -24.157  36.434 0.0000000000
44677  -31.599  -25.404  36.424 0.0000000000
42017  -34.348  -29.195  35.452 0.0000000000
42016  -34.176  -28.590  36.078 0.0000000000
119519  -34.552  -29.373  36.110 0.0000000000
41056  -34.829  -29.951  36.901 0.0000000000
39006  -34.694  -31.545  37.402 0.0000000000
38031  -33.880  -32.564  35.629 0.0000000000
36303  -35.002  -33.869  33.675 0.0000000000
47526  -43.524  -22.643  24.273 0.0000000000
47541  -43.285  -22.335  23.748 0.0000000000
47528  -46.009  -22.472  24.690 0.0000000000
43834  -45.302  -26.499  30.857 0.0000000000
106093  -44.150  -25.794  30.160 0.0000000000
44770  -43.597  -25.271  29.436 0.0000000000
45713  -43.322  -24.729  28.597 0.0000000000
108502  -41.312  -23.530  26.339 0.0000000000
46627  -43.466  -23.643  26.271 0.0000000000
46638  -42.622  -23.334  25.261 0.0000000000
46655  -42.529  -23.144  24.596 0.0000000000
51848  -50.575  -18.526  9.199 0.0000000000
49298  -32.638  -20.733  41.967 0.0000000000
111822  -33.073  -21.958  41.700 0.0000000000
123819  -33.207  -22.335  41.184 0.0000000000
46487  -33.253  -23.642  40.639 0.0000000000
48298  -31.930  -21.357  39.905 0.0000000000
47362  -33.026  -22.845  40.453 0.0000000000
45569  -33.327  -24.188  40.089 0.0000000000
44646  -33.266  -25.569  39.303 0.0000000000
44647  -33.478  -26.319  39.114 0.0000000000
50699  -44.238  -19.176  19.777 0.0000000000
51711  -44.906  -19.135  19.993 0.0000000000
51733  -45.147  -18.882  18.375 0.0000000000
125161  -46.189  -19.128  19.001 0.0000000000
50700  -45.901  -19.110  18.401 0.0000000000
50741  -45.265  -19.914  16.235 0.0000000000
49715  -44.826  -20.604  14.856 0.0000000000
107160  -45.911  -20.779  16.041 0.0000000000
48636  -48.126  -22.281  16.397 0.0000000000
47397  -37.220  -22.113  38.340 0.0000000000
48335  -36.443  -22.107  37.320 0.0000000000
119179  -37.031  -22.715  37.637 0.0000000000
47426  -36.712  -22.812  36.763 0.0000000000
47433  -36.382  -23.005  35.852 0.0000000000
46541  -37.438  -23.926  35.803 0.0000000000
47445  -36.128  -23.110  35.103 0.0000000000
46558  -35.062  -23.177  33.096 0.0000000000
114195  -34.646  -23.393  32.283 0.0000000000
44763  -36.432  -25.386  29.339 0.0000000000
44781  -35.664  -25.494  28.087 0.0000000000
118432  -34.793  -25.371  28.099 0.0000000000
44804  -34.011  -25.453  26.601 0.0000000000
44793  -33.414  -25.404  27.056 0.0000000000
126086  -32.587  -25.274  27.210 0.0000000000
44801  -31.082  -25.732  26.460 0.0000000000
42957  -30.629  -26.909  26.063 0.0000000000
42955  -30.952  -27.724  26.300 0.0000000000
122099  -30.768  -27.428  25.614 0.0000000000
111192  -31.488  -28.425  24.861 0.0000000000
42103  -31.924  -28.474  24.057 0.0000000000
123431  -31.650  -27.801  23.556 0.0000000000
46679  -36.545  -23.518  21.153 0.0000000000
47572  -36.439  -23.101  20.552 0.0000000000
47571  -35.818  -23.315  20.089 0.0000000000
47581  -35.455  -22.864  19.351 0.0000000000
51713  -51.966  -19.480  20.210 0.0000000000
50704  -51.466  -20.175  19.992 0.0000000000
118180  -51.155  -19.244  19.710 0.0000000000
124429  -50.419  -19.488  19.238 0.0000000000
51735  -49.975  -18.096  18.723 0.0000000000
110239  -49.936  -19.137  18.744 0.0000000000
50715  -49.611  -19.699  18.152 0.0000000000
51757  -50.175  -19.389  16.656 0.0000000000
54692  -49.152  -15.177  11.467 0.0000000000
54697  -50.188  -15.152  10.236 0.0000000000
108684  -51.701  -16.841  12.100 0.0000000000
52729  -52.679  -17.055  12.453 0.0000000000
107324  -54.089  -17.146  14.164 0.0000000000
108499  -55.732  -17.696  15.178 0.0000000000
52697  -56.522  -18.641  15.662 0.0000000000
52721  -56.400  -17.533  14.610 0.0000000000
113409  -54.982  -17.263  12.192 0.0000000000
121200  -55.786  -17.308  12.436 0.0000000000
123537  -57.738  -17.805  14.531 0.0000000000
52734  -58.678  -17.805  13.844 0.0000000000
52750  -59.187  -17.929  12.914 0.0000000000
105645  -57.213  -13.046  8.717 0.0000000000
55728  -57.005  -14.100  7.469 0.0000000000
121419  -57.098  -13.427  7.890 0.0000000000
53717  -58.729  -16.153  7.411 0.0000000000
123184  -26.624  -24.093  37.679 0.0000000000
45572  -26.822  -24.354  38.478 0.0000000000
43716  -25.675  -26.628  41.434 0.0000000000
109262  -26.326  -25.899  41.677 0.0000000000
41968  -26.959  -29.644  41.076 0.0000000000
42852  -27.173  -28.086  38.394 0.0000000000
114378  -30.405  -28.357  37.358 0.0000000000
122089  -29.888  -27.980  36.633 0.0000000000
41077  -29.838  -29.314  33.672 0.0000000000
42030  -29.337  -28.711  33.480 0.0000000000
42049  -28.323  -28.335  30.726 0.0000000000
42050  -28.792  -28.966  30.268 0.0000000000
41107  -29.252  -29.469  29.579 0.0000000000
45620  -29.812  -24.000  34.227 0.0000000000
114231  -30.221  -24.324  34.855 0.0000000000
44711  -31.136  -25.553  34.605 0.0000000000
43782  -31.962  -26.658  34.155 0.0000000000
42899  -33.242  -27.848  34.537 0.0000000000
42022  -33.051  -27.900  33.593 0.0000000000
109052  -33.610  -28.527  34.047 0.0000000000
41070  -34.669  -29.770  35.087 0.0000000000
41064  -35.134  -30.586  35.164 0.0000000000
39036  -35.693  -31.248  35.126 0.0000000000
48610  -39.169  -21.142  19.848 0.0000000000
49671  -39.168  -20.670  19.077 0.0000000000
49659  -40.534  -20.869  20.106 0.0000000000
49673  -41.393  -20.570  20.040 0.0000000000
123441  -42.636  -20.379  20.622 0.0000000000
48552  -43.728  -21.784  23.345 0.0000000000
49613  -44.908  -20.876  23.076 0.0000000000
49634  -44.591  -20.540  22.396 0.0000000000
49651  -44.302  -20.189  21.715 0.0000000000
50668  -44.790  -19.618  21.219 0.0000000000
50670  -46.183  -19.353  21.265 0.0000000000
50656  -47.365  -19.448  22.070 0.0000000000
50671  -47.519  -19.471  21.397 0.0000000000
105494  -48.238  -19.748  21.102 0.0000000000
124886  -48.882  -20.425  21.064 0.0000000000
49652  -49.553  -20.840  21.389 0.0000000000
43771  -40.973  -26.407  35.399 0.0000000000
43770  -40.279  -26.366  35.119 0.0000000000
43785  -40.858  -26.679  34.626 0.0000000000
43796  -40.109  -26.352  33.585 0.0000000000
124611  -40.355  -26.358  33.075 0.0000000000
43810  -40.214  -26.222  32.277 0.0000000000
112820  -39.421  -25.984  31.814 0.0000000000
119451  -38.550  -25.720  30.529 0.0000000000
44764  -37.623  -25.472  29.380 0.0000000000
44769  -42.765  -25.503  30.474 0.0000000000
126056  -41.397  -25.343  30.323 0.0000000000
45696  -40.733  -24.702  29.303 0.0000000000
44766  -39.942  -25.269  29.775 0.0000000000
112040  -39.271  -25.252  29.514 0.0000000000
44765  -38.497  -25.469  29.626 0.0000000000
44783  -37.363  -25.336  28.624 0.0000000000
44796  -36.394  -25.351  27.612 0.0000000000
44806  -36.244  -25.111  26.848 0.0000000000
126343  -35.347  -24.952  25.940 0.0000000000
45754  -34.517  -24.453  24.283 0.0000000000
45760  -35.523  -24.045  23.340 0.0000000000
112806  -36.748  -23.890  24.205 0.0000000000
46663  -36.497  -23.810  23.360 0.0000000000
46672  -36.868  -23.640  22.495 0.0000000000
108503  -39.973  -23.537  25.333 0.0000000000
46653  -39.587  -23.504  24.575 0.0000000000
46652  -39.058  -23.510  24.204 0.0000000000
46666  -39.715  -23.404  23.912 0.0000000000
46674  -38.460  -23.360  22.964 0.0000000000
127789  -37.927  -23.045  21.873 0.0000000000
47559  -37.708  -22.749  21.294 0.0000000000
47574  -38.137  -22.175  20.857 0.0000000000
47561  -39.311  -22.266  21.651 0.0000000000
48594  -38.480  -21.571  20.243 0.0000000000
56730  -54.297  -13.132  12.271 0.0000000000
107698  -55.235  -13.167  12.609 0.0000000000
56752  -55.591  -13.165  11.654 0.0000000000
56711  -56.909  -13.494  13.907 0.0000000000
122048  -56.263  -13.224  12.307 0.0000000000
56731  -57.175  -13.242  12.045 0.0000000000
56754  -57.246  -13.070  11.212 0.0000000000
56766  -57.142  -12.976  10.265 0.0000000000
57660  -59.694  -13.120  13.267 0.0000000000
106706  -59.120  -12.781  12.421 0.0000000000
57684  -57.802  -12.718  10.970 0.0000000000
56774  -57.257  -12.806  9.516 0.0000000000
57690  -57.606  -12.490  10.097 0.0000000000
114108  -57.876  -11.974  8.679 0.0000000000
107663  -58.227  -10.992  9.441 0.0000000000
44594  -28.351  -25.128  42.614 0.0000000000
123795  -29.013  -25.472  42.552 0.0000000000
44595  -29.835  -25.549  42.233 0.0000000000
43694  -30.064  -26.248  41.907 0.0000000000
42833  -29.949  -27.486  40.834 0.0000000000
110474  -30.334  -27.774  39.465 0.0000000000
126839  -30.657  -28.156  39.160 0.0000000000
46477  -32.877  -23.215  41.727 0.0000000000
44610  -32.587  -25.273  41.106 0.0000000000
43718  -32.971  -26.781  40.458 0.0000000000
42835  -32.222  -27.230  40.627 0.0000000000
118022  -31.632  -27.774  40.463 0.0000000000
120714  -30.871  -28.593  38.849 0.0000000000
41996  -30.586  -28.306  38.180 0.0000000000
41054  -30.879  -29.624  36.187 0.0000000000
40037  -31.572  -30.939  34.539 0.0000000000
41096  -34.443  -29.647  31.119 0.0000000000
125935  -39.462  -20.402  18.610 0.0000000000
49692  -39.072  -20.032  17.776 0.0000000000
50724  -39.505  -19.575  17.413 0.0000000000
50711  -41.244  -19.659  18.650 0.0000000000
116017  -40.356  -19.395  17.669 0.0000000000
50738  -39.239  -19.347  16.611 0.0000000000
117602  -39.432  -19.169  15.895 0.0000000000
51720  -43.937  -18.959  19.034 0.0000000000
51742  -42.143  -18.664  17.429 0.0000000000
51754  -42.163  -18.598  16.565 0.0000000000
51753  -41.361  -18.671  16.476 0.0000000000
49747  -45.824  -20.562  13.812 0.0000000000
50825  -50.507  -19.000  12.882 0.0000000000
51495  -32.196  -18.338  38.738 0.0000000000
51509  -32.316  -18.760  38.142 0.0000000000
50442  -32.057  -19.207  37.610 0.0000000000
50459  -31.636  -19.803  36.925 0.0000000000
122580  -30.958  -20.193  36.615 0.0000000000
49413  -30.722  -20.624  36.087 0.0000000000
48345  -30.465  -21.160  35.461 0.0000000000
48368  -29.827  -22.149  34.785 0.0000000000
48334  -35.562  -21.822  36.698 0.0000000000
48333  -34.749  -21.547  36.351 0.0000000000
48348  -33.550  -21.437  35.452 0.0000000000
48373  -34.440  -22.155  34.815 0.0000000000
48372  -33.810  -21.844  34.818 0.0000000000
109806  -32.946  -21.550  34.856 0.0000000000
48387  -30.306  -22.050  34.094 0.0000000000
46548  -29.631  -23.285  34.191 0.0000000000
45619  -29.702  -23.701  33.647 0.0000000000
124292  -30.160  -24.920  33.341 0.0000000000
44721  -30.332  -25.285  32.737 0.0000000000
45647  -30.058  -24.110  32.239 0.0000000000
43809  -31.259  -26.510  32.529 0.0000000000
42923  -31.702  -27.058  32.042 0.0000000000
42924  -32.203  -27.520  31.500 0.0000000000
42051  -32.712  -28.000  30.948 0.0000000000
44713  -39.612  -26.063  34.741 0.0000000000
45636  -38.277  -25.116  33.706 0.0000000000
122031  -37.721  -24.815  33.300 0.0000000000
45650  -37.403  -24.816  32.550 0.0000000000
45634  -37.127  -24.358  33.389 0.0000000000
46566  -35.346  -23.563  32.462 0.0000000000
45692  -35.783  -25.028  29.671 0.0000000000
45681  -34.971  -24.508  30.089 0.0000000000
45690  -33.660  -24.470  29.389 0.0000000000
46592  -34.400  -24.029  30.658 0.0000000000
46576  -34.258  -23.663  31.418 0.0000000000
46575  -33.177  -23.505  31.428 0.0000000000
46589  -31.515  -23.838  30.823 0.0000000000
45677  -30.687  -24.681  30.436 0.0000000000
43838  -30.740  -25.503  29.540 0.0000000000
113454  -30.934  -26.219  30.077 0.0000000000
43831  -30.639  -25.544  30.447 0.0000000000
123977  -31.405  -26.802  30.528 0.0000000000
118227  -32.563  -27.973  30.244 0.0000000000
42052  -33.155  -28.561  30.310 0.0000000000
46618  -47.343  -24.613  27.359 0.0000000000
48483  -46.880  -22.143  27.488 0.0000000000
106141  -26.626  -22.637  38.224 0.0000000000
47378  -27.701  -22.603  39.438 0.0000000000
48297  -27.449  -21.678  39.746 0.0000000000
46491  -28.189  -23.131  40.160 0.0000000000
47361  -28.622  -22.568  40.957 0.0000000000
46482  -28.588  -23.330  42.042 0.0000000000
49313  -28.699  -20.790  41.387 0.0000000000
47348  -28.904  -22.573  42.038 0.0000000000
111928  -29.336  -21.987  42.489 0.0000000000
47333  -29.420  -22.331  42.657 0.0000000000
123200  -29.829  -20.777  42.861 0.0000000000
47326  -29.990  -22.060  43.066 0.0000000000
47327  -30.673  -21.962  42.900 0.0000000000
48248  -31.120  -21.168  42.899 0.0000000000
114453  -32.066  -20.955  42.450 0.0000000000
50359  -31.859  -19.687  42.173 0.0000000000
49288  -32.167  -20.301  42.229 0.0000000000
113651  -32.253  -20.072  41.758 0.0000000000
50391  -32.234  -19.806  41.572 0.0000000000
50379  -31.862  -19.103  41.280 0.0000000000
52414  -31.674  -17.806  40.949 0.0000000000
52421  -31.804  -17.910  40.173 0.0000000000
118554  -32.352  -17.526  39.855 0.0000000000
52429  -33.009  -17.401  39.590 0.0000000000
52430  -33.736  -17.431  39.402 0.0000000000
52440  -33.884  -17.891  38.922 0.0000000000
51497  -34.579  -18.380  38.675 0.0000000000
51485  -36.521  -18.518  38.996 0.0000000000
50426  -35.991  -19.626  38.491 0.0000000000
49353  -36.191  -20.236  38.292 0.0000000000
49354  -36.776  -20.722  38.409 0.0000000000
48310  -37.349  -21.250  38.659 0.0000000000
114659  -37.753  -21.116  38.920 0.0000000000
48311  -37.657  -21.688  38.835 0.0000000000
47398  -37.796  -22.403  38.688 0.0000000000
46500  -38.107  -23.239  38.313 0.0000000000
46514  -38.570  -23.914  37.781 0.0000000000
47417  -39.446  -23.170  37.850 0.0000000000
46515  -39.284  -23.897  37.610 0.0000000000
45582  -39.072  -24.436  37.156 0.0000000000
127819  -39.471  -24.622  36.799 0.0000000000
44681  -40.473  -25.385  36.340 0.0000000000
43757  -41.122  -25.961  36.037 0.0000000000
45607  -41.655  -24.419  36.040 0.0000000000
44682  -41.764  -25.800  36.026 0.0000000000
120754  -41.691  -26.238  35.541 0.0000000000
43772  -42.225  -26.470  34.896 0.0000000000
43798  -42.738  -26.782  34.066 0.0000000000
44716  -44.491  -25.916  34.316 0.0000000000
43787  -43.686  -26.423  34.195 0.0000000000
43799  -43.571  -26.746  33.355 0.0000000000
123653  -44.118  -26.736  32.942 0.0000000000
43815  -44.708  -26.595  32.507 0.0000000000
43828  -45.378  -26.491  31.601 0.0000000000
122888  -46.309  -25.736  32.384 0.0000000000
43829  -46.152  -26.196  31.596 0.0000000000
43835  -46.015  -26.405  30.841 0.0000000000
45699  -46.514  -25.520  29.315 0.0000000000
45715  -46.551  -25.327  28.389 0.0000000000
45729  -47.661  -24.658  26.752 0.0000000000
45730  -48.396  -24.055  26.437 0.0000000000
46643  -48.432  -24.279  26.006 0.0000000000
107416  -49.206  -22.762  26.951 0.0000000000
46630  -49.199  -23.417  26.383 0.0000000000
113135  -48.933  -23.798  26.202 0.0000000000
47514  -49.047  -23.777  25.887 0.0000000000
47515  -49.712  -23.193  25.858 0.0000000000
125895  -51.538  -20.828  28.022 0.0000000000
106924  -51.586  -21.570  27.821 0.0000000000
49560  -52.658  -20.939  28.094 0.0000000000
116918  -52.172  -21.433  27.978 0.0000000000
47498  -51.103  -21.923  27.229 0.0000000000
47517  -50.972  -22.120  26.788 0.0000000000
48515  -50.281  -22.227  25.477 0.0000000000
118907  -49.975  -21.179  24.714 0.0000000000
49597  -50.590  -20.383  24.135 0.0000000000
125767  -50.126  -19.925  23.527 0.0000000000
49598  -52.069  -20.714  24.390 0.0000000000
116870  -51.447  -20.410  23.835 0.0000000000
49618  -50.752  -20.182  23.310 0.0000000000
49638  -50.679  -20.481  22.597 0.0000000000
49653  -50.392  -21.328  21.823 0.0000000000
121400  -55.787  -21.075  23.339 0.0000000000
48559  -55.006  -21.630  23.211 0.0000000000
48575  -54.129  -22.445  22.408 0.0000000000
48588  -54.718  -22.031  21.833 0.0000000000
47553  -53.579  -23.063  21.976 0.0000000000
122198  -51.818  -23.191  21.833 0.0000000000
48586  -50.879  -22.947  21.576 0.0000000000
47563  -49.890  -22.599  21.103 0.0000000000
48599  -49.327  -22.808  20.337 0.0000000000
48613  -49.112  -23.019  19.548 0.0000000000
46689  -50.989  -24.033  19.965 0.0000000000
47585  -49.825  -23.456  19.306 0.0000000000
47584  -49.144  -23.248  18.662 0.0000000000
122901  -48.917  -22.659  16.721 0.0000000000
48623  -50.499  -22.598  18.544 0.0000000000
49685  -50.441  -21.589  18.386 0.0000000000
121399  -50.395  -22.308  17.969 0.0000000000
47591  -50.148  -22.887  17.988 0.0000000000
47596  -50.060  -22.556  17.248 0.0000000000
48637  -49.660  -22.483  16.711 0.0000000000
107275  -49.064  -22.236  16.161 0.0000000000
49718  -49.367  -21.480  15.531 0.0000000000
49735  -50.138  -20.595  15.072 0.0000000000
50801  -50.836  -19.334  13.569 0.0000000000
51770  -49.421  -18.590  16.022 0.0000000000
53682  -49.143  -16.211  12.536 0.0000000000
122922  -49.708  -16.515  12.980 0.0000000000
126918  -50.655  -16.900  14.057 0.0000000000
52717  -51.226  -16.889  13.977 0.0000000000
118855  -50.983  -17.210  14.572 0.0000000000
52692  -50.986  -17.856  15.303 0.0000000000
51758  -51.666  -19.382  16.385 0.0000000000
50760  -52.554  -20.055  15.752 0.0000000000
50761  -53.384  -19.444  15.838 0.0000000000
105533  -51.460  -19.145  13.048 0.0000000000
51804  -51.045  -18.771  12.233 0.0000000000
50846  -52.288  -18.842  11.401 0.0000000000
51837  -52.393  -18.828  10.582 0.0000000000
50862  -53.038  -19.055  10.026 0.0000000000
51777  -56.833  -18.841  15.700 0.0000000000
50806  -56.218  -19.503  14.107 0.0000000000
50830  -57.093  -19.501  13.835 0.0000000000
50829  -56.050  -19.526  12.956 0.0000000000
106049  -55.219  -19.460  12.234 0.0000000000
106199  -54.252  -19.286  10.963 0.0000000000
56762  -53.313  -13.401  9.880 0.0000000000
56776  -53.348  -13.913  8.746 0.0000000000
53709  -54.354  -16.080  8.512 0.0000000000
55722  -54.362  -14.188  8.125 0.0000000000
52771  -55.082  -17.100  9.386 0.0000000000
113963  -58.122  -17.816  11.550 0.0000000000
111605  -60.084  -18.522  13.069 0.0000000000
54715  -56.477  -14.921  7.416 0.0000000000
52786  -57.877  -17.504  8.668 0.0000000000
51851  -58.398  -18.067  9.293 0.0000000000
51839  -59.500  -18.293  11.584 0.0000000000
51806  -60.458  -18.924  12.885 0.0000000000
44660  -26.238  -24.562  37.799 0.0000000000
43737  -24.904  -26.403  39.318 0.0000000000
43726  -24.624  -26.994  39.324 0.0000000000
41059  -25.073  -29.977  35.355 0.0000000000
41060  -25.592  -29.509  35.819 0.0000000000
44593  -27.640  -25.777  42.606 0.0000000000
42816  -27.265  -27.808  42.365 0.0000000000
42823  -27.479  -28.238  41.939 0.0000000000
42831  -27.617  -28.017  41.376 0.0000000000
41977  -27.301  -28.765  40.748 0.0000000000
42880  -29.233  -27.476  36.467 0.0000000000
120778  -28.476  -27.250  36.302 0.0000000000
43767  -28.233  -27.219  35.376 0.0000000000
42879  -27.737  -27.274  36.575 0.0000000000
42878  -26.995  -27.575  36.279 0.0000000000
42894  -25.764  -27.541  33.956 0.0000000000
42903  -25.522  -27.324  33.119 0.0000000000
42902  -24.875  -27.664  32.816 0.0000000000
121006  -27.544  -28.061  29.409 0.0000000000
50424  -30.973  -19.278  38.365 0.0000000000
49352  -30.550  -20.518  38.388 0.0000000000
48309  -30.719  -21.388  38.607 0.0000000000
48321  -30.069  -21.741  37.182 0.0000000000
109651  -30.453  -22.028  38.034 0.0000000000
46498  -30.854  -22.922  38.325 0.0000000000
44645  -32.373  -25.211  38.463 0.0000000000
119768  -33.041  -25.886  38.586 0.0000000000
43738  -33.226  -26.442  38.257 0.0000000000
44698  -31.426  -25.499  35.494 0.0000000000
43755  -32.052  -26.035  35.910 0.0000000000
43756  -32.622  -26.600  36.418 0.0000000000
42883  -33.852  -27.825  36.602 0.0000000000
42869  -33.312  -27.113  36.959 0.0000000000
41997  -34.212  -28.346  38.263 0.0000000000
123763  -33.933  -27.642  38.407 0.0000000000
41035  -33.907  -29.794  38.617 0.0000000000
39005  -33.811  -31.677  37.607 0.0000000000
39004  -33.105  -31.539  37.428 0.0000000000
119625  -32.080  -31.347  34.642 0.0000000000
39065  -31.909  -31.228  33.866 0.0000000000
40068  -35.291  -30.298  32.446 0.0000000000
125957  -35.539  -30.467  33.171 0.0000000000
40070  -36.403  -31.339  33.352 0.0000000000
40053  -36.219  -31.429  33.825 0.0000000000
40039  -35.882  -31.358  34.234 0.0000000000
39037  -36.116  -31.558  34.526 0.0000000000
39020  -36.140  -31.825  35.222 0.0000000000
37172  -36.518  -33.255  35.358 0.0000000000
37171  -36.128  -33.396  35.904 0.0000000000
37162  -35.746  -33.031  36.373 0.0000000000
38032  -34.730  -32.946  36.118 0.0000000000
38040  -33.857  -32.554  34.555 0.0000000000
115596  -32.309  -31.507  33.326 0.0000000000
39070  -31.758  -31.194  33.020 0.0000000000
39078  -31.684  -31.284  32.174 0.0000000000
39085  -31.670  -31.427  31.289 0.0000000000
37163  -36.174  -32.651  35.881 0.0000000000
38005  -33.590  -31.985  37.162 0.0000000000
39007  -35.371  -31.647  36.692 0.0000000000
39066  -36.555  -31.646  33.523 0.0000000000
40027  -35.507  -31.080  34.708 0.0000000000
40052  -35.917  -31.011  33.582 0.0000000000
40069  -35.949  -30.825  32.908 0.0000000000
41978  -31.081  -28.498  39.585 0.0000000000
42010  -34.613  -28.909  36.835 0.0000000000
42020  -25.381  -28.327  34.464 0.0000000000
42064  -32.615  -28.530  28.902 0.0000000000
42073  -31.282  -27.893  27.095 0.0000000000
42090  -31.161  -28.168  25.646 0.0000000000
42118  -31.261  -27.157  23.662 0.0000000000
42815  -26.660  -27.955  42.511 0.0000000000
42817  -27.659  -26.761  42.545 0.0000000000
42821  -25.684  -27.755  42.159 0.0000000000
42830  -25.570  -28.424  41.516 0.0000000000
42931  -32.027  -27.425  30.582 0.0000000000
43703  -26.610  -26.698  42.553 0.0000000000
43705  -29.633  -26.830  41.774 0.0000000000
43739  -33.768  -27.076  38.897 0.0000000000
43766  -27.598  -27.099  35.105 0.0000000000
43783  -32.347  -26.800  34.731 0.0000000000
43784  -40.195  -26.474  34.308 0.0000000000
43794  -30.847  -25.981  32.905 0.0000000000
43797  -42.045  -26.905  33.732 0.0000000000
43812  -41.883  -26.809  33.069 0.0000000000
43821  -31.084  -26.427  31.693 0.0000000000
43846  -30.685  -26.443  26.583 0.0000000000
43847  -30.793  -26.242  25.954 0.0000000000
44663  -39.860  -24.928  36.687 0.0000000000
44697  -30.758  -24.913  35.138 0.0000000000
44710  -30.333  -24.842  34.202 0.0000000000
44712  -38.960  -25.543  34.225 0.0000000000
44754  -43.558  -25.921  30.757 0.0000000000
44755  -45.126  -26.270  30.169 0.0000000000
44760  -30.774  -24.959  29.591 0.0000000000
44767  -40.706  -25.297  30.101 0.0000000000
44809  -31.259  -25.876  25.589 0.0000000000
44817  -31.775  -25.927  23.885 0.0000000000
45557  -31.806  -24.930  41.629 0.0000000000
45562  -27.574  -24.634  41.408 0.0000000000
45633  -29.835  -24.277  33.484 0.0000000000
45693  -36.408  -25.212  29.956 0.0000000000
46483  -33.085  -23.798  41.218 0.0000000000
46490  -27.705  -23.491  39.433 0.0000000000
46492  -32.463  -23.835  39.398 0.0000000000
46493  -33.098  -23.526  40.058 0.0000000000
46499  -31.487  -23.725  38.549 0.0000000000
46510  -26.422  -23.726  37.356 0.0000000000
46526  -29.664  -22.832  35.605 0.0000000000
46538  -29.619  -22.744  34.815 0.0000000000
46644  -49.418  -23.409  26.199 0.0000000000
46681  -51.224  -23.897  20.443 0.0000000000
46688  -50.385  -23.847  19.866 0.0000000000
47394  -27.323  -23.016  38.715 0.0000000000
47414  -29.921  -21.613  36.395 0.0000000000
47415  -30.274  -22.693  37.334 0.0000000000
47423  -29.712  -22.186  35.971 0.0000000000
47440  -29.767  -22.666  34.091 0.0000000000
47459  -31.321  -22.753  32.717 0.0000000000
47554  -54.250  -22.675  22.001 0.0000000000
48247  -30.143  -21.368  43.045 0.0000000000
48272  -32.933  -21.211  41.703 0.0000000000
48369  -30.183  -21.627  34.888 0.0000000000
48487  -52.004  -21.833  27.613 0.0000000000
48488  -52.496  -21.563  27.728 0.0000000000
48489  -53.110  -21.251  27.572 0.0000000000
48518  -53.082  -21.758  26.406 0.0000000000
48541  -54.736  -21.340  24.681 0.0000000000
48558  -54.484  -21.857  22.943 0.0000000000
48577  -55.266  -21.501  22.581 0.0000000000
49392  -32.429  -20.328  36.392 0.0000000000
49584  -54.804  -20.687  25.767 0.0000000000
49620  -56.278  -20.460  22.922 0.0000000000
49681  -39.023  -20.377  18.347 0.0000000000
50423  -30.641  -19.832  38.269 0.0000000000
50458  -30.824  -19.912  37.204 0.0000000000
50673  -56.082  -19.391  21.652 0.0000000000
50689  -52.101  -20.301  20.312 0.0000000000
50710  -40.495  -19.889  18.447 0.0000000000
50722  -38.015  -19.880  17.097 0.0000000000
50764  -56.300  -19.109  15.868 0.0000000000
50783  -56.417  -19.308  15.321 0.0000000000
50808  -59.713  -18.816  13.735 0.0000000000
50852  -60.559  -19.294  12.290 0.0000000000
51496  -32.961  -18.499  38.366 0.0000000000
51741  -41.526  -18.694  17.089 0.0000000000
51783  -57.558  -18.755  15.458 0.0000000000
51788  -58.383  -18.667  14.915 0.0000000000
52709  -57.159  -18.527  15.489 0.0000000000
52719  -53.030  -17.107  13.685 0.0000000000
52733  -56.565  -17.380  13.381 0.0000000000
52749  -57.828  -17.646  12.476 0.0000000000
52772  -55.743  -17.346  9.700 0.0000000000
52773  -56.544  -17.478  9.608 0.0000000000
53692  -50.156  -16.142  10.960 0.0000000000
53696  -50.468  -15.841  10.338 0.0000000000
53702  -51.989  -15.648  9.344 0.0000000000
53703  -53.194  -15.697  8.789 0.0000000000
53704  -54.500  -16.691  9.117 0.0000000000
53708  -53.714  -15.682  8.550 0.0000000000
53712  -58.267  -16.612  7.749 0.0000000000
54703  -51.233  -15.240  9.520 0.0000000000
54708  -53.251  -15.048  8.465 0.0000000000
54709  -54.131  -15.058  8.144 0.0000000000
55712  -50.446  -14.544  10.320 0.0000000000
55721  -53.605  -14.351  8.446 0.0000000000
55725  -55.044  -13.933  7.859 0.0000000000
55726  -55.445  -14.205  7.672 0.0000000000
56749  -52.332  -13.268  11.091 0.0000000000
56750  -53.258  -13.224  10.915 0.0000000000
56751  -54.161  -13.172  11.377 0.0000000000
56753  -56.470  -13.184  11.453 0.0000000000
56763  -54.140  -13.270  10.437 0.0000000000
56765  -56.618  -13.140  10.756 0.0000000000
56768  -51.808  -13.925  9.777 0.0000000000
56772  -55.807  -13.340  9.154 0.0000000000
56777  -54.590  -13.746  8.343 0.0000000000
56779  -56.436  -13.371  8.446 0.0000000000
105562  -25.670  -27.321  29.991 0.0000000000
106098  -32.866  -20.914  41.404 0.0000000000
108013  -51.693  -21.981  19.988 0.0000000000
108358  -36.560  -24.488  31.863 0.0000000000
108964  -33.425  -30.368  38.528 0.0000000000
109012  -28.594  -24.248  42.554 0.0000000000
109700  -56.461  -16.546  8.127 0.0000000000
109751  -25.407  -25.895  39.566 0.0000000000
110081  -54.830  -21.955  22.196 0.0000000000
110574  -27.385  -24.547  40.253 0.0000000000
110689  -40.768  -26.709  33.765 0.0000000000
111568  -31.230  -25.307  28.061 0.0000000000
112920  -54.593  -21.527  23.871 0.0000000000
113816  -29.102  -27.120  41.707 0.0000000000
114237  -57.907  -13.577  7.590 0.0000000000
114424  -31.961  -30.561  37.595 0.0000000000
116566  -51.979  -16.493  10.490 0.0000000000
118287  -29.295  -23.822  42.695 0.0000000000
120746  -53.447  -13.602  9.182 0.0000000000
121169  -32.485  -17.857  39.303 0.0000000000
122735  -29.891  -22.190  36.662 0.0000000000
123076  -30.026  -22.728  33.364 0.0000000000
123263  -32.816  -21.194  35.404 0.0000000000
123356  -27.149  -24.299  39.049 0.0000000000
124085  -52.105  -23.503  21.429 0.0000000000
124211  -42.856  -25.193  29.836 0.0000000000
124504  -34.592  -29.661  35.663 0.0000000000
124612  -33.254  -23.085  41.223 0.0000000000
124834  -52.708  -19.942  15.940 0.0000000000
125042  -47.560  -24.842  26.834 0.0000000000
125432  -50.525  -21.789  27.388 0.0000000000
125519  -30.860  -24.076  37.167 0.0000000000
125549  -52.906  -22.457  22.487 0.0000000000
125630  -30.494  -22.870  32.825 0.0000000000
126698  -27.306  -25.711  42.520 0.0000000000
127497  -59.831  -13.324  13.925 0.0000000000
127823  -30.827  -19.566  38.642 0.0000000000
