#!ascii label  , from subject sub-v2s16x51258_ses-1 vox2ras=TkReg
965
4397  -12.206  -79.282  -38.704 0.5000000000
6153  -17.716  -75.791  -35.169 0.3000000119
117145  -10.897  -79.303  -37.955 0.5000000000
5545  -16.913  -76.943  -37.224 0.4000000060
5538  -17.509  -76.517  -36.583 0.4000000060
6161  -18.888  -75.859  -36.246 0.4000000060
6154  -18.582  -75.611  -35.433 0.3000000119
5539  -18.358  -76.353  -36.795 0.4000000060
107840  -13.661  -78.202  -40.982 0.5000000000
4416  -13.206  -78.891  -40.394 0.5000000000
4406  -12.709  -79.115  -39.656 0.5000000000
4977  -13.190  -77.075  -41.389 0.6000000238
4971  -12.712  -77.865  -40.841 0.5000000000
4405  -11.829  -79.076  -39.433 0.6000000238
6140  -17.838  -75.096  -33.508 0.3000000119
4404  -11.056  -78.816  -39.274 0.5000000000
4937  -17.238  -77.232  -38.157 0.5000000000
6145  -18.231  -75.361  -34.536 0.3000000119
4959  -11.418  -78.261  -40.005 0.6000000238
4396  -11.377  -79.253  -38.641 0.5000000000
5560  -18.164  -76.996  -38.399 0.5000000000
5546  -17.800  -76.741  -37.454 0.4000000060
6155  -19.455  -75.484  -35.657 0.3000000119
6146  -19.105  -75.184  -34.842 0.3000000119
4952  -18.536  -77.412  -39.293 0.4000000060
5547  -18.681  -76.563  -37.684 0.4000000060
5540  -19.232  -76.208  -37.037 0.4000000060
5561  -19.161  -76.899  -38.619 0.4000000060
6199  -15.682  -75.185  -41.427 0.6999999881
6209  -15.157  -75.721  -41.650 0.6999999881
5581  -14.628  -76.507  -41.653 0.6999999881
112967  -13.866  -79.030  -39.347 0.5000000000
6901  -14.455  -74.665  -40.776 0.6999999881
6198  -14.805  -75.075  -41.221 0.6999999881
5580  -13.680  -76.311  -41.654 0.8000000119
4978  -14.108  -77.363  -41.461 0.5000000000
5579  -12.843  -75.989  -41.553 0.6999999881
4399  -14.493  -78.535  -38.881 0.5000000000
6197  -13.957  -74.851  -41.116 0.6999999881
4400  -15.157  -78.489  -39.292 0.4000000060
4949  -15.886  -78.027  -39.090 0.5000000000
6791  -19.206  -74.384  -33.325 0.3000000119
5575  -12.113  -75.529  -41.162 0.6000000238
4950  -16.739  -77.717  -38.977 0.5000000000
4951  -17.641  -77.545  -39.098 0.5000000000
6802  -18.696  -74.841  -33.912 0.3000000119
116330  -12.294  -76.684  -41.214 0.5000000000
120506  -19.559  -77.356  -40.343 0.4000000060
5548  -19.451  -76.475  -37.822 0.4000000060
6163  -20.618  -75.620  -36.597 0.4000000060
6162  -19.774  -75.756  -36.462 0.4000000060
4964  -20.168  -77.240  -39.905 0.3000000119
5562  -19.953  -77.163  -39.140 0.4000000060
6860  -15.970  -74.458  -37.802 0.5000000000
114458  -14.936  -74.597  -38.035 0.6000000238
6872  -16.357  -74.444  -38.789 0.6000000238
125047  -15.796  -74.672  -40.521 0.6000000238
6902  -15.323  -74.826  -40.963 0.6000000238
6839  -15.237  -74.435  -36.250 0.5000000000
6838  -14.516  -74.613  -36.505 0.5000000000
6858  -14.366  -74.672  -37.317 0.6000000238
6871  -15.476  -74.516  -38.890 0.6000000238
6889  -15.064  -74.569  -40.082 0.6999999881
4972  -14.575  -78.298  -41.087 0.6000000238
5496  -18.940  -75.796  -31.442 0.3000000119
6816  -13.081  -74.505  -35.538 0.6999999881
6837  -13.784  -74.691  -36.783 0.6000000238
6870  -14.516  -74.521  -39.090 0.6999999881
6888  -14.035  -74.489  -40.119 0.6999999881
115356  -15.463  -78.211  -41.146 0.6000000238
4418  -15.785  -78.461  -40.711 0.6000000238
4408  -14.538  -79.057  -39.905 0.5000000000
6799  -13.382  -74.139  -34.554 0.6999999881
6817  -13.879  -74.578  -36.007 0.6000000238
113176  -13.248  -74.665  -36.350 0.6000000238
6857  -13.678  -74.694  -37.528 0.6000000238
6869  -13.546  -74.484  -39.223 0.6999999881
6887  -13.029  -74.365  -40.278 0.6999999881
4409  -15.645  -78.659  -40.024 0.5000000000
6790  -18.381  -74.612  -32.863 0.3000000119
6798  -12.463  -74.400  -34.786 0.6000000238
115034  -13.175  -74.630  -38.283 0.6000000238
6856  -12.298  -74.594  -38.231 0.6000000238
6206  -12.733  -75.117  -41.286 0.6999999881
4973  -16.310  -78.045  -41.121 0.5000000000
4411  -17.401  -77.961  -40.472 0.5000000000
6836  -12.495  -74.660  -36.362 0.6000000238
115530  -11.994  -74.672  -37.288 0.6000000238
6886  -12.126  -74.233  -40.152 0.6000000238
6196  -12.292  -74.591  -40.744 0.6000000238
6195  -11.446  -74.925  -40.670 0.6000000238
4982  -17.789  -77.236  -41.564 0.5000000000
106836  -12.070  -74.565  -35.580 0.6999999881
120689  -11.709  -74.274  -39.025 0.5000000000
116028  -11.539  -74.184  -39.655 0.5000000000
6898  -10.822  -74.517  -40.106 0.5000000000
5574  -11.354  -76.254  -40.734 0.5000000000
4975  -18.171  -77.654  -40.921 0.5000000000
5577  -21.667  -76.401  -40.331 0.3000000119
122447  -21.510  -76.702  -39.794 0.3000000119
108342  -20.807  -76.925  -39.300 0.3000000119
6173  -21.185  -75.867  -37.399 0.4000000060
6172  -20.186  -76.134  -37.422 0.4000000060
6194  -10.807  -75.349  -40.391 0.5000000000
107383  -20.974  -76.310  -40.784 0.3000000119
5571  -20.925  -76.831  -40.229 0.3000000119
118130  -20.093  -76.702  -38.410 0.4000000060
6820  -15.895  -74.075  -35.910 0.5000000000
6840  -15.956  -74.335  -36.728 0.5000000000
6841  -16.877  -74.041  -37.179 0.5000000000
7498  -15.459  -73.583  -34.365 0.5000000000
6801  -14.838  -73.975  -34.968 0.5000000000
6819  -15.257  -74.145  -35.604 0.5000000000
6859  -15.175  -74.609  -37.070 0.5000000000
126181  -16.641  -74.502  -39.495 0.6000000238
6890  -16.496  -74.613  -40.308 0.6000000238
6800  -14.164  -73.965  -34.565 0.5000000000
119319  -16.230  -74.869  -41.217 0.6000000238
6210  -16.027  -75.765  -41.725 0.8000000119
5497  -19.902  -76.246  -31.412 0.3000000119
6789  -13.947  -73.847  -33.902 0.6000000238
108323  -13.991  -74.272  -35.226 0.6000000238
6200  -17.000  -75.147  -41.610 0.4000000060
6119  -19.466  -75.191  -31.377 0.3000000119
107362  -12.704  -74.206  -33.980 0.6999999881
5584  -17.379  -76.491  -41.870 0.5000000000
4980  -15.972  -77.428  -41.565 0.6000000238
6770  -18.596  -74.595  -31.820 0.3000000119
6782  -18.974  -74.182  -32.380 0.3000000119
124992  -12.291  -74.414  -33.333 0.6999999881
5585  -18.339  -76.444  -41.787 0.4000000060
107600  -11.959  -74.455  -34.052 0.6000000238
6821  -19.963  -75.032  -35.103 0.3000000119
121322  -11.177  -74.609  -34.012 0.6000000238
6835  -11.498  -74.615  -36.448 0.6000000238
121848  -11.204  -74.512  -37.423 0.5000000000
6854  -10.488  -73.998  -38.214 0.5000000000
6899  -11.516  -74.331  -40.148 0.6000000238
5576  -19.332  -76.503  -41.517 0.4000000060
4983  -18.590  -77.076  -41.446 0.4000000060
6909  -22.244  -75.610  -40.486 0.3000000119
5578  -22.357  -76.045  -40.291 0.3000000119
5573  -22.940  -76.135  -39.722 0.3000000119
5572  -22.210  -76.446  -39.757 0.3000000119
5550  -21.954  -76.310  -38.141 0.4000000060
6156  -20.266  -75.376  -35.845 0.3000000119
106888  -10.785  -74.530  -36.185 0.6000000238
6834  -10.609  -74.421  -37.023 0.5000000000
6867  -10.959  -74.038  -39.052 0.5000000000
6885  -10.755  -74.166  -39.490 0.5000000000
6884  -10.220  -74.316  -39.548 0.6000000238
6190  -10.201  -75.099  -39.932 0.5000000000
5586  -20.276  -76.151  -41.336 0.3000000119
6204  -20.975  -75.716  -41.033 0.3000000119
106431  -9.695  -73.672  -38.342 0.5000000000
7564  -10.106  -73.945  -39.156 0.5000000000
7556  -9.560  -73.780  -38.667 0.5000000000
7487  -15.993  -73.081  -33.876 0.5000000000
7499  -16.277  -73.382  -34.656 0.5000000000
7531  -16.609  -73.875  -36.289 0.5000000000
124381  -17.410  -73.563  -36.480 0.5000000000
6861  -17.589  -73.945  -37.794 0.5000000000
7485  -14.381  -73.585  -33.427 0.5000000000
7515  -15.734  -73.839  -35.151 0.5000000000
112232  -17.670  -74.159  -38.499 0.4000000060
7497  -14.669  -73.719  -34.099 0.5000000000
6891  -17.889  -74.377  -39.395 0.4000000060
4878  -20.609  -77.160  -31.788 0.3000000119
5498  -21.102  -76.445  -31.477 0.3000000119
111375  -13.683  -73.779  -33.058 0.6000000238
114166  -17.226  -74.539  -39.943 0.4000000060
6903  -17.114  -74.704  -41.005 0.4000000060
6787  -12.899  -74.154  -33.151 0.6000000238
6772  -19.932  -74.478  -31.296 0.3000000119
7469  -19.719  -73.888  -31.659 0.3000000119
6211  -17.842  -75.620  -41.780 0.4000000060
6777  -11.276  -74.712  -32.333 0.6000000238
6202  -19.424  -75.366  -41.415 0.4000000060
6212  -18.909  -75.772  -41.836 0.4000000060
6792  -19.938  -74.289  -33.705 0.3000000119
6786  -11.637  -74.629  -33.188 0.6999999881
6213  -19.658  -75.833  -41.568 0.3000000119
6908  -21.638  -75.360  -40.742 0.3000000119
7500  -17.048  -73.057  -34.930 0.5000000000
7516  -16.584  -73.614  -35.501 0.5000000000
126936  -16.996  -73.553  -35.996 0.5000000000
109208  -18.174  -73.274  -36.880 0.4000000060
7486  -15.138  -73.292  -33.468 0.5000000000
7541  -17.697  -73.725  -37.181 0.4000000060
125902  -18.024  -73.915  -38.158 0.4000000060
6874  -18.450  -73.972  -38.710 0.4000000060
6892  -18.775  -74.360  -39.829 0.4000000060
6120  -20.407  -75.397  -31.201 0.3000000119
6778  -12.268  -74.413  -32.322 0.6000000238
6904  -18.061  -74.643  -40.617 0.4000000060
6201  -18.535  -75.166  -41.468 0.4000000060
6905  -19.103  -74.810  -40.837 0.4000000060
6894  -20.651  -74.560  -40.423 0.4000000060
6203  -20.231  -75.526  -41.269 0.3000000119
6895  -21.539  -74.757  -40.580 0.3000000119
112586  -10.856  -74.758  -33.112 0.6000000238
8120  -16.767  -72.847  -34.179 0.5000000000
7517  -17.430  -73.148  -35.721 0.5000000000
8136  -18.218  -72.623  -35.759 0.4000000060
7518  -17.961  -72.991  -36.296 0.4000000060
108161  -18.848  -73.087  -37.168 0.4000000060
7476  -14.442  -73.295  -32.601 0.6000000238
7477  -15.279  -72.868  -32.635 0.6000000238
8105  -15.793  -72.853  -33.195 0.6000000238
7542  -18.413  -73.648  -37.710 0.4000000060
7558  -19.076  -73.667  -38.337 0.4000000060
6875  -19.348  -73.909  -39.176 0.4000000060
7475  -13.620  -73.578  -32.087 0.6000000238
6893  -19.706  -74.399  -40.154 0.4000000060
6876  -20.294  -73.884  -39.562 0.4000000060
6877  -21.265  -74.064  -39.930 0.4000000060
7478  -19.432  -73.819  -32.014 0.3000000119
122076  -20.421  -73.592  -31.431 0.3000000119
6769  -12.943  -73.921  -31.652 0.6000000238
7489  -20.543  -73.965  -33.533 0.3000000119
7488  -19.769  -73.882  -32.756 0.3000000119
6768  -11.551  -74.606  -31.444 0.6999999881
7450  -12.239  -73.647  -30.392 0.6999999881
6747  -11.619  -74.318  -30.595 0.6999999881
6734  -11.332  -73.764  -29.918 0.6999999881
110161  -10.983  -74.718  -30.787 0.6000000238
7437  -12.336  -72.753  -30.136 0.6999999881
125628  -11.057  -74.374  -30.225 0.6999999881
121306  -11.751  -73.100  -29.920 0.6999999881
8135  -17.785  -72.614  -35.070 0.5000000000
8106  -16.579  -72.596  -33.278 0.5000000000
8107  -17.346  -72.434  -33.783 0.5000000000
8121  -17.403  -72.614  -34.470 0.5000000000
8122  -18.582  -72.244  -35.126 0.5000000000
123796  -18.880  -72.343  -35.769 0.4000000060
8149  -18.730  -72.711  -36.456 0.4000000060
110610  -15.532  -72.545  -31.930 0.6000000238
8095  -16.033  -72.557  -32.505 0.6000000238
8096  -16.826  -72.250  -32.271 0.6000000238
113329  -17.395  -72.228  -32.893 0.6000000238
7532  -19.647  -72.682  -37.038 0.4000000060
8088  -16.194  -72.150  -31.484 0.6000000238
7543  -19.337  -73.264  -37.759 0.4000000060
7466  -14.137  -73.100  -31.574 0.6000000238
8086  -14.556  -72.568  -31.013 0.6000000238
8692  -15.722  -71.737  -30.790 0.6000000238
8693  -16.575  -71.501  -30.907 0.6000000238
109053  -19.854  -73.517  -38.547 0.4000000060
7545  -21.945  -73.154  -38.474 0.4000000060
7465  -13.450  -73.425  -31.179 0.6000000238
8079  -14.914  -71.934  -30.670 0.6000000238
8686  -15.220  -71.313  -30.557 0.6000000238
9248  -16.164  -70.409  -30.749 0.6000000238
7559  -20.927  -73.424  -38.815 0.4000000060
8085  -13.847  -72.858  -30.816 0.5000000000
8078  -14.138  -72.203  -30.570 0.6000000238
8685  -14.416  -71.365  -30.496 0.6000000238
9247  -15.289  -70.522  -30.612 0.6000000238
9790  -15.558  -69.804  -30.947 0.6999999881
6748  -12.306  -74.218  -31.147 0.6999999881
7464  -12.849  -73.724  -30.899 0.6000000238
8077  -13.524  -72.497  -30.485 0.6000000238
9789  -14.752  -69.851  -30.898 0.6000000238
9801  -15.761  -69.440  -31.597 0.6000000238
9816  -16.307  -69.322  -32.471 0.6000000238
9245  -13.638  -70.772  -30.575 0.6000000238
9788  -13.914  -70.003  -30.954 0.6000000238
117630  -14.975  -69.435  -31.797 0.6000000238
9815  -15.286  -69.398  -32.452 0.6000000238
113132  -12.977  -72.408  -30.285 0.6000000238
8684  -13.401  -71.731  -30.377 0.6000000238
9256  -12.922  -70.393  -31.118 0.5000000000
113077  -14.269  -69.617  -31.569 0.6000000238
9814  -14.327  -69.462  -32.543 0.6000000238
9244  -12.601  -71.163  -30.671 0.5000000000
8076  -11.510  -72.327  -29.907 0.6999999881
8683  -12.203  -71.898  -30.232 0.5000000000
9799  -13.357  -69.892  -31.596 0.5000000000
9255  -11.635  -70.821  -31.569 0.6000000238
7992  -9.265  -72.499  -23.454 0.6000000238
125491  -10.016  -72.351  -24.319 0.6000000238
118518  -9.597  -72.759  -24.656 0.6000000238
106863  -18.103  -72.224  -34.281 0.5000000000
117954  -17.924  -72.140  -33.408 0.5000000000
8109  -19.132  -71.805  -34.432 0.5000000000
112388  -19.516  -72.277  -36.123 0.5000000000
8089  -17.124  -71.768  -31.483 0.5000000000
8097  -17.534  -71.982  -32.081 0.5000000000
8700  -17.932  -71.459  -31.600 0.5000000000
8150  -20.351  -72.244  -36.495 0.4000000060
8151  -21.211  -72.231  -36.745 0.4000000060
8695  -18.330  -70.881  -31.437 0.5000000000
7544  -20.219  -72.971  -37.909 0.4000000060
8164  -21.572  -72.614  -37.503 0.4000000060
9249  -17.020  -70.408  -30.962 0.5000000000
8694  -17.413  -71.101  -31.064 0.5000000000
119197  -21.039  -72.872  -37.989 0.4000000060
9791  -16.383  -69.804  -31.148 0.6000000238
9792  -17.288  -69.636  -31.435 0.6000000238
119756  -16.581  -69.409  -31.637 0.5000000000
126702  -15.551  -69.442  -33.209 0.4000000060
9831  -16.123  -69.456  -33.611 0.4000000060
10423  -17.362  -69.121  -33.233 0.4000000060
9829  -13.420  -69.499  -33.801 0.6000000238
9830  -14.632  -69.493  -33.472 0.6000000238
111236  -15.175  -69.571  -34.215 0.5000000000
9843  -15.909  -69.604  -34.727 0.4000000060
10434  -16.789  -69.369  -33.986 0.4000000060
10446  -16.784  -69.458  -35.078 0.4000000060
6733  -10.700  -74.082  -29.801 0.6999999881
9813  -13.121  -69.608  -32.706 0.6000000238
9842  -13.838  -69.562  -34.933 0.5000000000
9854  -15.625  -69.819  -36.143 0.4000000060
8682  -10.936  -71.658  -30.131 0.6000000238
9798  -12.238  -70.295  -32.218 0.5000000000
107159  -14.794  -69.726  -35.487 0.4000000060
124490  -14.908  -70.105  -37.400 0.4000000060
9243  -11.248  -71.270  -30.845 0.6000000238
9828  -12.203  -69.441  -34.173 0.5000000000
8609  -9.194  -71.362  -22.964 0.6999999881
110935  -9.511  -71.877  -23.293 0.6000000238
9168  -10.841  -70.641  -23.751 0.6999999881
7999  -10.528  -71.860  -24.373 0.6000000238
9178  -11.608  -70.462  -24.319 0.6000000238
8007  -10.262  -72.257  -25.054 0.6000000238
8623  -11.192  -71.268  -24.458 0.6000000238
8624  -11.933  -70.894  -25.002 0.6000000238
9740  -12.792  -69.913  -25.260 0.6000000238
9190  -13.179  -69.891  -25.824 0.6000000238
8006  -9.508  -72.579  -25.571 0.5000000000
8645  -10.713  -71.819  -25.778 0.6000000238
8633  -11.425  -71.451  -25.326 0.6000000238
8634  -12.039  -71.145  -25.807 0.6000000238
9189  -12.605  -70.494  -25.613 0.6000000238
8137  -19.343  -71.985  -35.359 0.5000000000
8023  -9.922  -72.115  -26.066 0.5000000000
125929  -10.187  -71.794  -26.389 0.5000000000
9199  -12.485  -70.819  -26.423 0.5000000000
116772  -13.529  -70.043  -27.137 0.5000000000
8108  -18.638  -71.836  -33.453 0.5000000000
8124  -20.200  -71.847  -35.657 0.5000000000
8658  -11.140  -71.292  -27.062 0.5000000000
9208  -11.997  -70.972  -27.200 0.5000000000
124241  -13.129  -70.246  -27.785 0.5000000000
8712  -19.028  -71.475  -32.564 0.5000000000
113797  -20.891  -71.898  -36.155 0.4000000060
8138  -21.647  -71.831  -36.202 0.4000000060
8139  -22.653  -71.749  -36.205 0.4000000060
8644  -9.403  -71.514  -26.925 0.5000000000
9207  -11.004  -70.909  -27.925 0.5000000000
115604  -12.171  -70.572  -28.100 0.6000000238
8152  -22.128  -72.211  -36.937 0.4000000060
9219  -9.982  -70.810  -28.680 0.6000000238
9220  -10.923  -70.455  -28.661 0.6000000238
9257  -17.880  -70.365  -31.272 0.4000000060
10391  -17.970  -69.083  -31.840 0.5000000000
8051  -8.134  -71.627  -28.307 0.6000000238
10405  -17.716  -68.959  -32.401 0.5000000000
10424  -18.119  -68.760  -33.169 0.4000000060
113532  -8.944  -72.794  -28.832 0.6000000238
10404  -17.079  -69.200  -32.627 0.4000000060
127289  -9.777  -72.963  -29.082 0.6000000238
125420  -10.165  -72.344  -29.267 0.6000000238
10435  -17.577  -69.096  -34.152 0.4000000060
8677  -10.575  -71.890  -29.619 0.6000000238
8063  -11.040  -72.821  -29.615 0.6999999881
9254  -10.703  -70.644  -31.619 0.6000000238
9797  -10.420  -70.097  -32.250 0.6000000238
9267  -11.121  -70.398  -32.465 0.5000000000
9812  -11.619  -69.833  -33.323 0.5000000000
9167  -10.126  -70.351  -23.343 0.6999999881
9169  -11.284  -69.976  -23.878 0.6999999881
9727  -11.848  -69.585  -24.348 0.6000000238
9728  -12.587  -69.459  -24.852 0.6000000238
9729  -13.113  -69.354  -25.391 0.6000000238
10346  -13.922  -68.825  -26.440 0.6999999881
114530  -14.258  -68.470  -27.296 0.6000000238
9747  -13.995  -69.341  -27.214 0.6000000238
8713  -19.528  -71.410  -33.372 0.5000000000
8123  -19.818  -71.676  -34.947 0.5000000000
8724  -20.499  -71.467  -34.918 0.5000000000
9755  -13.712  -69.699  -27.928 0.6000000238
9756  -14.214  -68.936  -28.054 0.5000000000
8723  -19.979  -71.410  -34.287 0.5000000000
8732  -21.086  -71.613  -35.537 0.5000000000
8733  -21.936  -71.444  -35.529 0.4000000060
9765  -12.467  -69.518  -29.250 0.6000000238
9222  -12.909  -69.973  -28.558 0.6000000238
10363  -13.952  -68.220  -28.618 0.5000000000
8701  -18.728  -71.269  -31.806 0.5000000000
8666  -8.686  -71.213  -28.236 0.4000000060
8667  -9.192  -71.073  -28.235 0.6000000238
9221  -11.798  -70.124  -28.962 0.6000000238
9778  -12.730  -68.703  -29.533 0.6000000238
9258  -18.750  -70.252  -31.469 0.4000000060
116630  -19.440  -70.152  -31.579 0.4000000060
9218  -9.476  -71.112  -28.738 0.5000000000
9234  -10.517  -70.158  -29.463 0.6000000238
9776  -10.705  -69.428  -29.951 0.6000000238
9777  -11.706  -69.049  -29.723 0.6000000238
9802  -18.306  -69.554  -31.514 0.5000000000
8062  -9.247  -71.710  -28.763 0.6000000238
9233  -10.082  -70.702  -29.643 0.6000000238
9775  -10.183  -69.962  -30.254 0.6000000238
9787  -10.422  -69.246  -30.546 0.6000000238
10371  -11.082  -68.718  -30.210 0.6000000238
10382  -11.484  -67.841  -30.370 0.6000000238
10406  -18.513  -68.653  -32.292 0.4000000060
8676  -9.860  -71.265  -29.314 0.6000000238
10380  -10.264  -69.029  -31.265 0.6000000238
10389  -10.580  -68.135  -31.285 0.6000000238
9242  -10.090  -70.389  -30.586 0.6000000238
9786  -10.027  -69.817  -30.937 0.6000000238
8691  -10.337  -70.861  -30.840 0.6000000238
9811  -10.847  -69.935  -33.029 0.5000000000
9826  -10.979  -69.291  -33.662 0.5000000000
9699  -8.782  -70.024  -22.939 0.6999999881
9713  -10.596  -69.638  -23.589 0.6999999881
10301  -8.038  -68.631  -23.705 0.6999999881
10302  -9.013  -68.683  -23.678 0.6999999881
9712  -9.503  -69.585  -23.299 0.6999999881
9714  -11.229  -69.369  -23.949 0.6999999881
10324  -12.279  -68.780  -24.643 0.6000000238
10325  -12.927  -68.711  -25.043 0.6000000238
10949  -13.664  -67.800  -25.615 0.5000000000
10335  -13.495  -68.597  -25.631 0.6999999881
10347  -14.209  -67.871  -26.578 0.5000000000
10972  -14.455  -67.379  -27.377 0.5000000000
10356  -14.332  -68.127  -27.980 0.5000000000
8714  -20.345  -71.038  -33.594 0.4000000060
111839  -20.624  -71.123  -34.314 0.5000000000
8725  -21.331  -71.105  -34.761 0.5000000000
126367  -22.640  -71.275  -35.511 0.4000000060
8702  -19.442  -71.057  -32.017 0.4000000060
8715  -21.071  -70.716  -33.871 0.4000000060
126306  -13.378  -68.249  -29.252 0.6000000238
122759  -11.904  -68.356  -29.944 0.6000000238
10372  -12.568  -67.477  -29.746 0.6000000238
11006  -11.018  -67.439  -30.960 0.6000000238
11007  -11.798  -66.796  -30.476 0.6000000238
9796  -10.227  -69.249  -32.094 0.6000000238
10388  -10.353  -68.436  -31.778 0.6000000238
11682  -11.394  -66.408  -31.312 0.6000000238
9253  -10.138  -70.315  -31.353 0.6000000238
118879  -10.653  -67.457  -31.829 0.5000000000
10403  -10.408  -68.354  -32.545 0.5000000000
9810  -10.487  -69.318  -32.952 0.5000000000
10300  -7.115  -68.647  -23.768 0.6999999881
119743  -8.542  -68.077  -24.243 0.6999999881
10322  -10.465  -68.087  -24.373 0.6999999881
117493  -10.004  -68.762  -23.746 0.6999999881
112228  -11.216  -67.915  -24.536 0.6000000238
10323  -11.490  -68.696  -24.307 0.6999999881
117417  -12.622  -67.994  -24.891 0.4000000060
10319  -6.770  -68.217  -24.315 0.6999999881
10321  -9.498  -68.064  -24.286 0.6000000238
10934  -10.793  -67.263  -24.776 0.6000000238
114698  -13.205  -67.887  -25.224 0.5000000000
10945  -6.000  -67.659  -25.781 0.6999999881
10930  -7.247  -67.685  -24.826 0.6999999881
121467  -14.731  -66.703  -25.899 0.5000000000
10962  -14.605  -67.019  -26.516 0.5000000000
10959  -6.077  -67.483  -26.935 0.6000000238
10970  -6.061  -67.497  -27.931 0.6000000238
10982  -6.477  -67.019  -28.498 0.6000000238
11669  -6.235  -66.468  -30.244 0.5000000000
110291  -6.571  -65.431  -29.342 0.5000000000
8716  -21.966  -70.526  -34.120 0.4000000060
8726  -22.685  -70.541  -34.536 0.4000000060
117916  -11.647  -67.129  -24.645 0.5000000000
120345  -12.347  -67.399  -24.697 0.5000000000
10931  -8.150  -67.581  -24.823 0.6000000238
10932  -9.072  -67.457  -24.864 0.6000000238
10933  -9.978  -67.370  -24.890 0.6000000238
119360  -11.762  -66.377  -24.440 0.6000000238
10936  -13.025  -67.073  -24.784 0.5000000000
10937  -13.690  -67.132  -25.258 0.5000000000
11620  -14.373  -66.577  -25.346 0.5000000000
10946  -6.967  -67.391  -25.598 0.6999999881
10947  -7.865  -67.229  -25.526 0.6000000238
10948  -8.776  -67.008  -25.550 0.6000000238
11607  -10.387  -66.558  -25.035 0.6000000238
12333  -10.624  -65.673  -24.590 0.6000000238
11631  -15.256  -66.274  -26.336 0.5000000000
10960  -6.871  -67.163  -26.605 0.6999999881
11618  -8.421  -66.628  -26.160 0.6000000238
11630  -8.684  -66.016  -26.567 0.6000000238
12347  -9.406  -65.407  -25.502 0.6000000238
108628  -9.845  -65.057  -24.692 0.6000000238
11628  -7.455  -66.566  -27.191 0.6000000238
11629  -8.113  -66.281  -26.825 0.6000000238
12360  -8.405  -65.347  -26.470 0.6000000238
124753  -8.935  -65.604  -26.153 0.6000000238
11640  -7.060  -66.464  -28.001 0.6000000238
11641  -7.683  -65.958  -27.430 0.6000000238
13064  -7.807  -65.250  -26.940 0.6000000238
13058  -8.502  -64.601  -25.662 0.6000000238
12375  -6.955  -65.789  -28.266 0.5000000000
11653  -6.585  -66.344  -29.092 0.5000000000
13073  -7.095  -65.088  -27.553 0.5000000000
13742  -7.125  -64.165  -26.744 0.6000000238
13733  -7.754  -63.698  -25.920 0.6000000238
9278  -22.727  -70.106  -33.903 0.4000000060
114685  -6.189  -65.383  -31.315 0.5000000000
13081  -6.611  -64.748  -28.517 0.5000000000
14374  -6.838  -63.455  -27.170 0.6000000238
13743  -7.237  -63.374  -26.602 0.6000000238
125484  -6.512  -64.419  -30.944 0.5000000000
14391  -6.882  -63.247  -29.291 0.5000000000
13756  -6.541  -63.761  -28.798 0.4000000060
14384  -6.698  -63.153  -27.960 0.5000000000
14363  -7.688  -62.809  -26.320 0.6000000238
11609  -12.368  -66.658  -24.492 0.6000000238
11611  -13.822  -66.285  -24.656 0.5000000000
12335  -12.231  -65.897  -24.137 0.6000000238
12336  -13.547  -65.645  -24.060 0.5000000000
120165  -15.093  -66.146  -25.551 0.5000000000
12321  -11.069  -65.192  -23.964 0.6999999881
12322  -11.813  -65.189  -23.715 0.6999999881
106714  -9.761  -64.203  -24.294 0.6000000238
13048  -10.448  -64.768  -24.132 0.6999999881
13047  -9.094  -64.362  -24.817 0.6000000238
13734  -8.507  -63.643  -25.151 0.6000000238
13724  -9.215  -63.528  -24.597 0.6999999881
120935  -8.195  -63.096  -25.545 0.6000000238
14354  -9.619  -62.852  -24.657 0.6999999881
115880  -6.696  -63.660  -31.195 0.5000000000
115680  -7.412  -63.316  -30.387 0.5000000000
14385  -7.075  -62.703  -28.183 0.4000000060
108592  -7.610  -62.452  -27.368 0.6000000238
14364  -8.497  -62.577  -25.746 0.6000000238
14399  -7.307  -63.515  -31.056 0.5000000000
14392  -7.521  -62.906  -29.544 0.4000000060
14386  -7.893  -62.474  -28.568 0.5000000000
11612  -14.709  -65.898  -24.853 0.5000000000
12337  -14.222  -65.502  -24.236 0.5000000000
12323  -12.832  -65.282  -23.707 0.6000000238
12324  -13.742  -64.956  -23.730 0.5000000000
13050  -14.909  -64.447  -24.102 0.5000000000
13038  -12.271  -64.314  -23.501 0.6999999881
13717  -11.623  -63.575  -23.663 0.6999999881
14345  -11.415  -62.971  -23.919 0.6000000238
14365  -9.324  -62.448  -25.334 0.6999999881
14355  -10.616  -62.783  -24.330 0.6000000238
14376  -8.340  -62.266  -26.690 0.6000000238
14377  -9.170  -62.108  -26.247 0.6000000238
14400  -7.900  -63.216  -31.377 0.5000000000
15010  -9.042  -62.193  -28.918 0.4000000060
15001  -9.146  -62.016  -27.422 0.6000000238
15025  -9.438  -62.395  -31.757 0.4000000060
14393  -8.594  -62.729  -30.446 0.4000000060
15018  -10.032  -62.001  -29.927 0.5000000000
13040  -13.650  -64.246  -23.569 0.6000000238
13049  -14.238  -64.317  -23.741 0.5000000000
13719  -13.123  -63.704  -23.560 0.6000000238
13720  -13.940  -63.632  -23.694 0.5000000000
125645  -11.866  -63.106  -23.758 0.6000000238
14346  -12.159  -62.720  -23.983 0.6000000238
14358  -13.477  -62.569  -24.283 0.5000000000
14356  -11.521  -62.498  -24.428 0.6000000238
14991  -10.929  -61.981  -25.605 0.6999999881
14992  -11.679  -62.032  -25.208 0.5000000000
15002  -10.005  -61.825  -27.036 0.6000000238
15011  -9.945  -61.790  -28.381 0.5000000000
17946  -10.569  -57.621  -24.983 0.4000000060
18626  -11.273  -56.894  -25.202 0.3000000119
113369  -15.142  -63.044  -24.390 0.5000000000
17252  -10.451  -58.269  -26.791 0.3000000119
17957  -11.408  -57.242  -26.158 0.4000000060
14980  -12.330  -62.260  -24.702 0.5000000000
14982  -14.890  -62.192  -24.840 0.5000000000
16446  -10.196  -58.785  -28.776 0.3000000119
17253  -11.002  -57.948  -27.461 0.4000000060
14993  -12.421  -61.745  -25.387 0.5000000000
16456  -9.585  -59.111  -29.874 0.3000000119
15003  -10.816  -61.609  -26.639 0.6999999881
15004  -11.682  -61.378  -26.159 0.6000000238
15019  -10.728  -61.506  -29.392 0.5000000000
15012  -10.676  -61.399  -27.951 0.5000000000
15673  -11.398  -60.956  -28.979 0.4000000060
15674  -11.972  -60.409  -28.368 0.4000000060
19970  -11.116  -54.488  -24.414 0.3000000119
112119  -11.163  -56.107  -24.641 0.3000000119
19269  -11.530  -55.189  -24.882 0.3000000119
114163  -11.634  -55.911  -25.435 0.3000000119
18636  -11.654  -56.537  -26.057 0.4000000060
111990  -14.018  -62.124  -24.756 0.5000000000
17263  -10.629  -58.378  -27.996 0.4000000060
18644  -11.469  -56.575  -27.449 0.4000000060
14981  -13.175  -62.075  -24.939 0.5000000000
17274  -10.922  -58.533  -29.466 0.4000000060
17264  -11.188  -58.103  -28.836 0.4000000060
15650  -13.798  -61.444  -25.240 0.5000000000
16457  -10.571  -58.945  -30.438 0.4000000060
126213  -12.408  -61.212  -25.814 0.5000000000
15013  -11.301  -60.994  -27.482 0.5000000000
15655  -12.188  -60.673  -26.289 0.5000000000
15692  -11.943  -61.232  -31.597 0.3000000119
124588  -12.577  -60.783  -30.313 0.4000000060
15664  -11.892  -60.445  -27.041 0.4000000060
114820  -9.984  -53.115  -24.137 0.3000000119
20807  -11.390  -53.583  -24.797 0.3000000119
19281  -11.655  -54.812  -26.125 0.4000000060
108005  -11.452  -55.598  -26.993 0.4000000060
14360  -16.965  -62.155  -25.357 0.4000000060
14984  -16.464  -61.644  -25.272 0.4000000060
17974  -11.340  -57.263  -28.489 0.4000000060
120424  -11.262  -55.944  -29.075 0.4000000060
109429  -15.089  -61.233  -25.111 0.4000000060
15656  -13.523  -60.753  -25.470 0.5000000000
122117  -11.514  -58.113  -30.280 0.4000000060
16479  -12.347  -59.231  -31.553 0.3000000119
110974  -12.790  -60.441  -25.801 0.5000000000
15683  -13.217  -60.264  -30.083 0.3000000119
118175  -10.992  -52.959  -24.425 0.3000000119
21722  -11.417  -52.723  -25.152 0.3000000119
19971  -11.567  -54.185  -25.345 0.3000000119
111713  -10.803  -52.368  -26.948 0.4000000060
19984  -10.890  -53.604  -27.225 0.4000000060
19993  -10.733  -53.266  -28.146 0.3000000119
121244  -10.790  -54.249  -28.182 0.4000000060
14995  -18.002  -61.567  -25.617 0.4000000060
14996  -18.662  -61.252  -25.808 0.4000000060
18653  -11.104  -55.198  -28.704 0.4000000060
117062  -15.906  -61.024  -25.181 0.4000000060
17983  -11.778  -57.328  -30.184 0.3000000119
15657  -14.350  -60.482  -25.170 0.4000000060
16458  -11.586  -58.695  -31.286 0.3000000119
17995  -11.749  -57.395  -30.067 0.3000000119
17286  -12.900  -58.812  -30.765 0.3000000119
16435  -12.453  -59.796  -27.684 0.4000000060
22571  -10.444  -51.520  -24.392 0.3000000119
107085  -11.288  -51.812  -25.632 0.4000000060
21739  -10.953  -51.640  -27.368 0.4000000060
20833  -10.697  -52.941  -27.605 0.4000000060
15666  -19.654  -60.767  -26.435 0.4000000060
15658  -17.952  -60.932  -25.490 0.4000000060
20001  -11.002  -53.869  -28.415 0.4000000060
127231  -17.337  -60.715  -25.341 0.4000000060
19310  -11.268  -54.893  -28.984 0.4000000060
15651  -16.214  -60.201  -25.063 0.4000000060
116786  -17.012  -60.132  -25.155 0.4000000060
115915  -11.499  -55.416  -29.188 0.3000000119
111362  -15.365  -60.305  -25.026 0.4000000060
17984  -12.651  -57.446  -29.866 0.3000000119
16425  -13.517  -59.873  -25.448 0.5000000000
17996  -12.551  -58.001  -30.442 0.3000000119
17985  -13.309  -58.359  -29.999 0.3000000119
15675  -13.029  -60.100  -29.172 0.3000000119
16436  -12.804  -59.242  -26.936 0.4000000060
22572  -11.215  -51.238  -24.853 0.3000000119
122360  -10.942  -52.587  -27.922 0.3000000119
21740  -11.623  -52.177  -27.781 0.3000000119
15660  -19.231  -60.583  -25.948 0.4000000060
20010  -11.322  -54.643  -28.873 0.3000000119
15659  -18.538  -60.371  -25.574 0.4000000060
16427  -19.118  -59.713  -25.683 0.3000000119
19311  -11.628  -55.187  -29.193 0.3000000119
16414  -16.624  -59.394  -24.783 0.4000000060
15653  -17.773  -60.185  -25.308 0.4000000060
19312  -12.518  -55.889  -28.922 0.3000000119
18664  -13.057  -56.957  -29.141 0.3000000119
16426  -14.191  -59.347  -25.111 0.4000000060
17287  -13.617  -59.265  -29.931 0.3000000119
17266  -13.989  -58.733  -28.319 0.3000000119
16447  -13.478  -59.382  -28.423 0.3000000119
17240  -13.517  -58.614  -25.877 0.3000000119
20844  -11.264  -53.166  -28.265 0.3000000119
20002  -11.572  -54.114  -28.555 0.3000000119
16415  -17.465  -59.430  -24.959 0.4000000060
17242  -18.885  -58.750  -25.306 0.4000000060
19303  -13.235  -55.621  -28.111 0.3000000119
16413  -15.770  -59.422  -24.777 0.4000000060
17975  -14.033  -57.674  -28.534 0.3000000119
17275  -13.966  -58.597  -29.029 0.3000000119
17225  -14.769  -58.649  -24.900 0.3000000119
17254  -13.913  -58.215  -27.084 0.3000000119
19293  -13.861  -55.312  -27.283 0.3000000119
18654  -13.767  -56.621  -28.320 0.3000000119
17227  -17.100  -58.666  -24.556 0.3000000119
17229  -18.379  -57.910  -24.761 0.3000000119
17968  -14.481  -57.156  -27.571 0.3000000119
17226  -15.408  -58.764  -24.712 0.3000000119
17967  -14.441  -57.470  -27.013 0.3000000119
17241  -14.076  -58.567  -25.284 0.3000000119
19996  -14.300  -54.945  -26.659 0.3000000119
111358  -15.071  -53.989  -25.551 0.3000000119
19304  -14.322  -56.217  -27.477 0.3000000119
119634  -16.831  -58.026  -24.411 0.3000000119
19294  -14.655  -55.686  -26.730 0.3000000119
15693  -13.162  -60.020  -30.899 0.3000000119
16448  -13.829  -59.205  -29.119 0.3000000119
4979  -15.058  -77.450  -41.472 0.6000000238
115864  -14.107  -78.932  -40.506 0.5000000000
4415  -12.251  -78.608  -40.215 0.5000000000
4407  -13.592  -79.192  -39.936 0.5000000000
4936  -16.198  -77.454  -38.008 0.5000000000
6208  -14.249  -75.577  -41.554 0.6999999881
127243  -16.363  -75.237  -41.602 0.6999999881
106407  -13.701  -74.558  -40.749 0.6999999881
6207  -13.417  -75.353  -41.443 0.6999999881
4948  -15.245  -77.896  -38.413 0.4000000060
6900  -13.168  -74.629  -41.021 0.6999999881
4961  -17.161  -78.075  -39.799 0.5000000000
6804  -20.481  -74.495  -34.451 0.3000000119
4962  -17.978  -77.774  -39.983 0.5000000000
4965  -20.091  -76.853  -40.805 0.3000000119
6873  -17.122  -74.399  -39.000 0.6000000238
122111  -15.975  -74.542  -39.658 0.6000000238
112234  -16.932  -74.273  -38.143 0.5000000000
6818  -14.618  -74.381  -35.757 0.6000000238
6118  -18.690  -75.058  -31.591 0.3000000119
116451  -12.966  -74.716  -37.226 0.6000000238
115724  -14.045  -74.631  -38.219 0.6000000238
4981  -16.873  -77.362  -41.628 0.5000000000
4410  -16.570  -78.310  -40.456 0.6000000238
4417  -15.005  -78.698  -40.580 0.5000000000
6868  -12.462  -74.355  -39.358 0.6000000238
6796  -10.645  -74.528  -34.859 0.6000000238
7557  -10.226  -73.827  -38.914 0.5000000000
5563  -21.747  -76.673  -39.047 0.3000000119
119493  -16.854  -75.734  -41.774 0.5000000000
6822  -20.760  -74.907  -35.376 0.3000000119
6749  -20.429  -73.869  -31.154 0.3000000119
7467  -14.864  -72.774  -31.851 0.6000000238
7451  -13.090  -73.102  -30.516 0.6000000238
8087  -15.313  -72.313  -31.196 0.6000000238
8098  -18.192  -71.839  -32.495 0.5000000000
8163  -20.660  -72.575  -37.268 0.4000000060
8687  -15.978  -71.136  -30.596 0.6000000238
8688  -16.705  -71.001  -30.731 0.5000000000
9246  -14.482  -70.512  -30.604 0.6000000238
7436  -10.529  -73.415  -29.469 0.6000000238
123842  -10.912  -71.793  -24.953 0.6000000238
8696  -19.135  -70.707  -31.664 0.4000000060
6732  -9.770  -73.915  -29.489 0.6000000238
8647  -11.879  -71.194  -26.511 0.6000000238
8657  -9.861  -71.125  -27.671 0.5000000000
9766  -13.540  -69.149  -28.893 0.6000000238
8656  -8.741  -71.174  -27.676 0.4000000060
8681  -10.081  -71.005  -30.110 0.5000000000
9803  -19.171  -69.530  -31.572 0.5000000000
10345  -5.391  -67.905  -27.294 0.6000000238
107644  -6.512  -64.564  -29.768 0.5000000000
11608  -11.092  -66.469  -24.664 0.5000000000
11619  -9.114  -66.254  -26.037 0.6000000238
12332  -10.060  -65.864  -25.210 0.6000000238
12334  -11.429  -65.802  -24.262 0.6000000238
116504  -14.426  -64.903  -23.983 0.5000000000
14366  -10.210  -62.362  -25.017 0.6000000238
17238  -10.346  -58.151  -25.684 0.3000000119
14348  -13.559  -63.098  -23.856 0.5000000000
15026  -10.852  -61.717  -31.170 0.3000000119
121105  -15.606  -62.542  -24.767 0.4000000060
15682  -11.599  -61.329  -30.385 0.4000000060
121584  -12.492  -60.683  -31.541 0.3000000119
15665  -12.414  -59.922  -26.528 0.5000000000
21711  -11.128  -52.127  -24.642 0.3000000119
18663  -11.957  -56.238  -29.580 0.3000000119
16412  -14.947  -59.467  -24.886 0.4000000060
19302  -12.056  -54.880  -28.949 0.3000000119
16424  -12.992  -59.356  -25.957 0.4000000060
24285  -11.188  -49.493  -25.196 0.3000000119
117766  -16.199  -58.523  -24.534 0.4000000060
8161  -6.340  -72.299  -37.058 0.5000000000
8162  -7.032  -72.539  -37.141 0.5000000000
7538  -7.561  -72.967  -37.507 0.5000000000
7555  -8.127  -73.356  -37.986 0.4000000060
8132  -5.273  -71.999  -35.934 0.5000000000
8147  -6.738  -72.191  -36.474 0.5000000000
8148  -7.567  -72.691  -37.029 0.5000000000
7539  -8.230  -73.169  -37.612 0.5000000000
124553  -9.301  -73.593  -38.289 0.4000000060
8133  -6.071  -71.830  -35.738 0.4000000060
8134  -6.845  -72.174  -35.588 0.5000000000
7528  -8.310  -73.041  -36.931 0.5000000000
7540  -9.031  -73.416  -37.780 0.4000000060
7527  -7.544  -72.567  -36.263 0.5000000000
7513  -7.596  -72.742  -35.382 0.5000000000
123322  -8.242  -73.109  -36.005 0.5000000000
127676  -8.635  -73.375  -36.445 0.5000000000
7529  -9.145  -73.637  -36.810 0.4000000060
8119  -6.914  -72.461  -34.768 0.5000000000
7496  -8.400  -73.570  -35.010 0.5000000000
7514  -8.969  -73.853  -35.845 0.5000000000
125908  -9.493  -74.125  -36.110 0.5000000000
7473  -6.674  -72.835  -32.768 0.5000000000
7495  -7.604  -73.089  -34.594 0.5000000000
7483  -7.006  -72.951  -33.828 0.5000000000
7484  -8.091  -73.665  -33.986 0.5000000000
6794  -8.937  -74.217  -34.265 0.5000000000
6812  -9.173  -74.176  -35.029 0.5000000000
6813  -9.789  -74.346  -35.486 0.5000000000
7474  -7.741  -73.696  -32.890 0.5000000000
114832  -7.157  -73.309  -32.116 0.5000000000
6743  -7.930  -73.916  -30.829 0.5000000000
6774  -8.615  -74.394  -32.318 0.5000000000
6765  -8.674  -74.448  -31.418 0.5000000000
6783  -8.714  -74.279  -33.306 0.5000000000
6775  -9.380  -74.627  -32.643 0.5000000000
6795  -9.758  -74.437  -34.526 0.5000000000
6784  -9.562  -74.525  -33.598 0.5000000000
6815  -11.207  -74.553  -35.579 0.5000000000
7435  -7.777  -73.081  -29.180 0.5000000000
6731  -8.826  -74.001  -29.749 0.6000000238
6766  -9.445  -74.671  -31.165 0.5000000000
118191  -9.216  -74.690  -31.879 0.5000000000
6767  -10.246  -74.780  -30.974 0.5000000000
6776  -10.595  -74.780  -32.369 0.5000000000
112587  -10.780  -74.805  -31.603 0.5000000000
6785  -10.363  -74.618  -33.859 0.5000000000
7426  -7.796  -72.317  -28.663 0.5000000000
117397  -8.713  -73.428  -29.183 0.5000000000
6746  -10.453  -74.484  -30.249 0.6000000238
7343  -7.799  -72.956  -22.859 0.5000000000
7344  -8.597  -72.777  -23.098 0.6000000238
7342  -6.908  -73.052  -22.789 0.5000000000
7982  -8.113  -72.088  -22.661 0.5000000000
7983  -8.920  -72.058  -22.968 0.6000000238
8608  -8.578  -71.527  -22.750 0.6000000238
8607  -7.350  -71.444  -22.553 0.5000000000
9155  -7.607  -70.682  -22.653 0.6000000238
9697  -7.088  -69.965  -22.947 0.5000000000
9156  -8.530  -70.775  -22.740 0.6000000238
9698  -8.013  -69.968  -22.838 0.6000000238
9166  -6.177  -69.984  -23.166 0.5000000000
9710  -7.550  -69.267  -23.319 0.6000000238
9711  -8.482  -69.318  -23.271 0.6000000238
9708  -5.690  -69.362  -23.707 0.5000000000
9709  -6.626  -69.292  -23.457 0.5000000000
110939  -5.641  -68.228  -24.916 0.5000000000
10334  -5.115  -68.255  -25.624 0.6000000238
10354  -4.820  -68.491  -28.651 0.6000000238
118705  -4.748  -68.371  -27.667 0.5000000000
112727  -6.113  -68.344  -24.432 0.6000000238
10299  -6.282  -68.711  -23.924 0.5000000000
115935  -5.412  -67.891  -26.407 0.5000000000
10991  -5.715  -67.638  -29.781 0.6000000238
10355  -5.432  -67.990  -28.281 0.6000000238
10992  -6.135  -67.088  -29.508 0.6000000238
6823  -21.608  -74.928  -35.819 0.3000000119
6842  -22.605  -74.849  -36.134 0.3000000119
6174  -22.063  -75.700  -37.297 0.3000000119
7519  -25.359  -74.409  -35.685 0.3000000119
6164  -21.410  -75.443  -36.571 0.3000000119
6157  -20.929  -75.273  -36.008 0.3000000119
7530  -9.783  -73.804  -37.544 0.4000000060
118075  -10.124  -74.764  -32.912 0.5000000000
7359  -8.914  -73.149  -23.668 0.5000000000
7462  -6.392  -72.682  -31.820 0.5000000000
6764  -7.880  -73.946  -31.806 0.5000000000
6166  -24.025  -75.510  -37.234 0.3000000119
6843  -23.585  -74.917  -36.444 0.3000000119
114616  -22.123  -75.273  -36.561 0.3000000119
6165  -22.990  -75.476  -37.096 0.3000000119
6844  -24.434  -75.140  -36.681 0.3000000119
118430  -17.953  -58.708  -24.795 0.3000000119
4398  -13.125  -79.090  -39.114 0.5000000000
4953  -19.384  -77.361  -39.561 0.4000000060
4960  -16.435  -78.278  -39.721 0.5000000000
4963  -18.825  -77.567  -40.221 0.4000000060
4974  -17.188  -77.820  -41.054 0.5000000000
4976  -19.161  -77.301  -41.017 0.3000000119
5549  -20.999  -76.468  -38.274 0.4000000060
5582  -15.565  -76.565  -41.723 0.6999999881
5583  -16.461  -76.548  -41.847 0.5000000000
6205  -21.702  -75.927  -40.695 0.3000000119
6745  -9.630  -74.485  -30.335 0.6000000238
6771  -19.165  -74.464  -31.628 0.3000000119
6779  -13.090  -73.992  -32.453 0.6000000238
6788  -13.325  -73.970  -33.743 0.6000000238
6797  -11.584  -74.519  -34.833 0.6999999881
6803  -19.575  -74.687  -34.267 0.3000000119
6814  -10.514  -74.495  -35.673 0.6000000238
6833  -10.011  -74.303  -36.390 0.5000000000
6855  -11.445  -74.409  -38.217 0.6000000238
6906  -20.018  -75.027  -40.875 0.4000000060
6907  -20.904  -75.145  -41.006 0.3000000119
7468  -19.004  -74.177  -31.900 0.3000000119
7981  -7.175  -72.278  -22.597 0.5000000000
7993  -9.988  -72.060  -23.778 0.6000000238
8616  -10.010  -71.217  -23.401 0.6999999881
8617  -10.572  -71.430  -23.893 0.6000000238
8646  -11.344  -71.484  -26.182 0.6000000238
9157  -9.383  -70.566  -23.040 0.6999999881
9179  -12.306  -70.190  -24.814 0.6000000238
9200  -13.124  -70.297  -26.412 0.5000000000
9209  -12.849  -70.564  -27.154 0.5000000000
9235  -11.339  -69.612  -29.454 0.6000000238
9259  -19.958  -70.449  -31.813 0.4000000060
9746  -13.592  -69.663  -26.489 0.6000000238
9800  -15.087  -69.562  -31.278 0.6000000238
10303  -10.824  -68.807  -23.943 0.6999999881
10320  -7.619  -68.127  -24.252 0.6999999881
10336  -13.883  -68.096  -26.026 0.5000000000
10381  -10.784  -68.404  -30.756 0.6000000238
10390  -17.147  -69.185  -31.954 0.5000000000
10392  -18.811  -68.873  -31.799 0.5000000000
10422  -16.758  -69.305  -33.181 0.4000000060
10929  -6.404  -67.856  -24.903 0.6000000238
10935  -11.935  -67.991  -24.663 0.5000000000
10950  -14.202  -67.351  -25.851 0.5000000000
10961  -7.676  -66.895  -26.355 0.6000000238
10971  -6.766  -67.034  -27.581 0.6000000238
10981  -5.942  -67.597  -28.894 0.6000000238
11606  -9.633  -66.602  -25.448 0.6000000238
11610  -13.010  -66.136  -24.250 0.5000000000
12359  -8.198  -65.828  -26.877 0.6000000238
12426  -6.005  -65.858  -31.611 0.5000000000
13037  -11.168  -64.384  -23.698 0.6999999881
13039  -13.128  -64.535  -23.531 0.6000000238
13057  -7.849  -64.558  -26.284 0.6000000238
13716  -10.842  -63.488  -23.889 0.6000000238
13718  -12.325  -63.352  -23.649 0.6000000238
13725  -10.026  -63.433  -24.201 0.6999999881
13735  -8.780  -62.945  -25.034 0.6000000238
13751  -6.612  -63.967  -27.690 0.5000000000
13761  -6.679  -63.867  -30.298 0.5000000000
14347  -12.918  -62.920  -23.871 0.6000000238
14349  -14.256  -62.882  -24.189 0.5000000000
14357  -12.828  -62.487  -24.323 0.5000000000
14367  -10.981  -62.310  -24.865 0.6000000238
14375  -7.052  -62.846  -27.244 0.5000000000
14983  -15.696  -61.855  -25.110 0.4000000060
14985  -17.293  -61.446  -25.419 0.4000000060
14990  -10.083  -62.046  -25.921 0.6999999881
14994  -13.042  -61.381  -25.487 0.5000000000
15017  -9.476  -62.393  -30.519 0.4000000060
15652  -16.683  -60.865  -25.264 0.4000000060
16416  -18.300  -59.522  -25.266 0.4000000060
16437  -19.802  -59.976  -26.377 0.4000000060
16459  -13.482  -59.765  -29.663 0.3000000119
17239  -13.247  -58.814  -26.529 0.3000000119
17265  -13.530  -58.833  -27.472 0.3000000119
17285  -12.115  -58.214  -30.812 0.3000000119
17956  -10.967  -57.819  -26.374 0.4000000060
17966  -11.332  -57.483  -27.057 0.4000000060
18662  -11.699  -56.345  -29.507 0.3000000119
19268  -10.739  -55.401  -24.303 0.3000000119
19301  -11.102  -54.587  -28.709 0.4000000060
19985  -14.953  -54.984  -26.004 0.3000000119
20806  -10.591  -53.766  -24.258 0.3000000119
20821  -11.415  -53.238  -25.886 0.3000000119
23444  -10.591  -50.645  -24.499 0.3000000119
23445  -11.241  -50.370  -25.013 0.3000000119
108209  -6.427  -65.196  -30.636 0.5000000000
108473  -8.870  -73.516  -38.173 0.4000000060
110847  -9.522  -72.739  -23.979 0.5000000000
112304  -8.367  -62.212  -27.709 0.6000000238
112365  -13.569  -57.854  -29.373 0.3000000119
112588  -9.975  -74.795  -31.919 0.5000000000
114137  -13.510  -69.320  -25.938 0.6000000238
115532  -10.473  -71.554  -26.691 0.5000000000
117147  -8.047  -71.303  -22.613 0.6000000238
117318  -23.023  -70.833  -35.118 0.4000000060
119318  -17.712  -74.980  -41.444 0.4000000060
119521  -22.251  -70.915  -34.987 0.4000000060
120456  -10.103  -69.795  -31.580 0.6000000238
121035  -14.434  -61.513  -25.111 0.4000000060
121158  -10.974  -57.599  -25.597 0.3000000119
123423  -13.630  -59.139  -25.474 0.4000000060
124970  -10.835  -53.181  -28.194 0.4000000060
125116  -14.868  -70.936  -30.502 0.6000000238
125415  -11.006  -68.373  -24.260 0.6999999881
126459  -10.401  -64.045  -23.941 0.6999999881
