#!ascii label  , from subject sub-v2s16x51258_ses-1 vox2ras=TkReg
774
121527  -20.351  -21.826  -35.353 0.4285714328
49149  -21.337  -21.416  -36.699 0.2857142985
49132  -20.787  -21.589  -35.969 0.4285714328
49150  -22.251  -21.512  -36.558 0.4285714328
49173  -21.052  -21.048  -37.443 0.2857142985
112638  -21.891  -21.200  -37.143 0.4285714328
49174  -22.805  -21.180  -37.128 0.4285714328
51309  -21.770  -19.945  -37.901 0.4285714328
51310  -22.560  -19.626  -37.701 0.4285714328
52298  -21.757  -18.935  -38.844 0.4285714328
116446  -22.403  -18.429  -38.696 0.4285714328
53230  -21.839  -18.008  -40.165 0.5714285970
52326  -22.122  -18.247  -39.391 0.5714285970
53203  -22.770  -17.875  -38.929 0.4285714328
53232  -23.194  -17.341  -39.145 0.2857142985
53231  -22.595  -17.528  -39.767 0.7142857313
55237  -23.773  -16.024  -40.575 0.7142857313
55221  -23.881  -16.339  -39.766 0.4285714328
54156  -23.284  -16.896  -39.696 0.7142857313
55238  -24.257  -15.361  -40.883 0.5714285970
55249  -24.061  -14.957  -41.631 0.5714285970
106966  -24.758  -14.660  -41.141 0.5714285970
55248  -23.441  -15.716  -41.434 0.5714285970
56350  -24.543  -14.286  -41.819 0.5714285970
57341  -25.631  -13.179  -41.679 0.5714285970
56358  -23.918  -14.523  -42.293 0.7142857313
57340  -24.917  -13.596  -42.025 0.7142857313
57350  -25.164  -13.010  -42.252 0.7142857313
58148  -25.605  -12.502  -42.190 0.5714285970
56359  -24.355  -13.946  -42.363 0.5714285970
105742  -22.578  -15.063  -43.267 0.5714285970
57349  -24.552  -13.258  -42.704 0.8571428657
123617  -25.480  -12.027  -42.605 0.7142857313
59021  -25.976  -11.870  -42.264 0.5714285970
57356  -23.990  -13.255  -43.344 0.7142857313
57355  -23.344  -13.581  -43.703 0.5714285970
59036  -25.596  -11.425  -42.784 0.7142857313
58160  -24.459  -12.535  -43.365 0.7142857313
59035  -25.071  -11.886  -43.097 0.7142857313
59947  -25.736  -10.658  -42.918 0.5714285970
59948  -26.358  -10.370  -42.465 0.5714285970
112321  -24.603  -11.794  -43.664 0.7142857313
59963  -25.079  -11.086  -43.496 0.7142857313
60795  -25.895  -9.818  -42.961 0.7142857313
59975  -24.608  -10.388  -44.196 0.7142857313
59964  -25.299  -10.147  -43.486 0.7142857313
60811  -25.462  -9.297  -43.508 0.7142857313
61681  -25.464  -8.392  -43.624 0.7142857313
61668  -26.072  -8.866  -42.977 0.5714285970
60810  -24.938  -9.624  -43.894 0.7142857313
59064  -24.378  -11.372  -44.229 0.5714285970
61682  -25.967  -7.885  -43.171 0.5714285970
127690  -26.026  -7.151  -43.280 0.5714285970
60824  -24.509  -9.456  -44.470 0.8571428657
62606  -25.394  -7.319  -43.863 0.7142857313
61680  -24.949  -8.900  -44.031 0.8571428657
62622  -24.910  -8.065  -44.195 0.7142857313
64528  -25.441  -5.409  -44.306 0.8571428657
63571  -25.889  -6.521  -43.555 0.5714285970
63584  -24.773  -6.853  -44.645 0.8571428657
126742  -24.878  -7.484  -44.372 0.8571428657
65429  -24.919  -4.983  -44.809 0.8571428657
65430  -25.494  -4.587  -44.375 0.8571428657
66275  -24.948  -3.240  -44.901 0.8571428657
63585  -25.388  -6.276  -44.167 0.8571428657
65443  -24.920  -4.150  -44.835 0.8571428657
66274  -24.319  -3.727  -45.487 1.0000000000
64527  -24.858  -5.848  -44.761 0.8571428657
65442  -24.525  -4.562  -45.285 1.0000000000
67145  -24.416  -2.682  -45.476 1.0000000000
67974  -24.295  -1.169  -46.216 0.7142857313
66282  -23.794  -3.030  -45.872 1.0000000000
67963  -24.616  -1.724  -45.556 1.0000000000
70617  -24.807  0.826  -46.793 1.0000000000
70634  -24.446  1.320  -47.547 0.8571428657
72255  -25.751  3.104  -47.960 0.8571428657
71458  -25.445  2.455  -47.539 1.0000000000
73691  -26.349  5.360  -48.691 0.8571428657
72272  -25.955  3.906  -48.341 0.8571428657
75134  -26.748  7.529  -49.780 0.8571428657
74414  -26.429  6.700  -49.485 0.8571428657
75146  -26.133  7.782  -50.564 0.7142857313
74413  -25.489  6.371  -49.986 0.5714285970
75883  -25.487  7.949  -51.370 0.7142857313
75884  -26.249  8.546  -50.906 0.5714285970
75155  -23.536  7.304  -52.178 0.5714285970
75144  -24.137  6.905  -51.416 0.5714285970
75163  -22.992  7.683  -52.880 0.4285714328
76663  -23.437  9.230  -53.198 0.4285714328
77391  -23.614  10.330  -53.231 0.4285714328
76642  -22.217  9.187  -51.893 0.2857142985
76643  -22.803  9.657  -51.116 0.2857142985
76644  -23.536  10.083  -50.595 0.2857142985
65410  -25.980  -4.982  -43.858 0.8571428657
66258  -25.553  -3.734  -44.429 0.8571428657
123059  -24.502  -0.467  -46.311 0.8571428657
77361  -25.749  9.961  -48.804 0.1428571492
110412  -20.310  -21.404  -36.783 0.2857142985
50235  -20.424  -20.717  -37.986 0.2857142985
50236  -21.181  -20.385  -37.940 0.2857142985
107179  -22.022  -20.588  -37.529 0.4285714328
51329  -21.225  -19.705  -38.463 0.2857142985
52285  -23.190  -18.780  -37.695 0.4285714328
53251  -22.160  -17.467  -40.625 0.2857142985
54177  -22.827  -16.948  -40.406 0.7142857313
108667  -23.380  -16.515  -40.275 0.7142857313
56337  -25.516  -14.361  -40.680 0.4285714328
55257  -23.406  -15.175  -42.178 0.7142857313
56351  -25.219  -13.946  -41.391 0.5714285970
58147  -25.049  -12.516  -42.675 0.7142857313
56371  -22.979  -14.327  -43.473 0.5714285970
57348  -23.765  -13.939  -42.932 0.5714285970
58159  -23.716  -12.876  -43.972 0.5714285970
59037  -26.183  -11.147  -42.376 0.5714285970
58177  -24.063  -12.144  -44.146 0.8571428657
64508  -25.903  -5.758  -43.761 0.5714285970
67146  -25.104  -2.318  -45.023 1.0000000000
65441  -23.975  -4.543  -45.747 1.0000000000
67155  -23.887  -2.140  -46.192 0.8571428657
68854  -23.966  -0.612  -46.691 0.7142857313
110200  -25.339  0.137  -45.751 1.0000000000
69721  -25.296  0.610  -46.196 1.0000000000
68869  -23.738  -0.091  -47.144 0.7142857313
70635  -25.129  1.719  -47.150 0.8571428657
72977  -25.817  4.712  -48.748 0.8571428657
71459  -26.048  2.919  -47.198 1.0000000000
75133  -25.927  7.086  -50.180 0.7142857313
75903  -22.543  8.389  -53.328 0.7142857313
74425  -24.758  6.560  -50.677 0.5714285970
75156  -24.587  7.463  -51.809 0.7142857313
75892  -24.798  8.045  -52.201 0.7142857313
74430  -23.180  6.991  -51.580 0.4285714328
76653  -22.176  10.113  -52.128 0.2857142985
77398  -22.271  10.287  -53.474 0.4285714328
76655  -25.472  9.716  -51.948 0.4285714328
77370  -22.807  10.484  -51.320 0.2857142985
77389  -22.202  10.870  -53.288 0.4285714328
54189  -22.636  -16.326  -41.623 0.4285714328
75902  -21.959  8.763  -53.266 0.4285714328
75891  -23.757  8.228  -52.791 0.7142857313
76661  -22.058  9.893  -53.305 0.2857142985
48110  -21.110  -21.925  -35.227 0.4285714328
49133  -21.686  -21.694  -35.906 0.4285714328
51330  -21.955  -19.427  -38.190 0.4285714328
52299  -22.462  -18.892  -38.149 0.4285714328
54178  -23.128  -16.446  -40.945 0.5714285970
123068  -23.280  -14.754  -42.822 0.7142857313
124891  -22.858  -15.327  -42.702 0.7142857313
59974  -23.992  -10.996  -44.915 0.8571428657
62621  -24.449  -7.744  -44.826 0.8571428657
67973  -23.546  -1.347  -46.715 0.8571428657
73706  -26.021  5.947  -49.218 0.8571428657
126312  -25.397  6.804  -50.450 0.7142857313
75145  -25.253  7.208  -50.931 0.5714285970
75154  -22.578  7.501  -52.429 0.4285714328
75162  -22.070  7.921  -53.094 0.4285714328
76635  -23.523  9.241  -50.263 0.2857142985
75901  -21.866  8.285  -52.995 0.2857142985
76636  -24.195  9.626  -50.042 0.2857142985
76632  -24.907  9.744  -49.428 0.1428571492
54188  -22.418  -16.917  -41.132 0.2857142985
68855  -24.337  0.052  -46.755 1.0000000000
76654  -24.665  8.887  -52.409 0.5714285970
79334  -23.615  13.955  -53.796 0.2857142985
79932  -23.601  14.081  -53.655 0.1428571492
112971  -23.329  12.506  -53.373 0.2857142985
78710  -24.339  13.028  -53.471 0.2857142985
79329  -23.472  13.200  -53.355 0.1428571492
79330  -23.717  13.820  -52.648 0.1428571492
127466  -22.532  11.732  -52.868 0.1428571492
78025  -22.868  11.943  -53.320 0.2857142985
78702  -23.036  12.602  -52.874 0.1428571492
78704  -26.013  12.524  -52.533 0.2857142985
78027  -24.546  12.305  -53.182 0.2857142985
77375  -29.262  10.735  -50.641 0.2857142985
78014  -27.675  11.206  -51.156 0.2857142985
79325  -24.985  13.260  -51.389 0.1428571492
108574  -23.527  11.215  -53.327 0.2857142985
112034  -27.765  9.764  -50.461 0.2857142985
78020  -26.039  11.634  -52.122 0.2857142985
78026  -23.991  11.738  -53.253 0.2857142985
75135  -28.813  8.111  -49.002 0.1428571492
77374  -28.255  10.656  -50.671 0.2857142985
77383  -26.813  11.014  -51.498 0.2857142985
118172  -26.105  10.927  -51.838 0.2857142985
78019  -25.263  11.283  -52.479 0.2857142985
75127  -31.007  7.067  -48.775 0.1428571492
75136  -29.747  8.008  -48.962 0.1428571492
76637  -28.383  9.435  -49.935 0.4285714328
76656  -26.308  9.342  -51.210 0.2857142985
73679  -28.822  5.533  -47.442 0.2857142985
124453  -27.750  8.053  -49.421 0.4285714328
75885  -26.981  9.134  -50.568 0.2857142985
76664  -24.463  9.764  -52.635 0.2857142985
72956  -29.141  4.357  -46.452 0.1428571492
74400  -28.777  6.712  -48.252 0.2857142985
75874  -26.930  8.346  -50.178 0.4285714328
74399  -27.879  6.543  -48.453 0.5714285970
72243  -28.746  3.804  -45.979 0.1428571492
72955  -28.192  4.249  -46.510 0.1428571492
74415  -27.340  7.067  -49.080 0.7142857313
73678  -27.837  5.273  -47.669 0.4285714328
71428  -28.764  2.640  -45.123 0.2857142985
72234  -28.266  3.227  -45.655 0.7142857313
74398  -26.948  6.138  -48.713 0.7142857313
72241  -26.714  3.394  -46.899 0.8571428657
72979  -27.119  4.604  -47.861 0.5714285970
70585  -28.687  1.276  -44.491 0.2857142985
70601  -28.291  1.982  -44.844 0.2857142985
72976  -25.215  4.094  -48.916 0.5714285970
125949  -26.630  4.082  -48.007 0.8571428657
69687  -27.868  0.547  -44.329 0.1428571492
71426  -26.884  2.290  -45.770 0.7142857313
69672  -28.538  -0.020  -43.694 0.1428571492
64563  -22.311  -5.380  -47.619 0.5714285970
66273  -23.556  -3.786  -46.238 0.8571428657
67154  -23.362  -2.914  -46.542 0.8571428657
65449  -23.005  -4.141  -46.874 0.4285714328
68839  -25.983  -0.101  -45.292 0.8571428657
70618  -25.651  1.334  -46.369 0.8571428657
116581  -27.768  -0.145  -43.889 0.2857142985
69707  -26.432  0.616  -45.331 0.8571428657
109814  -26.246  1.969  -46.218 0.8571428657
72256  -26.353  3.547  -47.683 0.8571428657
67928  -28.040  -1.213  -43.362 0.4285714328
115166  -26.823  0.231  -44.818 0.7142857313
70600  -27.365  1.774  -45.206 0.7142857313
63622  -22.361  -6.260  -47.537 0.2857142985
65450  -23.444  -4.676  -46.350 0.5714285970
64548  -22.867  -4.980  -46.902 0.5714285970
68838  -25.021  -0.688  -45.613 0.8571428657
69706  -25.820  0.678  -45.735 0.8571428657
67944  -26.475  -1.387  -44.277 0.4285714328
109232  -26.564  -0.538  -44.610 0.8571428657
67126  -27.181  -1.664  -43.552 0.4285714328
59995  -23.095  -10.455  -46.258 0.7142857313
117824  -22.636  -10.198  -46.777 0.4285714328
59988  -23.538  -10.686  -45.580 0.7142857313
61711  -23.986  -8.394  -45.303 0.8571428657
110347  -22.980  -8.084  -46.760 0.5714285970
62641  -22.572  -7.617  -47.322 0.5714285970
62650  -22.064  -7.379  -47.966 0.4285714328
62633  -23.689  -7.380  -45.768 0.8571428657
62642  -23.222  -7.286  -46.464 0.5714285970
109985  -22.793  -5.848  -46.935 0.5714285970
63598  -24.330  -6.280  -45.327 0.8571428657
64537  -23.774  -5.867  -45.829 0.7142857313
63612  -23.303  -6.315  -46.424 0.5714285970
66259  -26.189  -3.340  -43.989 0.7142857313
67125  -25.653  -2.825  -44.480 0.7142857313
67943  -25.768  -1.913  -44.626 0.7142857313
124838  -25.297  -1.545  -45.189 0.8571428657
66239  -27.448  -3.237  -42.934 0.2857142985
67107  -26.768  -3.053  -43.547 0.4285714328
67108  -27.258  -2.483  -43.309 0.5714285970
58176  -23.424  -12.496  -44.811 0.4285714328
110982  -23.437  -12.051  -45.208 0.4285714328
115872  -22.386  -11.055  -46.620 0.4285714328
61699  -24.469  -8.618  -44.645 0.7142857313
60838  -24.013  -9.211  -45.139 0.7142857313
62634  -24.173  -7.112  -45.300 0.8571428657
65412  -27.262  -4.095  -42.794 0.2857142985
66238  -26.689  -3.755  -43.454 0.5714285970
65431  -26.069  -4.175  -43.927 0.5714285970
57363  -23.050  -13.266  -44.507 0.4285714328
106445  -22.684  -12.910  -45.234 0.5714285970
59063  -23.803  -11.782  -44.831 0.5714285970
59078  -23.388  -11.552  -45.487 0.5714285970
63572  -26.321  -6.033  -43.282 0.4285714328
64509  -26.456  -5.362  -43.304 0.4285714328
65411  -26.577  -4.563  -43.379 0.4285714328
59022  -26.581  -11.669  -41.837 0.4285714328
62596  -27.040  -7.689  -42.399 0.4285714328
63554  -27.198  -6.862  -42.376 0.4285714328
63553  -26.454  -6.643  -42.994 0.4285714328
52300  -23.663  -18.050  -37.789 0.1428571492
60796  -26.528  -9.561  -42.509 0.4285714328
116364  -26.710  -8.875  -42.475 0.4285714328
61670  -27.284  -8.403  -42.107 0.4285714328
53204  -23.428  -17.593  -38.453 0.1428571492
54132  -23.877  -16.858  -38.912 0.1428571492
56322  -25.002  -15.050  -40.354 0.2857142985
58139  -26.886  -12.772  -41.110 0.2857142985
59004  -27.958  -10.961  -41.084 0.2857142985
59003  -27.355  -11.477  -41.367 0.2857142985
57342  -26.295  -13.106  -41.248 0.4285714328
59023  -27.466  -10.594  -41.522 0.2857142985
59926  -26.802  -10.895  -41.923 0.2857142985
127092  -26.939  -12.158  -41.419 0.2857142985
60779  -27.647  -9.792  -41.580 0.2857142985
59949  -26.966  -10.088  -42.002 0.4285714328
114408  -24.178  -17.388  -38.134 0.1428571492
54157  -24.573  -16.153  -39.205 0.2857142985
54158  -25.357  -16.000  -38.799 0.2857142985
56324  -26.766  -14.514  -39.534 0.2857142985
57313  -27.201  -13.794  -39.999 0.2857142985
57329  -26.705  -13.424  -40.731 0.2857142985
56338  -26.335  -14.097  -40.326 0.2857142985
53205  -24.878  -17.431  -37.936 0.1428571492
54159  -26.147  -15.899  -38.595 0.2857142985
53206  -25.531  -17.244  -37.975 0.2857142985
127061  -25.801  -15.471  -39.136 0.2857142985
56323  -25.864  -14.864  -39.809 0.2857142985
51311  -23.501  -19.475  -37.431 0.1428571492
52286  -23.993  -18.672  -37.445 0.1428571492
48091  -21.390  -22.427  -34.603 0.2857142985
48090  -20.381  -22.329  -34.664 0.2857142985
50237  -23.023  -20.342  -37.400 0.2857142985
48092  -22.245  -22.581  -34.629 0.1428571492
47197  -20.875  -23.003  -34.137 0.2857142985
47196  -19.987  -23.132  -34.114 0.1428571492
54133  -24.860  -16.755  -38.422 0.1428571492
54134  -25.806  -16.593  -38.297 0.2857142985
55224  -26.464  -15.215  -39.000 0.2857142985
57330  -27.491  -13.060  -40.461 0.2857142985
58126  -27.514  -12.282  -40.916 0.2857142985
58138  -26.273  -12.463  -41.678 0.4285714328
61653  -27.854  -8.981  -41.602 0.2857142985
60846  -23.091  -9.640  -46.432 0.7142857313
62595  -26.508  -7.403  -42.803 0.4285714328
65399  -27.142  -4.946  -42.707 0.2857142985
66222  -28.105  -3.704  -42.422 0.2857142985
71471  -25.180  2.745  -48.133 0.7142857313
71441  -25.811  2.187  -46.811 0.8571428657
67109  -27.993  -1.962  -43.053 0.2857142985
71442  -26.479  2.660  -46.493 0.8571428657
72978  -26.514  4.639  -48.328 0.8571428657
72962  -28.486  4.899  -46.954 0.4285714328
73693  -28.354  6.026  -47.953 0.4285714328
78697  -24.914  12.480  -50.938 0.1428571492
75876  -28.534  8.832  -49.502 0.2857142985
78021  -27.027  11.744  -51.722 0.2857142985
48111  -21.957  -22.063  -35.197 0.1428571492
49131  -19.903  -21.616  -35.890 0.2857142985
49135  -23.131  -21.671  -36.400 0.1428571492
52302  -25.295  -17.914  -37.656 0.1428571492
123626  -25.945  -17.751  -37.702 0.1428571492
55222  -24.431  -15.715  -40.041 0.2857142985
126292  -27.712  -13.443  -39.974 0.2857142985
57328  -25.952  -13.680  -41.020 0.2857142985
59087  -22.686  -11.773  -46.029 0.2857142985
60837  -23.566  -9.832  -45.707 0.7142857313
61727  -22.015  -8.943  -47.533 0.4285714328
61719  -23.034  -8.812  -46.589 0.5714285970
63633  -22.039  -6.012  -48.012 0.2857142985
107313  -22.344  -6.952  -47.623 0.5714285970
62581  -27.698  -7.532  -41.894 0.1428571492
111831  -27.743  -6.135  -42.088 0.4285714328
64492  -26.939  -5.889  -42.629 0.4285714328
64493  -27.937  -5.361  -42.141 0.1428571492
65400  -28.114  -4.456  -42.230 0.1428571492
120193  -27.974  -2.588  -42.813 0.2857142985
110003  -27.206  -0.127  -44.309 0.7142857313
69673  -29.495  -0.113  -43.633 0.2857142985
77380  -22.480  11.108  -52.298 0.2857142985
68801  -28.096  -0.561  -43.584 0.4285714328
70586  -29.746  1.167  -44.466 0.1428571492
72242  -27.413  3.877  -46.677 0.5714285970
70602  -29.268  1.987  -44.728 0.1428571492
78696  -23.898  12.258  -51.612 0.1428571492
72961  -27.621  4.519  -47.157 0.5714285970
72244  -29.792  3.632  -46.083 0.1428571492
72963  -29.577  5.007  -46.996 0.1428571492
75875  -27.713  8.949  -49.977 0.2857142985
73694  -29.223  6.133  -47.844 0.2857142985
74391  -30.023  6.081  -47.814 0.1428571492
74402  -30.497  6.546  -48.290 0.1428571492
75126  -30.139  7.276  -48.599 0.1428571492
76646  -28.758  10.023  -50.240 0.2857142985
76647  -29.664  10.026  -50.169 0.2857142985
76639  -29.989  9.362  -49.708 0.1428571492
52287  -24.922  -18.651  -37.437 0.1428571492
66223  -28.516  -3.070  -42.460 0.2857142985
75879  -31.134  8.332  -49.630 0.1428571492
77376  -30.208  10.529  -50.834 0.2857142985
48109  -19.571  -21.944  -35.119 0.2857142985
49134  -22.529  -21.862  -35.807 0.1428571492
49175  -23.557  -20.948  -37.275 0.1428571492
112635  -22.946  -18.212  -38.161 0.1428571492
60823  -24.008  -10.073  -44.959 0.7142857313
64538  -24.356  -5.325  -45.412 0.8571428657
126668  -23.765  -5.169  -45.909 0.8571428657
73690  -25.703  5.317  -49.053 0.5714285970
75893  -25.561  8.713  -51.663 0.2857142985
77392  -24.668  10.660  -52.664 0.2857142985
107095  -22.747  -15.756  -42.184 0.5714285970
77390  -22.661  10.923  -53.477 0.2857142985
77381  -25.664  10.550  -51.999 0.2857142985
78017  -22.343  11.403  -53.156 0.2857142985
112403  -23.956  -7.743  -45.423 0.8571428657
78709  -23.440  13.085  -53.406 0.2857142985
78703  -23.777  13.004  -52.212 0.1428571492
78708  -23.157  12.544  -53.189 0.2857142985
116778  -25.292  13.258  -53.353 0.2857142985
78701  -22.710  11.959  -53.136 0.1428571492
77373  -27.331  10.428  -50.991 0.2857142985
76645  -26.965  9.775  -50.902 0.2857142985
75877  -29.422  8.767  -49.317 0.1428571492
77382  -26.414  10.237  -51.431 0.2857142985
75137  -30.626  7.799  -49.101 0.1428571492
75125  -29.243  7.381  -48.570 0.1428571492
75878  -30.292  8.585  -49.400 0.1428571492
76638  -29.151  9.454  -49.732 0.1428571492
75124  -28.288  7.338  -48.758 0.4285714328
74401  -29.658  6.717  -48.184 0.2857142985
118143  -27.619  5.858  -48.201 0.5714285970
73692  -27.083  5.294  -48.260 0.7142857313
117028  -27.935  3.735  -46.115 0.4285714328
71427  -27.769  2.560  -45.382 0.5714285970
71443  -27.306  3.146  -46.109 0.7142857313
72257  -26.946  4.021  -47.384 0.7142857313
70584  -27.871  1.318  -44.752 0.5714285970
70599  -26.461  1.393  -45.637 0.8571428657
64549  -23.367  -5.471  -46.401 0.5714285970
66281  -23.077  -3.465  -46.870 0.4285714328
65460  -22.499  -4.416  -47.539 0.4285714328
68820  -25.884  -1.053  -45.000 0.8571428657
68821  -27.269  -0.784  -43.909 0.5714285970
69686  -27.147  0.943  -45.077 0.8571428657
59088  -23.084  -11.155  -46.084 0.5714285970
117139  -23.527  -8.990  -45.850 0.7142857313
61710  -23.500  -8.101  -46.028 0.7142857313
61718  -22.532  -8.532  -47.228 0.4285714328
63611  -22.704  -6.709  -46.985 0.5714285970
110341  -22.104  -8.156  -47.797 0.4285714328
63597  -23.710  -6.700  -45.802 0.7142857313
115453  -26.414  -2.375  -43.932 0.7142857313
58194  -23.018  -12.259  -45.508 0.5714285970
61669  -26.563  -8.192  -42.644 0.4285714328
60797  -27.153  -9.293  -42.063 0.4285714328
55223  -25.178  -15.516  -39.552 0.2857142985
52301  -24.480  -17.980  -37.655 0.1428571492
47212  -23.055  -22.690  -34.757 0.1428571492
48112  -22.649  -22.255  -35.194 0.1428571492
48127  -24.014  -21.953  -36.362 0.1428571492
78012  -24.054  11.544  -51.093 0.1428571492
72271  -25.225  3.354  -48.503 0.5714285970
70645  -23.988  1.551  -48.166 0.4285714328
71470  -24.073  2.167  -48.734 0.4285714328
115818  -24.642  2.795  -48.599 0.5714285970
127187  -23.929  1.125  -47.782 0.4285714328
68868  -23.308  -0.670  -47.242 0.4285714328
69734  -23.976  0.608  -47.412 0.4285714328
69733  -23.110  0.098  -47.783 0.4285714328
71457  -24.731  2.099  -48.001 0.5714285970
67160  -23.151  -2.150  -46.912 0.5714285970
59908  -28.677  -10.763  -40.665 0.1428571492
59927  -28.187  -10.267  -41.139 0.1428571492
60780  -28.437  -9.485  -41.182 0.1428571492
52344  -21.255  -18.239  -40.498 0.2857142985
121964  -29.896  -11.878  -39.714 0.1428571492
58128  -28.912  -12.009  -40.164 0.1428571492
59006  -30.179  -11.041  -40.036 0.1428571492
59005  -29.226  -11.314  -40.284 0.1428571492
52325  -21.287  -18.626  -39.804 0.2857142985
120236  -28.220  -13.152  -39.865 0.1428571492
58111  -29.130  -12.673  -39.654 0.1428571492
58127  -28.228  -12.483  -40.331 0.1428571492
58112  -30.884  -12.282  -39.590 0.1428571492
59008  -32.547  -12.005  -40.888 0.1428571492
58113  -31.723  -12.165  -40.101 0.1428571492
59007  -31.704  -11.354  -40.366 0.1428571492
51352  -20.878  -19.258  -39.227 0.2857142985
122674  -20.531  -18.987  -39.846 0.2857142985
120925  -27.368  -14.992  -38.737 0.1428571492
116332  -28.119  -14.515  -38.802 0.1428571492
57314  -28.040  -13.824  -39.443 0.1428571492
56325  -27.482  -14.317  -39.332 0.1428571492
57316  -29.915  -13.201  -39.134 0.1428571492
57315  -29.018  -13.546  -39.216 0.1428571492
121867  -30.123  -12.586  -39.397 0.1428571492
57317  -30.944  -12.989  -39.434 0.1428571492
57318  -31.781  -12.795  -40.112 0.1428571492
58129  -32.458  -12.547  -40.871 0.1428571492
51328  -20.397  -19.811  -38.840 0.2857142985
50260  -19.949  -20.360  -38.495 0.2857142985
54160  -26.971  -15.812  -38.457 0.1428571492
120102  -28.211  -15.184  -38.439 0.1428571492
56312  -29.066  -14.936  -38.468 0.1428571492
127817  -29.783  -13.695  -38.897 0.1428571492
109682  -28.747  -14.173  -38.894 0.1428571492
56327  -31.598  -14.015  -39.890 0.1428571492
117332  -31.429  -13.357  -39.706 0.1428571492
58130  -33.319  -12.646  -41.489 0.1428571492
118929  -26.639  -16.551  -38.187 0.1428571492
55203  -27.868  -15.813  -38.303 0.1428571492
54135  -27.510  -16.536  -38.052 0.1428571492
55205  -29.634  -15.775  -38.392 0.1428571492
54136  -28.501  -16.547  -37.990 0.1428571492
55225  -30.787  -15.618  -38.998 0.1428571492
111447  -30.943  -14.792  -39.146 0.1428571492
121613  -30.218  -15.059  -38.674 0.1428571492
124684  -30.601  -13.940  -39.092 0.1428571492
57331  -32.369  -13.093  -41.189 0.1428571492
56339  -32.071  -13.272  -41.510 0.1428571492
118783  -32.957  -12.884  -41.970 0.1428571492
53208  -28.007  -17.299  -37.708 0.1428571492
53210  -29.708  -17.406  -38.295 0.1428571492
126147  -29.258  -16.824  -38.061 0.1428571492
126124  -29.208  -16.299  -38.185 0.1428571492
111353  -31.254  -15.646  -40.319 0.1428571492
54162  -30.938  -16.085  -39.580 0.1428571492
55239  -31.651  -14.649  -40.788 0.1428571492
55226  -31.227  -15.197  -39.707 0.1428571492
113699  -31.997  -13.066  -40.644 0.1428571492
52307  -30.084  -18.010  -38.718 0.1428571492
53209  -28.922  -17.385  -37.805 0.1428571492
53233  -30.702  -17.001  -39.558 0.1428571492
113300  -30.441  -17.689  -39.247 0.1428571492
54179  -30.940  -16.386  -40.388 0.1428571492
53211  -30.358  -17.228  -38.819 0.1428571492
55204  -28.748  -15.771  -38.277 0.1428571492
55206  -30.297  -15.912  -38.613 0.1428571492
56326  -29.623  -14.219  -38.730 0.1428571492
59009  -32.988  -12.127  -41.881 0.1428571492
112674  -28.235  -11.625  -40.682 0.1428571492
60767  -29.044  -9.942  -40.696 0.1428571492
50261  -20.640  -20.203  -38.344 0.2857142985
56340  -32.350  -12.980  -41.823 0.1428571492
125572  -33.373  -12.975  -41.786 0.1428571492
59025  -33.223  -11.926  -41.954 0.1428571492
67981  -22.855  -1.401  -47.373 0.4285714328
59024  -32.648  -11.710  -41.876 0.1428571492
59912  -32.304  -11.286  -40.905 0.1428571492
72270  -24.587  3.495  -49.084 0.4285714328
72990  -25.136  4.851  -49.278 0.4285714328
76657  -31.057  10.178  -51.214 0.1428571492
77384  -29.860  11.299  -51.429 0.1428571492
119657  -26.280  -17.189  -37.897 0.1428571492
114759  -28.156  -8.171  -41.563 0.1428571492
58991  -30.958  -11.536  -39.820 0.1428571492
59909  -29.610  -10.493  -40.393 0.1428571492
59910  -30.559  -10.324  -40.346 0.1428571492
125244  -31.376  -12.580  -39.744 0.1428571492
53207  -27.105  -17.245  -37.771 0.1428571492
54137  -29.934  -16.575  -38.412 0.1428571492
54161  -30.595  -16.434  -38.923 0.1428571492
116229  -31.334  -15.541  -41.569 0.1428571492
55250  -31.838  -13.814  -42.459 0.1428571492
48088  -18.383  -22.984  -34.483 0.1428571492
48089  -19.322  -22.601  -34.535 0.1428571492
119389  -17.808  -22.739  -34.902 0.1428571492
48108  -18.500  -22.255  -35.104 0.1428571492
49130  -18.971  -21.734  -35.817 0.1428571492
49171  -19.450  -21.279  -37.201 0.1428571492
49148  -19.436  -21.487  -36.484 0.1428571492
50234  -19.506  -20.884  -37.968 0.1428571492
49169  -17.967  -21.205  -37.206 0.1428571492
49170  -18.682  -21.091  -37.520 0.1428571492
51326  -18.737  -19.842  -39.083 0.1428571492
52324  -19.865  -18.997  -40.088 0.1428571492
51351  -20.097  -19.462  -39.512 0.1428571492
52343  -20.559  -18.513  -40.474 0.1428571492
53250  -21.569  -17.848  -40.770 0.1428571492
53260  -21.613  -17.394  -41.339 0.2857142985
56370  -22.137  -14.625  -43.933 0.4285714328
57354  -22.630  -13.905  -44.143 0.4285714328
67153  -22.855  -2.891  -47.235 0.2857142985
67159  -22.530  -2.184  -47.634 0.2857142985
125512  -22.296  1.071  -49.547 0.2857142985
70644  -23.479  1.495  -48.954 0.2857142985
72269  -23.981  2.884  -49.196 0.4285714328
52342  -19.656  -18.412  -40.597 0.1428571492
53248  -20.242  -18.019  -41.125 0.2857142985
50258  -18.265  -20.231  -38.475 0.1428571492
51350  -19.278  -19.394  -39.593 0.1428571492
52323  -19.028  -18.762  -40.062 0.1428571492
53258  -19.882  -17.407  -41.566 0.2857142985
53249  -21.020  -18.020  -41.061 0.2857142985
53259  -20.737  -17.498  -41.606 0.2857142985
110767  -22.015  -16.799  -41.730 0.2857142985
54197  -22.187  -15.774  -42.967 0.4285714328
56369  -21.264  -15.001  -43.935 0.2857142985
66287  -22.670  -3.606  -47.460 0.2857142985
110179  -22.383  -2.985  -48.004 0.2857142985
67168  -21.840  -2.239  -48.327 0.2857142985
67980  -22.124  -1.447  -48.111 0.2857142985
68867  -22.535  -0.654  -47.893 0.2857142985
112178  -22.839  0.454  -48.575 0.2857142985
124738  -21.404  -0.089  -49.161 0.2857142985
54187  -21.287  -16.875  -42.134 0.2857142985
109177  -22.140  -3.776  -48.113 0.2857142985
66298  -21.289  -3.929  -48.538 0.2857142985
67989  -21.268  -1.409  -48.665 0.2857142985
68877  -21.705  -0.707  -48.637 0.2857142985
70633  -23.425  0.910  -48.210 0.2857142985
67167  -20.856  -2.160  -48.713 0.2857142985
67987  -19.953  -1.475  -48.777 0.2857142985
49172  -20.158  -21.129  -37.525 0.1428571492
105813  -22.074  -16.361  -42.307 0.4285714328
108010  -22.277  -0.014  -48.639 0.2857142985
51327  -19.594  -19.918  -39.060 0.1428571492
49129  -17.881  -21.957  -35.984 0.1428571492
49147  -18.561  -21.469  -36.713 0.1428571492
50233  -18.695  -20.709  -38.103 0.1428571492
50259  -19.124  -20.398  -38.600 0.1428571492
55263  -21.927  -15.289  -43.531 0.4285714328
69743  -22.839  0.858  -49.173 0.2857142985
54196  -21.446  -16.246  -42.805 0.4285714328
67988  -20.413  -1.212  -48.825 0.2857142985
57367  -21.882  -13.112  -45.484 0.2857142985
57362  -22.308  -13.580  -44.883 0.2857142985
79343  -28.913  13.535  -54.278 0.1428571492
78725  -29.917  13.199  -54.530 0.1428571492
78718  -28.652  13.292  -53.172 0.1428571492
78706  -28.492  12.210  -51.770 0.1428571492
78023  -29.302  11.913  -51.740 0.1428571492
79348  -28.903  13.802  -55.564 0.1428571492
78712  -28.096  12.954  -52.362 0.1428571492
78711  -26.789  13.148  -52.670 0.1428571492
123390  -24.174  14.615  -54.332 0.1428571492
58193  -22.284  -12.449  -45.810 0.2857142985
78028  -30.027  11.858  -52.283 0.1428571492
78015  -28.700  11.464  -51.156 0.1428571492
78713  -29.267  12.517  -52.467 0.1428571492
79336  -27.485  13.660  -53.116 0.1428571492
79341  -25.659  14.880  -54.681 0.1428571492
79335  -25.816  13.994  -53.614 0.1428571492
78022  -27.890  11.798  -51.490 0.1428571492
78705  -27.429  12.404  -51.974 0.1428571492
79347  -27.879  14.273  -55.343 0.1428571492
78719  -29.685  12.879  -53.487 0.1428571492
79354  -27.506  14.291  -57.056 0.1428571492
78714  -30.153  12.276  -52.992 0.1428571492
66296  -19.666  -3.038  -48.778 0.1428571492
107980  -20.842  -3.084  -48.728 0.1428571492
67166  -20.174  -2.537  -48.827 0.1428571492
68876  -20.626  -0.500  -49.095 0.1428571492
68864  -18.111  -0.607  -47.635 0.1428571492
68874  -19.341  -0.081  -49.523 0.1428571492
68875  -19.612  0.042  -49.590 0.1428571492
70642  -19.490  1.155  -49.515 0.1428571492
70648  -21.112  1.766  -50.074 0.1428571492
60845  -22.491  -9.463  -47.076 0.2857142985
60851  -21.848  -9.631  -47.322 0.1428571492
64573  -21.206  -5.722  -48.463 0.1428571492
64574  -21.723  -5.496  -48.230 0.1428571492
125114  -20.748  -4.270  -48.634 0.1428571492
67929  -28.832  -1.593  -42.880 0.1428571492
69742  -21.828  0.581  -49.494 0.1428571492
71476  -23.343  2.263  -49.287 0.1428571492
70649  -21.774  2.013  -49.897 0.1428571492
70653  -21.254  2.295  -49.894 0.2857142985
72280  -23.720  3.677  -49.557 0.2857142985
74411  -22.485  6.136  -50.065 0.2857142985
114606  -21.727  6.030  -49.702 0.2857142985
74429  -22.603  7.301  -51.560 0.2857142985
75873  -23.918  9.171  -49.243 0.1428571492
72279  -23.037  3.098  -49.536 0.2857142985
72989  -24.426  4.276  -49.464 0.2857142985
73705  -25.212  5.572  -49.608 0.2857142985
73704  -24.150  5.118  -49.889 0.2857142985
73703  -22.524  5.379  -50.051 0.2857142985
73710  -23.345  5.796  -50.375 0.2857142985
73702  -21.301  5.540  -49.543 0.2857142985
75890  -21.998  8.325  -52.290 0.1428571492
74410  -21.918  6.605  -49.426 0.2857142985
77366  -25.229  10.526  -49.771 0.1428571492
73701  -20.716  5.518  -49.087 0.1428571492
72975  -20.617  4.878  -49.103 0.1428571492
70652  -20.773  2.369  -49.786 0.2857142985
74409  -21.034  6.068  -49.101 0.2857142985
75143  -22.442  7.548  -51.278 0.1428571492
75131  -22.638  7.250  -49.813 0.2857142985
75871  -23.052  7.859  -50.196 0.1428571492
75132  -22.734  7.921  -49.183 0.1428571492
70631  -18.935  1.357  -48.690 0.2857142985
74397  -21.349  6.561  -48.469 0.1428571492
75867  -23.752  7.886  -48.101 0.1428571492
75117  -22.419  6.889  -48.278 0.1428571492
69701  -18.130  -0.301  -46.252 0.1428571492
68802  -28.947  -0.794  -43.320 0.1428571492
63631  -20.936  -6.384  -48.407 0.1428571492
65471  -20.237  -4.598  -48.607 0.1428571492
65470  -19.464  -4.505  -48.338 0.1428571492
67158  -18.393  -2.686  -47.815 0.1428571492
67164  -18.592  -2.090  -48.321 0.1428571492
126403  -19.023  -1.797  -48.660 0.1428571492
68865  -18.532  -0.600  -48.351 0.1428571492
69741  -20.612  0.312  -49.691 0.1428571492
70630  -18.589  0.844  -47.970 0.1428571492
70643  -20.315  1.678  -49.843 0.2857142985
72278  -21.975  3.323  -49.709 0.1428571492
72994  -21.393  4.099  -49.667 0.1428571492
72988  -23.280  4.485  -49.888 0.2857142985
72986  -20.932  4.866  -49.404 0.1428571492
116675  -21.922  4.751  -49.810 0.1428571492
74390  -22.021  6.633  -48.234 0.1428571492
75122  -22.183  7.154  -48.850 0.1428571492
75882  -22.676  8.585  -50.935 0.1428571492
109123  -23.387  8.400  -48.810 0.1428571492
67088  -28.742  -2.331  -42.598 0.1428571492
67089  -29.533  -2.134  -42.695 0.1428571492
74412  -24.487  5.906  -50.271 0.2857142985
74424  -23.738  6.407  -50.861 0.2857142985
74423  -22.958  6.527  -50.775 0.2857142985
75153  -22.085  7.770  -52.487 0.2857142985
75872  -23.338  8.574  -49.711 0.1428571492
77365  -24.425  10.289  -50.236 0.1428571492
62655  -21.530  -6.926  -48.210 0.1428571492
62649  -21.422  -7.746  -48.058 0.1428571492
65473  -21.888  -4.658  -48.145 0.1428571492
106167  -22.607  1.613  -49.517 0.1428571492
66297  -20.380  -3.627  -48.745 0.1428571492
67165  -19.579  -1.834  -48.746 0.1428571492
67986  -19.432  -0.921  -48.734 0.1428571492
66286  -18.580  -3.512  -47.908 0.1428571492
65469  -19.166  -3.677  -48.419 0.1428571492
114973  -19.340  -0.086  -49.226 0.1428571492
69739  -19.452  0.342  -49.696 0.1428571492
69740  -19.995  0.693  -49.966 0.1428571492
65472  -21.120  -4.900  -48.519 0.1428571492
69744  -20.890  1.032  -50.156 0.1428571492
69745  -21.721  1.339  -49.873 0.1428571492
64572  -20.568  -5.535  -48.485 0.1428571492
71475  -22.432  2.514  -49.640 0.2857142985
71481  -21.579  2.742  -49.740 0.2857142985
72987  -22.554  3.914  -49.818 0.2857142985
74422  -22.560  6.785  -50.445 0.2857142985
75868  -24.256  8.728  -48.394 0.1428571492
77372  -24.679  11.034  -50.393 0.1428571492
72283  -21.108  3.386  -49.623 0.1428571492
75123  -22.943  7.503  -48.557 0.1428571492
53247  -18.477  -17.181  -40.764 0.1428571492
54186  -20.315  -16.939  -42.101 0.1428571492
54184  -18.580  -16.389  -41.328 0.1428571492
55247  -19.079  -15.933  -41.978 0.1428571492
55255  -19.492  -15.564  -42.649 0.1428571492
54194  -19.868  -16.304  -42.429 0.1428571492
55260  -19.909  -15.204  -43.345 0.1428571492
55256  -20.285  -15.862  -42.967 0.1428571492
54195  -20.695  -16.427  -42.644 0.1428571492
56367  -19.608  -14.410  -43.629 0.1428571492
55261  -20.708  -15.489  -43.498 0.1428571492
55262  -21.418  -15.677  -43.333 0.1428571492
56377  -20.095  -14.064  -44.285 0.1428571492
56379  -21.495  -14.377  -44.400 0.1428571492
57366  -21.100  -13.045  -45.460 0.1428571492
58203  -21.984  -11.918  -46.314 0.1428571492
70632  -19.706  1.814  -49.419 0.1428571492
52341  -18.778  -18.041  -40.455 0.1428571492
74396  -20.871  6.068  -48.965 0.1428571492
56380  -22.012  -14.117  -44.533 0.1428571492
110715  -19.374  -17.736  -41.007 0.1428571492
57361  -21.424  -13.776  -44.958 0.1428571492
53257  -19.142  -17.119  -41.339 0.1428571492
54185  -19.469  -16.703  -41.815 0.1428571492
55246  -18.277  -15.538  -41.573 0.1428571492
54205  -20.930  -16.004  -43.106 0.1428571492
56368  -20.389  -14.780  -43.918 0.1428571492
56378  -20.836  -14.298  -44.471 0.1428571492
56357  -19.116  -14.780  -42.905 0.1428571492
53229  -17.958  -17.584  -40.144 0.1428571492
61726  -21.564  -8.481  -47.729 0.2857142985
62656  -22.036  -6.645  -48.032 0.2857142985
63632  -21.610  -6.212  -48.298 0.2857142985
64571  -19.819  -5.341  -48.314 0.1428571492
66295  -18.936  -2.693  -48.510 0.1428571492
66299  -21.602  -3.049  -48.450 0.1428571492
68856  -24.852  0.095  -46.213 1.0000000000
68866  -18.948  -0.138  -48.847 0.1428571492
68873  -19.365  -0.455  -48.917 0.1428571492
71480  -21.020  2.797  -49.724 0.2857142985
76652  -21.847  9.268  -52.905 0.2857142985
76662  -22.316  9.413  -53.472 0.4285714328
77379  -21.926  10.544  -53.051 0.4285714328
78024  -22.479  11.515  -53.223 0.2857142985
105798  -19.767  -3.891  -48.649 0.1428571492
106459  -23.973  7.677  -52.426 0.5714285970
110111  -22.773  10.059  -53.498 0.4285714328
113499  -18.293  -2.144  -47.877 0.1428571492
114909  -19.748  -0.476  -48.906 0.1428571492
127658  -22.491  0.449  -49.011 0.2857142985
127802  -19.571  -0.773  -48.747 0.1428571492
