#!ascii label  , from subject sub-v2s16x51258_ses-1 vox2ras=TkReg
529
107989  29.167  -54.509  -27.380 0.6000000238
14416  29.001  -56.100  -20.914 0.6999999881
15012  28.640  -55.324  -22.179 0.6999999881
122008  27.773  -55.454  -25.310 0.8999999762
15731  27.400  -54.767  -26.821 0.8000000119
109673  29.409  -53.842  -27.242 0.6000000238
15735  30.230  -54.182  -27.465 0.6999999881
15734  31.282  -54.331  -27.648 0.6999999881
15002  28.941  -55.427  -21.187 0.6999999881
14990  28.922  -55.804  -20.228 0.6999999881
15693  28.395  -54.821  -22.678 0.6000000238
15024  28.163  -55.176  -22.935 0.6999999881
14453  28.573  -55.843  -23.485 0.6999999881
117086  27.908  -54.993  -23.771 0.8000000119
15038  27.503  -54.224  -25.165 0.8000000119
15049  27.438  -54.796  -25.646 0.8000000119
15725  27.384  -54.417  -26.084 0.8000000119
15736  28.601  -53.985  -27.077 0.6000000238
109046  30.989  -53.348  -27.571 0.6000000238
17081  31.723  -52.855  -27.975 0.6999999881
16387  32.047  -53.959  -27.951 0.6999999881
111034  29.100  -54.887  -21.049 0.5000000000
15673  29.052  -55.036  -20.177 0.6000000238
15684  29.303  -54.435  -21.444 0.4000000060
15685  28.831  -54.903  -21.844 0.6000000238
15692  28.983  -54.379  -22.325 0.5000000000
15705  28.504  -54.222  -23.271 0.6000000238
117024  27.878  -54.340  -24.213 0.8000000119
122926  27.748  -53.909  -24.857 0.6999999881
16381  28.653  -53.664  -25.278 0.6999999881
16384  30.100  -53.165  -26.825 0.6999999881
17073  31.218  -52.447  -27.560 0.5000000000
17830  31.656  -52.005  -27.962 0.6000000238
17080  32.338  -52.450  -28.286 0.6000000238
108344  33.068  -52.881  -28.522 0.5000000000
16325  29.763  -53.733  -20.172 0.5000000000
15655  29.256  -54.249  -19.775 0.6000000238
15656  28.773  -54.668  -19.266 0.6000000238
15672  29.387  -54.388  -20.572 0.5000000000
112934  29.332  -53.687  -23.609 0.5000000000
16373  29.512  -53.566  -24.482 0.6000000238
118746  29.825  -53.460  -25.314 0.6000000238
17070  30.725  -52.650  -26.656 0.6000000238
17074  30.652  -52.826  -27.246 0.5000000000
17079  33.088  -52.161  -28.568 0.5000000000
17837  34.843  -51.776  -29.432 0.5000000000
17087  34.000  -51.981  -28.938 0.5000000000
16309  28.921  -53.969  -19.193 0.5000000000
16342  29.697  -53.834  -21.885 0.5000000000
16341  30.323  -53.345  -22.371 0.4000000060
17038  30.987  -52.918  -22.888 0.3000000119
16359  30.258  -53.395  -23.222 0.4000000060
17062  30.941  -53.041  -23.781 0.3000000119
17054  31.645  -52.528  -23.431 0.3000000119
114349  30.205  -53.401  -23.955 0.5000000000
16372  30.631  -53.190  -24.763 0.5000000000
17066  31.253  -52.602  -25.574 0.5000000000
17069  30.997  -52.188  -27.124 0.5000000000
17824  31.310  -51.685  -27.456 0.6000000238
112319  31.640  -51.146  -27.837 0.6000000238
17829  32.281  -51.648  -28.297 0.5000000000
17828  33.110  -51.239  -28.605 0.5000000000
16308  29.463  -53.426  -19.446 0.5000000000
16324  30.352  -53.216  -20.528 0.5000000000
17014  31.135  -52.695  -20.926 0.5000000000
17023  31.028  -52.853  -21.979 0.4000000060
17037  31.661  -52.469  -22.486 0.4000000060
17807  32.629  -51.408  -23.777 0.3000000119
17813  32.315  -51.609  -24.463 0.3000000119
17065  31.648  -51.840  -25.874 0.4000000060
119312  31.214  -52.199  -26.481 0.5000000000
17820  31.276  -51.448  -26.821 0.4000000060
119611  32.242  -50.962  -28.285 0.5000000000
19193  33.346  -49.705  -28.610 0.5000000000
120158  33.526  -50.504  -28.706 0.5000000000
18539  34.988  -50.841  -29.395 0.5000000000
19203  35.176  -50.066  -29.343 0.4000000060
18540  34.132  -51.058  -28.960 0.5000000000
17001  29.950  -52.744  -19.454 0.5000000000
118219  30.659  -52.553  -19.852 0.5000000000
115200  31.603  -52.447  -21.673 0.4000000060
17053  32.345  -51.944  -22.968 0.4000000060
17817  32.084  -51.328  -25.209 0.4000000060
114887  31.719  -50.932  -26.116 0.4000000060
18522  31.270  -50.379  -26.878 0.4000000060
18527  31.382  -50.347  -27.410 0.5000000000
18534  31.821  -50.368  -28.020 0.6000000238
107342  34.192  -49.299  -28.863 0.4000000060
17000  31.518  -51.975  -20.121 0.4000000060
17022  31.891  -52.110  -21.045 0.4000000060
17768  32.061  -51.639  -20.517 0.4000000060
17795  32.686  -51.461  -22.154 0.4000000060
18498  32.897  -51.122  -22.925 0.4000000060
18514  32.548  -50.906  -24.537 0.4000000060
18518  32.165  -50.482  -25.381 0.4000000060
18519  31.664  -50.031  -26.210 0.4000000060
19180  31.078  -49.395  -26.860 0.4000000060
110362  31.095  -49.706  -27.132 0.5000000000
19194  31.367  -49.541  -27.609 0.5000000000
112646  31.853  -48.940  -28.090 0.6000000238
108562  32.750  -49.119  -28.401 0.5000000000
108902  33.357  -47.993  -28.586 0.4000000060
19817  33.614  -48.728  -28.660 0.4000000060
117420  30.908  -51.725  -19.393 0.4000000060
17779  32.479  -51.503  -21.218 0.4000000060
18497  33.056  -50.887  -22.220 0.4000000060
18508  32.981  -50.413  -23.699 0.4000000060
19175  32.169  -49.642  -25.509 0.4000000060
19176  31.625  -49.336  -26.193 0.4000000060
19187  30.910  -49.025  -27.105 0.4000000060
113018  31.121  -48.609  -27.503 0.5000000000
19819  31.647  -48.101  -28.036 0.4000000060
19818  32.635  -48.439  -28.379 0.6000000238
18469  32.663  -50.400  -20.171 0.4000000060
18481  32.865  -50.767  -20.957 0.4000000060
18480  33.247  -50.330  -21.676 0.4000000060
18507  33.243  -50.339  -22.661 0.4000000060
19166  33.064  -49.407  -24.054 0.4000000060
19793  32.641  -49.129  -24.897 0.5000000000
19800  32.045  -48.877  -25.719 0.4000000060
19801  31.221  -48.699  -26.586 0.3000000119
127332  30.843  -48.840  -26.983 0.4000000060
20498  32.588  -47.642  -28.405 0.5000000000
124969  31.043  -51.120  -19.099 0.4000000060
19152  33.495  -49.550  -22.222 0.4000000060
19159  33.364  -49.554  -23.160 0.4000000060
19792  33.093  -48.563  -24.319 0.3000000119
20462  32.606  -48.251  -25.155 0.3000000119
115483  31.909  -48.144  -25.986 0.3000000119
20471  31.080  -47.815  -26.699 0.3000000119
19805  30.795  -48.307  -27.087 0.3000000119
20499  31.585  -47.135  -28.027 0.4000000060
112902  32.660  -46.905  -28.466 0.4000000060
18468  33.146  -50.032  -20.737 0.3000000119
19141  33.422  -49.453  -21.291 0.3000000119
19780  33.597  -48.762  -22.705 0.3000000119
119285  33.448  -48.064  -23.852 0.3000000119
20461  33.188  -47.750  -24.469 0.3000000119
127139  32.342  -47.795  -25.579 0.4000000060
21174  31.791  -46.447  -26.399 0.4000000060
20470  31.999  -47.325  -26.049 0.3000000119
20476  31.003  -47.030  -26.789 0.3000000119
20486  30.880  -46.948  -27.324 0.3000000119
21193  31.287  -46.310  -27.716 0.4000000060
21192  32.167  -46.262  -28.320 0.4000000060
21930  32.742  -45.539  -28.598 0.4000000060
20469  32.721  -47.427  -25.193 0.4000000060
21914  31.434  -45.667  -26.768 0.4000000060
21175  30.959  -46.374  -26.961 0.4000000060
21915  31.108  -45.752  -27.147 0.3000000119
21931  31.650  -45.428  -28.114 0.4000000060
111964  32.391  -44.799  -28.566 0.4000000060
21922  31.219  -44.955  -27.519 0.5000000000
22706  31.559  -44.491  -28.216 0.4000000060
114263  33.243  -44.975  -28.662 0.3000000119
22705  32.139  -44.130  -28.549 0.3000000119
15737  28.062  -54.736  -27.250 0.6999999881
15037  27.634  -54.799  -24.708 0.8000000119
16388  30.082  -53.439  -27.231 0.6000000238
15724  27.657  -53.915  -25.682 0.6999999881
16385  29.296  -53.586  -26.924 0.6999999881
16360  29.464  -53.783  -22.758 0.4000000060
16374  28.357  -53.833  -24.219 0.6999999881
16331  30.410  -53.287  -21.447 0.5000000000
16379  30.430  -53.177  -25.907 0.5000000000
115555  31.504  -52.621  -24.405 0.4000000060
118433  31.328  -50.998  -27.279 0.6000000238
115745  32.243  -49.700  -28.238 0.5000000000
19167  32.629  -49.997  -24.674 0.3000000119
19808  30.972  -47.746  -27.452 0.4000000060
118744  32.368  -49.970  -19.575 0.4000000060
20477  30.733  -47.415  -27.064 0.3000000119
21185  30.933  -46.366  -27.186 0.3000000119
113530  31.165  -45.772  -27.440 0.3000000119
22704  33.098  -44.222  -28.587 0.3000000119
12028  28.675  -61.041  -23.805 0.6000000238
11400  28.378  -62.027  -23.796 0.6000000238
10799  26.334  -63.199  -25.628 0.6000000238
10813  26.260  -62.629  -26.258 0.6000000238
10184  30.368  -63.363  -21.403 0.5000000000
11385  29.508  -61.580  -23.108 0.6000000238
111012  29.566  -60.210  -23.475 0.6999999881
12019  29.696  -60.836  -23.087 0.6999999881
10784  29.396  -62.501  -23.096 0.6000000238
12039  27.412  -60.253  -25.037 0.6000000238
125171  27.525  -60.964  -24.680 0.6000000238
12040  26.496  -61.248  -25.707 0.6000000238
12052  26.026  -61.138  -26.740 0.6000000238
11427  26.005  -61.882  -26.511 0.6000000238
11441  26.047  -61.370  -27.079 0.6000000238
12062  28.254  -60.868  -27.846 0.6999999881
11373  30.528  -61.723  -21.416 0.6000000238
12643  30.200  -59.603  -23.092 0.6999999881
10766  30.467  -62.604  -21.405 0.5000000000
12018  30.272  -60.288  -22.603 0.6999999881
12653  28.616  -59.435  -24.722 0.6999999881
12038  28.585  -60.206  -24.264 0.6999999881
12051  26.636  -60.363  -26.080 0.5000000000
12064  26.182  -60.833  -27.416 0.6000000238
12063  27.088  -60.672  -28.046 0.6000000238
12077  28.315  -60.128  -28.478 0.6999999881
12071  29.503  -60.324  -28.172 0.6999999881
13271  33.308  -58.497  -23.927 0.4000000060
13290  32.814  -59.051  -26.212 0.5000000000
13299  32.802  -59.205  -27.568 0.6000000238
12675  31.525  -59.847  -27.239 0.6000000238
12683  31.331  -59.768  -28.295 0.6999999881
11355  29.671  -61.372  -19.633 0.5000000000
11354  30.245  -60.894  -19.983 0.5000000000
12624  30.545  -59.403  -21.294 0.6000000238
11364  30.514  -61.317  -20.596 0.5000000000
12633  30.479  -59.468  -22.294 0.6999999881
108839  30.558  -60.172  -21.705 0.5000000000
12005  30.594  -60.893  -21.439 0.6000000238
13273  30.098  -58.197  -23.841 0.6999999881
12644  29.669  -59.295  -23.894 0.6999999881
13280  29.397  -58.506  -24.546 0.6999999881
12654  27.728  -59.474  -25.571 0.6999999881
12665  26.275  -60.395  -26.987 0.6000000238
12686  27.256  -60.088  -28.293 0.6000000238
12693  28.152  -59.511  -28.598 0.6999999881
12685  29.467  -59.828  -28.551 0.6999999881
12690  31.029  -59.505  -28.692 0.6999999881
12682  32.154  -59.568  -28.061 0.6000000238
13309  31.948  -59.402  -28.817 0.6000000238
12607  28.901  -59.426  -19.517 0.5000000000
11356  28.225  -61.140  -19.444 0.4000000060
12618  30.340  -59.534  -20.393 0.5000000000
11982  29.555  -60.390  -19.623 0.5000000000
11981  30.228  -60.142  -19.979 0.5000000000
13247  30.378  -58.918  -20.748 0.6000000238
13255  30.429  -58.654  -21.288 0.6000000238
13874  30.079  -57.299  -22.826 0.6999999881
13265  30.510  -58.709  -22.007 0.6000000238
13884  30.331  -57.877  -23.188 0.6999999881
13893  29.585  -57.587  -24.387 0.6999999881
13292  28.114  -58.454  -26.113 0.6999999881
12664  27.029  -59.473  -26.700 0.6999999881
13311  27.451  -59.296  -28.237 0.6999999881
13321  28.159  -58.799  -28.529 0.6999999881
13320  29.037  -59.085  -28.837 0.8000000119
13318  31.072  -59.123  -28.929 0.6999999881
13307  33.520  -59.038  -28.247 0.5000000000
13308  32.888  -59.313  -28.673 0.6000000238
113204  31.907  -59.022  -29.090 0.6000000238
11984  27.767  -60.426  -19.444 0.4000000060
13238  29.470  -58.249  -20.039 0.6000000238
13248  29.998  -58.853  -20.190 0.6000000238
112509  29.722  -57.288  -21.304 0.6000000238
116010  30.095  -57.424  -22.107 0.6000000238
14452  29.465  -56.637  -23.173 0.6000000238
14466  29.281  -56.724  -24.066 0.6999999881
13291  29.012  -57.896  -25.208 0.6999999881
13281  28.646  -58.752  -25.193 0.6999999881
14487  27.652  -56.699  -26.642 0.8000000119
13910  27.730  -57.711  -26.687 0.8000000119
13919  27.583  -57.930  -27.534 0.6000000238
13926  31.101  -58.387  -28.931 0.8000000119
13319  30.067  -58.759  -28.907 0.6999999881
13909  33.879  -58.232  -27.234 0.5000000000
13916  34.381  -58.730  -28.779 0.6000000238
112732  33.602  -58.651  -29.290 0.6999999881
13240  28.097  -58.703  -19.249 0.5000000000
12599  27.151  -58.838  -18.966 0.4000000060
13847  28.910  -57.720  -19.746 0.5000000000
13239  28.847  -58.493  -19.545 0.5000000000
13856  29.397  -57.519  -20.410 0.6000000238
14440  28.749  -55.874  -22.568 0.6000000238
13894  28.941  -56.961  -24.973 0.8000000119
14479  27.587  -55.625  -26.143 0.8000000119
15064  27.636  -55.831  -27.107 0.6000000238
14495  28.657  -56.403  -27.737 0.6000000238
14504  29.360  -57.237  -28.149 0.6999999881
14503  30.479  -57.271  -28.286 0.6999999881
14501  33.015  -57.494  -29.160 0.6999999881
13316  33.736  -59.068  -29.062 0.6000000238
14500  34.429  -58.112  -29.708 0.6000000238
15074  35.329  -57.275  -30.102 0.6000000238
13915  35.229  -58.326  -29.357 0.6000000238
14506  35.145  -57.828  -30.066 0.6000000238
113822  28.465  -57.161  -19.411 0.5000000000
13848  28.317  -57.899  -19.273 0.5000000000
115072  27.636  -57.975  -18.881 0.5000000000
121282  26.350  -58.468  -18.670 0.5000000000
125486  28.938  -56.378  -20.258 0.5000000000
13857  28.891  -56.995  -20.001 0.5000000000
14428  28.913  -55.967  -21.725 0.6000000238
112858  27.532  -55.781  -26.852 0.6999999881
15063  28.031  -55.686  -27.382 0.6000000238
14493  30.874  -56.260  -27.862 0.6000000238
15070  31.956  -56.211  -28.179 0.6999999881
15069  32.933  -55.996  -28.589 0.6000000238
15068  34.178  -56.919  -29.512 0.6999999881
14492  35.584  -57.671  -28.945 0.5000000000
15073  35.988  -56.906  -30.233 0.4000000060
14406  28.586  -56.355  -19.558 0.5000000000
14397  28.212  -56.664  -19.040 0.5000000000
107301  27.353  -57.197  -18.558 0.5000000000
13839  26.626  -57.129  -18.272 0.5000000000
13831  26.014  -57.001  -18.045 0.5000000000
108588  24.925  -57.967  -18.343 0.5000000000
15059  32.054  -55.097  -27.879 0.6000000238
15742  32.896  -54.913  -28.308 0.4000000060
112964  33.651  -55.665  -28.961 0.5000000000
15740  34.640  -54.817  -29.566 0.4000000060
15745  35.869  -55.836  -30.294 0.4000000060
15067  34.837  -56.110  -29.822 0.5000000000
14979  28.646  -55.493  -19.389 0.6000000238
14970  28.212  -55.976  -18.876 0.5000000000
120004  27.120  -56.385  -18.171 0.5000000000
14390  26.418  -56.568  -18.013 0.5000000000
14391  25.807  -56.430  -17.906 0.5000000000
13841  24.321  -57.358  -18.267 0.5000000000
13842  23.551  -57.488  -18.531 0.4000000060
13234  22.803  -57.650  -19.034 0.5000000000
121334  22.189  -57.399  -19.876 0.4000000060
13249  21.816  -58.023  -20.441 0.4000000060
110380  32.969  -54.129  -28.360 0.6000000238
16393  33.623  -53.759  -28.761 0.4000000060
118707  35.399  -54.726  -29.994 0.4000000060
15643  28.246  -55.045  -18.622 0.5000000000
14972  27.176  -55.597  -17.968 0.4000000060
14965  26.434  -55.864  -17.827 0.4000000060
14966  25.631  -55.803  -17.774 0.5000000000
14967  24.942  -55.340  -17.793 0.4000000060
14399  24.308  -56.055  -18.094 0.5000000000
14973  24.086  -55.276  -18.171 0.4000000060
14974  23.504  -55.256  -18.667 0.5000000000
14401  23.272  -56.759  -18.743 0.5000000000
114199  22.826  -55.756  -19.547 0.3000000119
120773  22.230  -56.601  -20.430 0.3000000119
17078  33.874  -52.871  -28.903 0.4000000060
112447  28.464  -54.145  -18.720 0.5000000000
15644  27.564  -54.887  -18.044 0.5000000000
15645  26.768  -55.044  -17.764 0.4000000060
111896  28.004  -54.324  -18.308 0.4000000060
16281  27.553  -53.998  -17.949 0.4000000060
16282  26.788  -53.609  -17.694 0.4000000060
16292  28.850  -53.387  -18.787 0.4000000060
16293  28.141  -53.500  -18.288 0.4000000060
16966  27.486  -53.215  -17.882 0.4000000060
17755  30.091  -52.048  -19.073 0.4000000060
16985  27.932  -52.779  -18.078 0.4000000060
124396  26.916  -52.866  -17.735 0.4000000060
16967  26.226  -52.844  -17.748 0.4000000060
16984  28.621  -52.571  -18.447 0.4000000060
17734  27.940  -52.035  -18.092 0.4000000060
17713  26.656  -52.221  -17.827 0.4000000060
17714  25.839  -52.011  -18.005 0.4000000060
16986  24.983  -52.190  -18.237 0.4000000060
17737  25.290  -51.402  -18.416 0.4000000060
17732  30.437  -51.234  -18.864 0.3000000119
115429  29.626  -51.323  -18.616 0.4000000060
116834  28.684  -51.491  -18.376 0.4000000060
115430  27.796  -51.120  -18.165 0.4000000060
17736  26.481  -51.549  -18.045 0.4000000060
112175  26.005  -51.219  -18.276 0.4000000060
18446  26.826  -50.688  -18.291 0.3000000119
15062  28.932  -55.454  -27.543 0.6000000238
14415  29.213  -56.783  -20.702 0.5000000000
16392  34.610  -53.788  -29.445 0.4000000060
114896  27.135  -62.605  -24.648 0.6000000238
12692  28.985  -59.567  -28.686 0.6999999881
13289  33.400  -58.307  -25.896 0.5000000000
12674  32.215  -59.445  -26.803 0.5000000000
13298  33.245  -58.731  -27.021 0.4000000060
109412  29.017  -61.035  -19.420 0.5000000000
13300  27.320  -58.517  -26.993 0.6999999881
13317  32.809  -59.127  -29.066 0.6000000238
13865  30.315  -58.025  -21.650 0.6000000238
13301  27.299  -58.760  -27.642 0.6999999881
13928  29.007  -58.193  -28.508 0.8000000119
13925  32.368  -58.489  -29.173 0.6999999881
12608  27.899  -59.598  -19.333 0.4000000060
13911  27.476  -57.755  -27.210 0.6000000238
13917  28.323  -57.302  -28.024 0.6000000238
14502  31.641  -57.397  -28.676 0.6999999881
13908  34.719  -57.895  -28.085 0.5000000000
14485  34.849  -56.679  -27.476 0.5000000000
14496  27.888  -56.607  -27.512 0.6999999881
13923  35.329  -58.208  -29.875 0.6000000238
14505  35.690  -57.737  -30.080 0.6000000238
13838  27.986  -57.249  -18.930 0.5000000000
13230  26.855  -57.901  -18.571 0.4000000060
15061  30.043  -55.313  -27.530 0.6000000238
15741  33.726  -54.834  -28.862 0.5000000000
16397  35.589  -54.020  -30.068 0.4000000060
14392  25.061  -56.235  -17.898 0.5000000000
113367  22.689  -56.584  -19.477 0.4000000060
13858  22.012  -57.245  -20.922 0.4000000060
17733  29.323  -52.020  -18.667 0.4000000060
7940  36.940  -66.889  -27.067 0.3000000119
8530  36.700  -66.274  -28.107 0.3000000119
10227  33.284  -63.497  -25.232 0.4000000060
10208  34.552  -63.260  -24.747 0.4000000060
9633  34.385  -63.868  -26.718 0.4000000060
10796  32.599  -62.438  -24.512 0.4000000060
10211  32.145  -63.115  -25.043 0.4000000060
10797  31.800  -62.632  -24.925 0.4000000060
10809  30.968  -62.350  -25.228 0.5000000000
10230  30.422  -63.106  -25.618 0.5000000000
10810  29.683  -62.476  -25.735 0.5000000000
10794  34.361  -62.733  -24.172 0.4000000060
10209  33.760  -63.129  -24.674 0.5000000000
10228  32.477  -63.534  -25.425 0.5000000000
10231  29.036  -63.375  -26.119 0.5000000000
10782  34.928  -62.248  -23.666 0.5000000000
113953  33.994  -63.474  -25.158 0.5000000000
10793  35.297  -62.919  -24.300 0.5000000000
119980  35.250  -63.394  -24.990 0.4000000060
10225  35.689  -63.559  -25.709 0.4000000060
10241  35.358  -63.731  -26.775 0.4000000060
10240  36.317  -63.649  -26.657 0.4000000060
9650  35.489  -63.714  -30.083 0.3000000119
9667  35.782  -63.900  -32.049 0.4000000060
11399  33.346  -61.162  -23.655 0.4000000060
11411  32.596  -61.398  -24.224 0.4000000060
12037  31.849  -60.971  -24.776 0.4000000060
11398  33.852  -61.548  -23.508 0.4000000060
11410  33.323  -61.922  -23.926 0.4000000060
11412  31.815  -61.902  -24.716 0.4000000060
11397  34.571  -61.461  -23.277 0.4000000060
10795  33.521  -62.594  -24.280 0.4000000060
10210  32.947  -63.112  -24.781 0.4000000060
11423  31.157  -61.353  -25.243 0.5000000000
11424  30.263  -61.621  -25.680 0.5000000000
11425  28.996  -61.839  -26.162 0.6000000238
10811  27.929  -62.660  -26.311 0.6000000238
12676  30.640  -60.196  -27.679 0.6000000238
12061  29.783  -60.732  -26.856 0.6000000238
11426  27.300  -61.998  -26.611 0.5000000000
10822  26.101  -61.926  -26.650 0.5000000000
9632  36.049  -63.646  -28.374 0.4000000060
9649  36.826  -63.580  -29.234 0.4000000060
9666  36.389  -63.635  -30.922 0.4000000060
12652  32.581  -59.639  -24.838 0.4000000060
12048  32.022  -60.136  -25.204 0.5000000000
12049  31.374  -60.523  -25.568 0.5000000000
12663  31.728  -59.879  -26.128 0.5000000000
12050  30.590  -60.875  -25.929 0.5000000000
12060  31.010  -60.346  -26.506 0.5000000000
11438  29.749  -61.250  -26.222 0.6000000238
7949  36.432  -67.399  -27.541 0.3000000119
9091  38.339  -65.906  -28.280 0.3000000119
9678  38.357  -64.188  -31.396 0.3000000119
12026  33.479  -60.294  -23.434 0.4000000060
12641  33.379  -59.412  -23.573 0.4000000060
12651  33.021  -59.292  -24.250 0.4000000060
12036  32.443  -60.474  -24.447 0.4000000060
127651  32.674  -59.266  -25.447 0.4000000060
12662  32.336  -59.522  -25.748 0.4000000060
11439  28.509  -61.395  -26.755 0.6000000238
10265  38.203  -63.726  -31.225 0.3000000119
12027  32.920  -60.679  -23.905 0.4000000060
9679  37.590  -63.932  -31.751 0.3000000119
10192  30.122  -63.012  -22.236 0.5000000000
10224  36.500  -63.432  -25.671 0.4000000060
10226  34.703  -63.608  -25.649 0.4000000060
10745  30.208  -61.793  -19.995 0.5000000000
10773  30.224  -62.101  -22.304 0.6000000238
10783  34.096  -62.132  -23.720 0.4000000060
11384  30.314  -61.153  -22.310 0.6999999881
11413  26.325  -62.219  -25.621 0.6000000238
11440  26.756  -61.342  -27.381 0.5000000000
11450  26.369  -60.939  -27.559 0.6000000238
11996  30.552  -60.337  -20.703 0.5000000000
12025  33.974  -60.926  -23.204 0.4000000060
12072  26.624  -60.574  -27.828 0.6000000238
12606  29.819  -59.543  -19.816 0.5000000000
12632  33.792  -59.594  -23.071 0.4000000060
12642  32.888  -59.964  -23.998 0.4000000060
12677  26.663  -59.877  -27.758 0.6999999881
12684  30.387  -59.841  -28.440 0.6999999881
12691  30.036  -59.367  -28.735 0.6999999881
13256  30.055  -58.176  -20.753 0.6000000238
13272  30.428  -58.729  -23.018 0.6999999881
13310  27.652  -58.405  -28.021 0.6999999881
13832  25.229  -57.068  -18.073 0.5000000000
13833  24.526  -56.691  -18.115 0.5000000000
13873  30.416  -57.977  -22.485 0.6000000238
13885  29.928  -57.363  -23.598 0.6999999881
13903  28.317  -57.320  -25.893 0.8000000119
13918  27.795  -57.540  -27.738 0.6000000238
13924  34.598  -58.596  -29.417 0.6000000238
13927  30.019  -58.011  -28.636 0.8000000119
13929  28.124  -58.042  -28.172 0.6000000238
14398  27.788  -56.536  -18.634 0.5000000000
14400  23.680  -56.023  -18.452 0.5000000000
14407  23.195  -55.944  -18.992 0.4000000060
14427  29.277  -56.537  -21.360 0.6000000238
14439  29.504  -56.701  -22.179 0.6000000238
14467  28.331  -55.854  -24.556 0.8000000119
14478  28.124  -56.300  -25.601 0.8000000119
14494  29.747  -56.292  -27.808 0.6000000238
14497  27.643  -56.871  -27.250 0.6000000238
14971  27.713  -55.739  -18.355 0.5000000000
15055  27.349  -55.024  -26.504 0.8000000119
15060  31.119  -55.233  -27.623 0.6000000238
15730  27.751  -54.173  -26.623 0.8000000119
15738  27.554  -55.212  -27.120 0.6999999881
16307  30.080  -53.132  -19.877 0.5000000000
16332  29.842  -53.837  -20.984 0.5000000000
16380  29.489  -53.486  -26.165 0.6999999881
16386  28.475  -53.759  -26.382 0.6999999881
16394  32.575  -53.295  -28.294 0.6999999881
16983  29.416  -52.686  -18.948 0.4000000060
17036  32.173  -52.046  -21.918 0.4000000060
17061  32.161  -52.102  -24.001 0.3000000119
17735  27.164  -51.666  -17.953 0.4000000060
17753  32.060  -50.748  -19.682 0.4000000060
17754  31.951  -51.393  -19.995 0.4000000060
17767  32.373  -51.099  -20.380 0.4000000060
17814  31.912  -52.086  -24.904 0.4000000060
18533  32.691  -50.417  -28.446 0.5000000000
19786  33.395  -48.731  -23.543 0.4000000060
23550  32.392  -43.524  -28.535 0.3000000119
107004  27.921  -61.918  -19.508 0.4000000060
108672  23.866  -56.727  -18.333 0.5000000000
110978  29.428  -58.909  -19.751 0.6000000238
111082  28.876  -61.996  -19.403 0.5000000000
111251  27.361  -52.470  -17.868 0.4000000060
113326  31.510  -51.295  -19.548 0.4000000060
115714  31.344  -63.100  -25.316 0.4000000060
119242  30.755  -46.825  -27.054 0.3000000119
121747  32.910  -51.018  -21.648 0.4000000060
124892  27.411  -55.244  -26.928 0.6999999881
125048  28.077  -54.731  -23.367 0.6999999881
125642  27.048  -59.163  -27.312 0.6999999881
126965  30.500  -60.626  -22.001 0.6000000238
