#!ascii label  , from subject sub-v2s16x51258_ses-1 vox2ras=TkReg
984
4548  32.526  -74.787  -24.087 0.5000000000
7346  25.583  -68.685  -23.428 0.6000000238
6768  24.683  -69.230  -22.783 0.6000000238
7327  25.272  -68.649  -22.828 0.6999999881
6758  24.289  -69.321  -22.183 0.6000000238
7326  26.236  -68.349  -22.767 0.6999999881
7328  24.750  -68.656  -22.287 0.6000000238
4597  25.879  -75.149  -29.183 0.5000000000
4234  28.610  -75.471  -29.502 0.6000000238
4235  27.375  -75.266  -29.520 0.6000000238
4236  26.372  -75.369  -29.318 0.5000000000
3817  30.190  -76.266  -28.795 0.5000000000
4233  29.682  -75.795  -29.479 0.4000000060
4217  28.091  -75.917  -29.114 0.5000000000
4218  26.880  -75.888  -29.176 0.6000000238
5382  26.167  -73.126  -23.624 0.5000000000
4201  31.279  -75.183  -27.121 0.4000000060
5810  26.216  -72.268  -23.633 0.5000000000
5383  25.690  -72.545  -23.171 0.5000000000
5822  25.716  -71.284  -24.070 0.6000000238
6793  24.704  -69.355  -24.611 0.6000000238
6780  25.952  -68.737  -24.048 0.6000000238
6781  24.888  -69.072  -23.964 0.6000000238
7345  26.698  -68.534  -23.368 0.6999999881
7344  28.389  -68.512  -23.480 0.6000000238
110118  27.635  -68.497  -23.246 0.6999999881
126359  29.310  -67.877  -23.556 0.6000000238
7324  28.184  -68.233  -22.775 0.6000000238
7325  27.270  -68.271  -22.723 0.6999999881
7323  29.199  -67.440  -22.547 0.6999999881
7310  24.198  -68.752  -21.740 0.6000000238
112499  26.294  -74.414  -28.646 0.5000000000
4613  26.690  -74.876  -29.520 0.6000000238
109315  26.761  -74.214  -29.236 0.5000000000
4245  29.144  -75.190  -29.933 0.6000000238
4611  28.334  -74.743  -29.952 0.6999999881
4232  30.956  -76.066  -29.329 0.4000000060
5833  26.238  -71.794  -25.516 0.5000000000
5821  26.399  -71.961  -24.549 0.5000000000
4561  31.108  -74.507  -24.834 0.5000000000
6813  24.666  -69.132  -25.289 0.6999999881
6292  24.758  -70.000  -24.870 0.6000000238
6812  25.420  -68.893  -25.453 0.6999999881
6792  25.161  -68.853  -24.746 0.6999999881
6791  26.379  -68.858  -24.780 0.6999999881
6778  28.554  -68.801  -24.270 0.6000000238
6779  27.395  -68.771  -23.985 0.6000000238
109341  29.129  -68.246  -23.830 0.6000000238
7919  29.427  -67.592  -24.177 0.6000000238
7907  29.413  -67.439  -23.310 0.6999999881
7880  25.447  -67.661  -21.294 0.6999999881
7311  23.817  -68.972  -21.111 0.5000000000
7308  27.803  -67.970  -22.138 0.6999999881
7309  26.851  -67.994  -22.104 0.6999999881
110478  24.733  -68.146  -21.647 0.6000000238
5015  26.996  -73.416  -29.544 0.5000000000
5004  26.873  -73.464  -28.780 0.5000000000
4629  28.138  -73.917  -30.638 0.6999999881
119505  27.236  -74.119  -29.587 0.6000000238
4628  29.191  -74.619  -30.618 0.5000000000
4612  27.578  -74.383  -29.780 0.6000000238
116847  32.101  -75.838  -29.182 0.4000000060
4243  31.408  -75.601  -30.085 0.4000000060
4244  30.101  -75.460  -30.106 0.5000000000
124871  24.444  -69.916  -26.567 0.5000000000
5848  25.051  -70.721  -26.098 0.5000000000
5834  25.258  -70.840  -25.135 0.5000000000
6835  25.775  -69.033  -26.249 0.6000000238
6310  24.557  -69.725  -25.818 0.5000000000
6811  26.879  -69.093  -25.576 0.6999999881
6833  28.722  -69.388  -26.417 0.6000000238
6810  28.224  -69.296  -25.682 0.6999999881
6809  28.998  -69.163  -25.774 0.6000000238
6790  27.811  -69.134  -24.862 0.6999999881
116141  29.354  -67.154  -25.825 0.6999999881
7375  29.346  -68.573  -25.501 0.6000000238
6789  28.815  -69.048  -25.080 0.6000000238
9079  28.401  -66.210  -25.222 0.6000000238
8501  29.346  -66.828  -24.926 0.6999999881
9611  26.628  -64.457  -25.389 0.6000000238
9071  27.809  -65.568  -25.024 0.6000000238
7864  23.906  -67.560  -20.375 0.6000000238
9070  29.096  -66.083  -24.360 0.6999999881
7878  27.436  -67.623  -21.511 0.6999999881
7299  24.088  -68.231  -21.126 0.6000000238
9610  27.456  -64.820  -24.803 0.6999999881
9065  28.776  -65.247  -24.118 0.8000000119
8482  29.516  -66.780  -22.845 0.6999999881
126691  28.992  -67.409  -22.072 0.6999999881
7877  28.156  -67.622  -21.677 0.6999999881
5040  28.177  -73.151  -31.613 0.6999999881
5026  27.335  -73.114  -31.009 0.6999999881
5014  27.422  -73.593  -30.153 0.6000000238
4643  29.763  -74.172  -31.473 0.5000000000
4644  28.852  -73.874  -31.304 0.6999999881
4626  31.677  -75.096  -30.958 0.4000000060
4627  30.459  -74.916  -30.819 0.5000000000
5847  26.061  -71.799  -26.620 0.5000000000
5410  26.892  -72.677  -26.796 0.5000000000
114138  24.767  -70.592  -27.023 0.5000000000
117711  25.033  -69.155  -26.996 0.6000000238
6848  27.357  -69.576  -27.482 0.6000000238
113714  26.216  -69.231  -27.004 0.6999999881
6836  24.832  -69.095  -26.062 0.6999999881
6847  28.482  -69.586  -27.220 0.6999999881
6834  27.494  -69.423  -26.507 0.6999999881
6832  29.334  -68.898  -26.365 0.6000000238
6846  29.161  -69.319  -27.061 0.6000000238
124105  27.378  -66.266  -27.350 0.6999999881
127642  29.360  -67.313  -26.330 0.6999999881
109498  29.577  -67.929  -26.103 0.6999999881
8450  25.635  -66.744  -20.211 0.6000000238
9084  26.533  -65.492  -27.101 0.6000000238
8519  27.092  -66.193  -26.895 0.6999999881
10233  26.417  -63.646  -26.093 0.6000000238
9625  26.413  -64.398  -26.060 0.6000000238
9640  26.603  -64.381  -26.544 0.6000000238
8509  27.066  -65.724  -26.166 0.6000000238
8508  28.453  -66.479  -25.921 0.6999999881
7862  25.250  -67.253  -20.704 0.6000000238
10213  26.405  -63.976  -25.532 0.6000000238
9072  26.771  -64.983  -25.696 0.6000000238
8468  28.960  -66.777  -21.124 0.6999999881
7859  28.101  -67.178  -21.002 0.6000000238
7860  27.081  -67.218  -20.813 0.6999999881
7861  26.098  -67.221  -20.758 0.6000000238
10813  26.260  -62.629  -26.258 0.5000000000
10799  26.334  -63.199  -25.628 0.6000000238
10212  27.124  -64.204  -24.737 0.8000000119
9604  28.405  -64.488  -24.044 0.8000000119
116941  29.363  -65.020  -23.184 0.8000000119
9056  29.547  -66.194  -22.234 0.8000000119
7876  29.249  -66.931  -21.960 0.6999999881
9064  29.485  -65.912  -23.271 0.8000000119
5027  26.724  -72.905  -30.265 0.6999999881
5426  26.332  -72.661  -29.216 0.6999999881
4995  26.814  -72.838  -28.125 0.6000000238
5039  29.184  -73.334  -32.069 0.6000000238
5418  26.466  -72.363  -27.460 0.5000000000
5863  25.315  -71.412  -27.641 0.5000000000
10749  26.825  -62.662  -19.944 0.6000000238
5864  24.608  -70.435  -27.931 0.5000000000
107046  26.348  -63.487  -19.618 0.5000000000
9560  26.628  -64.163  -19.265 0.6000000238
6849  25.817  -69.262  -27.857 0.6999999881
6850  24.879  -69.382  -27.798 0.6000000238
6862  28.206  -69.674  -28.097 0.6999999881
112811  27.061  -64.782  -19.199 0.6000000238
126218  29.419  -68.937  -26.980 0.6999999881
117560  28.986  -69.435  -27.852 0.6000000238
8532  28.195  -66.605  -27.581 0.6999999881
111628  29.549  -68.270  -26.955 0.6999999881
8430  27.101  -66.119  -19.714 0.6000000238
120178  26.637  -65.468  -19.316 0.6000000238
7941  29.312  -67.382  -26.908 0.6999999881
8429  28.013  -66.030  -19.822 0.6000000238
112266  25.164  -66.327  -19.712 0.6000000238
10242  27.772  -64.096  -26.813 0.6000000238
9624  26.487  -64.951  -26.579 0.6000000238
107858  29.664  -65.248  -20.685 0.6999999881
8448  27.588  -66.666  -20.270 0.6000000238
8449  26.627  -66.710  -20.186 0.6000000238
10232  26.938  -63.638  -26.473 0.6000000238
10197  29.336  -63.418  -23.108 0.6000000238
108487  30.045  -63.998  -22.000 0.6000000238
9049  29.692  -65.596  -21.528 0.6999999881
9036  29.262  -65.985  -20.648 0.6000000238
10785  28.227  -62.952  -23.906 0.6000000238
9596  29.810  -64.883  -22.224 0.8000000119
10798  27.011  -63.503  -24.718 0.6000000238
10198  28.203  -63.778  -23.994 0.6999999881
125735  29.635  -65.524  -22.457 0.8000000119
5431  26.154  -72.419  -31.317 0.6999999881
109912  25.545  -72.133  -30.457 0.6999999881
5433  27.971  -72.463  -32.208 0.6999999881
5041  27.085  -72.463  -31.790 0.6999999881
5889  25.106  -71.464  -29.415 0.6000000238
5880  25.809  -72.036  -28.363 0.6000000238
11357  27.314  -61.103  -19.616 0.6000000238
11358  26.723  -61.604  -20.082 0.6000000238
106248  27.252  -61.999  -19.900 0.6000000238
127977  26.809  -62.108  -20.217 0.6000000238
124798  24.928  -71.160  -28.442 0.6000000238
10748  27.601  -62.672  -19.573 0.5000000000
6864  26.080  -69.455  -28.853 0.6999999881
6865  25.084  -69.430  -28.530 0.6999999881
10747  28.268  -62.616  -19.414 0.4000000060
10154  27.176  -63.436  -19.473 0.5000000000
128309  28.730  -69.536  -28.639 0.6999999881
107882  27.159  -69.632  -28.300 0.8000000119
108099  28.082  -63.420  -19.337 0.5000000000
110418  28.231  -64.157  -19.279 0.6000000238
7950  29.255  -67.435  -27.894 0.6999999881
7396  29.451  -68.763  -27.678 0.6999999881
9558  29.414  -64.226  -19.712 0.6999999881
108697  27.938  -64.754  -19.270 0.6000000238
9656  27.332  -65.087  -27.646 0.6999999881
8533  27.446  -65.881  -27.935 0.6999999881
9578  30.277  -63.959  -20.879 0.5000000000
9022  28.406  -65.335  -19.582 0.6000000238
9638  28.545  -64.315  -27.074 0.6000000238
9639  26.864  -64.786  -27.084 0.6000000238
112567  27.049  -65.777  -27.470 0.6999999881
9021  29.246  -65.164  -19.965 0.6999999881
11400  28.378  -62.027  -23.796 0.6000000238
10784  29.396  -62.501  -23.096 0.5000000000
9589  30.030  -64.761  -21.234 0.6999999881
127574  26.818  -61.542  -25.134 0.6000000238
5434  25.991  -71.794  -32.118 0.6999999881
116971  25.197  -71.441  -31.535 0.6999999881
113832  24.942  -71.261  -30.509 0.6000000238
117873  26.955  -59.967  -19.363 0.4000000060
11985  26.439  -60.776  -19.754 0.5000000000
5881  24.666  -70.421  -28.850 0.6000000238
11983  28.570  -60.330  -19.451 0.5000000000
11359  26.088  -61.346  -20.294 0.6000000238
6351  25.159  -69.899  -30.243 0.6999999881
6344  26.105  -69.524  -29.840 0.6999999881
6328  24.614  -69.738  -28.261 0.6000000238
111082  28.876  -61.996  -19.403 0.5000000000
6863  27.788  -69.735  -29.272 0.6999999881
124506  29.731  -62.124  -19.657 0.4000000060
8548  27.719  -65.869  -29.655 0.6999999881
7954  28.659  -67.043  -29.087 0.6999999881
7412  29.261  -68.112  -29.433 0.6999999881
10151  29.500  -63.396  -19.612 0.6000000238
9094  28.255  -64.872  -28.228 0.6999999881
9107  27.938  -65.162  -29.002 0.6999999881
7405  29.403  -68.142  -28.522 0.6999999881
10758  30.445  -62.227  -20.572 0.5000000000
109929  29.182  -64.509  -27.479 0.6000000238
9095  27.517  -65.506  -28.213 0.6999999881
8540  27.649  -65.607  -28.858 0.6999999881
8539  27.814  -66.216  -28.516 0.6999999881
10173  30.389  -63.123  -20.630 0.5000000000
127733  30.126  -63.478  -25.894 0.5000000000
9623  29.770  -63.843  -26.329 0.6000000238
5898  25.467  -70.901  -32.267 0.6999999881
5895  24.933  -70.556  -30.984 0.6999999881
6360  25.510  -70.133  -32.198 0.6999999881
5890  24.788  -70.470  -29.883 0.6999999881
12609  25.976  -59.980  -19.420 0.4000000060
6355  25.236  -69.985  -31.547 0.6999999881
121124  25.438  -61.030  -20.342 0.6000000238
6874  27.155  -69.676  -30.408 0.8000000119
6350  25.995  -69.786  -30.936 0.6999999881
6879  28.954  -68.979  -30.441 0.6000000238
114283  28.156  -69.510  -30.657 0.6000000238
11998  23.578  -60.767  -20.421 0.6000000238
7960  28.254  -66.759  -30.272 0.6999999881
7416  28.978  -68.189  -30.390 0.6999999881
6872  29.232  -68.830  -29.638 0.6000000238
109567  28.523  -64.879  -29.615 0.6000000238
125089  29.669  -64.683  -27.908 0.6000000238
11367  22.045  -60.971  -20.922 0.5000000000
9637  30.205  -64.255  -26.814 0.6000000238
125347  30.807  -63.535  -25.783 0.5000000000
6354  25.869  -69.702  -31.987 0.6999999881
12600  26.226  -59.218  -18.976 0.4000000060
6881  26.866  -69.571  -31.466 0.8000000119
11986  25.661  -60.597  -19.846 0.5000000000
7417  28.474  -68.090  -31.422 0.8000000119
11987  23.989  -60.293  -19.753 0.4000000060
123108  25.270  -60.019  -19.454 0.4000000060
11997  24.801  -61.065  -20.670 0.5000000000
9106  29.296  -64.773  -28.769 0.6000000238
9121  27.918  -65.387  -29.968 0.6000000238
8554  27.705  -65.827  -30.982 0.6999999881
11988  22.904  -60.018  -19.607 0.4000000060
9672  30.562  -64.700  -28.125 0.6000000238
121875  21.632  -60.252  -20.607 0.4000000060
11366  23.111  -61.195  -21.070 0.6000000238
9655  30.490  -64.518  -27.395 0.6000000238
9622  31.050  -63.955  -26.194 0.5000000000
10229  31.663  -63.553  -25.608 0.5000000000
12601  25.350  -59.393  -19.001 0.4000000060
6880  27.504  -69.262  -32.063 0.8000000119
12610  24.459  -59.678  -19.184 0.4000000060
12611  23.552  -59.648  -19.249 0.4000000060
7965  28.226  -67.007  -31.294 0.6999999881
117189  29.615  -64.788  -29.722 0.6000000238
9128  28.305  -65.286  -31.097 0.6000000238
113585  23.007  -59.315  -19.151 0.4000000060
12619  21.953  -59.781  -19.981 0.4000000060
9636  31.403  -64.321  -26.846 0.6000000238
13231  25.564  -58.607  -18.632 0.4000000060
7420  28.277  -68.240  -32.053 0.6999999881
118822  24.626  -58.814  -18.652 0.4000000060
8558  28.245  -65.757  -31.694 0.6999999881
8555  28.117  -66.380  -31.780 0.6000000238
121847  23.615  -58.958  -18.779 0.4000000060
9105  30.616  -64.749  -29.209 0.6000000238
9120  28.848  -64.885  -30.488 0.6000000238
12612  22.370  -59.185  -19.487 0.4000000060
9654  31.255  -64.567  -27.615 0.6000000238
12613  21.709  -58.881  -20.100 0.3000000119
9621  31.988  -63.947  -26.071 0.4000000060
9620  32.867  -63.867  -25.931 0.4000000060
13232  24.008  -58.157  -18.440 0.4000000060
13233  23.308  -58.202  -18.690 0.4000000060
9671  31.468  -64.659  -28.490 0.6000000238
9653  32.132  -64.495  -27.684 0.6000000238
9670  32.368  -64.582  -29.023 0.6000000238
9634  33.410  -64.066  -26.667 0.4000000060
10227  33.284  -63.497  -25.232 0.4000000060
14429  22.113  -56.534  -21.496 0.3000000119
9619  33.761  -63.751  -25.823 0.4000000060
112975  25.906  -55.138  -17.665 0.4000000060
14417  22.453  -55.897  -20.090 0.3000000119
106509  21.683  -56.134  -23.351 0.4000000060
15638  26.289  -54.362  -17.640 0.4000000060
15639  25.381  -54.419  -17.680 0.4000000060
15647  23.263  -54.530  -18.948 0.3000000119
15646  23.811  -54.507  -18.407 0.3000000119
15003  22.023  -55.729  -21.466 0.3000000119
126751  22.221  -56.014  -20.841 0.3000000119
15013  21.962  -56.156  -22.438 0.3000000119
16283  25.822  -53.607  -17.670 0.4000000060
16284  24.936  -53.648  -17.830 0.4000000060
15640  24.512  -54.474  -17.938 0.4000000060
15657  22.795  -54.481  -19.558 0.3000000119
14991  22.257  -55.346  -20.624 0.3000000119
16344  20.068  -53.676  -23.166 0.4000000060
126598  19.625  -53.141  -22.822 0.3000000119
17041  19.555  -52.342  -22.637 0.3000000119
15674  21.930  -54.894  -21.251 0.3000000119
15004  21.716  -55.251  -22.088 0.3000000119
16968  25.378  -52.850  -17.889 0.4000000060
16294  24.149  -53.705  -18.213 0.4000000060
16295  23.502  -53.809  -18.710 0.3000000119
112903  23.045  -53.947  -19.205 0.3000000119
16311  22.579  -53.627  -19.784 0.3000000119
15694  21.165  -54.197  -22.826 0.3000000119
15658  22.285  -54.447  -20.372 0.3000000119
119027  20.296  -52.957  -23.054 0.3000000119
15675  21.749  -54.104  -21.086 0.3000000119
17040  20.565  -52.113  -22.997 0.4000000060
17798  20.703  -51.285  -23.243 0.3000000119
17799  19.849  -51.456  -22.671 0.3000000119
16969  24.564  -52.928  -18.151 0.4000000060
123268  23.751  -52.916  -18.555 0.4000000060
16310  23.100  -53.274  -19.102 0.3000000119
16343  20.803  -53.574  -23.126 0.4000000060
118959  22.719  -52.875  -19.612 0.3000000119
16333  21.180  -53.527  -22.517 0.3000000119
109478  21.038  -52.875  -23.026 0.4000000060
18511  21.059  -50.777  -23.513 0.3000000119
125259  24.308  -52.336  -18.423 0.4000000060
17739  23.818  -52.039  -18.742 0.4000000060
17002  23.205  -52.483  -19.154 0.4000000060
17758  22.671  -52.134  -20.067 0.4000000060
17015  22.240  -52.859  -20.289 0.3000000119
17016  21.694  -52.793  -21.105 0.3000000119
17025  21.375  -52.710  -22.256 0.3000000119
17782  21.723  -51.907  -22.756 0.3000000119
17796  22.170  -51.355  -23.316 0.5000000000
17039  21.272  -52.183  -22.976 0.4000000060
17797  21.637  -51.584  -23.318 0.4000000060
18502  20.986  -50.233  -23.100 0.3000000119
17756  24.057  -51.316  -19.036 0.4000000060
18461  23.662  -51.100  -19.777 0.4000000060
17769  23.092  -51.347  -20.435 0.3000000119
17780  23.039  -51.054  -21.737 0.3000000119
18483  23.377  -50.646  -22.670 0.3000000119
18499  23.902  -49.924  -23.943 0.3000000119
122670  22.137  -52.315  -20.830 0.3000000119
17770  22.425  -51.696  -21.137 0.3000000119
17781  22.314  -51.563  -22.325 0.3000000119
18500  23.302  -50.466  -23.523 0.3000000119
18509  23.206  -50.117  -24.169 0.3000000119
17024  21.864  -52.157  -21.712 0.3000000119
18501  22.618  -50.693  -23.685 0.3000000119
17808  21.811  -50.926  -23.694 0.3000000119
19145  21.380  -49.618  -22.674 0.3000000119
18446  26.826  -50.688  -18.291 0.3000000119
18447  25.677  -50.537  -18.681 0.3000000119
122718  25.018  -50.338  -19.232 0.3000000119
19130  24.833  -49.932  -20.101 0.3000000119
19143  24.784  -49.665  -22.316 0.3000000119
19154  24.684  -49.598  -23.455 0.3000000119
18460  24.303  -50.616  -19.668 0.3000000119
18470  24.249  -50.220  -20.849 0.3000000119
112624  23.766  -50.475  -21.753 0.3000000119
18482  23.996  -50.113  -22.815 0.3000000119
19161  24.508  -49.322  -24.476 0.3000000119
19162  23.788  -49.516  -24.614 0.3000000119
119871  22.389  -50.101  -23.973 0.3000000119
19163  22.611  -49.258  -24.269 0.3000000119
18510  21.531  -50.353  -23.698 0.3000000119
19156  21.809  -49.657  -23.580 0.3000000119
19106  27.384  -49.729  -18.556 0.3000000119
19121  25.549  -49.786  -19.429 0.3000000119
116483  24.793  -49.693  -21.197 0.3000000119
19153  25.459  -49.219  -22.900 0.3000000119
19169  24.235  -48.859  -25.064 0.3000000119
19171  23.321  -48.838  -24.807 0.3000000119
19789  22.951  -48.586  -24.246 0.3000000119
19782  26.158  -48.665  -23.458 0.3000000119
19160  25.323  -48.989  -24.055 0.3000000119
19788  23.609  -48.154  -24.883 0.3000000119
19784  22.846  -48.498  -23.130 0.3000000119
111601  22.361  -49.009  -23.710 0.3000000119
19155  22.020  -49.105  -22.931 0.3000000119
19781  26.801  -47.841  -23.867 0.3000000119
19795  25.540  -47.773  -25.043 0.3000000119
19796  24.683  -48.123  -25.202 0.3000000119
19774  26.939  -48.363  -22.754 0.3000000119
20457  26.867  -46.978  -24.529 0.3000000119
20463  25.219  -47.369  -25.131 0.3000000119
20458  24.796  -47.115  -24.902 0.3000000119
19783  23.467  -47.888  -24.071 0.3000000119
19778  22.640  -48.882  -21.987 0.3000000119
4549  31.670  -74.623  -24.446 0.5000000000
4163  31.173  -75.361  -24.607 0.5000000000
4175  30.769  -75.252  -24.960 0.4000000060
128719  25.683  -68.139  -22.074 0.6999999881
4562  30.811  -74.451  -25.353 0.5000000000
7362  29.279  -68.372  -24.648 0.6000000238
107211  24.518  -69.667  -27.320 0.5000000000
117534  29.516  -67.733  -25.185 0.6000000238
6345  25.291  -69.566  -29.297 0.6999999881
6861  29.304  -68.994  -28.717 0.6000000238
11999  22.484  -60.555  -20.329 0.4000000060
9119  30.560  -64.811  -30.752 0.6000000238
13242  22.208  -58.300  -19.584 0.3000000119
9635  32.457  -64.205  -26.708 0.4000000060
18448  24.788  -50.937  -18.826 0.3000000119
19107  26.477  -49.659  -18.848 0.3000000119
8556  30.385  -65.807  -32.018 0.5000000000
7968  29.275  -66.980  -32.321 0.5000000000
7972  28.762  -67.567  -32.266 0.6999999881
7423  28.438  -68.287  -32.165 0.6999999881
6359  26.271  -69.893  -32.374 0.6000000238
8557  29.292  -66.035  -32.144 0.5000000000
7969  28.489  -66.834  -32.145 0.6000000238
6886  27.863  -69.255  -32.173 0.6000000238
5440  28.063  -71.847  -32.560 0.6000000238
5441  27.012  -71.860  -32.365 0.6000000238
7422  29.124  -68.498  -32.380 0.6999999881
6366  28.271  -70.215  -32.640 0.6000000238
5442  27.059  -71.102  -32.617 0.6000000238
6891  28.558  -69.352  -32.457 0.6999999881
6367  27.123  -70.205  -32.649 0.6000000238
123499  26.214  -71.247  -32.449 0.6000000238
9126  30.488  -65.271  -31.615 0.5000000000
6364  30.489  -70.580  -32.500 0.6999999881
5904  29.219  -71.051  -32.562 0.6999999881
5439  29.323  -71.987  -32.737 0.6000000238
6890  29.712  -69.455  -32.477 0.6000000238
6365  29.344  -70.231  -32.552 0.6999999881
5905  28.143  -71.080  -32.620 0.6000000238
6885  30.935  -68.707  -31.998 0.6000000238
114623  31.485  -65.210  -31.530 0.5000000000
9129  29.291  -65.404  -31.698 0.5000000000
6889  30.762  -69.643  -32.301 0.6999999881
126873  29.865  -70.890  -32.553 0.6000000238
5051  28.845  -72.556  -32.472 0.6000000238
9686  33.268  -64.772  -31.603 0.5000000000
113924  34.163  -64.096  -30.478 0.5000000000
9118  32.020  -64.823  -31.309 0.5000000000
9651  34.598  -63.973  -29.331 0.4000000060
112124  24.065  -70.050  -21.754 0.4000000060
6767  24.933  -69.048  -23.320 0.4000000060
6260  24.425  -70.045  -22.456 0.4000000060
6269  24.788  -69.717  -23.163 0.5000000000
5811  24.962  -70.187  -23.805 0.5000000000
5801  24.954  -71.055  -22.688 0.5000000000
9683  32.718  -64.530  -30.683 0.5000000000
4948  24.016  -73.155  -23.115 0.6000000238
9669  33.286  -64.385  -29.702 0.4000000060
5368  25.570  -71.628  -23.202 0.5000000000
5384  24.827  -72.779  -22.823 0.5000000000
6248  24.262  -70.977  -21.935 0.5000000000
5358  23.784  -71.692  -21.563 0.5000000000
5369  24.486  -72.008  -22.126 0.5000000000
126360  23.823  -72.184  -21.830 0.5000000000
126245  25.344  -71.627  -22.842 0.5000000000
123022  23.787  -72.641  -22.288 0.5000000000
118860  32.898  -64.445  -28.385 0.5000000000
124290  25.296  -71.981  -22.711 0.5000000000
109469  34.994  -63.789  -28.081 0.4000000060
122307  33.705  -64.268  -28.730 0.4000000060
7300  23.695  -68.459  -20.414 0.5000000000
125802  23.299  -71.497  -20.992 0.5000000000
9684  31.639  -64.640  -29.979 0.5000000000
9652  33.087  -64.311  -27.537 0.4000000060
8451  24.605  -66.934  -20.218 0.5000000000
7849  23.453  -67.241  -19.654 0.5000000000
7839  22.319  -67.741  -18.915 0.5000000000
7288  23.394  -67.981  -19.682 0.5000000000
114004  34.055  -64.103  -27.742 0.4000000060
7848  23.870  -66.858  -19.837 0.5000000000
8433  23.303  -66.506  -19.349 0.5000000000
8432  24.303  -66.160  -19.422 0.5000000000
8434  22.358  -66.682  -19.117 0.5000000000
127400  21.708  -67.164  -19.043 0.5000000000
7850  21.507  -67.848  -18.928 0.4000000060
107223  23.624  -65.552  -19.135 0.5000000000
8435  21.396  -66.357  -19.297 0.6000000238
7851  20.981  -67.112  -19.278 0.6000000238
109691  25.206  -65.700  -19.244 0.5000000000
112193  23.840  -64.719  -19.055 0.5000000000
9027  22.752  -65.733  -19.199 0.5000000000
116885  21.883  -65.632  -19.313 0.6000000238
8452  20.594  -66.275  -19.752 0.6000000238
7852  20.156  -67.934  -19.781 0.6000000238
7291  19.921  -68.496  -19.993 0.5000000000
7301  19.659  -68.642  -20.700 0.5000000000
7312  19.532  -68.917  -21.622 0.5000000000
9025  25.329  -64.989  -18.923 0.5000000000
9013  24.694  -64.525  -19.033 0.5000000000
118885  23.005  -64.917  -19.214 0.5000000000
9563  23.223  -64.160  -19.434 0.6000000238
8436  21.091  -65.468  -19.753 0.6000000238
8453  20.017  -66.454  -20.411 0.6000000238
7866  19.799  -67.592  -20.541 0.6000000238
113051  19.591  -68.128  -21.317 0.5000000000
8502  21.669  -66.285  -25.328 0.5000000000
116037  19.574  -69.162  -23.196 0.5000000000
10153  27.518  -64.124  -19.258 0.5000000000
9561  25.622  -64.239  -19.197 0.5000000000
9562  24.917  -63.897  -19.320 0.6000000238
10157  23.593  -63.598  -19.928 0.6000000238
126688  22.440  -63.797  -20.087 0.6000000238
9039  20.459  -65.494  -20.451 0.6000000238
9593  20.950  -64.778  -20.895 0.6000000238
9040  19.864  -65.917  -21.106 0.6000000238
9050  20.422  -65.300  -21.383 0.6000000238
7881  19.557  -67.311  -21.533 0.6000000238
7897  19.521  -68.047  -22.225 0.5000000000
7329  19.545  -68.857  -22.520 0.5000000000
118611  19.554  -68.402  -23.108 0.5000000000
8493  19.679  -66.922  -23.370 0.5000000000
7347  19.731  -68.789  -23.864 0.5000000000
7920  19.970  -67.669  -24.763 0.5000000000
10155  25.581  -63.492  -19.777 0.6000000238
10156  24.804  -63.449  -20.223 0.6000000238
10177  24.325  -63.552  -21.305 0.6000000238
9591  22.926  -64.436  -21.883 0.6000000238
9592  21.816  -64.482  -21.290 0.6000000238
9599  21.287  -64.945  -21.873 0.6000000238
9059  20.014  -65.771  -21.858 0.5000000000
9058  20.749  -65.473  -22.429 0.5000000000
116406  19.517  -67.023  -22.458 0.5000000000
9066  21.184  -65.811  -23.514 0.5000000000
9057  22.146  -65.311  -23.161 0.6000000238
8504  19.905  -67.049  -24.160 0.5000000000
9074  21.557  -66.132  -24.481 0.5000000000
119925  22.127  -65.889  -24.869 0.5000000000
9080  21.921  -65.879  -25.543 0.5000000000
118633  24.645  -63.204  -22.051 0.6000000238
9590  23.537  -64.056  -22.364 0.6000000238
9598  22.477  -64.807  -22.447 0.6000000238
126148  22.621  -65.188  -23.794 0.6000000238
115068  22.200  -65.462  -24.942 0.5000000000
9606  22.834  -64.779  -23.410 0.6000000238
9612  22.772  -64.152  -23.894 0.6000000238
10214  22.143  -63.956  -24.531 0.5000000000
109066  24.358  -61.481  -21.425 0.6000000238
10767  24.739  -62.544  -21.943 0.6000000238
10768  24.053  -62.383  -22.434 0.6000000238
10194  23.451  -63.792  -23.157 0.6000000238
9605  23.161  -64.201  -23.433 0.6000000238
10201  22.204  -63.295  -24.045 0.5000000000
11374  23.883  -61.770  -22.079 0.6000000238
11386  23.277  -62.056  -22.471 0.6000000238
11375  22.604  -61.488  -21.699 0.6000000238
10200  23.007  -63.491  -23.659 0.6000000238
11387  21.890  -61.802  -22.277 0.6000000238
10777  20.780  -61.932  -23.195 0.5000000000
11376  21.536  -61.186  -21.513 0.4000000060
6368  26.137  -70.485  -32.499 0.6000000238
6887  27.082  -69.682  -32.409 0.6999999881
9682  33.755  -64.281  -31.435 0.5000000000
9565  21.693  -64.723  -19.771 0.6000000238
10159  22.080  -63.989  -19.960 0.6000000238
8484  19.681  -66.418  -21.776 0.6000000238
8483  19.991  -66.134  -22.794 0.5000000000
10185  24.300  -62.942  -22.514 0.6000000238
9597  23.156  -64.473  -22.790 0.6000000238
10786  22.505  -62.832  -23.550 0.6000000238
10787  21.308  -62.546  -23.636 0.6000000238
4547  33.575  -75.016  -23.937 0.4000000060
4946  32.700  -73.142  -24.027 0.5000000000
5390  31.639  -72.813  -24.265 0.5000000000
4958  32.270  -73.905  -24.285 0.4000000060
4959  31.453  -73.657  -24.632 0.4000000060
5391  30.853  -72.130  -24.310 0.5000000000
5381  31.384  -72.074  -23.787 0.5000000000
4960  30.904  -72.870  -24.770 0.5000000000
4975  30.893  -73.655  -25.084 0.5000000000
5832  30.471  -71.464  -25.403 0.5000000000
5399  30.299  -72.195  -25.805 0.5000000000
4976  30.555  -72.920  -25.400 0.5000000000
123768  30.363  -72.926  -26.104 0.5000000000
109962  30.605  -73.661  -25.804 0.4000000060
117071  30.465  -73.491  -26.824 0.4000000060
5846  30.413  -71.482  -26.327 0.5000000000
5862  30.465  -71.663  -27.293 0.5000000000
5409  30.259  -72.370  -26.683 0.5000000000
4572  30.794  -74.511  -26.330 0.4000000060
5038  30.379  -73.686  -32.219 0.5000000000
4642  30.901  -74.489  -31.637 0.4000000060
4641  32.592  -74.908  -31.185 0.4000000060
4231  32.428  -75.272  -30.184 0.4000000060
4610  32.481  -75.315  -29.496 0.4000000060
5417  30.382  -72.655  -27.668 0.5000000000
4596  32.256  -75.391  -28.841 0.4000000060
4582  31.842  -75.228  -28.019 0.4000000060
5879  30.660  -72.022  -28.323 0.4000000060
5422  30.683  -72.935  -28.677 0.5000000000
4583  31.164  -74.582  -27.305 0.4000000060
4994  30.757  -73.668  -27.859 0.4000000060
4651  31.519  -74.090  -32.299 0.4000000060
4625  32.867  -74.971  -30.759 0.4000000060
4609  32.693  -75.006  -30.164 0.4000000060
5878  31.302  -71.610  -28.595 0.4000000060
5002  32.052  -74.759  -28.586 0.4000000060
4993  31.535  -74.561  -27.979 0.4000000060
5421  31.283  -72.345  -29.229 0.4000000060
5013  31.571  -73.487  -29.306 0.4000000060
5050  29.920  -72.855  -32.643 0.5000000000
5049  31.120  -73.260  -32.718 0.4000000060
5048  32.127  -73.689  -32.642 0.4000000060
5047  33.152  -73.661  -32.609 0.4000000060
5025  33.630  -74.233  -31.484 0.4000000060
5011  32.908  -74.522  -30.445 0.4000000060
5430  33.128  -73.380  -30.528 0.4000000060
5012  32.537  -74.840  -29.457 0.4000000060
5888  32.324  -72.274  -29.902 0.4000000060
5425  31.958  -72.873  -29.812 0.4000000060
116193  32.526  -73.832  -29.904 0.4000000060
5438  30.725  -72.456  -32.816 0.5000000000
5903  30.393  -71.619  -32.697 0.6000000238
5437  32.105  -72.873  -32.931 0.5000000000
5037  33.786  -74.236  -32.036 0.4000000060
5036  34.419  -73.964  -32.044 0.4000000060
5429  34.491  -73.581  -31.680 0.4000000060
107396  34.753  -72.506  -31.215 0.4000000060
5902  32.521  -72.170  -32.896 0.4000000060
113541  31.567  -71.527  -32.690 0.5000000000
5436  33.555  -72.726  -32.883 0.4000000060
5432  34.731  -73.301  -32.273 0.4000000060
5901  33.452  -72.054  -32.927 0.5000000000
6362  33.845  -71.562  -32.784 0.4000000060
5900  34.275  -72.199  -32.858 0.4000000060
5897  35.002  -72.368  -32.517 0.4000000060
6888  31.725  -70.689  -32.417 0.6000000238
6357  34.346  -70.879  -32.480 0.5000000000
7971  29.495  -67.883  -32.315 0.5000000000
10175  25.634  -63.074  -20.818 0.5000000000
10760  25.586  -62.605  -21.176 0.5000000000
10759  26.328  -62.195  -20.555 0.5000000000
11365  25.217  -61.949  -21.425 0.5000000000
10176  25.120  -63.126  -21.486 0.5000000000
5392  30.501  -72.170  -25.000 0.5000000000
128264  32.020  -73.356  -24.320 0.5000000000
117847  31.899  -74.639  -31.699 0.4000000060
4650  32.695  -74.392  -32.078 0.4000000060
5894  33.530  -72.531  -30.570 0.4000000060
115278  31.477  -72.170  -32.853 0.5000000000
5893  35.119  -72.927  -32.183 0.4000000060
6363  32.729  -71.537  -32.702 0.5000000000
6358  32.957  -70.799  -32.411 0.6000000238
6361  34.703  -71.663  -32.770 0.5000000000
6883  32.954  -69.920  -31.892 0.5000000000
9679  37.590  -63.932  -31.751 0.3000000119
9115  36.388  -64.319  -31.962 0.3000000119
9116  35.246  -64.358  -32.132 0.3000000119
9680  36.820  -63.891  -32.082 0.3000000119
10261  37.887  -63.451  -30.593 0.3000000119
10265  38.203  -63.726  -31.225 0.3000000119
9104  35.938  -65.387  -31.374 0.3000000119
8545  35.094  -65.753  -30.985 0.4000000060
9117  34.623  -64.947  -31.872 0.4000000060
9114  37.177  -64.471  -31.885 0.3000000119
9123  34.348  -64.497  -32.067 0.4000000060
9125  32.387  -65.182  -31.721 0.4000000060
8553  31.488  -65.628  -31.832 0.4000000060
9113  37.912  -64.732  -31.389 0.3000000119
9667  35.782  -63.900  -32.049 0.3000000119
9681  34.489  -64.041  -32.153 0.4000000060
10251  37.453  -63.479  -28.971 0.3000000119
9666  36.389  -63.635  -30.922 0.3000000119
8547  33.790  -66.746  -30.019 0.4000000060
7959  33.354  -67.373  -30.121 0.4000000060
118498  31.855  -68.683  -31.444 0.4000000060
7415  31.597  -67.546  -31.299 0.4000000060
8546  34.271  -66.368  -30.294 0.4000000060
7963  31.853  -66.648  -31.383 0.4000000060
9103  36.785  -65.306  -31.361 0.3000000119
8550  33.913  -65.543  -31.503 0.4000000060
8552  32.448  -65.776  -31.660 0.4000000060
7967  30.274  -66.760  -32.170 0.4000000060
9102  37.475  -65.421  -31.013 0.3000000119
7964  31.133  -66.575  -31.836 0.4000000060
9668  34.960  -63.824  -31.419 0.4000000060
7411  33.847  -68.494  -29.929 0.4000000060
6878  32.945  -69.158  -31.158 0.4000000060
7958  34.104  -67.580  -29.463 0.4000000060
7413  33.037  -68.285  -30.430 0.4000000060
8530  36.700  -66.274  -28.107 0.3000000119
7953  34.752  -66.756  -29.120 0.4000000060
9100  39.110  -65.510  -29.314 0.3000000119
9101  38.244  -65.507  -30.242 0.3000000119
7418  31.009  -67.701  -31.719 0.4000000060
9112  38.806  -64.975  -30.808 0.3000000119
6877  34.183  -69.550  -31.077 0.4000000060
9632  36.049  -63.646  -28.374 0.3000000119
9650  35.489  -63.714  -30.083 0.3000000119
7421  30.045  -68.642  -32.359 0.4000000060
6884  31.798  -69.810  -31.973 0.4000000060
6882  34.015  -70.025  -31.964 0.4000000060
9665  37.191  -63.584  -30.992 0.3000000119
9122  34.712  -64.172  -32.383 0.4000000060
9124  33.492  -65.005  -31.775 0.4000000060
124625  34.320  -66.987  -29.314 0.4000000060
7962  32.537  -67.051  -30.726 0.4000000060
8537  36.091  -66.091  -29.310 0.3000000119
9093  36.916  -65.898  -29.890 0.3000000119
7404  34.835  -67.682  -28.810 0.4000000060
8538  35.436  -66.353  -29.080 0.3000000119
9092  37.485  -65.904  -29.004 0.3000000119
5355  36.806  -72.625  -20.894 0.3000000119
4921  37.272  -73.302  -20.876 0.3000000119
5356  36.245  -72.128  -20.968 0.3000000119
4907  36.613  -73.026  -20.515 0.3000000119
125491  36.628  -72.485  -21.470 0.3000000119
4930  37.223  -73.004  -21.635 0.3000000119
5787  34.952  -71.404  -20.650 0.3000000119
5343  35.609  -71.911  -20.429 0.3000000119
5342  36.151  -72.404  -20.512 0.3000000119
5797  34.608  -71.463  -21.628 0.3000000119
5357  35.540  -71.740  -21.206 0.3000000119
4931  36.458  -72.718  -22.386 0.3000000119
4945  33.801  -73.259  -23.743 0.3000000119
5778  34.296  -71.131  -20.177 0.3000000119
5777  34.955  -71.589  -20.138 0.3000000119
5788  34.160  -70.923  -20.999 0.3000000119
5344  35.139  -72.129  -19.952 0.3000000119
5366  33.970  -71.960  -22.661 0.3000000119
5380  32.270  -72.385  -23.616 0.3000000119
5379  33.370  -72.557  -23.454 0.3000000119
5789  33.129  -70.608  -21.512 0.3000000119
5365  35.011  -72.098  -22.313 0.3000000119
5798  33.556  -71.234  -22.073 0.3000000119
5799  32.444  -71.057  -22.475 0.3000000119
5367  32.854  -71.842  -22.910 0.3000000119
5808  30.971  -71.371  -23.741 0.3000000119
6308  31.363  -70.432  -26.290 0.4000000060
6291  30.672  -70.864  -24.911 0.4000000060
4129  31.612  -75.401  -21.688 0.3000000119
3760  31.042  -76.946  -22.324 0.3000000119
4908  35.728  -72.824  -20.200 0.3000000119
4505  36.159  -73.742  -20.421 0.3000000119
5346  33.050  -72.628  -19.797 0.3000000119
4910  33.495  -73.276  -20.138 0.3000000119
4517  32.249  -74.719  -21.249 0.3000000119
4128  32.674  -75.452  -21.509 0.3000000119
3759  31.940  -76.873  -22.214 0.3000000119
5766  33.057  -71.174  -19.501 0.3000000119
5345  34.103  -72.388  -19.798 0.3000000119
4516  33.221  -74.758  -21.076 0.3000000119
116818  33.166  -76.147  -21.702 0.3000000119
3741  32.275  -76.170  -21.887 0.3000000119
4909  34.611  -73.063  -20.053 0.3000000119
4515  34.236  -74.802  -20.861 0.3000000119
4126  34.475  -75.581  -21.245 0.3000000119
4506  35.014  -73.896  -20.398 0.3000000119
4514  35.427  -74.831  -20.803 0.3000000119
5377  35.500  -72.697  -23.022 0.3000000119
5765  33.864  -71.228  -19.744 0.3000000119
4518  30.640  -75.014  -21.552 0.3000000119
125299  35.248  -75.728  -21.267 0.3000000119
5331  33.574  -71.803  -19.624 0.3000000119
4508  32.840  -74.050  -20.711 0.3000000119
4507  33.886  -73.998  -20.534 0.3000000119
119459  33.889  -76.088  -21.552 0.3000000119
6325  35.847  -71.786  -27.764 0.3000000119
6304  35.977  -71.193  -26.940 0.3000000119
6326  34.801  -71.219  -27.766 0.3000000119
125201  33.674  -70.827  -27.848 0.4000000060
119893  32.908  -71.003  -28.295 0.4000000060
6343  31.998  -71.122  -28.242 0.3000000119
5861  31.058  -71.233  -27.760 0.3000000119
6340  35.458  -71.841  -28.502 0.3000000119
6341  34.618  -71.570  -28.680 0.4000000060
6342  33.702  -71.429  -28.902 0.4000000060
117083  34.011  -71.839  -30.102 0.4000000060
106503  31.991  -71.696  -29.276 0.3000000119
5886  35.602  -72.156  -31.228 0.4000000060
5887  33.064  -71.861  -30.086 0.3000000119
6803  37.233  -70.410  -25.507 0.3000000119
6289  36.961  -71.124  -26.177 0.3000000119
6305  35.151  -70.823  -27.028 0.4000000060
6306  34.223  -70.439  -27.037 0.4000000060
6327  32.584  -70.577  -27.525 0.3000000119
119849  31.593  -70.655  -27.220 0.3000000119
6302  37.424  -71.982  -26.728 0.3000000119
5845  37.426  -72.237  -27.552 0.3000000119
5860  36.793  -72.244  -28.076 0.3000000119
5874  36.612  -72.143  -29.107 0.3000000119
5875  35.853  -71.997  -29.683 0.3000000119
5876  34.953  -71.890  -29.946 0.4000000060
5873  37.497  -72.075  -28.810 0.3000000119
5883  37.478  -71.564  -29.865 0.3000000119
6348  37.600  -70.885  -30.600 0.3000000119
5891  36.727  -71.127  -31.514 0.4000000060
6876  35.843  -70.071  -31.730 0.3000000119
6353  35.994  -70.674  -32.133 0.4000000060
5892  36.199  -71.292  -31.996 0.4000000060
111487  35.542  -72.054  -32.143 0.4000000060
6871  34.844  -69.341  -30.536 0.3000000119
5896  35.450  -71.276  -32.434 0.4000000060
6356  35.197  -70.421  -32.204 0.3000000119
7889  36.912  -67.788  -23.154 0.3000000119
7339  36.583  -68.095  -23.874 0.3000000119
7916  35.678  -67.905  -24.188 0.3000000119
7358  35.745  -68.621  -24.908 0.3000000119
6802  38.075  -70.812  -25.324 0.3000000119
6786  37.521  -69.662  -24.782 0.3000000119
6787  36.610  -69.242  -25.057 0.3000000119
7372  35.060  -68.881  -25.397 0.3000000119
118931  38.692  -72.033  -25.950 0.3000000119
120303  35.834  -69.946  -25.998 0.3000000119
6805  35.212  -69.589  -25.930 0.3000000119
6829  33.836  -69.765  -26.319 0.3000000119
108011  32.245  -70.193  -26.640 0.3000000119
6831  31.980  -69.921  -25.786 0.3000000119
6290  31.169  -70.341  -25.358 0.3000000119
5831  38.531  -72.316  -26.608 0.3000000119
6869  36.984  -70.031  -30.693 0.3000000119
6349  37.092  -70.689  -31.328 0.3000000119
6875  36.632  -70.223  -31.499 0.3000000119
7409  35.821  -69.000  -29.531 0.3000000119
7410  34.731  -68.655  -29.599 0.3000000119
117008  37.185  -67.712  -22.338 0.3000000119
7338  37.324  -68.428  -23.585 0.3000000119
7357  37.044  -68.771  -24.319 0.3000000119
127751  36.338  -68.479  -24.470 0.3000000119
6785  38.397  -70.157  -24.482 0.3000000119
5809  30.721  -70.922  -24.174 0.3000000119
7872  37.564  -67.857  -21.498 0.3000000119
7320  37.573  -68.210  -22.816 0.3000000119
7337  38.067  -68.796  -23.203 0.3000000119
6775  37.810  -69.146  -24.016 0.3000000119
119208  38.770  -71.202  -25.161 0.3000000119
7305  38.230  -68.413  -21.451 0.3000000119
7319  38.244  -68.618  -22.314 0.3000000119
6774  38.557  -69.557  -23.581 0.3000000119
118124  30.726  -70.849  -25.864 0.3000000119
6309  30.810  -70.903  -26.828 0.3000000119
6303  36.711  -71.633  -26.792 0.3000000119
5877  32.824  -71.479  -29.116 0.4000000060
5885  36.369  -71.897  -31.038 0.4000000060
6288  37.871  -71.812  -26.179 0.3000000119
6826  36.225  -70.683  -26.336 0.3000000119
6828  34.712  -70.001  -26.425 0.3000000119
6827  35.502  -70.341  -26.430 0.3000000119
6307  33.238  -70.221  -26.892 0.4000000060
5844  38.080  -72.385  -26.983 0.3000000119
5884  37.062  -71.549  -30.615 0.4000000060
6870  35.897  -69.610  -30.669 0.3000000119
7371  35.812  -69.329  -25.510 0.3000000119
6806  34.423  -69.323  -25.811 0.3000000119
4127  33.587  -75.491  -21.337 0.3000000119
4513  37.540  -74.056  -20.902 0.3000000119
4640  33.183  -74.614  -31.394 0.4000000060
5003  31.249  -73.864  -28.513 0.4000000060
5046  34.200  -73.545  -32.451 0.4000000060
5330  34.424  -71.617  -19.825 0.3000000119
5364  35.963  -72.237  -21.901 0.3000000119
5393  26.649  -72.782  -24.149 0.5000000000
5435  34.524  -72.857  -32.664 0.4000000060
5807  31.793  -71.615  -23.199 0.3000000119
5820  30.636  -71.463  -24.561 0.4000000060
5899  25.085  -70.519  -31.879 0.6999999881
6278  31.056  -70.280  -24.385 0.3000000119
6324  36.552  -71.914  -27.422 0.3000000119
6346  24.798  -69.808  -29.162 0.6999999881
6352  36.517  -70.599  -31.829 0.4000000060
6765  38.799  -69.314  -22.630 0.3000000119
6804  36.432  -70.079  -25.741 0.3000000119
6873  28.882  -69.376  -29.516 0.6000000238
6892  27.681  -69.738  -32.546 0.6999999881
7343  29.021  -68.072  -23.029 0.6000000238
7414  32.214  -67.896  -30.844 0.4000000060
7419  30.208  -67.781  -32.181 0.4000000060
7863  24.615  -67.641  -20.951 0.6000000238
7865  20.280  -67.186  -19.787 0.6000000238
7879  26.458  -67.641  -21.425 0.6999999881
7896  28.608  -67.762  -22.246 0.6999999881
7908  19.659  -67.784  -23.821 0.5000000000
7966  28.295  -67.199  -31.888 0.6000000238
7970  28.334  -67.263  -32.023 0.6999999881
8431  26.057  -66.092  -19.619 0.6000000238
8447  28.480  -66.465  -20.417 0.6000000238
8467  29.379  -66.332  -21.461 0.6999999881
8469  19.680  -66.668  -21.033 0.6000000238
8491  29.466  -66.738  -23.822 0.6999999881
8492  20.361  -66.436  -23.874 0.5000000000
8551  33.156  -66.201  -31.177 0.4000000060
9023  27.538  -65.440  -19.422 0.6000000238
9024  26.165  -64.817  -19.083 0.5000000000
9026  24.497  -65.279  -18.977 0.5000000000
9028  22.313  -65.051  -19.373 0.5000000000
9037  28.717  -65.828  -20.021 0.6999999881
9038  21.093  -64.910  -20.257 0.6000000238
9073  22.280  -65.554  -24.196 0.6000000238
9127  29.425  -65.004  -31.218 0.5000000000
9559  28.727  -64.601  -19.456 0.6000000238
9564  22.422  -64.343  -19.614 0.6000000238
9579  29.824  -64.537  -20.368 0.6999999881
9580  21.589  -64.414  -20.397 0.6000000238
9603  29.326  -64.251  -23.123 0.8000000119
9613  22.589  -64.924  -24.259 0.6000000238
9685  34.252  -64.331  -32.085 0.4000000060
10150  30.079  -62.743  -19.935 0.5000000000
10152  28.845  -63.827  -19.357 0.6000000238
10158  22.689  -63.818  -19.843 0.6000000238
10174  30.005  -63.683  -20.095 0.5000000000
10178  23.094  -63.720  -20.469 0.6000000238
10186  24.083  -63.598  -22.146 0.6000000238
10187  23.467  -63.938  -21.537 0.6000000238
10188  22.400  -64.006  -20.662 0.6000000238
10193  23.800  -63.356  -22.803 0.6000000238
10199  23.324  -63.017  -23.314 0.6000000238
10260  38.556  -63.239  -30.385 0.3000000119
10746  29.443  -62.686  -19.527 0.4000000060
10750  26.132  -62.889  -20.408 0.5000000000
10774  23.658  -62.669  -22.789 0.6000000238
10775  22.766  -62.437  -22.962 0.6000000238
10776  21.599  -62.244  -22.969 0.6000000238
10812  26.376  -62.774  -26.345 0.6000000238
11377  20.902  -61.248  -22.094 0.4000000060
12029  27.414  -61.709  -24.549 0.6000000238
13241  22.830  -58.626  -19.036 0.4000000060
13840  25.942  -57.740  -18.337 0.4000000060
14980  23.044  -55.183  -19.264 0.3000000119
14981  22.608  -55.171  -19.893 0.3000000119
15637  27.034  -54.383  -17.758 0.4000000060
16326  21.951  -53.511  -20.639 0.3000000119
17055  21.141  -51.694  -23.264 0.4000000060
17738  24.527  -51.681  -18.580 0.4000000060
17757  23.385  -51.714  -19.428 0.4000000060
17809  21.332  -51.253  -23.492 0.3000000119
18484  22.793  -50.991  -23.039 0.3000000119
18515  23.206  -49.438  -24.503 0.3000000119
19168  25.012  -48.559  -24.873 0.3000000119
19170  23.696  -49.023  -24.967 0.3000000119
19777  23.347  -48.448  -21.925 0.3000000119
19787  25.886  -48.260  -24.496 0.3000000119
19794  26.090  -47.059  -25.023 0.3000000119
19797  23.952  -48.478  -25.177 0.3000000119
20452  24.047  -47.590  -24.763 0.3000000119
20464  24.352  -47.772  -25.190 0.3000000119
106388  22.933  -67.488  -19.257 0.5000000000
106991  28.634  -66.775  -26.660 0.6999999881
107569  24.129  -63.979  -19.348 0.6000000238
109536  20.713  -67.867  -19.281 0.6000000238
110302  28.509  -66.295  -32.100 0.6000000238
112338  25.713  -61.784  -20.920 0.6000000238
112580  34.859  -64.164  -32.394 0.3000000119
112639  24.920  -60.458  -19.847 0.5000000000
115188  28.858  -63.015  -19.372 0.5000000000
116013  30.761  -75.684  -21.929 0.3000000119
119230  21.177  -68.584  -18.878 0.4000000060
119890  33.016  -74.768  -30.891 0.4000000060
120997  21.033  -61.713  -22.606 0.5000000000
121142  19.517  -67.601  -23.000 0.5000000000
121282  26.350  -58.468  -18.670 0.4000000060
122647  24.324  -50.051  -21.809 0.3000000119
123488  19.834  -68.397  -24.482 0.5000000000
123525  25.875  -65.417  -19.190 0.5000000000
123673  28.695  -67.327  -21.651 0.6999999881
123855  26.601  -69.650  -32.207 0.8000000119
123938  24.566  -69.463  -26.577 0.5000000000
124193  26.256  -47.542  -24.736 0.3000000119
124450  36.948  -73.649  -20.639 0.3000000119
125737  26.414  -72.117  -24.036 0.5000000000
125910  28.542  -72.906  -32.171 0.6999999881
127477  35.698  -72.262  -20.235 0.3000000119
128148  28.433  -68.941  -31.356 0.6999999881
128591  37.738  -68.146  -22.111 0.3000000119
