#!ascii label  , from subject sub-v2s16x51312_ses-1 vox2ras=TkReg
400
69111  -28.800  -5.583  -32.394 0.0000000000
65567  -24.117  -9.156  -29.486 0.0000000000
65573  -31.419  -9.990  -30.726 0.0000000000
62071  -26.290  -13.404  -29.613 0.0000000000
78917  -33.610  6.370  -32.476 0.0000000000
75728  -35.053  2.148  -30.527 0.0000000000
72621  -27.759  -0.698  -33.599 0.0000000000
58696  -25.221  -17.100  -28.098 0.0000000000
64681  -25.444  -10.962  -30.149 0.0000000000
62068  -23.911  -12.895  -28.754 0.0000000000
77295  -34.241  4.642  -31.453 0.0000000000
75756  -31.685  2.715  -34.529 0.0000000000
69934  -25.185  -4.742  -30.452 0.0000000000
71701  -24.861  -2.440  -30.474 0.0000000000
107301  -27.835  -3.439  -33.070 0.0000000000
72601  -31.333  -1.468  -31.643 0.0000000000
69945  -32.652  -4.557  -30.469 0.0000000000
69103  -33.386  -6.079  -30.717 0.0000000000
68248  -23.236  -6.829  -28.730 0.0000000000
67403  -26.119  -7.057  -30.984 0.0000000000
113449  -30.032  -7.522  -30.765 0.0000000000
65570  -27.496  -9.588  -30.841 0.0000000000
63808  -28.710  -11.433  -30.507 0.0000000000
61298  -29.430  -14.103  -30.340 0.0000000000
113470  -27.796  0.930  -34.210 0.0000000000
74121  -30.578  0.731  -33.129 0.0000000000
73343  -35.704  -0.497  -31.679 0.0000000000
61270  -22.975  -14.349  -27.794 0.0000000000
60485  -25.963  -14.710  -28.984 0.0000000000
108829  -23.128  -11.658  -28.570 0.0000000000
62876  -22.770  -12.286  -28.166 0.0000000000
76525  -31.868  3.457  -35.593 0.0000000000
75782  -29.998  2.555  -35.248 0.0000000000
69118  -27.221  -4.976  -32.083 0.0000000000
69942  -27.031  -4.121  -31.791 0.0000000000
69954  -28.125  -4.335  -32.785 0.0000000000
70783  -30.132  -3.602  -32.118 0.0000000000
69113  -30.667  -4.848  -31.312 0.0000000000
69946  -33.655  -5.298  -30.682 0.0000000000
69101  -31.180  -5.785  -30.803 0.0000000000
67387  -23.629  -7.705  -29.178 0.0000000000
68269  -24.735  -6.506  -30.002 0.0000000000
66457  -25.095  -8.044  -30.210 0.0000000000
66468  -27.030  -8.106  -31.169 0.0000000000
121933  -26.128  -9.068  -30.672 0.0000000000
62892  -25.899  -12.142  -29.899 0.0000000000
63806  -27.030  -11.699  -30.464 0.0000000000
62894  -27.323  -12.412  -30.298 0.0000000000
119959  -29.066  -12.748  -30.376 0.0000000000
62072  -27.852  -13.813  -29.927 0.0000000000
78927  -32.899  6.712  -34.631 0.0000000000
78934  -31.717  7.503  -35.142 0.0000000000
79639  -33.472  7.852  -33.677 0.0000000000
80324  -34.384  8.979  -32.630 0.0000000000
78919  -35.175  6.521  -31.558 0.0000000000
76501  -33.797  3.177  -31.276 0.0000000000
71708  -25.994  -1.636  -31.897 0.0000000000
118048  -25.708  -0.620  -32.328 0.0000000000
74130  -27.833  0.326  -34.095 0.0000000000
74132  -29.070  0.586  -34.524 0.0000000000
73360  -29.136  -0.033  -34.199 0.0000000000
72604  -34.202  -1.923  -30.314 0.0000000000
72603  -33.424  -0.999  -30.222 0.0000000000
72615  -35.519  -1.801  -32.312 0.0000000000
66460  -30.172  -8.762  -30.511 0.0000000000
66462  -32.351  -8.126  -30.691 0.0000000000
59606  -23.298  -16.236  -27.540 0.0000000000
60468  -23.986  -15.675  -27.937 0.0000000000
61281  -24.269  -14.195  -28.453 0.0000000000
59620  -25.475  -16.368  -28.474 0.0000000000
122805  -23.708  -9.554  -29.207 0.0000000000
64680  -25.145  -10.224  -29.987 0.0000000000
108469  -23.803  -10.711  -29.205 0.0000000000
63798  -24.488  -11.681  -29.435 0.0000000000
62070  -25.452  -13.212  -29.342 0.0000000000
111840  -33.036  5.189  -34.567 0.0000000000
78179  -33.514  5.648  -32.779 0.0000000000
77303  -32.998  4.294  -34.314 0.0000000000
76511  -32.934  3.481  -33.314 0.0000000000
75740  -32.346  2.395  -32.273 0.0000000000
69924  -23.789  -4.199  -29.372 0.0000000000
70776  -24.751  -3.277  -30.302 0.0000000000
71709  -26.355  -2.487  -31.830 0.0000000000
71728  -27.951  -1.902  -33.539 0.0000000000
72612  -29.291  -1.433  -33.483 0.0000000000
71721  -29.198  -2.371  -33.387 0.0000000000
71712  -32.520  -2.691  -30.444 0.0000000000
70787  -34.427  -3.607  -30.608 0.0000000000
112875  -34.948  -4.372  -31.348 0.0000000000
57835  -26.032  -18.791  -28.276 0.0000000000
58713  -26.647  -17.688  -28.829 0.0000000000
69092  -24.191  -5.788  -29.592 0.0000000000
68281  -26.249  -6.065  -31.160 0.0000000000
68283  -27.841  -6.465  -31.908 0.0000000000
67407  -29.645  -6.590  -31.376 0.0000000000
117864  -27.574  -7.437  -31.553 0.0000000000
66459  -28.661  -8.899  -30.835 0.0000000000
65571  -28.969  -9.653  -30.656 0.0000000000
102279  -26.126  -10.450  -30.457 0.0000000000
64683  -27.836  -10.308  -30.800 0.0000000000
64686  -30.062  -10.852  -30.565 0.0000000000
63809  -30.568  -11.806  -30.858 0.0000000000
62080  -30.772  -13.290  -30.913 0.0000000000
78170  -35.647  5.705  -31.407 0.0000000000
74955  -29.482  1.766  -34.643 0.0000000000
74933  -30.579  1.428  -33.993 0.0000000000
74918  -32.924  1.679  -31.276 0.0000000000
108507  -31.473  -0.741  -31.939 0.0000000000
73340  -32.774  -0.089  -30.619 0.0000000000
74098  -35.225  0.793  -30.622 0.0000000000
68272  -31.135  -6.586  -30.717 0.0000000000
67408  -33.573  -7.642  -31.284 0.0000000000
62060  -22.537  -13.144  -27.839 0.0000000000
62061  -23.312  -13.140  -28.333 0.0000000000
61288  -24.867  -13.685  -28.835 0.0000000000
61289  -26.543  -14.116  -29.428 0.0000000000
59622  -27.191  -17.130  -29.142 0.0000000000
115100  -27.475  -15.805  -29.451 0.0000000000
61290  -27.353  -14.313  -29.654 0.0000000000
76538  -28.423  3.573  -35.089 0.0000000000
69119  -27.806  -5.037  -32.491 0.0000000000
110951  -28.299  -5.072  -32.646 0.0000000000
115931  -29.652  -4.465  -32.417 0.0000000000
69112  -29.400  -4.991  -32.372 0.0000000000
120815  -29.792  -5.353  -31.772 0.0000000000
66450  -23.681  -8.553  -29.222 0.0000000000
66449  -23.174  -8.356  -28.870 0.0000000000
66456  -24.315  -8.320  -29.665 0.0000000000
114885  -24.931  -8.870  -30.090 0.0000000000
66458  -25.768  -8.567  -30.569 0.0000000000
62886  -26.065  -12.755  -29.774 0.0000000000
62893  -26.581  -12.261  -30.120 0.0000000000
62887  -26.810  -12.938  -30.013 0.0000000000
62077  -27.580  -13.127  -30.145 0.0000000000
104427  -27.063  -13.579  -29.793 0.0000000000
78928  -33.392  7.016  -33.490 0.0000000000
80311  -34.066  8.016  -32.572 0.0000000000
79630  -34.563  7.283  -31.911 0.0000000000
78918  -34.170  6.473  -31.855 0.0000000000
76490  -34.682  2.910  -30.766 0.0000000000
76503  -35.322  3.423  -30.813 0.0000000000
76491  -35.403  2.693  -30.711 0.0000000000
75742  -35.854  2.116  -30.786 0.0000000000
72610  -26.299  -0.972  -32.526 0.0000000000
72620  -27.142  -0.628  -33.279 0.0000000000
73348  -26.875  0.090  -33.590 0.0000000000
73357  -27.535  -0.129  -33.804 0.0000000000
112745  -28.280  0.098  -34.216 0.0000000000
73359  -28.562  -0.426  -33.964 0.0000000000
71723  -35.341  -2.668  -31.850 0.0000000000
72614  -35.130  -1.939  -31.036 0.0000000000
116190  -30.684  -9.625  -30.552 0.0000000000
66461  -31.192  -9.107  -30.544 0.0000000000
65574  -32.004  -9.504  -30.803 0.0000000000
58695  -24.547  -17.381  -27.717 0.0000000000
117406  -24.025  -16.577  -27.729 0.0000000000
59607  -24.652  -16.479  -28.066 0.0000000000
59619  -24.728  -15.769  -28.369 0.0000000000
64672  -23.297  -9.925  -28.999 0.0000000000
62883  -23.500  -12.333  -28.666 0.0000000000
63797  -23.717  -11.540  -29.042 0.0000000000
62884  -24.185  -12.354  -29.113 0.0000000000
62885  -25.150  -12.423  -29.497 0.0000000000
62069  -24.596  -13.022  -29.011 0.0000000000
77311  -32.207  5.101  -35.434 0.0000000000
77302  -32.232  4.170  -35.186 0.0000000000
75771  -31.370  2.853  -35.634 0.0000000000
76510  -32.353  3.464  -34.348 0.0000000000
75757  -32.233  2.936  -33.321 0.0000000000
112538  -32.756  2.979  -32.527 0.0000000000
75739  -31.610  2.293  -33.130 0.0000000000
113457  -24.589  -4.084  -30.055 0.0000000000
108161  -25.411  -3.851  -30.687 0.0000000000
114620  -27.466  -3.565  -32.487 0.0000000000
70781  -27.013  -3.162  -32.158 0.0000000000
70791  -27.469  -2.882  -32.931 0.0000000000
112470  -27.127  -2.406  -32.579 0.0000000000
116563  -27.786  -2.583  -33.334 0.0000000000
71729  -28.272  -1.956  -33.656 0.0000000000
71720  -28.613  -2.597  -33.502 0.0000000000
70784  -30.894  -3.477  -31.464 0.0000000000
70785  -31.904  -3.518  -30.634 0.0000000000
70786  -33.229  -3.620  -30.343 0.0000000000
105360  -33.995  -4.474  -30.598 0.0000000000
69936  -32.774  -5.433  -30.528 0.0000000000
68288  -34.513  -6.628  -32.084 0.0000000000
109045  -25.410  -18.775  -27.832 0.0000000000
57012  -26.682  -19.577  -28.232 0.0000000000
104687  -23.469  -5.954  -29.041 0.0000000000
111895  -23.712  -5.129  -29.232 0.0000000000
67393  -25.289  -7.198  -30.393 0.0000000000
68270  -25.519  -6.317  -30.602 0.0000000000
68282  -26.968  -6.564  -31.566 0.0000000000
67405  -28.406  -7.007  -31.749 0.0000000000
65581  -27.229  -8.831  -30.939 0.0000000000
66469  -27.641  -8.251  -31.235 0.0000000000
65582  -27.928  -8.857  -31.003 0.0000000000
104594  -28.223  -9.614  -30.878 0.0000000000
63807  -27.942  -11.737  -30.450 0.0000000000
111943  -27.460  -11.030  -30.646 0.0000000000
107247  -28.251  -10.938  -30.623 0.0000000000
106767  -29.065  -10.867  -30.515 0.0000000000
109438  -29.549  -11.580  -30.566 0.0000000000
62079  -29.719  -13.312  -30.505 0.0000000000
106875  -30.433  -14.018  -30.680 0.0000000000
102308  -31.343  -14.016  -31.091 0.0000000000
77294  -33.606  4.826  -32.290 0.0000000000
78168  -33.969  5.595  -31.823 0.0000000000
78169  -34.946  5.171  -31.357 0.0000000000
71690  -24.183  -2.747  -29.786 0.0000000000
74932  -26.468  1.570  -33.902 0.0000000000
74944  -27.146  1.578  -34.251 0.0000000000
74954  -28.714  1.606  -34.650 0.0000000000
74138  -28.976  1.170  -34.665 0.0000000000
74120  -30.010  0.674  -33.916 0.0000000000
74947  -30.062  1.378  -34.378 0.0000000000
74917  -31.929  1.553  -32.190 0.0000000000
74108  -31.462  0.718  -32.302 0.0000000000
72600  -30.496  -1.831  -32.336 0.0000000000
72613  -30.551  -0.876  -32.573 0.0000000000
109206  -34.615  -1.125  -30.530 0.0000000000
73341  -34.096  -0.151  -30.320 0.0000000000
74097  -34.369  0.707  -30.489 0.0000000000
74111  -35.654  0.235  -31.089 0.0000000000
74122  -36.072  0.155  -32.011 0.0000000000
68271  -30.392  -6.639  -30.956 0.0000000000
67395  -30.984  -7.301  -30.650 0.0000000000
67397  -32.785  -7.599  -30.727 0.0000000000
61269  -22.272  -13.907  -27.544 0.0000000000
61279  -22.941  -13.706  -27.944 0.0000000000
61280  -23.542  -13.929  -28.180 0.0000000000
61282  -25.087  -14.432  -28.731 0.0000000000
105901  -25.710  -13.894  -29.148 0.0000000000
59621  -26.410  -16.739  -28.772 0.0000000000
60487  -27.716  -15.144  -29.663 0.0000000000
116338  -23.067  -10.791  -28.712 0.0000000000
63789  -22.571  -11.343  -28.259 0.0000000000
77310  -31.618  4.409  -36.204 0.0000000000
76524  -31.175  3.506  -36.220 0.0000000000
75770  -30.808  2.691  -35.696 0.0000000000
69941  -26.090  -4.564  -31.137 0.0000000000
69953  -27.644  -4.246  -32.454 0.0000000000
70793  -28.479  -3.602  -33.109 0.0000000000
70794  -29.085  -3.280  -33.056 0.0000000000
69956  -29.175  -4.161  -32.801 0.0000000000
109657  -30.066  -4.325  -32.053 0.0000000000
69944  -31.340  -4.290  -30.953 0.0000000000
69935  -31.768  -5.157  -30.687 0.0000000000
69102  -32.333  -6.000  -30.570 0.0000000000
68263  -23.945  -6.696  -29.381 0.0000000000
67392  -24.507  -7.423  -29.802 0.0000000000
66466  -25.744  -7.774  -30.611 0.0000000000
66467  -26.351  -7.941  -30.896 0.0000000000
65580  -26.531  -8.678  -30.822 0.0000000000
65569  -26.616  -9.499  -30.690 0.0000000000
63799  -25.305  -11.611  -29.829 0.0000000000
63805  -26.169  -11.489  -30.300 0.0000000000
62895  -28.190  -12.581  -30.316 0.0000000000
113541  -28.887  -12.076  -30.432 0.0000000000
62078  -28.605  -13.394  -30.214 0.0000000000
61297  -28.597  -14.156  -30.096 0.0000000000
112630  -31.968  6.703  -35.205 0.0000000000
79638  -32.679  7.708  -34.719 0.0000000000
80323  -33.541  8.691  -33.728 0.0000000000
107817  -35.622  7.311  -31.532 0.0000000000
109122  -33.587  4.069  -31.623 0.0000000000
77296  -35.193  4.324  -30.987 0.0000000000
76502  -34.412  3.795  -30.963 0.0000000000
115312  -24.730  0.183  -31.584 0.0000000000
73338  -25.401  -0.010  -32.347 0.0000000000
74129  -27.324  0.358  -33.886 0.0000000000
74131  -28.446  0.726  -34.436 0.0000000000
108222  -28.708  0.198  -34.325 0.0000000000
73350  -30.062  -0.079  -33.230 0.0000000000
107163  -32.969  -1.864  -30.225 0.0000000000
72602  -32.145  -0.977  -30.796 0.0000000000
107843  -35.691  -1.057  -32.236 0.0000000000
115012  -30.957  -8.153  -30.546 0.0000000000
121760  -31.598  -7.855  -30.584 0.0000000000
66471  -32.567  -8.995  -31.000 0.0000000000
60467  -22.998  -15.241  -27.610 0.0000000000
60477  -23.732  -14.692  -27.982 0.0000000000
60478  -24.473  -15.005  -28.391 0.0000000000
60479  -25.289  -15.324  -28.665 0.0000000000
65561  -23.337  -9.088  -28.937 0.0000000000
117502  -24.801  -9.551  -29.884 0.0000000000
106902  -24.194  -10.001  -29.472 0.0000000000
64673  -24.600  -10.915  -29.682 0.0000000000
119635  -24.120  -11.193  -29.337 0.0000000000
78184  -31.320  6.202  -35.345 0.0000000000
78185  -32.572  5.908  -34.919 0.0000000000
113662  -33.433  6.321  -33.384 0.0000000000
77304  -33.370  4.951  -33.512 0.0000000000
77293  -33.358  4.133  -32.889 0.0000000000
76500  -33.131  3.462  -32.111 0.0000000000
75741  -33.091  2.670  -31.641 0.0000000000
75727  -33.990  2.204  -30.855 0.0000000000
70780  -26.257  -3.521  -31.399 0.0000000000
70777  -25.546  -2.942  -30.935 0.0000000000
71702  -25.550  -2.099  -31.125 0.0000000000
71718  -26.947  -1.573  -32.655 0.0000000000
111707  -27.840  -1.297  -33.499 0.0000000000
72622  -28.166  -1.083  -33.655 0.0000000000
72623  -28.726  -1.510  -33.722 0.0000000000
71722  -29.765  -2.125  -32.958 0.0000000000
70795  -29.590  -2.984  -32.668 0.0000000000
71710  -30.285  -2.743  -32.110 0.0000000000
71711  -31.308  -2.503  -31.301 0.0000000000
71714  -34.799  -2.767  -30.731 0.0000000000
70797  -35.419  -3.387  -32.738 0.0000000000
113408  -35.314  -4.221  -32.480 0.0000000000
69947  -34.554  -5.180  -31.309 0.0000000000
115140  -31.459  -10.692  -30.983 0.0000000000
57834  -25.407  -17.993  -28.114 0.0000000000
58712  -25.892  -17.335  -28.437 0.0000000000
69925  -24.414  -4.920  -29.781 0.0000000000
69098  -24.955  -5.614  -30.212 0.0000000000
69099  -25.728  -5.441  -30.797 0.0000000000
69108  -26.313  -5.333  -31.280 0.0000000000
69110  -27.485  -5.725  -31.988 0.0000000000
68293  -28.112  -5.705  -32.319 0.0000000000
120203  -29.449  -5.801  -31.924 0.0000000000
68284  -28.452  -6.248  -32.081 0.0000000000
67406  -29.107  -7.313  -31.400 0.0000000000
66470  -28.372  -8.027  -31.345 0.0000000000
67394  -29.256  -8.244  -30.858 0.0000000000
116364  -29.364  -9.055  -30.606 0.0000000000
105029  -29.894  -9.807  -30.565 0.0000000000
65568  -25.636  -9.472  -30.384 0.0000000000
64682  -27.057  -10.334  -30.688 0.0000000000
114727  -26.766  -11.036  -30.593 0.0000000000
64684  -28.589  -10.268  -30.701 0.0000000000
64685  -29.306  -10.273  -30.579 0.0000000000
65572  -30.788  -10.385  -30.659 0.0000000000
104679  -31.072  -11.209  -30.915 0.0000000000
62896  -29.975  -12.472  -30.660 0.0000000000
116295  -34.708  5.902  -31.519 0.0000000000
77297  -35.972  4.838  -31.253 0.0000000000
74953  -28.028  2.604  -34.832 0.0000000000
74956  -30.167  2.010  -34.741 0.0000000000
74946  -29.503  1.177  -34.529 0.0000000000
110920  -31.132  2.055  -33.960 0.0000000000
113323  -29.017  -0.755  -33.823 0.0000000000
121261  -29.853  -0.660  -33.073 0.0000000000
73351  -30.980  -0.064  -32.476 0.0000000000
73339  -31.877  -0.090  -31.591 0.0000000000
74109  -32.349  0.747  -31.368 0.0000000000
74900  -33.829  1.357  -30.653 0.0000000000
74901  -34.668  1.439  -30.506 0.0000000000
74919  -36.121  1.464  -31.126 0.0000000000
68286  -30.023  -5.950  -31.402 0.0000000000
117297  -30.590  -6.055  -31.023 0.0000000000
68274  -33.000  -6.871  -30.643 0.0000000000
67396  -31.877  -7.289  -30.601 0.0000000000
120810  -32.402  -7.095  -30.605 0.0000000000
68287  -33.935  -6.797  -31.257 0.0000000000
62862  -22.070  -12.480  -27.624 0.0000000000
62062  -24.057  -13.491  -28.604 0.0000000000
60480  -26.169  -15.720  -28.885 0.0000000000
59631  -26.968  -16.189  -29.175 0.0000000000
60486  -26.872  -15.107  -29.346 0.0000000000
67404  -26.802  -7.433  -31.279 0.0000000000
68273  -31.961  -6.604  -30.588 0.0000000000
68285  -29.010  -6.454  -31.938 0.0000000000
69100  -30.310  -5.435  -31.336 0.0000000000
69109  -26.819  -5.614  -31.647 0.0000000000
69943  -29.924  -4.876  -31.870 0.0000000000
69955  -28.722  -4.638  -32.777 0.0000000000
70782  -29.609  -3.833  -32.582 0.0000000000
70792  -28.097  -2.712  -33.503 0.0000000000
70796  -35.189  -3.516  -31.526 0.0000000000
71713  -33.763  -2.768  -30.224 0.0000000000
71719  -27.591  -1.945  -33.170 0.0000000000
72599  -25.496  -1.099  -31.879 0.0000000000
72605  -35.383  -1.178  -31.352 0.0000000000
72611  -27.547  -1.169  -33.309 0.0000000000
73333  -34.948  0.195  -30.568 0.0000000000
73342  -35.156  -0.462  -30.771 0.0000000000
73347  -26.275  -0.272  -32.920 0.0000000000
73349  -29.459  -0.574  -33.593 0.0000000000
73353  -36.228  0.243  -32.793 0.0000000000
73358  -27.998  -0.291  -33.928 0.0000000000
73361  -29.602  0.048  -33.840 0.0000000000
74110  -33.328  0.731  -30.629 0.0000000000
74133  -29.507  0.622  -34.335 0.0000000000
74902  -35.522  1.458  -30.677 0.0000000000
74920  -36.460  1.448  -31.842 0.0000000000
74934  -31.021  1.577  -33.004 0.0000000000
74945  -27.907  1.565  -34.495 0.0000000000
75755  -30.856  2.208  -34.819 0.0000000000
75781  -29.093  2.538  -34.875 0.0000000000
76540  -30.249  3.439  -35.959 0.0000000000
78178  -33.283  5.775  -34.034 0.0000000000
107210  -31.965  -1.864  -30.733 0.0000000000
110116  -30.581  -4.128  -31.603 0.0000000000
110345  -26.677  -4.938  -31.629 0.0000000000
110544  -31.821  -8.615  -30.614 0.0000000000
112208  -35.795  0.929  -30.967 0.0000000000
115164  -27.282  0.859  -34.024 0.0000000000
117577  -29.786  -1.218  -32.986 0.0000000000
