#!ascii label  , from subject sub-v2s16x51312_ses-1 vox2ras=TkReg
1304
1867  30.236  -69.386  -24.893 0.6999999881
1868  29.266  -69.291  -24.757 0.8000000119
2240  28.825  -68.729  -24.222 0.8000000119
2241  27.969  -68.431  -24.399 0.6999999881
1534  30.499  -70.016  -26.586 0.6000000238
1525  29.922  -70.062  -25.979 0.6000000238
1869  28.426  -69.042  -24.836 0.6000000238
1893  30.450  -69.730  -27.674 0.6000000238
2239  29.782  -68.889  -24.216 0.8000000119
2226  28.334  -68.147  -23.705 0.6999999881
2579  26.963  -67.222  -23.490 0.6999999881
1873  31.256  -69.462  -26.165 0.6000000238
2227  27.476  -67.807  -23.936 0.6999999881
1900  30.440  -68.954  -28.396 0.6000000238
2271  30.298  -68.147  -29.170 0.6000000238
1901  29.903  -69.611  -28.821 0.6000000238
1908  29.731  -68.920  -30.813 0.6000000238
1554  29.536  -69.616  -30.078 0.6000000238
2576  29.880  -67.944  -22.979 0.8000000119
2562  28.566  -67.160  -22.357 0.8000000119
110232  28.021  -67.280  -22.734 0.6999999881
2548  26.900  -66.679  -22.176 0.6999999881
2224  30.357  -68.438  -23.670 0.8000000119
2577  28.756  -67.683  -23.014 0.6999999881
2563  27.300  -67.027  -22.821 0.6999999881
2238  30.860  -68.899  -24.433 0.6999999881
2225  29.295  -68.359  -23.589 0.8000000119
2578  27.795  -67.545  -23.274 0.6999999881
1884  31.015  -69.447  -26.930 0.6999999881
2263  30.937  -68.245  -27.895 0.6000000238
1892  30.930  -69.043  -27.508 0.6000000238
114672  29.888  -68.872  -29.614 0.6000000238
1913  30.062  -69.080  -31.377 0.6000000238
1553  31.694  -70.804  -30.960 0.6999999881
1562  31.046  -70.353  -31.554 0.6000000238
1239  32.166  -71.182  -29.865 0.5000000000
1240  31.641  -71.662  -30.410 0.6000000238
1235  31.980  -72.106  -29.339 0.5000000000
2547  29.099  -66.888  -21.861 0.8999999762
117736  28.314  -66.789  -21.862 0.8000000119
2912  27.591  -66.475  -21.515 0.6999999881
2561  29.473  -67.372  -22.405 0.8999999762
106082  26.598  -66.338  -21.438 0.6999999881
2237  31.944  -68.669  -24.887 0.8000000119
2223  31.512  -68.308  -23.988 0.8000000119
101426  31.589  -67.986  -27.156 0.6999999881
2248  31.928  -68.792  -25.843 0.6999999881
2272  29.926  -68.117  -30.415 0.6999999881
2278  29.974  -68.262  -31.348 0.6000000238
1561  31.640  -69.909  -31.346 0.6999999881
1552  32.291  -70.241  -30.328 0.6999999881
2924  30.079  -66.956  -21.865 0.8999999762
2911  28.608  -66.517  -21.314 0.8000000119
115720  27.134  -66.014  -20.815 0.6999999881
2575  31.029  -67.907  -23.167 0.8000000119
2560  30.555  -67.439  -22.461 0.8000000119
2587  32.551  -67.921  -24.502 0.6999999881
2602  32.339  -67.332  -26.039 0.6999999881
2236  32.633  -67.978  -25.460 0.6000000238
2254  32.101  -68.065  -26.400 0.8000000119
2610  31.086  -67.314  -27.742 0.8000000119
2615  30.533  -67.313  -28.782 0.8000000119
2616  30.051  -67.274  -29.951 0.6999999881
2964  30.427  -66.959  -31.363 0.8000000119
2620  29.977  -67.421  -31.046 0.6999999881
2623  30.972  -67.294  -31.726 0.8000000119
2277  32.713  -68.801  -30.612 0.6999999881
2280  32.019  -68.666  -31.326 0.6999999881
2282  30.416  -67.829  -31.713 0.6999999881
1907  32.643  -69.545  -30.175 0.6999999881
1912  32.203  -69.396  -30.983 0.6999999881
4850  22.040  -60.841  -19.662 0.6000000238
5332  22.478  -60.283  -19.144 0.6000000238
5333  21.259  -60.066  -18.806 0.6000000238
5823  20.626  -59.369  -18.872 0.6999999881
2910  29.585  -66.529  -21.291 0.8999999762
101990  28.085  -66.084  -20.751 0.6999999881
2586  33.073  -67.311  -24.828 0.6000000238
2944  32.446  -66.711  -25.587 0.6000000238
2595  32.863  -67.240  -25.381 0.6000000238
2603  31.677  -67.308  -26.865 0.6999999881
108612  31.017  -65.781  -28.129 0.6999999881
109120  31.182  -66.476  -27.470 0.6999999881
3249  27.999  -65.105  -18.592 0.6999999881
3250  27.103  -65.163  -18.534 0.6999999881
110422  30.856  -65.972  -29.066 0.8000000119
102499  30.801  -66.502  -28.460 0.8000000119
3612  28.601  -64.475  -18.028 0.6000000238
3613  27.524  -64.731  -17.893 0.6000000238
113937  25.947  -64.509  -17.892 0.6999999881
2953  30.454  -66.599  -29.489 0.6999999881
3601  26.980  -64.162  -17.437 0.5000000000
3602  26.139  -64.097  -17.675 0.6999999881
105389  31.223  -66.558  -31.478 0.8000000119
2958  30.250  -66.728  -30.520 0.8000000119
3600  27.946  -64.072  -17.368 0.5000000000
3994  26.475  -63.382  -17.440 0.5000000000
112517  32.253  -68.164  -31.314 0.6999999881
3993  27.435  -63.386  -17.067 0.5000000000
3980  27.464  -62.717  -16.732 0.6000000238
107868  26.759  -62.696  -17.137 0.5000000000
4409  25.978  -62.608  -17.685 0.6000000238
4421  25.378  -61.792  -19.231 0.6999999881
4860  24.003  -61.650  -21.039 0.6999999881
4822  26.223  -61.929  -17.188 0.5000000000
4847  25.009  -61.153  -19.769 0.6000000238
5331  23.649  -60.373  -19.502 0.6000000238
4395  27.036  -62.145  -16.586 0.6000000238
4841  25.293  -61.078  -18.925 0.6000000238
5330  24.519  -60.487  -19.584 0.6000000238
4834  25.589  -61.669  -18.119 0.5000000000
5321  24.044  -59.894  -18.918 0.6000000238
5323  21.982  -59.703  -18.620 0.6000000238
5817  21.353  -59.223  -18.581 0.6999999881
6316  21.314  -58.134  -20.304 0.6000000238
6323  20.786  -58.638  -20.852 0.6999999881
5311  25.388  -60.619  -18.198 0.6000000238
5320  25.008  -60.299  -18.998 0.6000000238
5322  22.890  -59.818  -18.719 0.6000000238
5816  22.246  -59.101  -18.275 0.6999999881
6309  21.248  -58.124  -19.284 0.5000000000
2573  33.007  -67.294  -24.162 0.6000000238
2559  31.789  -67.304  -22.700 0.6999999881
2886  26.702  -65.779  -20.055 0.6999999881
2898  27.644  -65.705  -20.028 0.6999999881
3276  28.623  -65.675  -20.112 0.8000000119
2948  31.622  -66.439  -26.462 0.6999999881
3625  28.852  -64.946  -18.827 0.8000000119
3611  29.322  -64.412  -18.552 0.6000000238
2963  30.717  -66.260  -30.843 0.8000000119
3323  31.120  -65.683  -30.226 0.8000000119
114254  31.513  -65.804  -31.010 0.8000000119
3992  28.787  -63.676  -17.408 0.5000000000
2962  32.499  -66.409  -31.390 0.8000000119
110068  28.242  -63.469  -17.014 0.5000000000
3991  29.406  -63.037  -17.401 0.5000000000
4392  29.289  -62.385  -16.826 0.6000000238
4408  28.788  -63.020  -16.889 0.6000000238
4394  27.897  -62.322  -16.288 0.6000000238
4821  27.508  -61.610  -16.021 0.6000000238
6315  22.338  -57.900  -21.031 0.5000000000
4823  25.803  -61.003  -17.256 0.5000000000
6845  21.877  -57.575  -19.918 0.5000000000
114020  25.119  -59.942  -18.252 0.6000000238
5312  24.576  -59.682  -18.405 0.6999999881
110374  23.207  -59.433  -18.410 0.6999999881
6298  21.567  -58.430  -18.615 0.6999999881
5304  26.144  -60.314  -16.381 0.6000000238
105058  23.128  -58.865  -18.049 0.6000000238
5802  25.411  -59.996  -17.336 0.6999999881
5804  23.997  -59.073  -17.853 0.6000000238
2923  31.218  -66.860  -21.967 0.6999999881
102583  30.627  -66.413  -21.373 0.6999999881
2897  29.067  -66.086  -20.721 0.8000000119
3275  29.560  -65.515  -20.207 0.6999999881
3624  29.597  -64.671  -19.135 0.6999999881
3262  29.169  -65.226  -19.535 0.6999999881
6860  23.990  -57.110  -21.203 0.5000000000
4840  29.841  -61.383  -17.816 0.5000000000
4819  29.149  -61.698  -16.313 0.6000000238
6861  23.560  -57.723  -21.746 0.5000000000
5310  29.618  -60.678  -17.277 0.5000000000
4820  28.456  -61.718  -15.974 0.6000000238
108180  26.580  -61.328  -16.511 0.6000000238
6297  22.307  -58.020  -18.133 0.5000000000
5302  29.360  -60.871  -16.429 0.5000000000
4807  28.940  -60.992  -15.840 0.6000000238
5303  27.081  -60.784  -15.862 0.6000000238
5294  28.485  -60.240  -15.611 0.6000000238
112143  31.727  -66.135  -21.595 0.6999999881
2909  31.048  -65.687  -21.010 0.6999999881
2896  30.051  -65.943  -20.822 0.6999999881
5793  25.609  -59.540  -16.504 0.5000000000
5801  29.530  -59.801  -17.752 0.5000000000
6283  24.276  -58.666  -17.227 0.5000000000
5293  29.150  -60.128  -16.000 0.5000000000
111096  27.628  -60.212  -15.546 0.5000000000
5794  25.057  -59.112  -16.925 0.5000000000
6255  26.552  -58.665  -15.409 0.5000000000
6256  25.817  -58.476  -15.660 0.5000000000
6269  29.198  -58.397  -16.304 0.5000000000
6254  27.411  -58.878  -15.276 0.5000000000
6270  25.396  -58.868  -16.195 0.5000000000
99377  29.398  -58.931  -16.721 0.5000000000
5783  28.007  -59.551  -15.376 0.5000000000
114123  27.325  -59.595  -15.466 0.5000000000
108646  29.443  -59.021  -17.460 0.5000000000
5782  28.752  -59.431  -15.672 0.5000000000
6252  28.885  -58.610  -15.750 0.5000000000
7445  23.827  -56.968  -22.996 0.6000000238
6878  23.785  -57.631  -22.969 0.6000000238
7437  24.399  -56.501  -21.774 0.5000000000
7446  23.373  -56.400  -23.598 0.6999999881
108787  23.346  -57.484  -23.649 0.6000000238
111980  22.948  -58.216  -23.950 0.6000000238
7473  21.559  -56.983  -25.685 0.6999999881
8060  23.217  -55.259  -23.440 0.6000000238
7460  22.809  -56.709  -24.254 0.6999999881
105419  22.674  -57.673  -24.371 0.6999999881
6899  22.005  -57.787  -25.073 0.6999999881
108639  21.681  -56.077  -25.465 0.8000000119
8739  23.395  -54.331  -23.002 0.5000000000
99739  23.766  -55.277  -22.592 0.5000000000
8086  22.236  -55.951  -24.767 0.8000000119
8076  22.258  -55.208  -24.637 0.6000000238
8094  20.744  -55.625  -27.087 0.6999999881
9405  23.426  -53.412  -22.524 0.5000000000
8721  23.725  -54.571  -22.167 0.5000000000
102929  21.351  -55.348  -26.101 0.6999999881
102768  20.615  -56.541  -27.264 0.6999999881
8087  21.855  -55.220  -25.277 0.6999999881
8752  22.525  -54.797  -24.145 0.6999999881
7502  20.030  -56.234  -28.222 0.6999999881
8778  20.960  -54.612  -26.762 0.6999999881
9420  23.017  -53.390  -23.350 0.6000000238
8753  21.956  -54.370  -24.851 0.8000000119
11760  16.751  -50.501  -27.687 0.6999999881
10997  17.055  -51.157  -28.184 0.8000000119
10899  23.501  -51.525  -20.809 0.4000000060
8797  19.118  -54.648  -29.207 0.6999999881
10120  23.500  -52.216  -21.484 0.5000000000
8779  20.226  -54.899  -28.109 0.6999999881
10137  23.402  -52.356  -22.365 0.6000000238
10154  22.703  -52.772  -23.709 0.6000000238
8763  21.520  -54.452  -25.794 0.6999999881
105776  22.325  -54.015  -24.246 0.8000000119
9428  22.059  -53.417  -24.652 0.8000000119
14719  13.883  -46.758  -15.430 0.5000000000
13963  13.598  -47.340  -16.772 0.5000000000
13974  15.240  -47.673  -16.954 0.5000000000
102203  15.090  -48.212  -24.844 0.5000000000
12502  15.801  -48.996  -26.630 0.6000000238
13267  15.589  -48.419  -26.214 0.6000000238
13240  15.465  -48.624  -23.999 0.6000000238
14017  16.391  -47.499  -20.700 0.6000000238
12490  15.827  -49.888  -26.578 0.6999999881
12491  15.471  -49.301  -25.761 0.6999999881
12515  16.437  -49.974  -27.293 0.6999999881
110410  15.689  -50.092  -25.675 0.6999999881
9472  19.804  -53.770  -28.388 0.6999999881
10212  19.303  -52.856  -28.529 0.6999999881
10213  18.622  -52.126  -28.601 0.8000000119
10911  23.508  -51.295  -21.586 0.5000000000
9459  20.635  -53.793  -27.342 0.8000000119
10185  21.427  -52.855  -25.953 0.8000000119
9458  21.210  -53.693  -26.335 0.8000000119
15518  14.053  -46.028  -15.126 0.5000000000
14729  13.533  -46.819  -16.447 0.6000000238
15531  13.346  -46.157  -17.058 0.5000000000
14741  13.013  -46.793  -17.331 0.6000000238
13975  14.177  -47.677  -17.192 0.6000000238
13987  15.141  -47.546  -18.403 0.6000000238
14003  14.306  -47.257  -19.072 0.6000000238
118051  15.355  -47.357  -19.110 0.5000000000
107449  15.345  -47.820  -25.718 0.5000000000
14050  15.120  -47.748  -24.020 0.5000000000
14081  16.909  -47.368  -27.083 0.6000000238
105926  15.209  -47.289  -23.347 0.6000000238
13223  15.639  -48.122  -23.002 0.6999999881
110722  15.978  -47.344  -19.502 0.6000000238
13276  17.274  -48.088  -27.344 0.6000000238
12501  16.581  -49.084  -27.288 0.6999999881
12474  15.666  -49.814  -24.937 0.6999999881
12475  15.351  -49.040  -24.833 0.6999999881
12447  16.219  -49.059  -23.217 0.8000000119
13214  16.252  -47.868  -21.758 0.6999999881
12500  17.873  -48.828  -27.699 0.6999999881
12514  17.189  -49.706  -27.726 0.6999999881
12499  18.839  -49.400  -27.485 0.6999999881
11759  17.562  -50.327  -28.074 0.8000000119
10982  19.038  -51.095  -28.147 0.8000000119
110175  17.979  -50.834  -28.385 0.8000000119
10936  23.246  -51.702  -22.801 0.5000000000
104892  22.528  -51.003  -23.802 0.6000000238
113664  20.554  -52.339  -27.090 0.8000000119
10199  19.805  -52.022  -27.829 0.8000000119
106389  22.677  -52.160  -23.776 0.6000000238
10937  22.877  -51.492  -23.412 0.6999999881
10980  21.106  -52.180  -26.393 0.8000000119
10167  22.309  -52.571  -24.347 0.6999999881
105884  21.610  -52.084  -25.579 0.6999999881
10168  21.846  -52.737  -25.145 0.8000000119
112060  14.191  -45.295  -14.836 0.4000000060
15526  14.391  -45.484  -15.606 0.5000000000
14742  12.347  -45.991  -17.913 0.4000000060
13989  13.279  -47.259  -18.597 0.5000000000
14769  13.973  -46.707  -19.985 0.5000000000
14071  16.667  -46.714  -26.659 0.5000000000
14818  15.164  -46.838  -23.912 0.6000000238
14037  15.438  -47.182  -22.519 0.6000000238
14018  15.575  -47.018  -20.468 0.6000000238
14069  18.397  -47.185  -26.692 0.6000000238
13266  18.976  -48.040  -26.569 0.6000000238
11748  19.353  -50.254  -27.401 0.8000000119
11718  22.018  -50.775  -24.362 0.6999999881
10951  21.759  -51.437  -25.014 0.6999999881
10981  20.453  -51.585  -26.891 0.8000000119
11746  20.534  -50.909  -26.488 0.8000000119
10950  22.340  -51.631  -24.241 0.6999999881
16337  14.812  -44.751  -15.268 0.4000000060
17204  14.545  -43.647  -14.566 0.4000000060
107169  13.063  -45.307  -17.478 0.5000000000
16349  13.994  -45.492  -16.561 0.4000000060
17982  13.428  -42.990  -14.433 0.5000000000
105584  13.369  -46.913  -19.393 0.5000000000
14792  14.807  -45.939  -21.655 0.5000000000
14768  14.648  -46.580  -20.497 0.5000000000
15562  14.380  -45.624  -21.188 0.5000000000
14027  15.604  -46.993  -21.514 0.6999999881
12489  19.500  -48.929  -26.463 0.6000000238
11747  20.125  -50.299  -26.603 0.8000000119
11706  21.997  -50.034  -24.075 0.6000000238
11719  21.597  -50.226  -24.663 0.6000000238
12471  21.386  -49.649  -24.505 0.6999999881
12488  20.276  -49.661  -25.911 0.6999999881
10963  21.150  -51.332  -25.924 0.6999999881
100739  11.745  -41.798  -14.703 0.3000000119
16357  14.068  -44.591  -17.107 0.4000000060
16336  15.471  -44.194  -15.677 0.3000000119
17215  15.293  -44.055  -14.953 0.4000000060
17981  14.581  -42.851  -14.555 0.4000000060
18760  14.020  -42.094  -14.597 0.4000000060
18761  12.792  -41.982  -14.668 0.5000000000
16359  12.275  -45.060  -18.179 0.4000000060
18771  12.331  -41.124  -14.997 0.3000000119
14757  12.088  -46.142  -18.779 0.4000000060
14805  15.107  -46.096  -22.492 0.5000000000
14771  12.398  -46.120  -19.470 0.4000000060
15589  15.167  -45.765  -23.321 0.6000000238
15546  12.110  -45.513  -19.343 0.4000000060
15577  15.050  -45.487  -22.571 0.4000000060
15554  13.580  -45.672  -20.665 0.5000000000
12498  19.649  -49.688  -26.782 0.6999999881
11734  20.783  -50.478  -25.873 0.6999999881
17983  12.107  -42.674  -14.441 0.4000000060
19611  12.980  -40.411  -15.110 0.3000000119
16358  12.785  -44.425  -18.044 0.3000000119
15545  12.850  -45.633  -20.041 0.4000000060
98834  14.715  -45.276  -21.752 0.4000000060
15563  14.148  -45.163  -20.974 0.4000000060
17214  16.007  -43.544  -15.363 0.3000000119
17203  15.430  -43.214  -14.799 0.3000000119
17980  15.171  -42.278  -14.707 0.4000000060
18769  14.608  -41.357  -14.756 0.3000000119
19610  14.076  -40.505  -14.904 0.3000000119
17232  15.288  -44.136  -16.475 0.3000000119
16368  12.175  -44.349  -18.720 0.3000000119
16378  13.297  -44.623  -20.292 0.3000000119
101272  12.033  -44.690  -19.207 0.3000000119
16383  14.531  -44.603  -21.405 0.3000000119
105828  15.738  -41.544  -14.901 0.3000000119
18768  16.223  -42.562  -15.186 0.3000000119
111058  15.190  -40.657  -14.933 0.3000000119
17252  12.438  -43.598  -18.986 0.3000000119
17260  12.636  -43.613  -19.333 0.3000000119
17276  14.085  -44.017  -20.713 0.3000000119
19612  11.986  -40.318  -15.331 0.3000000119
17213  16.577  -43.063  -15.890 0.3000000119
17987  16.942  -42.170  -15.814 0.3000000119
18033  12.763  -43.053  -19.165 0.3000000119
3995  25.747  -63.359  -17.935 0.6000000238
4416  25.540  -62.550  -18.548 0.6999999881
4417  25.239  -62.492  -19.508 0.6999999881
4859  24.815  -61.716  -20.593 0.6999999881
14782  14.082  -46.085  -20.800 0.4000000060
14791  15.164  -46.391  -22.171 0.6000000238
20468  13.630  -39.732  -15.130 0.3000000119
1876  28.772  -69.566  -25.354 0.6999999881
2564  26.430  -66.852  -22.896 0.6999999881
2255  31.471  -68.733  -26.823 0.8000000119
114112  30.342  -69.840  -31.522 0.6000000238
2281  31.245  -68.836  -31.611 0.6999999881
2957  30.712  -66.151  -29.954 0.8000000119
108879  31.404  -67.984  -31.691 0.6999999881
2622  32.043  -67.356  -31.596 0.8000000119
110678  20.976  -58.736  -18.876 0.6999999881
4848  24.335  -61.002  -20.238 0.6000000238
118179  21.265  -58.848  -21.848 0.6000000238
3263  28.310  -65.371  -19.368 0.8000000119
4002  29.503  -63.725  -18.091 0.5000000000
10197  20.935  -52.954  -26.802 0.8000000119
1509  32.829  -70.714  -22.983 0.4000000060
1499  33.517  -70.444  -22.469 0.4000000060
1218  33.680  -71.577  -24.648 0.3000000119
1214  32.352  -71.219  -23.320 0.4000000060
1208  32.293  -71.192  -22.658 0.4000000060
1207  32.844  -70.904  -22.430 0.4000000060
1871  35.640  -69.388  -26.279 0.4000000060
100502  35.732  -69.522  -25.527 0.5000000000
1864  35.490  -69.471  -24.422 0.5000000000
1872  35.237  -70.162  -25.930 0.3000000119
1865  35.232  -70.266  -25.157 0.4000000060
118353  34.182  -70.064  -23.620 0.4000000060
1523  34.834  -70.848  -25.601 0.3000000119
1516  34.080  -70.748  -24.233 0.3000000119
1213  33.134  -70.940  -23.732 0.3000000119
1221  33.857  -71.891  -25.527 0.3000000119
1883  35.019  -69.849  -26.513 0.4000000060
2253  35.996  -68.660  -26.647 0.4000000060
2247  36.199  -68.813  -25.938 0.5000000000
1882  35.501  -69.098  -26.887 0.3000000119
1532  34.691  -70.689  -26.235 0.3000000119
1228  33.417  -71.563  -27.070 0.4000000060
1533  34.040  -71.163  -26.612 0.3000000119
1234  32.599  -71.460  -28.625 0.4000000060
1229  32.812  -71.917  -27.571 0.4000000060
1011  32.273  -72.380  -28.167 0.4000000060
2261  35.877  -68.277  -27.237 0.4000000060
2262  35.180  -68.729  -27.509 0.4000000060
2268  35.577  -68.080  -27.934 0.4000000060
2613  35.905  -67.477  -28.351 0.5000000000
1890  34.728  -69.520  -27.170 0.4000000060
2269  34.732  -68.441  -28.335 0.4000000060
1233  33.137  -71.282  -27.780 0.4000000060
109081  33.178  -70.560  -28.368 0.5000000000
1898  33.519  -69.590  -28.590 0.4000000060
1246  31.001  -71.311  -31.381 0.6000000238
116086  31.581  -72.222  -29.982 0.4000000060
2952  36.200  -66.832  -28.852 0.6000000238
2955  35.702  -66.507  -29.862 0.6000000238
2614  35.151  -67.820  -28.793 0.6000000238
2618  34.558  -67.449  -29.759 0.6000000238
2275  34.245  -68.116  -29.265 0.6000000238
2619  33.713  -67.737  -30.259 0.6999999881
1899  32.852  -69.966  -29.366 0.5000000000
1906  33.172  -69.190  -29.560 0.6000000238
113268  33.036  -67.299  -31.072 0.6999999881
3324  35.109  -65.449  -30.879 0.6999999881
3325  34.189  -65.498  -31.029 0.6999999881
3320  35.858  -65.828  -30.453 0.6000000238
2959  35.073  -66.120  -30.708 0.6999999881
3326  32.491  -65.488  -31.104 0.6999999881
3322  31.803  -65.196  -30.458 0.6999999881
114265  31.008  -65.656  -29.499 0.6999999881
2621  33.838  -66.903  -30.828 0.6999999881
4089  35.116  -64.184  -30.751 0.5000000000
3693  34.119  -64.244  -30.590 0.6000000238
117889  33.244  -65.234  -31.135 0.6999999881
3321  32.706  -64.879  -30.746 0.6000000238
3695  32.135  -64.556  -29.724 0.6999999881
3689  32.841  -64.003  -29.382 0.6999999881
2961  33.418  -65.932  -31.141 0.6999999881
3696  31.305  -65.150  -29.556 0.6999999881
3317  31.064  -65.356  -28.778 0.6000000238
3694  33.145  -64.337  -30.305 0.6000000238
4085  33.730  -63.824  -29.633 0.6000000238
3690  32.201  -64.011  -28.605 0.6000000238
4080  33.217  -63.441  -28.458 0.6000000238
2945  31.789  -66.070  -25.753 0.5000000000
2588  26.030  -67.216  -23.718 0.6000000238
2228  26.745  -67.482  -24.114 0.6000000238
3691  31.456  -64.701  -28.673 0.6000000238
3314  31.139  -65.085  -27.648 0.6000000238
108788  31.235  -65.460  -26.376 0.5000000000
2550  24.848  -66.841  -22.200 0.6000000238
2549  25.876  -66.565  -22.047 0.6000000238
2565  25.516  -66.866  -22.949 0.6000000238
101760  31.310  -64.569  -26.697 0.5000000000
109231  31.114  -65.802  -27.199 0.5000000000
115870  24.800  -66.512  -19.874 0.6000000238
2900  25.290  -66.422  -20.397 0.6000000238
2541  25.064  -66.633  -21.276 0.6000000238
2899  26.331  -66.090  -20.752 0.6000000238
2913  25.827  -66.351  -21.119 0.6000000238
2922  32.370  -66.500  -22.349 0.6000000238
3687  31.655  -64.272  -27.665 0.6000000238
2887  25.147  -66.137  -19.453 0.6000000238
3252  25.235  -65.425  -18.682 0.6000000238
102765  25.882  -66.069  -20.120 0.6000000238
3265  26.791  -65.451  -19.229 0.6000000238
3266  25.987  -65.684  -19.344 0.6000000238
3251  26.224  -65.226  -18.613 0.5000000000
3264  27.512  -65.398  -19.231 0.5000000000
2535  23.443  -66.579  -19.205 0.6999999881
2875  23.845  -65.987  -18.789 0.6000000238
2874  24.540  -65.888  -18.882 0.6000000238
109669  25.719  -64.841  -18.183 0.6000000238
110813  22.737  -64.341  -22.326 0.6000000238
3253  24.307  -65.353  -18.625 0.6000000238
108003  24.945  -64.761  -18.414 0.5000000000
3617  24.152  -64.767  -18.759 0.6000000238
4010  24.299  -63.565  -20.206 0.6000000238
3637  23.647  -64.077  -20.713 0.6000000238
4033  23.051  -63.615  -22.388 0.6000000238
3618  23.308  -65.091  -19.050 0.6000000238
3615  25.510  -64.148  -18.104 0.6000000238
3626  24.429  -63.979  -19.302 0.6000000238
3616  24.935  -64.057  -18.770 0.5000000000
4018  24.145  -63.140  -21.306 0.5000000000
4032  23.587  -63.081  -21.995 0.5000000000
4003  25.319  -63.292  -18.750 0.6000000238
4017  24.640  -62.855  -20.663 0.6000000238
4433  23.865  -62.488  -21.629 0.6000000238
4434  22.415  -62.093  -21.297 0.6999999881
4435  21.369  -62.148  -20.913 0.6999999881
4863  20.457  -61.709  -19.734 0.6999999881
4432  24.571  -62.352  -21.114 0.6000000238
4862  21.648  -61.509  -20.206 0.6999999881
108981  19.990  -60.944  -19.181 0.6000000238
4849  23.297  -60.899  -20.140 0.6000000238
3309  32.081  -65.496  -24.807 0.5000000000
2939  33.100  -66.731  -24.955 0.5000000000
3679  32.222  -64.974  -24.353 0.5000000000
104371  33.002  -65.629  -24.341 0.5000000000
3301  33.319  -65.883  -23.728 0.6000000238
4062  30.204  -63.718  -24.240 0.6000000238
3671  32.465  -64.243  -23.726 0.6000000238
3678  33.078  -65.016  -23.682 0.6000000238
2921  33.134  -65.927  -22.918 0.6000000238
2908  32.682  -65.626  -22.119 0.6000000238
4057  31.494  -63.478  -23.597 0.5000000000
3657  32.901  -64.146  -22.589 0.6000000238
3284  32.018  -65.255  -21.370 0.6000000238
4443  32.308  -62.656  -22.147 0.6000000238
4031  32.179  -63.375  -21.240 0.5000000000
3647  32.140  -64.318  -21.223 0.6000000238
4444  31.998  -62.516  -21.517 0.5000000000
3635  31.342  -64.838  -20.711 0.6000000238
4009  29.915  -63.978  -18.856 0.5000000000
4008  30.504  -63.344  -19.373 0.5000000000
3261  29.990  -64.944  -19.749 0.6000000238
3636  30.718  -64.498  -20.107 0.6000000238
1546  32.613  -70.701  -29.316 0.6000000238
2276  33.474  -68.449  -29.869 0.6999999881
2932  33.253  -66.679  -24.303 0.5000000000
4004  24.867  -63.172  -19.674 0.6000000238
4861  22.849  -61.490  -20.710 0.6999999881
2558  32.896  -66.767  -23.374 0.6000000238
3274  30.460  -65.249  -20.396 0.6000000238
3623  30.268  -64.230  -19.488 0.6000000238
1219  32.794  -71.685  -24.183 0.3000000119
1217  34.378  -71.327  -25.154 0.3000000119
1507  34.743  -70.135  -24.300 0.4000000060
1224  33.609  -71.888  -26.308 0.3000000119
1539  34.354  -70.363  -26.874 0.4000000060
1540  33.682  -70.866  -27.368 0.4000000060
2609  36.090  -67.725  -27.706 0.4000000060
1897  34.334  -69.176  -27.985 0.3000000119
2617  35.456  -67.182  -29.282 0.6000000238
1891  33.891  -69.973  -27.632 0.5000000000
2270  33.851  -68.788  -28.845 0.5000000000
2956  34.868  -66.776  -30.270 0.6000000238
3700  33.615  -64.774  -30.938 0.6999999881
4852  19.309  -61.487  -19.281 0.6000000238
4461  31.064  -62.582  -22.983 0.5000000000
3291  33.174  -65.102  -22.890 0.6000000238
3646  32.753  -64.702  -21.969 0.6000000238
4044  32.138  -62.858  -22.730 0.5000000000
4030  32.623  -63.788  -21.842 0.6000000238
104217  31.674  -62.124  -22.210 0.5000000000
105467  31.491  -63.844  -20.532 0.5000000000
4016  30.808  -63.801  -19.923 0.5000000000
731  32.583  -73.013  -11.754 0.4000000060
925  32.237  -72.051  -11.548 0.4000000060
931  32.204  -72.450  -12.460 0.5000000000
558  32.671  -74.916  -10.911 0.5000000000
103979  32.160  -75.320  -11.009 0.5000000000
305  31.178  -76.055  -10.878 0.5000000000
560  32.979  -74.722  -11.847 0.5000000000
110034  32.903  -74.366  -11.252 0.5000000000
115861  31.947  -71.557  -12.051 0.4000000060
1137  31.493  -70.703  -12.059 0.4000000060
1138  31.499  -71.612  -12.748 0.5000000000
786  35.111  -73.233  -20.808 0.3000000119
110876  34.611  -73.869  -20.663 0.3000000119
790  34.238  -73.385  -21.242 0.3000000119
983  33.678  -72.577  -21.516 0.3000000119
555  32.436  -74.875  -9.900 0.4000000060
424  32.137  -75.261  -10.065 0.5000000000
296  31.625  -75.644  -9.153 0.5000000000
724  32.623  -74.301  -10.485 0.4000000060
102913  32.676  -73.578  -11.049 0.4000000060
919  32.115  -71.836  -10.732 0.3000000119
107409  30.174  -69.915  -13.096 0.4000000060
1412  31.800  -70.389  -11.372 0.3000000119
101298  31.489  -69.910  -11.735 0.4000000060
1421  30.804  -70.687  -12.835 0.5000000000
785  35.622  -73.303  -20.058 0.3000000119
111229  34.334  -74.506  -19.155 0.3000000119
982  34.549  -72.733  -21.323 0.3000000119
1200  34.114  -71.778  -21.500 0.3000000119
100556  33.187  -71.731  -21.662 0.3000000119
716  32.318  -74.226  -9.686 0.3000000119
420  32.186  -75.167  -9.123 0.4000000060
717  32.193  -73.332  -10.046 0.3000000119
1762  32.058  -69.671  -11.209 0.3000000119
1777  30.336  -69.099  -12.827 0.4000000060
1776  31.406  -69.162  -11.844 0.4000000060
972  36.810  -72.350  -19.107 0.4000000060
973  36.172  -72.929  -19.591 0.4000000060
115697  35.549  -73.212  -18.280 0.4000000060
759  35.244  -73.128  -17.790 0.4000000060
955  34.814  -72.960  -17.516 0.4000000060
956  34.112  -72.564  -17.455 0.5000000000
1192  36.270  -72.031  -20.721 0.3000000119
981  35.268  -72.264  -21.158 0.3000000119
1492  34.041  -70.695  -21.715 0.3000000119
1857  34.074  -69.801  -22.887 0.3000000119
708  31.914  -73.698  -8.941 0.3000000119
2471  31.763  -67.477  -12.541 0.3000000119
2130  30.653  -68.328  -12.755 0.3000000119
118493  29.897  -68.906  -14.035 0.4000000060
1795  29.774  -69.590  -14.959 0.4000000060
1761  32.730  -69.208  -10.890 0.3000000119
2128  32.298  -67.992  -11.907 0.3000000119
2116  32.066  -68.781  -11.531 0.3000000119
1449  32.413  -70.418  -17.280 0.5000000000
1450  31.430  -70.476  -17.030 0.5000000000
1460  38.802  -69.964  -18.778 0.3000000119
1473  38.276  -70.745  -18.999 0.3000000119
1472  38.806  -69.861  -19.264 0.3000000119
1174  37.642  -71.319  -18.396 0.3000000119
963  36.497  -72.497  -18.311 0.4000000060
110209  34.671  -70.969  -17.629 0.5000000000
99574  33.283  -71.870  -17.519 0.5000000000
962  37.548  -71.625  -19.042 0.3000000119
953  36.428  -72.262  -17.792 0.4000000060
954  35.567  -72.525  -17.509 0.4000000060
118554  34.867  -72.430  -17.387 0.5000000000
103508  34.185  -71.719  -17.440 0.5000000000
1199  35.614  -71.300  -21.143 0.3000000119
117045  34.782  -71.311  -21.395 0.3000000119
1491  34.887  -70.436  -21.522 0.3000000119
1498  34.321  -69.939  -22.130 0.3000000119
1856  34.802  -69.417  -22.632 0.4000000060
2472  31.056  -67.706  -12.763 0.3000000119
115184  30.487  -67.650  -14.444 0.4000000060
1760  33.844  -68.948  -10.874 0.3000000119
2470  32.756  -67.362  -12.442 0.3000000119
1791  29.992  -68.958  -14.717 0.4000000060
2115  32.972  -68.485  -11.375 0.3000000119
106421  30.398  -69.704  -15.886 0.4000000060
1439  31.124  -69.795  -16.334 0.5000000000
2154  32.170  -68.954  -17.059 0.4000000060
1797  31.532  -69.114  -16.462 0.5000000000
2532  39.109  -67.785  -19.464 0.3000000119
1808  31.900  -69.785  -16.859 0.5000000000
99655  38.427  -69.593  -18.475 0.3000000119
1447  34.024  -70.193  -17.823 0.4000000060
1806  33.401  -69.502  -17.857 0.5000000000
1830  39.087  -69.050  -19.523 0.3000000119
1161  37.398  -71.046  -17.943 0.4000000060
1462  37.289  -70.452  -17.950 0.4000000060
1464  35.023  -70.085  -18.146 0.5000000000
1448  33.218  -70.289  -17.514 0.5000000000
1190  37.604  -71.064  -19.679 0.3000000119
1162  36.998  -71.635  -17.809 0.4000000060
1163  36.162  -71.774  -17.523 0.5000000000
1446  35.725  -71.041  -17.619 0.5000000000
1489  36.739  -70.198  -21.039 0.3000000119
1850  36.187  -69.593  -21.693 0.4000000060
1854  36.740  -69.184  -22.355 0.3000000119
1851  35.179  -69.689  -21.876 0.4000000060
1855  35.701  -69.201  -22.449 0.4000000060
1242  28.101  -70.647  -30.771 0.5000000000
1861  34.711  -69.566  -23.506 0.3000000119
1775  35.091  -68.764  -12.024 0.3000000119
2127  33.392  -67.872  -11.964 0.3000000119
2494  30.787  -67.262  -15.062 0.3000000119
2114  34.167  -68.448  -11.611 0.3000000119
2150  31.053  -67.664  -15.683 0.3000000119
115181  31.758  -68.407  -16.663 0.5000000000
2166  32.257  -67.927  -17.278 0.4000000060
2883  39.052  -67.044  -19.729 0.3000000119
102824  32.846  -68.761  -17.709 0.5000000000
2174  38.540  -68.684  -18.658 0.3000000119
118147  34.150  -69.496  -18.176 0.4000000060
115132  33.751  -68.678  -18.272 0.4000000060
1820  37.768  -69.888  -18.158 0.4000000060
1821  36.996  -69.626  -18.106 0.4000000060
1822  35.825  -69.365  -18.390 0.4000000060
1823  34.721  -69.052  -18.416 0.4000000060
1479  38.239  -70.221  -19.729 0.3000000119
1841  38.047  -69.678  -20.484 0.3000000119
1463  36.280  -70.319  -18.022 0.4000000060
1849  37.148  -69.519  -21.551 0.3000000119
1853  37.704  -69.071  -22.203 0.4000000060
2215  36.356  -68.916  -23.143 0.4000000060
1236  28.232  -70.817  -29.449 0.5000000000
1860  35.458  -69.131  -23.352 0.4000000060
113035  36.866  -68.622  -23.703 0.5000000000
2126  34.603  -68.056  -12.370 0.3000000119
2551  24.170  -67.119  -21.373 0.5000000000
2165  33.097  -67.866  -18.025 0.3000000119
2517  32.628  -67.028  -17.744 0.3000000119
2542  23.454  -67.365  -20.506 0.6000000238
3632  39.043  -64.804  -20.639 0.3000000119
2884  38.113  -66.714  -19.502 0.3000000119
2895  39.550  -66.534  -20.303 0.3000000119
2520  37.991  -67.906  -18.870 0.3000000119
2175  37.594  -68.369  -18.564 0.3000000119
2177  33.931  -67.759  -18.454 0.4000000060
104158  27.068  -67.986  -24.720 0.5000000000
107235  20.859  -66.924  -18.701 0.5000000000
115018  36.636  -68.571  -18.451 0.3000000119
2176  35.380  -68.429  -18.564 0.3000000119
103839  34.838  -67.658  -18.586 0.3000000119
1870  27.689  -68.691  -25.108 0.5000000000
2202  38.972  -68.331  -21.262 0.3000000119
1848  37.864  -69.281  -21.294 0.3000000119
1527  28.177  -69.770  -26.094 0.5000000000
2203  38.427  -68.739  -21.839 0.3000000119
1543  28.486  -70.780  -27.721 0.5000000000
2213  38.157  -68.421  -22.818 0.4000000060
1230  28.679  -70.992  -28.751 0.6000000238
2220  38.069  -67.922  -23.598 0.4000000060
104427  37.511  -68.319  -23.704 0.5000000000
1548  29.210  -70.650  -29.069 0.5000000000
2233  37.395  -67.905  -24.452 0.4000000060
2221  36.845  -68.391  -24.413 0.3000000119
2222  36.188  -68.837  -24.017 0.4000000060
1556  28.775  -70.770  -31.431 0.6000000238
106893  37.463  -66.276  -26.494 0.3000000119
2600  37.151  -67.203  -26.402 0.4000000060
2234  36.768  -68.127  -25.368 0.4000000060
2235  36.236  -68.840  -24.997 0.3000000119
1564  29.653  -70.821  -31.647 0.6000000238
3312  37.469  -65.596  -26.992 0.3000000119
2946  37.324  -66.809  -26.760 0.5000000000
2601  36.709  -67.605  -26.749 0.4000000060
2252  36.244  -68.037  -26.876 0.4000000060
1248  29.238  -71.550  -31.944 0.6000000238
3686  37.572  -65.028  -27.695 0.3000000119
101442  37.378  -66.310  -27.482 0.5000000000
2947  36.999  -67.104  -27.272 0.4000000060
2608  36.413  -67.650  -27.307 0.4000000060
3313  37.514  -65.660  -28.124 0.4000000060
2950  37.052  -66.669  -27.943 0.5000000000
2612  36.552  -67.158  -27.978 0.5000000000
3645  38.588  -64.161  -20.789 0.3000000119
3273  38.337  -65.434  -20.241 0.3000000119
3259  37.720  -65.937  -19.681 0.3000000119
2869  37.548  -67.083  -18.967 0.3000000119
106560  23.052  -67.175  -19.598 0.6000000238
2536  22.239  -67.374  -19.236 0.6000000238
3272  39.427  -65.681  -20.514 0.3000000119
2870  36.665  -66.403  -18.638 0.3000000119
101211  36.161  -66.857  -18.471 0.3000000119
2878  21.599  -66.297  -18.794 0.6000000238
114456  40.369  -64.915  -21.605 0.3000000119
2521  36.946  -67.507  -18.573 0.3000000119
2522  35.880  -67.623  -18.554 0.3000000119
3268  21.060  -65.798  -19.599 0.6000000238
3285  21.789  -65.266  -21.687 0.6000000238
3279  20.983  -65.665  -20.644 0.6000000238
3286  21.009  -65.538  -22.023 0.6000000238
3293  20.946  -65.190  -23.282 0.5000000000
2584  37.732  -67.466  -24.322 0.4000000060
2594  36.948  -67.615  -25.970 0.4000000060
3688  37.746  -65.020  -28.526 0.4000000060
2949  37.284  -66.098  -28.387 0.5000000000
4028  38.741  -63.529  -21.078 0.3000000119
4029  37.756  -63.068  -21.168 0.3000000119
3633  37.900  -64.632  -20.470 0.3000000119
3620  37.344  -65.114  -19.864 0.3000000119
3260  36.840  -65.563  -19.023 0.3000000119
3246  36.154  -65.484  -18.494 0.3000000119
2901  24.420  -66.815  -20.360 0.5000000000
3644  39.509  -64.123  -21.023 0.3000000119
3631  40.073  -64.979  -20.956 0.3000000119
2876  23.055  -66.099  -18.883 0.5000000000
2525  22.655  -66.747  -18.939 0.6000000238
4027  39.495  -63.528  -21.510 0.3000000119
2871  35.777  -66.143  -18.409 0.3000000119
2888  21.641  -65.769  -19.155 0.6000000238
4041  39.761  -63.658  -21.910 0.3000000119
2931  38.307  -67.133  -23.793 0.3000000119
2572  38.517  -67.494  -23.339 0.3000000119
3292  21.669  -65.150  -22.677 0.6000000238
4047  20.212  -63.903  -23.490 0.6000000238
3256  22.108  -65.843  -18.885 0.6000000238
3267  22.523  -65.334  -19.391 0.5000000000
3277  22.841  -64.760  -20.528 0.6000000238
3659  21.710  -64.542  -23.169 0.6000000238
3660  20.842  -64.540  -23.779 0.6000000238
4046  21.194  -63.802  -23.326 0.6000000238
4036  19.770  -63.360  -22.103 0.5000000000
3255  22.762  -65.699  -18.959 0.5000000000
3628  23.209  -64.726  -19.707 0.5000000000
3638  22.527  -64.871  -21.599 0.5000000000
4425  17.932  -62.457  -19.337 0.5000000000
5336  18.708  -60.920  -19.403 0.6000000238
4853  18.368  -61.707  -19.367 0.6000000238
4854  17.581  -61.880  -19.481 0.5000000000
4864  17.995  -61.242  -19.636 0.6000000238
4875  17.011  -61.506  -20.681 0.6000000238
108228  23.122  -64.268  -21.643 0.5000000000
4035  21.405  -63.113  -22.572 0.5000000000
4447  20.489  -62.922  -21.707 0.5000000000
98838  20.647  -63.365  -22.743 0.6000000238
4436  20.437  -62.426  -20.619 0.6000000238
115343  19.475  -62.945  -20.433 0.5000000000
4020  18.374  -63.150  -19.732 0.5000000000
4423  19.706  -62.254  -19.729 0.6000000238
4851  20.869  -60.867  -19.303 0.6000000238
5342  17.699  -60.970  -20.342 0.5000000000
7485  17.391  -56.215  -27.327 0.5000000000
3627  23.829  -64.355  -19.496 0.5000000000
4034  22.343  -63.257  -22.693 0.5000000000
114599  21.154  -62.615  -21.610 0.6000000238
8088  17.626  -55.501  -26.172 0.5000000000
8077  18.437  -55.410  -24.473 0.6000000238
8111  17.170  -55.902  -28.560 0.6000000238
7474  17.643  -56.339  -25.982 0.5000000000
7505  17.726  -56.378  -29.016 0.5000000000
6933  17.968  -57.422  -28.529 0.5000000000
4897  18.401  -61.511  -23.566 0.5000000000
5359  18.434  -60.789  -22.325 0.5000000000
10996  17.771  -51.600  -28.564 0.6000000238
10215  16.818  -52.107  -28.226 0.6999999881
9475  16.736  -53.248  -28.551 0.6000000238
10200  16.469  -52.689  -27.708 0.6999999881
9430  18.293  -53.540  -25.005 0.6000000238
9429  19.043  -54.020  -24.440 0.6000000238
9460  16.553  -53.482  -27.491 0.6000000238
9443  17.256  -53.778  -26.106 0.6000000238
10214  17.467  -52.547  -28.856 0.6000000238
9474  17.536  -53.485  -29.291 0.6000000238
8780  16.831  -54.322  -27.102 0.6000000238
8764  18.316  -54.301  -25.162 0.5000000000
8754  19.289  -54.429  -23.880 0.6000000238
9473  18.674  -53.643  -29.213 0.6000000238
102877  16.594  -54.263  -28.251 0.6000000238
8765  17.581  -54.742  -26.133 0.5000000000
104675  18.278  -54.992  -25.267 0.6000000238
8806  17.843  -54.549  -29.737 0.6000000238
100594  16.987  -55.216  -27.520 0.6000000238
8124  18.342  -55.420  -29.577 0.6000000238
8807  17.158  -55.014  -29.681 0.6000000238
7521  17.933  -55.937  -29.406 0.6000000238
7504  18.406  -56.975  -29.002 0.5000000000
99508  18.661  -58.158  -28.431 0.5000000000
6383  19.489  -58.830  -28.008 0.5000000000
5879  20.193  -60.786  -27.194 0.5000000000
10186  17.463  -53.046  -25.543 0.6000000238
10170  18.134  -52.751  -24.742 0.6999999881
7520  18.570  -56.172  -29.274 0.6000000238
7503  19.134  -56.805  -29.043 0.6000000238
6932  19.088  -57.922  -28.717 0.5000000000
104405  19.723  -57.255  -28.463 0.6000000238
6931  19.898  -58.115  -28.129 0.5000000000
6917  20.788  -58.215  -27.031 0.6000000238
6372  20.874  -59.354  -27.022 0.6000000238
13254  20.296  -48.615  -24.839 0.4000000060
10954  16.444  -51.011  -25.205 0.6999999881
99224  17.554  -50.215  -22.867 0.5000000000
11693  18.360  -50.607  -22.421 0.5000000000
12472  20.692  -49.308  -25.033 0.6000000238
12473  20.095  -48.958  -25.564 0.5000000000
11707  17.976  -50.909  -23.171 0.6000000238
10928  18.712  -51.332  -22.710 0.5000000000
13253  21.069  -48.956  -24.266 0.5000000000
11735  15.972  -50.772  -25.988 0.6000000238
10953  16.987  -51.481  -24.802 0.8000000119
10998  16.418  -51.225  -27.494 0.6999999881
10171  17.040  -52.263  -25.404 0.8000000119
10155  18.684  -52.466  -23.827 0.6999999881
117178  20.223  -56.816  -27.936 0.6000000238
7484  20.407  -57.335  -27.602 0.6000000238
11678  18.725  -50.360  -21.651 0.5000000000
13265  19.641  -48.334  -25.628 0.5000000000
11709  16.359  -50.172  -24.247 0.6999999881
12437  19.065  -50.243  -20.844 0.5000000000
100357  22.099  -48.390  -22.788 0.4000000060
13238  20.593  -48.191  -23.919 0.4000000060
13236  22.379  -49.088  -23.108 0.4000000060
12445  23.059  -49.506  -22.802 0.5000000000
11691  23.020  -50.200  -23.121 0.4000000060
11694  17.946  -49.894  -22.081 0.5000000000
12424  18.858  -49.663  -20.428 0.5000000000
13239  19.728  -47.915  -24.731 0.3000000119
14068  19.155  -47.550  -25.716 0.3000000119
12458  16.725  -49.826  -23.422 0.6000000238
13219  23.036  -48.705  -22.438 0.4000000060
12444  23.577  -49.312  -22.139 0.4000000060
11690  23.263  -50.882  -22.800 0.4000000060
12446  17.115  -49.481  -22.600 0.6000000238
12459  15.900  -49.444  -24.097 0.6000000238
11676  23.710  -49.946  -21.732 0.4000000060
12439  17.466  -49.185  -21.757 0.5000000000
12438  18.345  -49.569  -21.180 0.5000000000
14036  20.048  -47.094  -23.009 0.3000000119
14049  19.067  -47.107  -24.711 0.3000000119
101589  18.723  -46.861  -25.849 0.3000000119
14070  17.560  -46.731  -26.971 0.4000000060
99958  23.830  -49.826  -20.838 0.3000000119
107448  23.536  -50.691  -22.040 0.4000000060
99741  23.554  -50.769  -20.355 0.4000000060
14839  18.114  -46.411  -26.377 0.4000000060
13222  16.624  -48.727  -22.296 0.6000000238
13200  17.923  -48.318  -20.080 0.4000000060
14840  17.321  -46.128  -26.490 0.4000000060
14789  20.347  -46.224  -21.501 0.3000000119
14802  19.445  -46.524  -22.666 0.3000000119
14016  17.093  -48.140  -20.786 0.5000000000
14072  15.771  -46.908  -26.008 0.4000000060
14060  15.178  -47.209  -24.979 0.4000000060
14804  15.139  -46.635  -23.023 0.5000000000
14842  15.665  -46.335  -25.443 0.4000000060
14830  15.325  -46.474  -24.676 0.4000000060
17322  16.167  -43.435  -24.490 0.3000000119
16401  15.533  -44.015  -23.394 0.3000000119
16418  15.747  -44.344  -24.466 0.3000000119
16402  14.994  -44.843  -22.439 0.3000000119
17296  15.125  -44.024  -22.181 0.3000000119
16331  14.418  -44.503  -14.689 0.4000000060
17313  16.246  -42.794  -23.884 0.3000000119
102341  35.288  -66.868  -18.483 0.3000000119
15601  15.612  -45.707  -24.951 0.3000000119
7483  21.000  -57.173  -26.608 0.6000000238
17206  12.383  -43.602  -14.255 0.4000000060
12457  21.799  -49.388  -23.777 0.5000000000
15588  15.427  -45.371  -24.170 0.3000000119
2246  36.455  -68.114  -26.323 0.4000000060
3658  22.451  -64.067  -22.874 0.5000000000
725  32.308  -72.623  -10.856 0.4000000060
730  33.030  -73.971  -11.881 0.5000000000
102028  31.537  -75.799  -10.231 0.5000000000
1145  30.718  -71.440  -13.385 0.5000000000
779  35.507  -73.454  -19.142 0.4000000060
104013  30.869  -69.726  -12.327 0.4000000060
1789  29.692  -70.061  -13.840 0.4000000060
977  36.676  -72.363  -20.060 0.4000000060
769  34.943  -73.674  -18.338 0.4000000060
770  34.264  -74.024  -18.123 0.4000000060
550  32.113  -74.964  -8.343 0.3000000119
2129  31.386  -68.298  -12.179 0.3000000119
2142  30.175  -68.578  -13.429 0.4000000060
1788  29.922  -69.335  -13.553 0.4000000060
1191  37.011  -71.679  -20.237 0.3000000119
2489  30.577  -67.721  -13.499 0.4000000060
1794  30.195  -69.284  -15.351 0.4000000060
115419  33.826  -70.865  -17.561 0.5000000000
1231  28.004  -70.795  -28.710 0.5000000000
1490  35.811  -70.328  -21.263 0.4000000060
2151  30.512  -68.276  -15.224 0.4000000060
1798  30.839  -69.094  -15.865 0.4000000060
1807  32.646  -69.626  -17.363 0.5000000000
111129  37.720  -69.141  -18.333 0.3000000119
2192  38.984  -68.615  -20.371 0.3000000119
118320  37.729  -70.374  -20.192 0.3000000119
1488  37.450  -69.954  -20.802 0.3000000119
1241  28.651  -70.689  -29.953 0.6000000238
2507  31.580  -67.562  -16.376 0.3000000119
2155  31.204  -68.360  -16.060 0.4000000060
118484  34.474  -68.307  -18.520 0.3000000119
1536  28.710  -70.410  -26.698 0.5000000000
2214  37.315  -68.798  -23.022 0.4000000060
2523  34.301  -66.979  -18.458 0.3000000119
2943  37.466  -66.859  -25.838 0.4000000060
2585  37.219  -67.603  -25.143 0.4000000060
3684  37.013  -64.510  -26.594 0.3000000119
3278  21.901  -65.315  -20.298 0.6000000238
2593  37.336  -67.271  -25.447 0.3000000119
3621  36.640  -64.705  -19.366 0.3000000119
3608  36.324  -64.942  -18.693 0.3000000119
4052  39.312  -63.041  -22.323 0.3000000119
4424  18.851  -62.365  -19.454 0.6000000238
10187  16.417  -52.023  -26.337 0.6999999881
10952  17.816  -51.967  -24.343 0.6999999881
10964  16.443  -51.511  -25.724 0.6999999881
11708  17.167  -50.530  -23.655 0.6000000238
14048  19.826  -47.497  -23.837 0.3000000119
14817  19.249  -46.842  -23.568 0.3000000119
103825  29.901  -70.400  -27.367 0.5000000000
114017  35.738  -64.939  -30.791 0.6000000238
4445  22.981  -62.713  -22.112 0.5000000000
5341  18.343  -60.532  -19.952 0.5000000000
5334  20.150  -60.133  -18.972 0.5000000000
5335  19.416  -60.560  -19.256 0.5000000000
5340  18.977  -60.200  -19.562 0.5000000000
5350  18.204  -60.416  -20.980 0.5000000000
5349  18.812  -59.956  -20.420 0.5000000000
5825  19.532  -59.962  -19.274 0.5000000000
5831  19.379  -59.624  -19.860 0.5000000000
103244  18.944  -60.075  -21.562 0.5000000000
5367  19.247  -60.971  -23.364 0.5000000000
5824  19.965  -59.453  -19.313 0.6000000238
5837  19.488  -59.540  -20.991 0.5000000000
5358  19.247  -60.369  -22.529 0.5000000000
109048  20.874  -60.295  -26.963 0.5000000000
5830  20.017  -59.106  -20.327 0.6000000238
5379  20.745  -61.468  -25.427 0.5000000000
5393  20.792  -61.348  -26.137 0.5000000000
5843  19.751  -59.837  -22.169 0.6000000238
5357  19.947  -60.345  -23.206 0.6000000238
5366  20.191  -61.109  -24.300 0.5000000000
6310  20.585  -58.719  -19.558 0.6000000238
5836  20.452  -59.255  -21.703 0.6000000238
5842  20.642  -59.776  -22.943 0.6000000238
5378  21.346  -60.775  -25.465 0.6000000238
5835  21.392  -59.259  -22.742 0.6000000238
5877  21.491  -59.835  -26.214 0.5000000000
6371  21.484  -58.892  -26.157 0.5000000000
5851  21.563  -59.853  -23.852 0.6000000238
5365  21.177  -60.658  -24.655 0.6000000238
9421  19.419  -53.867  -23.606 0.5000000000
99608  19.359  -53.082  -23.297 0.5000000000
10169  18.933  -53.291  -24.183 0.5000000000
6900  21.468  -57.915  -25.961 0.6000000238
6339  22.210  -59.109  -23.458 0.6000000238
6358  21.895  -59.314  -25.337 0.6000000238
5858  21.792  -60.075  -24.802 0.6000000238
6345  22.075  -59.385  -24.712 0.6000000238
5850  22.126  -59.385  -24.271 0.6000000238
14841  16.517  -46.053  -26.056 0.3000000119
2951  36.846  -66.490  -28.618 0.4000000060
2954  36.484  -66.209  -29.532 0.5000000000
1247  30.119  -71.380  -31.838 0.5000000000
1563  30.345  -70.586  -31.663 0.5000000000
3319  36.629  -65.479  -30.210 0.4000000060
1909  29.785  -69.867  -31.207 0.4000000060
1542  29.292  -70.800  -28.037 0.4000000060
1547  29.462  -70.173  -29.293 0.4000000060
1541  29.748  -70.279  -28.307 0.4000000060
1555  29.176  -70.320  -30.522 0.4000000060
4505  35.857  -62.486  -29.804 0.4000000060
4506  35.218  -63.011  -29.251 0.4000000060
1526  29.129  -70.057  -25.948 0.4000000060
4083  35.694  -63.500  -30.369 0.4000000060
4084  34.791  -63.726  -29.883 0.4000000060
6331  22.080  -58.773  -22.467 0.5000000000
6322  21.743  -58.432  -21.438 0.5000000000
6330  22.879  -58.576  -23.079 0.5000000000
6321  22.823  -58.347  -22.097 0.5000000000
6338  22.709  -58.819  -23.979 0.5000000000
6870  24.013  -57.480  -22.365 0.5000000000
10138  19.485  -52.417  -21.993 0.4000000060
11692  19.050  -51.064  -22.009 0.4000000060
6871  23.560  -58.074  -22.667 0.5000000000
6889  22.358  -58.618  -24.585 0.5000000000
107952  34.616  -64.795  -31.018 0.5000000000
4079  34.343  -63.245  -28.851 0.4000000060
304  31.681  -75.702  -11.135 0.4000000060
110089  30.998  -76.242  -11.472 0.4000000060
112355  28.164  -78.315  -15.435 0.4000000060
312  32.180  -75.578  -11.912 0.4000000060
199  28.750  -77.725  -15.403 0.4000000060
321  31.605  -76.448  -12.934 0.4000000060
103492  28.956  -76.021  -15.370 0.4000000060
102113  29.338  -77.075  -15.282 0.4000000060
92  29.409  -77.943  -14.588 0.4000000060
563  33.054  -74.428  -12.645 0.5000000000
430  32.789  -75.172  -12.500 0.5000000000
566  32.906  -74.818  -13.148 0.4000000060
320  32.242  -75.837  -12.754 0.4000000060
197  30.039  -77.209  -14.927 0.4000000060
734  32.761  -73.521  -12.610 0.5000000000
936  32.198  -73.111  -13.218 0.5000000000
738  32.736  -74.134  -13.446 0.5000000000
435  32.218  -75.677  -13.826 0.4000000060
325  31.941  -76.223  -13.475 0.4000000060
743  32.125  -74.403  -14.181 0.4000000060
567  32.578  -74.929  -13.684 0.4000000060
748  29.546  -73.752  -15.352 0.4000000060
577  29.531  -74.585  -15.397 0.4000000060
441  30.335  -75.899  -15.199 0.4000000060
330  30.606  -76.588  -14.918 0.4000000060
190  31.388  -76.806  -13.980 0.4000000060
443  28.699  -75.044  -15.427 0.4000000060
331  29.893  -76.447  -15.266 0.4000000060
744  31.234  -73.854  -14.650 0.5000000000
572  31.372  -74.907  -14.740 0.4000000060
571  32.122  -75.156  -14.193 0.4000000060
118101  31.799  -76.275  -14.031 0.4000000060
745  30.228  -73.332  -14.822 0.5000000000
573  30.421  -74.216  -15.135 0.4000000060
576  30.375  -75.112  -15.205 0.4000000060
439  31.013  -75.840  -14.857 0.4000000060
946  28.981  -72.473  -15.736 0.3000000119
949  28.720  -72.483  -16.475 0.3000000119
1153  28.920  -71.942  -16.203 0.4000000060
945  29.509  -72.909  -15.163 0.3000000119
1152  29.065  -71.441  -15.675 0.4000000060
104235  29.334  -72.047  -15.007 0.4000000060
968  29.589  -72.543  -18.645 0.3000000119
958  29.390  -72.096  -18.035 0.4000000060
1158  29.016  -72.010  -16.778 0.4000000060
1157  29.186  -71.432  -16.543 0.4000000060
115211  29.682  -71.754  -17.900 0.4000000060
1169  29.406  -71.719  -17.362 0.4000000060
1156  29.677  -70.979  -16.998 0.4000000060
1436  29.726  -70.058  -15.573 0.3000000119
103390  29.283  -70.692  -15.377 0.3000000119
1149  29.253  -71.166  -14.734 0.4000000060
1177  30.028  -71.899  -18.292 0.4000000060
1441  29.377  -70.726  -16.149 0.3000000119
1451  30.451  -70.924  -17.321 0.4000000060
1440  30.227  -70.286  -16.478 0.4000000060
943  29.965  -72.401  -14.463 0.4000000060
967  30.427  -72.634  -18.695 0.4000000060
957  31.969  -72.356  -17.932 0.4000000060
966  31.366  -72.926  -18.403 0.4000000060
115255  32.491  -71.873  -17.659 0.4000000060
1166  32.400  -71.154  -17.456 0.4000000060
110879  30.527  -71.497  -17.876 0.4000000060
942  30.908  -72.966  -14.241 0.4000000060
113008  29.517  -70.720  -14.120 0.3000000119
1146  29.829  -71.486  -14.014 0.4000000060
1434  29.481  -70.239  -14.701 0.3000000119
762  33.117  -72.722  -17.643 0.4000000060
772  33.344  -73.672  -17.760 0.4000000060
1167  31.479  -71.420  -17.636 0.4000000060
932  31.772  -72.373  -13.093 0.4000000060
1428  30.052  -70.696  -13.534 0.3000000119
739  31.853  -73.504  -13.949 0.4000000060
114408  31.286  -72.042  -13.352 0.4000000060
938  30.692  -72.175  -13.825 0.4000000060
4075  32.342  -63.535  -27.603 0.4000000060
37  28.253  -78.673  -14.999 0.4000000060
96  28.827  -78.144  -15.048 0.4000000060
195  30.626  -77.172  -14.412 0.4000000060
198  29.405  -77.651  -14.994 0.4000000060
313  31.480  -76.003  -11.671 0.4000000060
328  31.274  -76.505  -14.413 0.4000000060
427  32.628  -75.145  -11.680 0.5000000000
434  32.552  -75.432  -13.233 0.4000000060
438  31.738  -75.803  -14.368 0.4000000060
442  29.609  -75.470  -15.367 0.4000000060
603  34.869  -74.099  -19.189 0.3000000119
607  34.438  -74.440  -20.006 0.3000000119
760  34.583  -73.464  -17.832 0.4000000060
761  34.058  -73.257  -17.614 0.5000000000
768  36.138  -72.948  -18.649 0.4000000060
780  35.114  -73.833  -20.028 0.3000000119
937  31.469  -72.682  -13.620 0.4000000060
959  28.834  -72.373  -17.383 0.4000000060
964  35.982  -72.857  -17.894 0.4000000060
978  35.892  -72.736  -20.462 0.4000000060
1164  35.255  -71.833  -17.403 0.5000000000
1165  33.199  -71.080  -17.450 0.4000000060
1168  29.912  -71.396  -17.700 0.4000000060
1175  37.077  -72.010  -18.370 0.3000000119
1176  30.953  -72.070  -18.243 0.4000000060
1184  37.227  -71.887  -19.678 0.3000000119
1198  36.464  -71.069  -20.729 0.3000000119
1201  33.284  -71.045  -21.891 0.4000000060
1225  33.039  -72.114  -26.852 0.4000000060
1445  36.720  -71.103  -17.699 0.4000000060
1461  38.055  -70.496  -18.348 0.4000000060
1480  37.170  -70.737  -20.383 0.3000000119
1508  33.563  -70.356  -23.303 0.3000000119
1515  34.764  -70.774  -24.902 0.4000000060
1524  34.322  -71.379  -25.934 0.3000000119
1535  29.600  -70.336  -26.581 0.4000000060
1567  30.734  -69.432  -31.606 0.6000000238
1792  29.744  -69.509  -14.301 0.4000000060
1819  39.153  -69.168  -18.871 0.3000000119
1840  38.654  -69.406  -20.051 0.3000000119
1847  38.463  -68.972  -20.890 0.3000000119
1866  31.223  -69.278  -25.268 0.6999999881
1874  30.524  -69.734  -25.669 0.6999999881
1875  29.646  -69.711  -25.394 0.6000000238
2148  30.153  -68.294  -14.223 0.4000000060
2279  32.926  -67.981  -30.827 0.6999999881
2283  30.310  -68.610  -31.611 0.6000000238
2533  38.476  -67.485  -19.275 0.3000000119
2534  24.288  -66.452  -19.410 0.6000000238
2574  32.213  -67.656  -23.594 0.8000000119
2877  22.277  -66.226  -18.796 0.6000000238
2885  37.312  -66.341  -19.133 0.3000000119
2925  27.760  -66.912  -22.235 0.6999999881
2960  34.299  -66.267  -30.859 0.6999999881
3254  23.547  -65.481  -18.839 0.6000000238
3258  38.789  -66.243  -19.989 0.3000000119
3308  32.559  -66.110  -25.027 0.5000000000
3614  26.513  -64.760  -17.950 0.6999999881
3643  40.041  -64.241  -21.472 0.3000000119
3648  22.271  -64.835  -22.514 0.5000000000
3670  33.056  -64.397  -23.169 0.6000000238
3979  28.114  -62.947  -16.639 0.6000000238
4019  23.532  -63.625  -21.686 0.6000000238
4043  32.623  -63.302  -22.372 0.6000000238
4045  21.902  -63.714  -23.114 0.6000000238
4056  32.669  -63.645  -23.063 0.6000000238
4393  28.675  -62.395  -16.408 0.6000000238
4422  24.957  -62.371  -20.397 0.6999999881
4446  21.992  -62.619  -22.017 0.6000000238
4808  28.083  -60.985  -15.637 0.6000000238
4833  29.559  -61.593  -16.958 0.5000000000
4865  17.288  -61.569  -19.874 0.5000000000
5295  26.806  -59.961  -15.705 0.5000000000
5392  21.252  -60.621  -26.173 0.5000000000
5781  29.208  -59.238  -16.144 0.5000000000
5784  26.814  -59.309  -15.520 0.5000000000
5785  26.132  -59.333  -15.870 0.5000000000
5792  29.444  -59.829  -16.760 0.5000000000
5803  24.797  -59.411  -17.720 0.6000000238
5814  29.442  -59.643  -18.640 0.5000000000
5815  23.818  -59.444  -18.305 0.6999999881
5852  20.782  -60.384  -23.795 0.6000000238
5867  21.725  -60.080  -25.440 0.5000000000
5878  20.143  -59.831  -27.711 0.5000000000
6253  28.284  -58.770  -15.355 0.5000000000
6329  23.299  -58.159  -23.423 0.5000000000
6382  20.221  -58.870  -27.650 0.5000000000
6869  24.370  -57.025  -22.098 0.5000000000
7438  24.188  -56.679  -22.376 0.5000000000
7472  22.163  -56.849  -24.924 0.8000000119
8059  23.922  -56.101  -22.946 0.6999999881
8075  22.729  -55.714  -24.135 0.6000000238
8093  21.159  -56.258  -26.322 0.8000000119
8110  19.251  -55.712  -29.023 0.6000000238
8125  17.639  -55.315  -29.712 0.6000000238
8126  17.313  -55.625  -29.422 0.6000000238
8740  22.832  -54.200  -23.680 0.6999999881
8755  18.908  -54.684  -24.502 0.6000000238
8798  16.810  -55.090  -28.935 0.6000000238
9394  23.712  -54.026  -21.651 0.5000000000
9427  22.510  -53.376  -23.981 0.8000000119
9442  21.651  -53.575  -25.439 0.8000000119
9488  16.991  -54.295  -29.194 0.6000000238
10153  23.087  -52.436  -23.143 0.6000000238
10198  20.269  -52.938  -27.681 0.8000000119
10201  16.332  -52.000  -27.314 0.6999999881
10927  23.430  -51.494  -22.212 0.5000000000
10938  19.153  -52.190  -22.899 0.4000000060
10939  18.355  -51.649  -23.482 0.6999999881
10940  17.518  -51.231  -23.941 0.8000000119
10983  16.231  -51.386  -26.638 0.6999999881
11661  23.599  -50.660  -21.249 0.4000000060
11677  19.317  -50.981  -21.215 0.4000000060
11704  22.862  -50.776  -23.360 0.6000000238
11705  22.500  -50.412  -23.677 0.6000000238
11720  21.060  -49.988  -25.203 0.6999999881
11721  16.117  -50.465  -25.085 0.6999999881
11733  21.421  -50.701  -25.171 0.6000000238
11749  16.169  -50.651  -26.976 0.6999999881
11758  18.448  -50.242  -27.987 0.8000000119
12456  22.507  -49.773  -23.426 0.5000000000
12513  17.997  -49.645  -27.950 0.6999999881
13212  17.707  -48.799  -20.945 0.4000000060
13213  17.031  -48.563  -21.494 0.5000000000
13237  21.539  -48.668  -23.482 0.5000000000
13255  15.297  -48.572  -25.470 0.5000000000
13275  18.201  -47.940  -27.249 0.6000000238
13277  16.278  -48.231  -26.934 0.6000000238
13951  13.741  -47.283  -15.962 0.5000000000
13976  13.344  -47.408  -17.673 0.5000000000
13988  14.104  -47.654  -18.089 0.6000000238
14002  15.004  -47.003  -19.791 0.5000000000
14026  20.425  -46.640  -22.180 0.3000000119
14080  17.701  -47.367  -27.212 0.6000000238
14082  16.011  -47.552  -26.517 0.5000000000
14756  12.623  -46.781  -18.228 0.5000000000
14770  12.618  -46.675  -19.107 0.4000000060
14780  20.699  -46.025  -21.084 0.3000000119
14781  14.921  -46.368  -21.254 0.5000000000
14783  13.157  -46.273  -19.969 0.4000000060
14819  15.163  -46.249  -23.239 0.5000000000
14831  15.250  -46.113  -24.036 0.4000000060
15527  13.983  -46.196  -16.059 0.6000000238
15538  11.968  -45.304  -18.682 0.4000000060
15555  12.703  -44.953  -19.885 0.4000000060
16348  14.787  -44.861  -16.072 0.4000000060
16373  12.221  -44.049  -19.121 0.3000000119
16379  12.606  -44.262  -19.634 0.3000000119
16384  13.897  -44.593  -20.670 0.3000000119
16419  15.246  -45.056  -23.375 0.3000000119
17231  16.075  -43.646  -16.118 0.3000000119
17251  12.641  -43.654  -18.631 0.3000000119
17267  13.319  -43.887  -20.084 0.3000000119
18021  12.788  -42.958  -18.978 0.3000000119
18770  13.450  -41.228  -14.833 0.4000000060
99487  16.770  -50.824  -24.455 0.6999999881
100442  13.454  -45.219  -20.567 0.4000000060
101419  33.215  -66.225  -24.453 0.5000000000
102897  18.744  -48.577  -27.200 0.6000000238
104157  24.056  -57.191  -22.528 0.5000000000
105569  19.529  -52.985  -22.484 0.5000000000
105644  15.006  -45.731  -21.999 0.5000000000
105968  29.232  -70.661  -27.218 0.4000000060
106362  19.924  -50.908  -27.172 0.8000000119
107077  22.004  -52.073  -24.884 0.6999999881
107688  18.275  -52.883  -29.045 0.6000000238
108344  23.428  -50.059  -22.468 0.4000000060
108346  29.910  -73.210  -19.044 0.4000000060
108991  16.607  -52.778  -26.576 0.6999999881
109033  17.581  -56.659  -28.279 0.5000000000
110139  25.823  -66.210  -20.630 0.6000000238
110490  23.310  -62.093  -21.447 0.6999999881
110764  16.472  -47.473  -19.895 0.6000000238
111004  14.888  -47.713  -17.673 0.6000000238
112084  23.750  -66.922  -19.792 0.6999999881
112489  29.874  -77.496  -14.623 0.4000000060
112542  31.779  -76.074  -12.336 0.4000000060
112813  30.849  -68.882  -12.305 0.4000000060
113316  21.823  -66.824  -18.691 0.6000000238
114320  16.391  -43.155  -16.521 0.3000000119
114368  38.812  -68.093  -19.010 0.3000000119
114603  21.868  -58.550  -25.352 0.6999999881
114610  25.150  -61.888  -20.029 0.6999999881
115398  27.169  -65.569  -19.683 0.5000000000
115538  15.114  -45.893  -22.714 0.5000000000
115564  32.452  -63.049  -21.811 0.6000000238
115779  27.793  -70.413  -27.965 0.5000000000
116376  16.619  -51.633  -27.846 0.8000000119
116858  19.227  -51.710  -22.260 0.4000000060
117998  37.503  -65.721  -27.612 0.5000000000
118287  39.077  -69.537  -19.050 0.3000000119
118317  13.879  -45.432  -20.855 0.4000000060
118469  13.718  -44.914  -20.673 0.3000000119
118515  29.540  -71.795  -14.522 0.4000000060
118536  19.828  -51.399  -27.501 0.8000000119
