#!ascii label  , from subject sub-v2s16x51231_ses-1 vox2ras=TkReg
526
75153  -27.132  -2.865  4.296 0.0000000000
71179  -22.003  -6.742  7.343 0.0000000000
71195  -31.451  -6.375  6.789 0.0000000000
140362  -25.179  -11.019  7.647 0.0000000000
121367  -26.872  9.407  0.780 0.0000000000
83627  -30.153  6.247  0.986 0.0000000000
78241  -22.389  0.366  3.374 0.0000000000
63161  -24.307  -14.236  10.677 0.0000000000
68173  -24.536  -9.185  6.904 0.0000000000
118285  -22.083  -10.917  9.005 0.0000000000
84499  -28.922  7.748  1.116 0.0000000000
121381  -24.894  4.704  0.859 0.0000000000
74158  -21.354  -3.412  5.873 0.0000000000
76146  -19.366  -1.037  6.179 0.0000000000
127085  -23.752  -1.254  3.362 0.0000000000
79166  -28.640  1.654  3.617 0.0000000000
77233  -30.266  -0.268  4.696 0.0000000000
75156  -32.596  -2.375  4.302 0.0000000000
72227  -20.544  -5.269  7.600 0.0000000000
72262  -24.168  -5.003  5.075 0.0000000000
73220  -29.599  -3.994  5.705 0.0000000000
71205  -27.130  -6.498  5.502 0.0000000000
69164  -28.433  -8.585  7.655 0.0000000000
126698  -30.577  -10.987  8.097 0.0000000000
80014  -20.558  2.396  3.870 0.0000000000
80900  -26.165  2.957  1.767 0.0000000000
136840  -31.032  3.982  0.966 0.0000000000
65097  -21.542  -12.110  9.901 0.0000000000
65099  -24.841  -12.453  9.190 0.0000000000
118286  -21.801  -10.110  9.048 0.0000000000
134650  -20.866  -10.448  9.946 0.0000000000
82741  -24.539  5.635  0.741 0.0000000000
81801  -22.287  4.125  2.256 0.0000000000
75150  -24.346  -2.869  4.100 0.0000000000
76168  -23.167  -2.042  4.172 0.0000000000
75166  -25.405  -2.232  3.686 0.0000000000
77254  -27.269  -0.916  3.586 0.0000000000
76171  -28.217  -1.811  4.220 0.0000000000
129146  -31.595  -1.139  4.677 0.0000000000
130438  -30.043  -2.474  5.105 0.0000000000
71188  -21.677  -6.150  7.204 0.0000000000
73204  -22.378  -4.868  6.008 0.0000000000
71190  -23.211  -6.175  6.218 0.0000000000
71216  -25.950  -5.838  5.018 0.0000000000
70173  -24.701  -6.979  5.800 0.0000000000
118490  -25.270  -10.135  7.096 0.0000000000
68175  -26.187  -9.071  6.637 0.0000000000
68160  -27.428  -9.345  7.523 0.0000000000
68147  -29.343  -9.873  8.340 0.0000000000
137199  -27.885  -10.268  8.380 0.0000000000
123251  -23.983  8.351  1.058 0.0000000000
85386  -23.750  9.097  1.053 0.0000000000
87278  -25.716  10.170  0.207 0.0000000000
88218  -26.024  11.358  -0.638 0.0000000000
86331  -28.809  9.995  -1.059 0.0000000000
84500  -29.500  7.235  1.066 0.0000000000
77228  -20.368  -0.319  4.980 0.0000000000
78224  -19.526  0.949  5.036 0.0000000000
124442  -21.535  1.321  3.515 0.0000000000
122326  -23.225  1.953  2.217 0.0000000000
79178  -24.578  1.134  2.113 0.0000000000
80029  -31.056  2.208  3.650 0.0000000000
80891  -29.915  3.197  3.525 0.0000000000
80058  -31.396  2.301  0.609 0.0000000000
72240  -30.245  -5.377  6.525 0.0000000000
73223  -32.417  -4.400  5.751 0.0000000000
63159  -22.454  -14.008  10.754 0.0000000000
64140  -22.988  -13.559  10.150 0.0000000000
65098  -23.039  -12.381  8.996 0.0000000000
64142  -24.782  -13.608  10.291 0.0000000000
69150  -21.355  -8.054  8.463 0.0000000000
128394  -23.549  -7.927  6.885 0.0000000000
140953  -22.408  -9.180  8.317 0.0000000000
135040  -23.320  -10.327  7.966 0.0000000000
118292  -23.839  -11.032  7.876 0.0000000000
85380  -25.897  8.147  1.007 0.0000000000
133398  -28.142  8.981  0.802 0.0000000000
83623  -26.108  6.779  0.978 0.0000000000
141035  -27.102  6.241  1.514 0.0000000000
140743  -28.026  5.854  1.730 0.0000000000
74148  -19.909  -3.223  6.902 0.0000000000
76147  -20.497  -1.915  5.693 0.0000000000
76167  -21.600  -1.411  4.703 0.0000000000
77270  -23.722  -0.490  3.048 0.0000000000
78259  -25.374  0.599  2.366 0.0000000000
78243  -26.737  0.236  2.902 0.0000000000
79153  -29.209  0.973  4.027 0.0000000000
78261  -31.992  0.948  3.235 0.0000000000
77274  -32.333  -0.749  2.864 0.0000000000
62221  -25.497  -15.663  10.926 0.0000000000
63163  -25.984  -14.522  10.512 0.0000000000
74150  -21.075  -4.015  6.462 0.0000000000
73217  -22.612  -4.099  5.375 0.0000000000
120849  -25.251  -4.179  4.430 0.0000000000
74160  -28.544  -3.322  4.848 0.0000000000
73218  -27.497  -4.904  4.974 0.0000000000
72253  -28.059  -5.257  5.465 0.0000000000
71192  -28.543  -6.341  6.361 0.0000000000
69184  -25.575  -7.911  6.102 0.0000000000
70165  -27.906  -7.386  6.585 0.0000000000
70153  -30.333  -7.570  7.383 0.0000000000
133008  -31.287  -8.999  7.490 0.0000000000
67198  -31.631  -10.339  7.148 0.0000000000
85406  -29.309  8.638  -1.330 0.0000000000
80899  -22.841  3.291  2.087 0.0000000000
80914  -25.709  3.602  1.459 0.0000000000
81803  -28.036  4.480  2.296 0.0000000000
79181  -27.011  1.938  2.525 0.0000000000
80903  -28.750  3.999  2.874 0.0000000000
134776  -30.704  4.753  0.914 0.0000000000
120015  -31.271  -3.184  5.745 0.0000000000
74181  -33.404  -4.023  3.917 0.0000000000
118516  -21.037  -11.248  10.078 0.0000000000
118280  -21.764  -11.457  9.442 0.0000000000
118289  -23.628  -12.094  8.556 0.0000000000
118287  -25.362  -11.844  8.727 0.0000000000
131844  -26.026  -13.167  9.993 0.0000000000
136254  -26.735  -12.338  9.424 0.0000000000
118193  -27.729  -11.394  8.879 0.0000000000
81791  -21.042  4.164  3.238 0.0000000000
75151  -25.825  -2.920  4.119 0.0000000000
74189  -25.115  -2.933  3.991 0.0000000000
76169  -26.900  -2.291  4.014 0.0000000000
76170  -27.443  -1.693  3.905 0.0000000000
75154  -27.627  -2.407  4.232 0.0000000000
76149  -29.005  -1.862  4.631 0.0000000000
75136  -28.396  -2.550  4.547 0.0000000000
70148  -21.641  -7.377  7.884 0.0000000000
71178  -21.200  -6.604  7.781 0.0000000000
71189  -22.314  -6.173  6.768 0.0000000000
70160  -22.774  -6.838  6.865 0.0000000000
71202  -24.036  -6.450  5.807 0.0000000000
70161  -23.656  -7.106  6.379 0.0000000000
118294  -25.576  -10.589  7.400 0.0000000000
124230  -25.891  -9.948  7.013 0.0000000000
118291  -26.323  -10.427  7.555 0.0000000000
67190  -27.189  -10.125  7.918 0.0000000000
141863  -26.732  -10.767  8.122 0.0000000000
85388  -25.442  8.915  0.983 0.0000000000
86317  -25.051  9.583  0.535 0.0000000000
86318  -26.035  9.500  0.645 0.0000000000
87289  -26.411  10.737  -0.198 0.0000000000
87291  -28.267  10.326  -0.708 0.0000000000
86324  -27.974  10.044  0.068 0.0000000000
83626  -29.585  6.586  1.313 0.0000000000
84507  -30.264  7.061  0.112 0.0000000000
83658  -30.197  6.354  -0.390 0.0000000000
82765  -30.454  5.735  -0.124 0.0000000000
78226  -21.169  0.307  4.178 0.0000000000
78210  -19.789  0.263  5.138 0.0000000000
78225  -20.363  0.679  4.541 0.0000000000
78239  -21.049  1.064  3.937 0.0000000000
79163  -22.148  1.128  3.203 0.0000000000
79177  -23.541  1.151  2.339 0.0000000000
78256  -22.878  0.754  2.845 0.0000000000
79188  -31.858  1.628  1.926 0.0000000000
80044  -31.415  2.351  2.671 0.0000000000
72241  -31.129  -5.513  6.649 0.0000000000
73208  -31.823  -4.981  6.275 0.0000000000
72242  -31.828  -5.739  6.491 0.0000000000
62219  -23.802  -14.772  11.165 0.0000000000
63153  -22.885  -14.625  11.246 0.0000000000
63160  -23.395  -14.154  10.689 0.0000000000
64141  -23.893  -13.597  10.200 0.0000000000
69140  -21.147  -8.752  9.079 0.0000000000
69151  -21.911  -8.675  8.442 0.0000000000
118282  -21.832  -9.338  8.807 0.0000000000
120981  -22.502  -9.834  8.427 0.0000000000
118704  -22.582  -10.568  8.570 0.0000000000
118638  -23.200  -11.048  8.309 0.0000000000
83621  -24.496  6.637  0.660 0.0000000000
84496  -25.368  7.264  0.764 0.0000000000
124339  -24.114  4.918  0.902 0.0000000000
82743  -26.424  6.047  1.322 0.0000000000
82742  -25.624  5.337  0.959 0.0000000000
138436  -27.322  5.680  1.645 0.0000000000
135923  -26.527  5.125  1.459 0.0000000000
74149  -20.650  -3.321  6.390 0.0000000000
75134  -20.927  -2.693  5.796 0.0000000000
135846  -24.303  -1.650  3.409 0.0000000000
75147  -22.454  -1.598  4.326 0.0000000000
76187  -23.154  -1.432  3.762 0.0000000000
77249  -22.526  -0.850  3.825 0.0000000000
77251  -24.363  -1.006  3.130 0.0000000000
77272  -25.188  -0.131  2.642 0.0000000000
128709  -25.663  -0.607  2.962 0.0000000000
77232  -29.269  -0.408  4.449 0.0000000000
78227  -28.841  0.141  4.020 0.0000000000
78228  -29.656  0.385  4.464 0.0000000000
78246  -30.918  1.049  4.391 0.0000000000
78247  -31.686  0.733  4.117 0.0000000000
78248  -32.187  0.163  3.476 0.0000000000
77256  -31.866  -0.031  4.272 0.0000000000
76175  -32.173  -1.547  4.420 0.0000000000
132075  -32.439  -1.091  3.848 0.0000000000
74190  -33.099  -2.962  3.674 0.0000000000
62208  -24.830  -15.942  11.314 0.0000000000
61109  -25.459  -16.371  11.087 0.0000000000
72226  -19.883  -5.048  8.105 0.0000000000
73187  -20.116  -4.509  7.554 0.0000000000
73202  -20.789  -4.598  7.034 0.0000000000
141637  -23.641  -5.198  5.407 0.0000000000
72248  -23.304  -4.709  5.335 0.0000000000
73233  -24.627  -4.398  4.605 0.0000000000
73234  -25.294  -4.681  4.610 0.0000000000
73235  -25.881  -4.453  4.528 0.0000000000
122310  -25.637  -5.186  4.773 0.0000000000
132392  -26.247  -6.557  5.378 0.0000000000
72251  -26.633  -5.854  5.081 0.0000000000
71206  -27.940  -6.047  5.725 0.0000000000
72239  -28.675  -5.577  6.096 0.0000000000
69172  -24.071  -8.528  6.822 0.0000000000
70162  -24.329  -7.786  6.350 0.0000000000
69173  -24.873  -8.415  6.399 0.0000000000
69163  -27.714  -8.646  7.273 0.0000000000
69175  -27.322  -8.039  6.624 0.0000000000
69176  -28.118  -7.964  7.209 0.0000000000
70151  -28.612  -7.373  7.132 0.0000000000
132717  -28.912  -8.021  7.544 0.0000000000
69166  -30.798  -8.353  7.508 0.0000000000
69165  -29.820  -8.317  7.660 0.0000000000
118271  -29.851  -10.588  8.374 0.0000000000
140424  -30.740  -9.731  7.867 0.0000000000
141551  -30.406  -10.418  8.169 0.0000000000
118261  -31.129  -11.267  7.357 0.0000000000
85382  -27.979  8.259  1.144 0.0000000000
86326  -29.293  9.111  -0.112 0.0000000000
85397  -29.548  8.586  -0.519 0.0000000000
76123  -18.944  -1.669  6.942 0.0000000000
79997  -19.649  2.368  4.699 0.0000000000
80024  -21.132  2.564  3.378 0.0000000000
80898  -22.057  3.149  2.593 0.0000000000
80025  -21.656  2.654  2.983 0.0000000000
137372  -25.610  2.288  1.715 0.0000000000
80051  -25.103  2.984  1.462 0.0000000000
81802  -27.184  4.109  2.016 0.0000000000
135223  -27.745  3.726  2.501 0.0000000000
79164  -27.098  1.097  2.753 0.0000000000
79180  -26.451  1.471  2.325 0.0000000000
79165  -27.742  1.812  3.056 0.0000000000
80905  -30.440  3.702  2.811 0.0000000000
80904  -29.562  3.740  3.134 0.0000000000
81806  -30.437  4.359  2.277 0.0000000000
80916  -30.620  4.616  1.637 0.0000000000
80929  -30.788  3.506  -0.061 0.0000000000
73219  -28.731  -4.037  5.202 0.0000000000
74161  -29.370  -3.397  5.231 0.0000000000
74162  -30.205  -3.328  5.633 0.0000000000
73237  -33.023  -4.107  4.987 0.0000000000
64139  -21.473  -12.820  10.365 0.0000000000
65088  -20.945  -12.110  10.548 0.0000000000
118537  -23.934  -12.581  8.950 0.0000000000
118617  -24.363  -11.983  8.431 0.0000000000
64143  -25.647  -13.714  10.327 0.0000000000
119019  -27.199  -11.876  9.180 0.0000000000
119874  -21.204  -9.436  9.350 0.0000000000
118200  -21.044  -9.983  9.626 0.0000000000
118605  -21.419  -10.672  9.504 0.0000000000
82740  -23.543  5.471  1.075 0.0000000000
82739  -22.822  5.321  1.576 0.0000000000
81817  -23.445  4.657  1.366 0.0000000000
81818  -24.221  4.245  1.040 0.0000000000
74172  -22.886  -3.368  4.816 0.0000000000
135744  -22.266  -2.858  5.013 0.0000000000
75149  -23.497  -2.740  4.330 0.0000000000
75165  -24.660  -2.245  3.650 0.0000000000
76188  -24.928  -1.569  3.357 0.0000000000
126821  -25.747  -1.387  3.379 0.0000000000
76190  -26.647  -1.538  3.642 0.0000000000
77231  -28.054  -1.069  3.910 0.0000000000
122660  -28.781  -1.134  4.354 0.0000000000
77234  -31.300  -0.497  4.640 0.0000000000
76172  -29.619  -1.128  4.683 0.0000000000
76174  -31.439  -1.753  4.907 0.0000000000
76151  -30.644  -2.090  5.093 0.0000000000
71177  -20.581  -6.091  7.924 0.0000000000
72228  -21.154  -5.783  7.393 0.0000000000
72236  -21.166  -5.150  7.091 0.0000000000
72237  -21.800  -5.488  6.760 0.0000000000
72238  -22.561  -5.612  6.316 0.0000000000
72249  -23.937  -5.708  5.520 0.0000000000
127429  -24.649  -5.519  5.177 0.0000000000
71203  -24.695  -6.134  5.425 0.0000000000
71204  -25.453  -6.389  5.370 0.0000000000
70174  -25.642  -7.153  5.690 0.0000000000
68174  -25.312  -9.467  6.755 0.0000000000
140142  -25.066  -8.966  6.579 0.0000000000
68176  -27.010  -8.898  6.872 0.0000000000
137964  -28.041  -9.079  7.759 0.0000000000
133373  -29.107  -8.646  7.833 0.0000000000
68161  -28.722  -9.260  8.102 0.0000000000
68146  -28.558  -10.055  8.396 0.0000000000
118278  -29.067  -10.493  8.509 0.0000000000
86316  -24.250  9.756  0.684 0.0000000000
87288  -25.373  10.869  -0.208 0.0000000000
87295  -28.515  10.505  -1.471 0.0000000000
84506  -29.743  7.751  0.498 0.0000000000
85392  -29.653  8.458  0.080 0.0000000000
84518  -29.945  7.888  -0.197 0.0000000000
78208  -18.596  1.025  6.223 0.0000000000
125026  -19.027  1.170  5.498 0.0000000000
79151  -19.857  1.575  4.593 0.0000000000
79161  -21.081  1.812  3.663 0.0000000000
80036  -22.137  2.369  2.738 0.0000000000
79176  -22.587  1.657  2.627 0.0000000000
80039  -23.924  1.900  1.881 0.0000000000
79167  -29.695  1.847  4.153 0.0000000000
80027  -29.323  2.537  3.726 0.0000000000
80043  -30.749  2.920  3.269 0.0000000000
80906  -31.188  3.118  2.333 0.0000000000
80917  -31.307  3.150  1.340 0.0000000000
73206  -29.928  -4.635  6.203 0.0000000000
73221  -30.592  -3.924  6.101 0.0000000000
73207  -30.898  -4.698  6.428 0.0000000000
129817  -32.554  -5.075  5.810 0.0000000000
63158  -21.482  -13.629  10.976 0.0000000000
125904  -22.131  -13.331  10.215 0.0000000000
64153  -21.971  -12.722  9.847 0.0000000000
64154  -22.616  -12.934  9.627 0.0000000000
64155  -23.456  -13.066  9.521 0.0000000000
64156  -24.351  -13.047  9.653 0.0000000000
70139  -20.920  -7.340  8.438 0.0000000000
126521  -23.065  -7.448  7.029 0.0000000000
69160  -22.103  -8.051  7.913 0.0000000000
69161  -22.611  -8.665  7.890 0.0000000000
68172  -23.799  -9.107  7.265 0.0000000000
68157  -23.111  -9.380  7.800 0.0000000000
68158  -23.921  -9.768  7.415 0.0000000000
118954  -24.169  -10.486  7.525 0.0000000000
118293  -24.538  -11.040  7.687 0.0000000000
84493  -22.485  7.562  1.509 0.0000000000
84494  -23.334  7.726  1.137 0.0000000000
85379  -24.895  8.210  0.997 0.0000000000
85389  -26.398  8.885  1.025 0.0000000000
86319  -27.641  9.503  0.595 0.0000000000
85381  -26.877  8.219  1.105 0.0000000000
84498  -27.223  7.632  1.250 0.0000000000
83622  -25.441  6.268  0.811 0.0000000000
83624  -26.966  6.845  1.384 0.0000000000
133960  -27.947  7.319  1.395 0.0000000000
83625  -28.781  6.920  1.431 0.0000000000
82745  -28.798  6.088  1.736 0.0000000000
76124  -19.737  -1.817  6.216 0.0000000000
76148  -21.266  -2.022  5.282 0.0000000000
126565  -20.040  -1.127  5.568 0.0000000000
77229  -21.217  -0.517  4.506 0.0000000000
77248  -21.938  -0.150  3.911 0.0000000000
78242  -23.063  -0.007  3.131 0.0000000000
78258  -24.142  0.521  2.394 0.0000000000
77271  -24.392  -0.204  2.704 0.0000000000
77273  -25.933  0.009  2.689 0.0000000000
143361  -27.850  1.139  3.263 0.0000000000
135752  -27.184  -0.225  3.291 0.0000000000
78245  -28.334  0.685  3.618 0.0000000000
79168  -30.592  1.797  4.258 0.0000000000
79169  -31.394  1.482  3.914 0.0000000000
131786  -32.066  1.066  2.337 0.0000000000
78262  -32.171  0.156  2.225 0.0000000000
77286  -32.261  -0.860  1.532 0.0000000000
77235  -32.046  -0.749  4.336 0.0000000000
132162  -32.105  -7.036  6.659 0.0000000000
62220  -24.763  -15.016  11.042 0.0000000000
63162  -25.175  -14.322  10.629 0.0000000000
133464  -20.353  -3.936  6.953 0.0000000000
73203  -21.496  -4.698  6.555 0.0000000000
73216  -21.808  -4.105  5.919 0.0000000000
74159  -22.092  -3.445  5.395 0.0000000000
74173  -23.913  -3.652  4.517 0.0000000000
74174  -24.819  -3.630  4.284 0.0000000000
74176  -26.255  -3.660  4.381 0.0000000000
74178  -27.735  -3.127  4.533 0.0000000000
74177  -27.018  -3.528  4.465 0.0000000000
123399  -27.776  -4.028  4.790 0.0000000000
135593  -28.179  -4.610  5.186 0.0000000000
135329  -26.301  -5.205  4.780 0.0000000000
137098  -26.899  -5.244  4.892 0.0000000000
73205  -28.885  -4.727  5.794 0.0000000000
135754  -29.423  -5.252  6.283 0.0000000000
71193  -29.472  -6.012  6.641 0.0000000000
71194  -30.511  -6.132  6.882 0.0000000000
69183  -25.034  -7.670  6.007 0.0000000000
140723  -26.187  -7.057  5.625 0.0000000000
69185  -26.137  -8.193  6.247 0.0000000000
70163  -26.678  -7.723  6.121 0.0000000000
70164  -27.243  -7.266  6.008 0.0000000000
143127  -28.388  -6.920  6.628 0.0000000000
71181  -29.936  -6.774  7.140 0.0000000000
71182  -30.808  -6.919  7.123 0.0000000000
70154  -31.191  -7.683  7.270 0.0000000000
69167  -31.635  -8.440  7.254 0.0000000000
68163  -30.531  -9.137  7.774 0.0000000000
68164  -31.260  -9.667  7.583 0.0000000000
86320  -28.539  9.395  0.305 0.0000000000
86332  -29.123  9.352  -0.957 0.0000000000
124301  -21.633  3.870  2.754 0.0000000000
131206  -23.105  4.020  1.779 0.0000000000
123429  -23.704  3.951  1.396 0.0000000000
80038  -23.399  2.607  1.941 0.0000000000
80913  -24.269  3.499  1.297 0.0000000000
81819  -25.002  3.889  1.165 0.0000000000
140162  -26.659  4.450  1.655 0.0000000000
82727  -28.229  5.304  1.942 0.0000000000
82728  -29.210  5.462  2.001 0.0000000000
79179  -25.624  1.458  2.007 0.0000000000
136275  -26.918  2.656  2.274 0.0000000000
80026  -28.387  2.511  3.293 0.0000000000
80902  -28.145  3.189  2.913 0.0000000000
141451  -27.462  3.088  2.518 0.0000000000
129569  -30.008  5.064  2.070 0.0000000000
82747  -30.363  5.420  1.202 0.0000000000
81826  -30.576  5.199  0.378 0.0000000000
75137  -29.295  -2.661  4.903 0.0000000000
75138  -30.571  -2.725  5.389 0.0000000000
74179  -32.094  -2.806  5.093 0.0000000000
74163  -32.263  -3.570  5.513 0.0000000000
74180  -32.880  -3.299  4.509 0.0000000000
118283  -22.204  -12.231  9.408 0.0000000000
118284  -22.444  -11.628  8.966 0.0000000000
140969  -22.673  -11.149  8.678 0.0000000000
118290  -23.709  -11.578  8.214 0.0000000000
141638  -24.258  -11.452  7.991 0.0000000000
118288  -25.921  -11.219  8.030 0.0000000000
64157  -25.251  -13.014  9.863 0.0000000000
133263  -26.759  -13.055  9.769 0.0000000000
65100  -25.871  -12.452  9.461 0.0000000000
121043  -26.318  -11.752  9.024 0.0000000000
118281  -26.884  -11.263  8.666 0.0000000000
134188  -27.436  -10.757  8.470 0.0000000000
67191  -30.917  -10.327  7.839 0.0000000000
67197  -24.669  -9.950  7.164 0.0000000000
68148  -30.219  -9.856  8.151 0.0000000000
68159  -26.663  -9.653  7.217 0.0000000000
68162  -29.619  -9.161  8.004 0.0000000000
69162  -23.337  -8.611  7.362 0.0000000000
69174  -25.528  -8.678  6.427 0.0000000000
70149  -22.406  -7.410  7.424 0.0000000000
70150  -22.844  -8.021  7.441 0.0000000000
70152  -29.443  -7.445  7.364 0.0000000000
70175  -26.157  -7.502  5.872 0.0000000000
70176  -26.615  -7.097  5.690 0.0000000000
71180  -29.047  -6.757  6.993 0.0000000000
71191  -27.861  -6.781  6.044 0.0000000000
71196  -32.295  -6.316  6.410 0.0000000000
72243  -32.446  -5.625  6.142 0.0000000000
72250  -25.269  -5.693  5.085 0.0000000000
72252  -27.337  -5.650  5.231 0.0000000000
72263  -24.962  -5.108  4.821 0.0000000000
73222  -31.578  -4.047  6.145 0.0000000000
73231  -23.315  -4.046  4.954 0.0000000000
73232  -23.865  -4.380  4.843 0.0000000000
73236  -26.793  -4.459  4.656 0.0000000000
74175  -25.533  -3.632  4.293 0.0000000000
75135  -21.650  -2.779  5.374 0.0000000000
75139  -31.353  -2.435  5.228 0.0000000000
75148  -22.698  -2.479  4.560 0.0000000000
75152  -26.522  -2.914  4.219 0.0000000000
75155  -32.002  -2.153  4.850 0.0000000000
75164  -23.835  -2.076  3.707 0.0000000000
75168  -33.077  -2.985  2.716 0.0000000000
76150  -29.863  -1.910  4.897 0.0000000000
76166  -20.834  -1.207  5.123 0.0000000000
76173  -30.678  -1.237  4.873 0.0000000000
76189  -26.161  -2.223  3.843 0.0000000000
77194  -18.682  -0.827  6.854 0.0000000000
77230  -21.955  -0.884  4.270 0.0000000000
77250  -23.136  -0.722  3.412 0.0000000000
77252  -25.048  -0.829  3.009 0.0000000000
77253  -26.443  -0.650  3.185 0.0000000000
77255  -27.962  -0.214  3.663 0.0000000000
77257  -32.306  -0.444  3.868 0.0000000000
78229  -30.388  0.538  4.546 0.0000000000
78230  -31.111  0.291  4.524 0.0000000000
78240  -21.688  0.674  3.661 0.0000000000
78244  -27.512  0.455  3.259 0.0000000000
78257  -23.607  0.270  2.682 0.0000000000
78260  -26.210  0.797  2.459 0.0000000000
78269  -32.025  0.746  1.385 0.0000000000
79152  -20.512  1.615  4.160 0.0000000000
79154  -30.070  1.152  4.428 0.0000000000
79162  -21.757  1.932  3.170 0.0000000000
79182  -31.680  1.663  2.986 0.0000000000
79996  -19.165  2.354  5.304 0.0000000000
80028  -30.244  2.518  3.956 0.0000000000
80037  -22.690  2.494  2.353 0.0000000000
80040  -24.810  2.044  1.682 0.0000000000
80041  -26.310  2.106  2.034 0.0000000000
80042  -27.597  2.523  2.762 0.0000000000
80050  -24.151  2.699  1.561 0.0000000000
80052  -31.568  2.339  1.593 0.0000000000
80889  -21.314  3.282  3.076 0.0000000000
80890  -29.019  3.244  3.335 0.0000000000
80901  -26.978  3.380  2.116 0.0000000000
80912  -23.562  3.334  1.630 0.0000000000
80915  -26.429  3.803  1.691 0.0000000000
81804  -29.027  4.834  2.404 0.0000000000
81805  -29.760  4.339  2.681 0.0000000000
81820  -25.837  4.408  1.308 0.0000000000
81834  -30.317  4.815  -0.433 0.0000000000
82726  -27.313  4.851  1.845 0.0000000000
82744  -27.829  6.414  1.579 0.0000000000
82746  -29.768  5.860  1.615 0.0000000000
82756  -30.424  5.946  0.488 0.0000000000
83636  -30.033  6.948  0.760 0.0000000000
83637  -30.288  6.537  0.469 0.0000000000
83649  -30.435  6.366  0.099 0.0000000000
83657  -29.868  7.095  -0.685 0.0000000000
84497  -26.395  7.468  1.041 0.0000000000
85387  -24.517  9.000  0.968 0.0000000000
85390  -27.336  8.916  0.994 0.0000000000
85391  -29.052  8.618  0.604 0.0000000000
86325  -28.727  9.739  -0.407 0.0000000000
118186  -24.933  -11.452  8.037 0.0000000000
118626  -23.106  -11.639  8.597 0.0000000000
123703  -29.887  -2.935  5.231 0.0000000000
126267  -24.722  0.380  2.434 0.0000000000
127640  -23.149  -5.392  5.764 0.0000000000
128927  -27.957  -9.649  8.119 0.0000000000
129069  -30.976  3.900  1.965 0.0000000000
130579  -22.599  -0.276  3.502 0.0000000000
131508  -31.489  -7.133  6.975 0.0000000000
135450  -26.665  -8.386  6.476 0.0000000000
136359  -21.977  -2.205  4.856 0.0000000000
137585  -28.580  -0.543  4.058 0.0000000000
139716  -24.891  -10.576  7.356 0.0000000000
141610  -33.263  -3.440  3.844 0.0000000000
142221  -20.761  0.030  4.522 0.0000000000
