#!ascii label  , from subject sub-v2s16x51231_ses-1 vox2ras=TkReg
2033
9247  -8.962  -68.698  18.993 0.5000000000
7190  -10.007  -71.396  17.694 0.5000000000
130577  -11.217  -71.935  18.498 0.5000000000
5839  -10.659  -73.405  18.004 0.5000000000
9992  -8.280  -67.749  17.432 0.5000000000
9265  -8.567  -68.209  18.389 0.5000000000
9993  -9.133  -67.875  17.569 0.5000000000
9266  -9.469  -68.290  18.422 0.5000000000
9278  -10.717  -68.204  17.599 0.6000000238
9248  -9.919  -68.807  18.992 0.5000000000
123313  -9.608  -73.681  16.985 0.5000000000
7179  -10.187  -70.853  18.536 0.5000000000
5258  -10.251  -74.264  17.564 0.5000000000
7180  -11.058  -71.158  18.639 0.6000000238
133406  -11.097  -74.219  17.964 0.6000000238
7921  -12.110  -70.600  18.494 0.6000000238
5821  -12.027  -72.892  18.282 0.6000000238
5840  -11.661  -73.922  17.831 0.6999999881
7192  -12.815  -71.425  17.394 0.6999999881
5841  -12.100  -73.354  17.975 0.6999999881
7203  -12.887  -71.880  16.611 0.6999999881
121098  -12.661  -72.587  16.808 0.6999999881
5858  -12.456  -73.265  16.515 0.6999999881
10011  -8.886  -67.581  16.515 0.5000000000
10031  -10.304  -67.611  15.597 0.6000000238
135521  -9.635  -67.377  14.755 0.6000000238
132074  -11.101  -67.636  14.960 0.6000000238
9250  -11.674  -69.178  18.458 0.5000000000
5259  -10.882  -75.035  17.588 0.5000000000
4003  -10.697  -75.702  17.119 0.5000000000
4033  -10.709  -76.917  15.892 0.6999999881
136724  -11.387  -75.208  16.952 0.6999999881
125291  -11.481  -75.336  16.265 0.6999999881
142050  -11.152  -70.094  19.011 0.6000000238
8634  -12.168  -69.701  18.287 0.6999999881
5286  -11.767  -74.687  15.767 0.6999999881
7938  -12.978  -70.599  17.285 0.6999999881
7204  -13.228  -70.936  16.398 0.6999999881
5869  -11.959  -74.080  15.315 0.6999999881
7218  -13.084  -71.632  15.648 0.6999999881
123082  -12.908  -72.042  15.218 0.6999999881
6454  -12.733  -72.456  15.845 0.6999999881
5881  -12.212  -72.972  14.119 0.6999999881
125436  -13.060  -71.442  13.563 0.6999999881
7255  -12.728  -71.562  12.576 0.6999999881
6473  -12.563  -72.114  13.602 0.6999999881
131049  -12.306  -71.650  11.465 0.6999999881
10030  -8.746  -67.296  15.262 0.5000000000
10048  -9.797  -67.210  13.728 0.6000000238
10088  -10.634  -66.871  12.803 0.6000000238
131967  -10.439  -67.282  13.459 0.6000000238
10089  -11.548  -67.029  12.561 0.6000000238
10032  -11.705  -67.809  15.536 0.6000000238
136894  -11.516  -67.347  12.939 0.6000000238
9295  -11.848  -68.088  16.372 0.6000000238
4049  -11.041  -76.632  15.227 0.6999999881
9251  -12.225  -68.955  17.725 0.6999999881
4647  -11.497  -75.323  15.312 0.6999999881
120161  -10.991  -76.653  14.290 0.6999999881
125043  -10.825  -76.913  13.518 0.6999999881
9281  -13.093  -68.714  16.121 0.6999999881
4657  -11.098  -75.769  13.790 0.6999999881
119035  -10.695  -76.551  12.585 0.6999999881
8667  -13.287  -69.437  16.395 0.6999999881
8681  -13.631  -68.997  15.405 0.6999999881
5295  -11.664  -74.558  14.806 0.6999999881
4658  -11.359  -75.145  14.274 0.6999999881
4665  -10.817  -75.621  12.771 0.6999999881
7957  -13.556  -70.010  15.867 0.6999999881
7976  -13.795  -69.838  14.861 0.6999999881
5880  -11.874  -73.784  14.445 0.6999999881
4675  -10.725  -74.673  11.834 0.6999999881
7239  -13.557  -70.732  14.079 0.6999999881
6493  -11.589  -72.732  12.198 0.6999999881
5312  -11.119  -74.063  12.602 0.6999999881
7256  -13.366  -70.948  12.908 0.6999999881
6494  -12.174  -72.154  12.330 0.6999999881
137289  -11.061  -72.822  11.078 0.6999999881
7278  -13.081  -71.021  11.385 0.6999999881
136813  -11.648  -72.152  10.908 0.6999999881
7305  -13.274  -71.062  9.770 0.6999999881
10046  -8.317  -66.880  14.339 0.5000000000
10068  -9.332  -66.807  13.334 0.6000000238
11689  -10.901  -65.719  13.055 0.6000000238
12550  -9.364  -65.756  13.429 0.5000000000
11665  -11.197  -65.392  13.600 0.6000000238
10837  -7.142  -66.025  13.761 0.5000000000
10838  -7.939  -66.137  13.652 0.5000000000
11712  -11.478  -65.985  12.603 0.6000000238
11652  -12.369  -65.606  14.768 0.6000000238
11713  -12.477  -65.775  12.553 0.6000000238
11691  -12.821  -65.409  12.960 0.6000000238
10033  -11.932  -67.719  14.664 0.6000000238
9296  -12.509  -68.103  15.646 0.6999999881
10071  -12.287  -67.362  12.572 0.6999999881
9313  -13.532  -68.418  14.485 0.6999999881
10051  -13.217  -67.893  13.369 0.6999999881
4071  -10.542  -76.543  11.333 0.6999999881
8701  -14.017  -68.947  14.344 0.6999999881
9314  -13.880  -68.484  13.522 0.6999999881
4674  -10.608  -75.641  11.626 0.6999999881
3497  -10.472  -77.332  10.994 0.6999999881
9343  -14.851  -68.204  11.025 0.6999999881
4685  -10.609  -74.851  10.604 0.6999999881
129562  -10.570  -75.709  10.395 0.6999999881
126264  -9.825  -78.790  10.102 0.6999999881
8041  -14.615  -69.364  11.205 0.6000000238
5322  -10.782  -73.623  11.195 0.6999999881
4082  -10.752  -75.912  9.611 0.6999999881
119587  -10.307  -77.647  9.966 0.6999999881
2875  -10.171  -78.396  9.462 0.6999999881
8040  -13.937  -70.269  12.156 0.6999999881
140062  -10.878  -73.082  10.271 0.6999999881
5909  -11.151  -73.202  9.749 0.6000000238
4691  -11.089  -74.512  9.636 0.6999999881
4690  -10.855  -75.038  9.748 0.6999999881
7324  -13.967  -71.214  9.172 0.6000000238
7277  -12.352  -71.608  10.318 0.6999999881
6548  -12.377  -72.336  9.738 0.6999999881
6531  -11.232  -72.594  10.081 0.6999999881
5910  -11.800  -73.114  9.726 0.6000000238
5323  -11.710  -74.039  9.814 0.6000000238
6550  -14.371  -71.734  9.214 0.6000000238
6549  -13.464  -71.935  9.431 0.6000000238
5911  -13.090  -72.718  9.742 0.6000000238
5324  -12.660  -73.731  10.438 0.5000000000
123566  -12.489  -74.691  10.872 0.5000000000
6512  -15.048  -73.016  11.068 0.6000000238
5898  -14.504  -73.490  11.465 0.5000000000
5897  -13.690  -73.767  11.197 0.5000000000
12536  -10.157  -65.458  13.672 0.6000000238
12535  -9.073  -65.215  14.266 0.6000000238
11628  -12.124  -66.033  16.106 0.5000000000
11607  -10.918  -65.881  17.830 0.6999999881
12549  -8.509  -65.614  13.790 0.5000000000
128580  -8.532  -64.610  14.918 0.6000000238
12517  -9.044  -64.669  15.113 0.6000000238
12515  -6.971  -64.335  15.058 0.6000000238
12533  -7.455  -64.972  14.499 0.6000000238
10801  -13.244  -66.132  15.546 0.4000000060
12516  -7.892  -64.125  15.129 0.6000000238
11653  -13.324  -65.701  14.495 0.5000000000
11692  -13.705  -65.470  12.942 0.6000000238
11715  -14.398  -65.824  12.467 0.6000000238
9342  -14.102  -67.582  11.578 0.6999999881
10091  -13.836  -66.774  11.598 0.6000000238
10092  -14.929  -67.146  11.095 0.6999999881
8744  -15.560  -68.883  10.143 0.6000000238
9368  -15.790  -67.721  10.617 0.6000000238
8053  -14.960  -69.838  9.500 0.6000000238
121487  -11.661  -75.379  9.604 0.6000000238
4698  -11.381  -75.631  9.424 0.6000000238
4089  -10.921  -76.439  9.326 0.6999999881
118793  -10.656  -77.541  9.235 0.6999999881
2886  -10.342  -78.600  9.022 0.6999999881
8067  -14.818  -70.609  8.948 0.6000000238
4686  -11.903  -74.902  10.085 0.6000000238
1763  -10.278  -80.230  9.169 0.6999999881
6513  -15.610  -72.147  10.748 0.6000000238
5313  -13.118  -74.513  11.766 0.4000000060
4676  -12.479  -75.442  11.166 0.4000000060
4077  -12.355  -75.867  10.517 0.5000000000
4083  -12.191  -76.163  9.334 0.6000000238
4094  -11.857  -76.857  8.690 0.6000000238
2279  -10.782  -78.857  8.699 0.6000000238
128501  -14.955  -73.421  12.246 0.5000000000
5890  -14.803  -73.800  13.331 0.5000000000
5314  -14.176  -74.105  12.386 0.5000000000
5305  -13.518  -74.929  12.909 0.5000000000
3487  -12.716  -76.704  11.372 0.4000000060
3506  -12.742  -76.679  10.314 0.6000000238
11587  -10.313  -65.274  17.983 0.6000000238
11626  -10.164  -65.408  16.457 0.6000000238
10750  -11.735  -66.008  19.141 0.6000000238
12491  -8.539  -63.945  15.395 0.6000000238
12466  -9.516  -64.253  16.695 0.5000000000
13296  -10.013  -63.728  17.143 0.6000000238
14181  -10.206  -62.385  16.225 0.6000000238
10785  -11.862  -66.231  17.269 0.6000000238
13327  -7.748  -63.254  15.683 0.6999999881
14194  -8.717  -62.007  15.759 0.6000000238
15099  -10.151  -60.756  15.922 0.6000000238
132557  -14.028  -66.379  15.610 0.5000000000
10786  -12.872  -66.397  16.726 0.6000000238
13313  -7.216  -63.412  16.435 0.6000000238
15098  -9.384  -61.181  16.006 0.6999999881
10821  -14.477  -65.980  13.988 0.5000000000
14179  -8.257  -62.228  16.959 0.6999999881
128479  -14.838  -65.950  13.187 0.6000000238
14159  -8.419  -62.553  18.483 0.6000000238
10107  -15.027  -66.520  11.401 0.6000000238
10858  -15.113  -66.171  11.866 0.6000000238
10093  -15.994  -66.676  11.264 0.6000000238
10109  -15.987  -67.016  10.840 0.6000000238
8746  -16.288  -68.678  10.264 0.6000000238
8055  -16.423  -69.630  10.350 0.6000000238
6496  -16.171  -72.105  13.992 0.6000000238
7306  -15.926  -71.181  9.941 0.6000000238
6474  -15.834  -72.570  14.850 0.6000000238
5899  -15.530  -72.715  12.109 0.6000000238
4091  -12.684  -76.806  8.840 0.6000000238
3520  -12.410  -77.381  8.487 0.6000000238
2897  -12.309  -78.185  8.379 0.6000000238
5883  -15.241  -73.382  14.326 0.5000000000
5882  -14.606  -74.197  14.294 0.5000000000
5306  -14.172  -74.520  13.528 0.5000000000
1765  -12.703  -79.755  9.022 0.6000000238
123816  -13.203  -77.404  11.299 0.4000000060
3513  -13.592  -77.208  8.991 0.6000000238
2898  -13.034  -77.779  8.359 0.6000000238
13278  -11.230  -63.866  18.506 0.6000000238
13279  -12.045  -63.508  18.796 0.5000000000
124641  -12.439  -63.938  19.525 0.6000000238
138713  -13.451  -63.439  19.543 0.5000000000
12467  -10.050  -64.733  17.733 0.6000000238
14184  -13.226  -62.126  17.382 0.6000000238
11588  -10.988  -65.492  18.618 0.5000000000
12434  -12.130  -64.893  19.814 0.5000000000
11570  -12.164  -65.763  19.718 0.5000000000
14182  -11.146  -62.229  16.581 0.5000000000
14161  -11.683  -63.011  17.784 0.6000000238
14197  -11.315  -61.324  16.129 0.5000000000
10759  -12.371  -66.510  18.761 0.6000000238
15086  -9.246  -61.251  16.533 0.6999999881
15947  -10.398  -60.605  16.181 0.6000000238
15939  -10.433  -60.585  16.801 0.6000000238
10822  -15.108  -66.477  14.147 0.5000000000
14138  -9.055  -62.222  19.338 0.5000000000
136581  -9.730  -62.076  18.939 0.6999999881
10842  -15.347  -66.242  12.839 0.5000000000
9327  -16.381  -67.480  11.839 0.5000000000
9344  -16.485  -68.004  10.888 0.6000000238
8024  -16.630  -70.645  13.155 0.6000000238
8042  -16.622  -70.136  11.680 0.5000000000
7240  -16.504  -71.377  14.114 0.6000000238
7258  -16.381  -71.630  13.129 0.6000000238
5288  -14.970  -74.131  16.161 0.5000000000
3498  -14.033  -77.725  10.603 0.5000000000
127239  -14.099  -77.449  9.650 0.5000000000
2899  -13.790  -77.900  8.378 0.6000000238
2282  -13.781  -78.980  8.415 0.6000000238
14163  -13.606  -62.681  18.481 0.6000000238
140435  -12.816  -63.262  18.963 0.6000000238
121116  -14.646  -61.573  17.148 0.6000000238
12435  -12.925  -64.380  20.143 0.5000000000
15088  -12.816  -61.450  16.665 0.6000000238
15102  -12.872  -60.794  16.373 0.6999999881
137739  -13.041  -66.709  19.763 0.6000000238
15949  -11.880  -60.119  16.672 0.6000000238
15960  -11.286  -60.525  16.286 0.6000000238
10760  -13.184  -66.808  18.217 0.6000000238
15051  -11.078  -61.391  18.964 0.6000000238
15940  -11.888  -60.048  17.285 0.6000000238
10788  -14.379  -66.711  16.090 0.5000000000
10053  -16.268  -67.727  13.383 0.5000000000
15048  -8.841  -61.443  20.200 0.5000000000
15050  -10.411  -61.717  19.259 0.6000000238
122625  -16.605  -68.530  12.106 0.5000000000
8002  -16.626  -70.520  14.526 0.6000000238
8718  -16.669  -69.551  12.595 0.5000000000
137273  -16.257  -72.074  16.390 0.5000000000
6456  -16.235  -71.980  15.490 0.5000000000
2887  -15.287  -77.946  9.210 0.6000000238
3523  -14.963  -77.969  8.704 0.6000000238
15090  -15.358  -61.615  17.594 0.6000000238
14165  -15.261  -62.055  18.383 0.5000000000
14139  -15.018  -62.598  19.205 0.5000000000
15104  -15.298  -61.227  16.788 0.6999999881
13253  -13.835  -63.935  20.385 0.5000000000
15963  -14.319  -60.307  16.260 0.6999999881
15103  -14.479  -61.041  16.517 0.6000000238
12412  -14.297  -64.464  21.000 0.5000000000
16764  -12.647  -59.873  16.636 0.6000000238
11553  -13.324  -65.877  20.670 0.5000000000
9963  -13.666  -67.274  19.463 0.6000000238
16752  -13.297  -59.454  17.516 0.6999999881
9981  -14.153  -67.521  18.529 0.6000000238
15928  -12.167  -60.479  18.592 0.6000000238
138002  -14.707  -67.421  17.057 0.6000000238
15908  -11.513  -61.033  20.592 0.6999999881
15927  -11.636  -61.106  19.381 0.6999999881
138673  -15.522  -67.105  14.688 0.5000000000
10803  -15.135  -66.958  15.267 0.5000000000
15025  -9.952  -61.155  20.662 0.6000000238
10035  -15.962  -67.677  14.607 0.5000000000
15907  -10.106  -60.849  21.029 0.5000000000
8682  -16.401  -69.155  15.460 0.6000000238
15003  -9.179  -60.786  21.511 0.6000000238
8703  -16.553  -69.518  14.566 0.5000000000
139277  -16.581  -70.741  15.443 0.6000000238
6442  -16.400  -72.022  17.310 0.5000000000
15091  -16.088  -61.222  17.265 0.6999999881
15074  -15.954  -61.662  18.217 0.5000000000
14166  -15.786  -62.190  19.001 0.5000000000
15978  -16.474  -59.995  15.376 0.8000000119
131415  -16.537  -60.488  15.959 0.6999999881
14140  -15.657  -62.650  19.693 0.5000000000
13255  -15.608  -63.150  20.311 0.5000000000
17560  -15.230  -58.490  16.327 0.6999999881
16786  -15.766  -59.347  15.610 0.6999999881
15977  -15.691  -60.247  15.862 0.8000000119
17559  -14.453  -58.944  16.599 0.6999999881
12413  -15.135  -64.213  21.193 0.5000000000
16753  -14.117  -59.174  18.060 0.6999999881
16766  -13.949  -59.150  17.135 0.6999999881
10731  -13.931  -66.338  21.070 0.6000000238
11539  -13.991  -65.405  21.185 0.5000000000
131114  -13.770  -59.742  19.766 0.6000000238
16739  -13.530  -59.651  18.609 0.6000000238
9982  -14.771  -68.000  18.305 0.6000000238
122826  -12.717  -60.434  20.474 0.6999999881
16720  -12.980  -60.230  19.398 0.6999999881
10034  -15.608  -67.583  15.438 0.6000000238
126456  -15.160  -67.671  16.762 0.6000000238
15876  -11.320  -60.893  21.353 0.6000000238
9270  -15.920  -68.717  16.832 0.6000000238
7958  -16.422  -69.666  16.211 0.6000000238
14975  -8.726  -61.370  21.923 0.6000000238
124244  -16.533  -70.493  16.161 0.6000000238
140886  -16.409  -71.614  16.650 0.5000000000
15980  -17.618  -59.673  14.932 0.6000000238
15952  -17.664  -60.050  16.539 0.5000000000
15951  -17.212  -60.550  17.387 0.5000000000
14117  -16.174  -62.700  20.152 0.5000000000
17574  -16.618  -58.422  15.122 0.8000000119
13256  -16.209  -63.282  20.835 0.5000000000
17544  -15.610  -57.988  16.979 0.6999999881
10741  -14.072  -67.052  20.885 0.6000000238
130835  -9.302  -64.334  24.614 0.6000000238
17530  -14.860  -58.942  18.678 0.8000000119
13200  -10.602  -63.852  24.157 0.6000000238
119430  -14.051  -59.619  20.778 0.6999999881
17507  -14.932  -59.130  19.629 0.8000000119
9964  -14.132  -67.530  20.283 0.6000000238
13210  -9.299  -63.538  23.392 0.6000000238
15877  -12.804  -60.325  21.321 0.6000000238
9269  -15.514  -68.298  17.137 0.6000000238
8652  -15.860  -68.970  17.479 0.6000000238
118909  -10.071  -62.102  22.636 0.6000000238
14977  -10.458  -61.237  22.220 0.6000000238
15840  -11.262  -60.843  22.003 0.6000000238
8653  -16.226  -69.340  16.925 0.6000000238
8636  -16.231  -69.779  17.763 0.6000000238
15004  -9.791  -60.908  21.730 0.5000000000
7193  -16.602  -71.290  17.888 0.5000000000
6423  -17.198  -72.004  18.983 0.5000000000
7170  -17.333  -71.522  19.502 0.5000000000
16777  -18.095  -59.687  15.685 0.5000000000
130101  -17.904  -59.903  17.481 0.5000000000
16799  -17.634  -59.328  14.504 0.6000000238
16800  -18.257  -59.199  14.395 0.5000000000
18455  -16.440  -57.401  16.004 0.8000000119
18478  -17.244  -58.210  14.683 0.6999999881
18448  -16.286  -57.511  16.741 0.8000000119
130437  -15.710  -58.253  17.753 0.8000000119
11540  -14.562  -65.931  21.556 0.6000000238
13236  -16.627  -63.729  21.632 0.5000000000
12337  -9.937  -64.532  26.153 0.6000000238
17519  -16.058  -58.470  19.274 0.8000000119
11541  -15.305  -65.589  21.919 0.5000000000
13202  -12.421  -63.653  24.577 0.6999999881
12354  -10.537  -64.469  25.509 0.6000000238
16699  -15.400  -58.997  21.074 0.8000000119
9233  -14.493  -67.998  19.411 0.6000000238
9953  -14.627  -67.562  21.086 0.6000000238
10733  -15.139  -66.449  21.893 0.6000000238
13201  -11.516  -63.775  24.335 0.6000000238
135349  -15.686  -69.338  19.040 0.6000000238
8635  -15.200  -68.691  18.930 0.6000000238
135084  -15.090  -68.182  21.083 0.6000000238
14052  -10.467  -62.776  23.144 0.6000000238
15841  -12.702  -60.408  22.105 0.6000000238
16697  -13.947  -59.676  21.693 0.5000000000
8614  -16.023  -69.748  19.593 0.6000000238
14073  -11.474  -61.349  22.538 0.6000000238
7922  -16.525  -70.561  18.436 0.6000000238
7903  -16.508  -70.373  19.359 0.6000000238
7904  -17.052  -70.858  19.893 0.5000000000
7158  -18.617  -71.521  20.612 0.5000000000
7171  -18.144  -71.881  20.004 0.5000000000
6398  -19.070  -72.067  20.222 0.5000000000
17587  -18.001  -58.761  14.203 0.6000000238
19409  -17.001  -57.003  15.652 0.6999999881
12302  -10.370  -64.236  28.071 0.6000000238
120464  -10.177  -64.457  27.100 0.6000000238
18449  -16.943  -57.238  17.458 0.8000000119
12393  -16.305  -64.467  22.009 0.5000000000
12338  -11.713  -64.288  26.674 0.6000000238
126665  -17.425  -57.286  18.556 0.8000000119
11530  -16.638  -65.789  22.651 0.5000000000
12367  -12.735  -63.825  25.355 0.6999999881
17495  -15.987  -58.640  20.848 0.8000000119
9954  -15.343  -67.765  21.616 0.6000000238
10721  -15.870  -66.142  22.310 0.6000000238
14041  -12.965  -63.172  24.231 0.8000000119
16669  -15.317  -59.158  21.879 0.6999999881
9226  -15.363  -68.773  20.605 0.6000000238
9941  -16.069  -68.025  22.058 0.6000000238
14055  -13.661  -62.660  24.087 0.6999999881
14963  -13.564  -61.681  23.380 0.6999999881
15842  -13.849  -59.940  22.334 0.6000000238
8600  -15.932  -69.503  20.453 0.6000000238
138688  -17.554  -68.698  22.529 0.6000000238
14053  -11.764  -62.189  23.164 0.6000000238
8584  -16.691  -69.467  21.568 0.5000000000
7885  -17.357  -70.710  20.738 0.5000000000
19437  -18.406  -57.382  14.479 0.6000000238
17603  -19.559  -58.460  13.740 0.5000000000
13151  -10.008  -63.621  29.422 0.6000000238
19425  -18.628  -56.856  15.072 0.6999999881
12301  -10.002  -64.065  28.763 0.6000000238
19398  -17.469  -56.710  16.947 0.6999999881
119237  -18.576  -56.484  16.688 0.6000000238
13182  -11.820  -63.932  27.436 0.6000000238
13165  -11.751  -63.373  27.961 0.6000000238
19388  -17.711  -56.826  17.852 0.6000000238
138763  -18.004  -56.839  18.556 0.6999999881
13184  -13.519  -63.137  26.142 0.8000000119
18434  -17.527  -57.504  19.393 0.6999999881
18426  -17.980  -57.441  19.954 0.6000000238
13192  -13.380  -63.438  25.468 0.8000000119
17481  -15.960  -58.762  21.565 0.8000000119
17497  -17.241  -58.206  21.411 0.6999999881
134339  -15.033  -61.685  24.246 0.6999999881
122241  -14.600  -61.372  23.636 0.6999999881
119440  -15.910  -59.699  23.166 0.6000000238
16670  -16.063  -59.063  22.439 0.8000000119
13141  -10.395  -63.034  29.465 0.6000000238
13153  -11.224  -63.288  28.456 0.6000000238
14018  -12.647  -62.702  27.184 0.6999999881
19378  -19.334  -56.625  19.206 0.6000000238
132850  -12.910  -63.271  26.762 0.6999999881
14030  -14.116  -62.430  26.096 0.6999999881
18427  -18.530  -57.354  20.591 0.6999999881
18418  -18.418  -57.567  21.300 0.6000000238
14947  -14.797  -61.932  25.699 0.8000000119
15806  -15.863  -60.776  25.226 0.6000000238
15815  -15.910  -60.686  24.415 0.5000000000
17483  -17.466  -58.339  22.281 0.6999999881
18408  -19.025  -57.563  22.803 0.6999999881
19359  -19.973  -56.911  20.953 0.6000000238
14953  -14.971  -62.095  24.897 0.8000000119
16651  -17.213  -59.171  23.832 0.6000000238
16650  -16.551  -59.355  23.286 0.6000000238
13985  -9.768  -62.208  30.691 0.6000000238
14900  -10.496  -61.691  29.279 0.6000000238
14926  -11.591  -61.832  27.786 0.6999999881
13993  -10.796  -62.674  28.958 0.6000000238
14927  -12.248  -62.084  27.389 0.6999999881
15800  -13.778  -60.747  26.621 0.6999999881
14941  -13.551  -61.691  26.655 0.6999999881
15801  -14.749  -60.693  26.372 0.6000000238
126557  -19.195  -57.069  20.503 0.6000000238
15802  -15.563  -60.661  25.995 0.6000000238
16639  -16.987  -59.541  24.666 0.6000000238
19371  -20.562  -56.637  20.468 0.5000000000
142583  -20.008  -56.898  22.830 0.6000000238
19360  -20.852  -56.526  21.349 0.5000000000
19361  -21.631  -56.003  21.583 0.5000000000
19337  -20.066  -56.544  23.468 0.6000000238
19350  -20.526  -56.405  22.840 0.5000000000
15759  -9.285  -60.610  30.075 0.6000000238
14899  -10.013  -61.399  30.098 0.6000000238
14912  -11.010  -61.905  28.542 0.6999999881
14925  -10.811  -61.144  27.927 0.6999999881
15798  -11.772  -60.595  26.892 0.6999999881
15799  -12.673  -60.831  26.804 0.6999999881
126164  -13.119  -59.884  26.656 0.6000000238
130969  -14.123  -59.896  26.577 0.5000000000
17432  -15.194  -58.773  26.488 0.6999999881
18361  -15.569  -58.129  26.358 0.6000000238
133200  -15.926  -59.465  26.297 0.6000000238
121789  -17.246  -58.248  25.705 0.6000000238
19308  -17.610  -56.731  25.484 0.6000000238
130123  -18.708  -57.625  24.159 0.6000000238
138532  -19.297  -56.547  24.419 0.5000000000
20273  -20.094  -55.547  23.983 0.5000000000
20291  -21.190  -55.226  22.994 0.5000000000
120554  -6.928  -59.505  27.655 0.6999999881
16606  -7.527  -59.534  27.061 0.6999999881
126498  -6.717  -59.274  26.759 0.6999999881
15772  -9.549  -60.070  28.664 0.6000000238
16620  -8.320  -59.410  26.548 0.6999999881
16629  -7.333  -59.085  25.835 0.6999999881
18366  -7.594  -58.006  25.459 0.6999999881
19320  -7.572  -56.596  24.691 0.6000000238
15773  -10.177  -60.521  28.286 0.6999999881
16608  -9.106  -59.602  27.007 0.6999999881
17426  -8.585  -58.902  26.035 0.6999999881
18367  -8.553  -57.668  25.542 0.6999999881
15797  -10.634  -60.030  26.869 0.6999999881
15796  -9.866  -59.767  26.973 0.6999999881
142698  -9.303  -57.470  25.697 0.6999999881
17429  -12.670  -58.897  26.521 0.6999999881
17430  -13.547  -58.356  26.462 0.6000000238
133626  -14.313  -59.046  26.556 0.6000000238
131532  -16.149  -56.782  25.923 0.6000000238
125281  -16.118  -55.196  25.009 0.6000000238
131232  -16.361  -57.948  26.172 0.6000000238
19307  -16.933  -56.529  25.659 0.6000000238
20250  -17.309  -56.001  25.333 0.6000000238
20251  -18.101  -56.177  25.163 0.5000000000
21226  -18.255  -54.869  24.500 0.6000000238
21251  -18.723  -54.316  24.018 0.6000000238
19322  -18.735  -56.343  24.817 0.5000000000
21227  -19.181  -54.989  24.386 0.5000000000
21252  -19.618  -54.429  23.870 0.5000000000
16596  -6.625  -59.468  28.311 0.6999999881
17439  -6.708  -58.473  25.790 0.6999999881
18383  -6.580  -57.190  25.095 0.6000000238
19318  -6.431  -56.533  24.554 0.6000000238
20287  -6.953  -55.594  23.452 0.6000000238
20288  -8.533  -54.750  22.873 0.4000000060
19299  -9.007  -56.810  25.373 0.6000000238
139423  -8.335  -56.343  24.841 0.5000000000
20262  -7.722  -55.936  24.247 0.5000000000
21273  -9.552  -54.445  22.343 0.4000000060
118807  -9.377  -54.294  21.298 0.5000000000
123464  -11.275  -60.184  26.783 0.6999999881
135384  -10.509  -58.887  26.419 0.8000000119
17443  -9.877  -57.753  26.016 0.6999999881
20263  -9.623  -55.524  24.680 0.5000000000
21217  -9.970  -54.871  24.053 0.4000000060
21274  -10.489  -54.299  22.415 0.4000000060
126890  -10.265  -54.291  21.517 0.4000000060
21291  -11.017  -54.152  20.899 0.4000000060
16622  -11.057  -59.455  26.585 0.8000000119
18356  -11.230  -57.830  26.298 0.8000000119
133566  -10.537  -58.135  26.288 0.8000000119
19301  -10.578  -56.405  25.581 0.8000000119
135609  -11.282  -55.183  24.736 0.6000000238
21218  -10.838  -54.759  24.206 0.5000000000
21244  -11.187  -54.153  22.949 0.4000000060
21275  -11.103  -54.147  21.964 0.4000000060
125567  -12.009  -59.835  26.683 0.6999999881
18358  -12.779  -58.034  26.382 0.8000000119
131536  -12.938  -56.812  25.992 0.6999999881
19305  -14.260  -56.396  25.736 0.5000000000
21245  -12.005  -54.242  23.636 0.5000000000
21276  -12.026  -53.834  22.505 0.4000000060
120509  -12.600  -53.629  20.826 0.4000000060
18359  -14.022  -57.643  26.322 0.6000000238
19306  -15.117  -56.573  25.873 0.5000000000
20268  -15.493  -55.500  25.215 0.5000000000
21224  -16.416  -54.718  24.563 0.6000000238
21225  -17.329  -54.758  24.556 0.6000000238
21250  -17.774  -54.255  24.023 0.6000000238
17419  -6.347  -58.970  27.085 0.6000000238
17425  -6.351  -58.168  26.721 0.5000000000
18382  -6.139  -56.734  24.885 0.5000000000
19317  -5.704  -56.026  24.232 0.4000000060
19336  -6.229  -55.916  23.756 0.5000000000
20308  -7.436  -55.012  22.847 0.5000000000
21272  -8.526  -54.433  21.907 0.5000000000
21290  -8.527  -54.154  21.322 0.5000000000
22282  -9.427  -53.650  20.490 0.5000000000
23262  -9.602  -52.932  20.349 0.5000000000
119790  -10.208  -54.177  20.632 0.5000000000
23280  -11.269  -52.789  19.443 0.5000000000
19302  -11.417  -56.553  25.773 0.6999999881
20265  -12.131  -55.321  24.972 0.6000000238
20266  -12.988  -54.992  24.734 0.5000000000
21219  -11.638  -54.730  24.348 0.5000000000
21318  -11.402  -53.697  19.706 0.5000000000
22309  -12.065  -52.731  19.057 0.5000000000
18357  -11.971  -58.107  26.403 0.8000000119
19303  -12.205  -56.722  25.893 0.6999999881
19304  -13.370  -56.219  25.603 0.6000000238
22212  -12.844  -53.928  23.260 0.5000000000
22236  -13.099  -53.626  22.402 0.4000000060
134764  -13.381  -53.452  21.381 0.5000000000
22284  -12.244  -53.725  20.073 0.4000000060
22295  -12.613  -53.320  19.051 0.5000000000
20267  -14.674  -55.275  25.009 0.5000000000
21247  -14.965  -54.245  23.887 0.5000000000
134835  -14.121  -54.219  23.821 0.6000000238
22213  -13.691  -53.777  23.165 0.5000000000
22262  -14.349  -53.197  21.379 0.5000000000
125465  -14.415  -52.963  20.421 0.5000000000
21248  -15.893  -54.208  23.936 0.5000000000
22216  -16.377  -53.721  23.274 0.5000000000
22214  -14.486  -53.814  23.311 0.5000000000
138416  -14.965  -53.249  22.064 0.5000000000
128460  -16.820  -53.272  22.582 0.6000000238
18349  -5.916  -57.204  27.133 0.5000000000
19291  -5.476  -56.528  26.395 0.5000000000
19298  -5.669  -56.407  25.005 0.5000000000
20261  -5.122  -55.329  23.920 0.4000000060
139796  -5.621  -55.060  23.078 0.4000000060
19287  -5.181  -56.386  27.295 0.5000000000
20242  -4.943  -55.546  24.576 0.4000000060
21271  -6.925  -54.618  22.327 0.5000000000
120108  -7.680  -54.312  21.826 0.6000000238
22260  -7.646  -53.824  21.487 0.5000000000
23261  -8.859  -53.074  20.846 0.5000000000
23241  -9.147  -52.219  21.062 0.4000000060
24285  -10.855  -52.129  20.048 0.4000000060
25317  -11.646  -51.270  20.654 0.4000000060
20241  -3.921  -55.163  24.869 0.4000000060
20260  -4.314  -54.917  24.170 0.4000000060
20285  -5.511  -54.738  23.047 0.4000000060
21270  -6.405  -54.192  22.352 0.5000000000
22259  -6.801  -53.628  22.024 0.5000000000
23239  -7.273  -52.944  21.848 0.5000000000
22211  -5.805  -53.553  23.077 0.4000000060
23201  -6.532  -52.823  22.931 0.4000000060
23222  -7.255  -52.354  22.546 0.5000000000
24238  -8.386  -51.265  22.367 0.4000000060
24258  -9.371  -51.292  21.514 0.4000000060
24259  -10.090  -51.101  21.303 0.4000000060
25299  -10.842  -51.075  21.202 0.4000000060
20259  -3.485  -54.675  24.682 0.4000000060
21240  -4.520  -54.579  23.881 0.4000000060
22210  -5.306  -53.997  23.249 0.4000000060
22187  -4.608  -53.338  25.177 0.4000000060
22188  -5.708  -53.298  25.195 0.4000000060
23183  -6.054  -53.189  23.592 0.4000000060
23184  -6.840  -52.585  23.569 0.4000000060
23202  -7.338  -52.024  23.038 0.5000000000
25272  -8.592  -50.804  22.762 0.5000000000
25297  -8.902  -50.810  22.204 0.4000000060
25298  -9.607  -50.404  22.042 0.4000000060
24194  -7.790  -52.025  23.685 0.4000000060
130824  -9.631  -50.493  23.594 0.4000000060
26333  -10.296  -49.710  22.839 0.4000000060
135562  -9.738  -49.996  22.610 0.4000000060
26353  -10.781  -50.413  21.985 0.4000000060
128013  -3.795  -53.355  25.339 0.4000000060
22177  -4.547  -53.146  26.018 0.3000000119
22189  -6.841  -53.349  25.719 0.3000000119
133488  -7.320  -52.683  24.325 0.4000000060
23136  -6.054  -52.829  27.405 0.4000000060
22178  -6.252  -53.396  26.274 0.3000000119
22179  -7.053  -53.426  26.497 0.3000000119
23170  -7.514  -53.076  25.273 0.4000000060
23159  -9.979  -52.160  26.097 0.5000000000
122930  -10.312  -51.420  24.762 0.4000000060
26314  -10.435  -49.736  23.294 0.4000000060
26315  -11.238  -49.421  23.189 0.4000000060
25276  -13.064  -51.258  22.672 0.3000000119
24173  -10.385  -51.632  26.329 0.5000000000
24174  -11.105  -51.307  25.995 0.5000000000
25225  -10.805  -50.440  24.261 0.4000000060
26294  -11.972  -49.150  23.721 0.4000000060
25244  -12.436  -49.388  23.537 0.3000000119
22161  -4.565  -52.757  26.743 0.4000000060
24151  -6.173  -51.861  27.643 0.4000000060
24152  -7.409  -51.863  27.494 0.4000000060
23138  -7.871  -52.593  27.283 0.5000000000
23172  -9.280  -52.580  26.062 0.5000000000
25181  -6.657  -50.806  27.403 0.4000000060
24172  -9.469  -51.991  26.739 0.5000000000
25200  -10.037  -51.115  26.757 0.5000000000
25201  -10.856  -51.053  26.428 0.4000000060
26276  -12.207  -50.112  25.460 0.4000000060
27303  -12.571  -49.107  23.840 0.3000000119
26267  -9.656  -50.161  26.825 0.3000000119
138108  -10.493  -50.483  26.681 0.3000000119
26269  -11.737  -50.071  26.420 0.3000000119
135320  -5.467  -52.288  27.522 0.4000000060
26255  -7.018  -50.089  27.206 0.3000000119
123783  -7.569  -49.147  26.872 0.4000000060
26277  -13.047  -49.101  25.648 0.3000000119
26254  -5.982  -49.551  27.211 0.3000000119
27256  -5.900  -47.976  26.920 0.3000000119
11650  -10.385  -65.332  15.211 0.6000000238
11606  -9.858  -65.096  17.289 0.5000000000
18394  -18.870  -57.615  23.490 0.6000000238
17453  -17.888  -58.566  24.191 0.6000000238
6430  -9.874  -71.997  17.024 0.5000000000
7182  -12.396  -71.815  18.150 0.6000000238
9268  -11.349  -68.578  18.018 0.5000000000
131058  -12.613  -72.249  17.488 0.6999999881
5276  -11.720  -74.674  16.676 0.6999999881
5277  -12.121  -74.035  16.183 0.6999999881
7219  -13.424  -70.808  15.237 0.6999999881
5870  -12.330  -73.311  15.328 0.6999999881
122396  -12.650  -72.425  14.792 0.6999999881
10090  -12.576  -66.917  12.000 0.5000000000
4666  -11.066  -74.927  13.194 0.6999999881
8023  -14.267  -69.592  12.837 0.6999999881
8022  -13.855  -70.320  13.261 0.6999999881
125117  -13.968  -70.266  10.439 0.6999999881
131131  -11.338  -65.381  14.432 0.6000000238
5329  -11.010  -73.812  9.706 0.6999999881
137282  -15.727  -69.490  9.644 0.6000000238
6534  -15.182  -71.588  9.382 0.6000000238
5906  -14.166  -73.064  10.382 0.5000000000
13329  -8.514  -63.053  15.565 0.6999999881
8054  -16.051  -70.223  9.562 0.6000000238
4090  -11.949  -76.449  8.909 0.6000000238
2895  -10.931  -77.984  8.759 0.6000000238
7257  -16.065  -71.942  12.105 0.5000000000
5871  -14.852  -74.060  15.179 0.5000000000
3507  -13.426  -77.203  10.033 0.5000000000
13315  -9.444  -62.842  15.943 0.6000000238
14193  -8.257  -62.112  16.039 0.6999999881
10787  -13.765  -66.536  16.382 0.6000000238
8729  -16.625  -69.039  11.194 0.5000000000
7307  -16.432  -70.656  10.712 0.5000000000
6495  -15.940  -72.389  13.116 0.6000000238
127524  -15.724  -72.691  13.917 0.5000000000
2281  -12.689  -79.073  8.460 0.6000000238
3522  -14.098  -77.682  8.606 0.6000000238
2877  -15.460  -78.233  10.191 0.5000000000
16751  -12.540  -59.704  17.070 0.6000000238
12392  -15.559  -64.744  21.736 0.5000000000
12374  -8.879  -64.121  23.925 0.6000000238
14071  -8.945  -62.332  22.481 0.6000000238
7939  -16.468  -70.123  16.935 0.6000000238
13212  -10.981  -63.314  23.687 0.6000000238
17509  -16.507  -58.344  20.201 0.8000000119
13213  -11.976  -63.141  23.751 0.6000000238
8583  -15.995  -69.185  21.211 0.6000000238
14978  -12.958  -60.809  22.676 0.6000000238
7884  -16.556  -70.210  20.358 0.6000000238
17510  -17.081  -58.141  20.717 0.8000000119
121556  -16.673  -67.545  22.551 0.6000000238
139513  -15.369  -59.429  22.512 0.6000000238
15826  -13.907  -60.618  22.969 0.6999999881
15828  -15.709  -60.416  23.660 0.6000000238
16631  -16.754  -59.606  25.335 0.6000000238
17465  -17.738  -58.510  23.272 0.6999999881
17444  -17.835  -58.349  25.046 0.6000000238
19338  -20.547  -55.840  23.483 0.5000000000
18360  -14.835  -57.863  26.361 0.5000000000
140517  -18.215  -57.302  25.135 0.6000000238
21253  -20.382  -54.576  23.583 0.5000000000
15770  -7.021  -59.779  28.535 0.6999999881
15783  -8.734  -59.711  28.415 0.6000000238
16630  -7.860  -59.159  25.982 0.6999999881
17427  -9.694  -58.693  26.251 0.8000000119
18368  -9.905  -56.972  25.679 0.6000000238
17438  -6.478  -58.185  26.045 0.6000000238
20289  -9.049  -55.089  23.842 0.5000000000
121952  -8.645  -55.674  24.407 0.5000000000
123126  -13.078  -53.483  20.329 0.5000000000
18355  -6.099  -57.423  26.197 0.5000000000
22293  -10.933  -53.465  19.594 0.5000000000
20246  -12.717  -55.818  25.335 0.6000000238
128041  -13.844  -55.137  24.842 0.6000000238
22239  -16.092  -53.352  22.550 0.5000000000
19297  -4.906  -55.874  25.513 0.5000000000
139565  -8.509  -52.378  21.378 0.5000000000
23221  -6.717  -53.003  22.343 0.6000000238
22186  -3.829  -53.793  24.677 0.4000000060
129790  -4.777  -53.662  24.307 0.4000000060
22197  -5.345  -53.673  23.645 0.4000000060
135610  -5.353  -53.311  25.952 0.3000000119
23169  -6.513  -53.093  24.541 0.4000000060
24210  -8.597  -51.152  23.461 0.5000000000
25243  -8.879  -50.453  23.021 0.4000000060
24195  -8.811  -52.091  24.450 0.4000000060
137630  -9.431  -51.516  24.297 0.4000000060
26334  -10.848  -49.717  22.671 0.4000000060
25274  -11.505  -50.505  22.363 0.4000000060
23157  -7.574  -53.259  27.014 0.3000000119
23158  -8.507  -52.797  26.761 0.5000000000
136829  -8.935  -52.559  25.323 0.4000000060
24196  -11.133  -51.173  25.337 0.5000000000
24183  -9.720  -52.171  25.292 0.4000000060
25275  -12.304  -50.583  22.843 0.4000000060
25203  -12.107  -50.274  26.039 0.5000000000
25226  -11.667  -50.407  24.923 0.4000000060
139436  -12.083  -49.653  24.531 0.4000000060
24153  -8.433  -51.965  27.258 0.5000000000
25198  -7.782  -49.991  27.064 0.5000000000
25199  -8.890  -50.914  27.052 0.4000000060
26270  -12.471  -49.530  26.240 0.4000000060
26266  -8.516  -49.661  26.879 0.4000000060
26264  -6.032  -48.565  26.957 0.3000000119
27257  -6.736  -48.302  26.669 0.3000000119
27258  -7.934  -48.627  26.628 0.3000000119
589  -11.058  -83.462  14.235 0.5000000000
899  -11.589  -83.116  13.788 0.5000000000
875  -12.510  -82.663  15.027 0.5000000000
888  -11.847  -82.953  14.582 0.5000000000
1240  -12.650  -82.111  15.543 0.5000000000
889  -12.870  -82.537  14.678 0.5000000000
1241  -13.733  -81.969  15.528 0.6000000238
595  -10.789  -83.492  13.387 0.5000000000
911  -11.346  -82.904  12.935 0.5000000000
912  -12.007  -82.501  13.443 0.5000000000
901  -13.345  -82.297  14.180 0.5000000000
134450  -14.294  -81.462  15.849 0.6000000238
890  -13.878  -82.450  14.662 0.6000000238
876  -13.352  -82.481  15.093 0.6000000238
599  -10.025  -83.552  12.852 0.4000000060
130876  -8.583  -81.116  12.947 0.4000000060
136083  -8.598  -81.266  11.751 0.4000000060
133691  -8.427  -82.034  11.857 0.5000000000
917  -8.729  -82.170  11.639 0.5000000000
597  -8.332  -83.249  12.831 0.5000000000
918  -9.328  -82.380  11.524 0.5000000000
1281  -9.058  -81.759  10.935 0.5000000000
598  -9.182  -83.412  12.679 0.5000000000
134975  -10.250  -82.469  11.636 0.5000000000
1232  -15.016  -81.383  15.865 0.6000000238
1689  -15.341  -80.586  16.277 0.6000000238
142169  -10.808  -82.163  11.559 0.5000000000
919  -11.044  -82.446  12.093 0.5000000000
1283  -11.365  -81.702  11.535 0.5000000000
1242  -14.703  -82.146  15.421 0.6000000238
1274  -11.956  -81.868  12.652 0.5000000000
1267  -13.701  -81.832  13.449 0.6000000238
891  -14.904  -82.581  14.546 0.6000000238
1233  -15.970  -81.359  15.830 0.6000000238
903  -15.450  -82.611  13.871 0.6000000238
879  -16.178  -82.606  14.921 0.6000000238
880  -16.897  -82.496  14.901 0.6999999881
904  -16.471  -82.704  13.713 0.6000000238
126052  -17.190  -82.631  14.035 0.6999999881
2856  -10.016  -79.139  13.981 0.6000000238
2245  -10.314  -78.806  13.338 0.6000000238
2864  -10.519  -78.258  12.653 0.6000000238
2244  -9.791  -79.642  13.135 0.5000000000
2251  -9.553  -79.891  11.917 0.5000000000
2258  -9.739  -79.359  11.086 0.6000000238
1280  -8.697  -81.550  11.200 0.5000000000
130253  -8.954  -80.573  11.499 0.5000000000
1753  -9.044  -80.608  10.075 0.5000000000
925  -9.747  -81.891  10.870 0.5000000000
1754  -9.754  -80.828  9.647 0.5000000000
1282  -10.567  -81.852  11.028 0.5000000000
2195  -16.226  -79.248  17.130 0.6999999881
2206  -15.776  -79.850  16.670 0.6000000238
2207  -16.772  -79.907  16.648 0.8000000119
1284  -12.226  -81.228  11.950 0.5000000000
1744  -12.879  -80.813  11.670 0.5000000000
1285  -13.640  -81.045  11.977 0.6000000238
1234  -16.938  -81.365  15.743 0.6999999881
1691  -17.353  -80.626  16.159 0.6999999881
913  -14.841  -82.172  13.287 0.6000000238
1268  -17.611  -82.273  13.940 0.6999999881
914  -15.260  -81.980  12.338 0.6000000238
129826  -16.043  -82.393  12.034 0.6000000238
921  -16.896  -82.395  11.317 0.6999999881
905  -17.489  -82.267  12.898 0.6999999881
134922  -17.840  -81.860  13.141 0.6000000238
2844  -9.648  -79.009  14.882 0.5000000000
134965  -10.550  -78.128  13.528 0.6000000238
2868  -10.344  -78.323  11.344 0.6000000238
2266  -9.373  -79.717  10.051 0.6000000238
2874  -9.808  -79.201  9.447 0.6000000238
1290  -10.154  -81.430  10.208 0.5000000000
1764  -11.162  -80.271  9.142 0.6000000238
2794  -16.661  -78.692  17.579 0.6999999881
1291  -11.089  -81.332  10.481 0.5000000000
133313  -11.979  -80.089  9.273 0.5000000000
2196  -17.171  -79.302  17.104 0.5000000000
2779  -17.900  -78.057  17.908 0.6000000238
1292  -11.997  -80.919  11.097 0.6000000238
1745  -13.639  -80.746  11.195 0.5000000000
2208  -17.672  -79.895  16.603 0.6000000238
1286  -14.574  -81.338  11.570 0.5000000000
1245  -17.302  -82.021  15.184 0.6999999881
1701  -17.700  -81.294  15.554 0.6000000238
1287  -15.597  -81.958  11.351 0.5000000000
140052  -17.656  -82.155  14.527 0.6000000238
1736  -18.252  -81.027  12.723 0.6000000238
1294  -15.801  -81.856  10.449 0.5000000000
926  -16.823  -82.286  10.574 0.6000000238
1288  -18.027  -81.795  11.348 0.5000000000
132493  -18.498  -81.888  9.525 0.5000000000
1760  -19.319  -80.327  10.456 0.5000000000
128409  -10.464  -77.859  14.933 0.6000000238
3460  -10.694  -77.553  14.121 0.6000000238
3447  -10.346  -77.627  15.703 0.4000000060
2273  -11.792  -79.679  8.793 0.5000000000
2197  -17.965  -79.275  17.060 0.6000000238
130751  -12.740  -80.142  9.822 0.5000000000
2209  -18.384  -79.598  16.513 0.5000000000
1746  -14.442  -80.880  10.659 0.5000000000
1702  -18.152  -80.998  15.350 0.5000000000
2219  -18.573  -79.989  15.798 0.5000000000
2810  -18.853  -78.908  16.799 0.5000000000
1768  -15.520  -80.803  9.217 0.5000000000
1731  -18.143  -81.281  13.675 0.5000000000
1732  -18.844  -80.152  13.251 0.5000000000
1299  -15.978  -81.579  9.653 0.6000000238
1305  -16.838  -81.162  8.455 0.6000000238
1747  -18.343  -81.000  11.778 0.5000000000
1748  -18.876  -80.360  11.354 0.6000000238
1306  -17.686  -81.308  8.099 0.6000000238
1307  -18.792  -81.424  8.054 0.5000000000
4017  -10.631  -76.367  16.610 0.4000000060
1766  -13.694  -79.979  9.438 0.5000000000
2220  -19.333  -79.348  15.395 0.5000000000
1767  -14.695  -80.344  9.364 0.5000000000
1775  -15.103  -79.926  8.743 0.5000000000
120114  -19.617  -79.729  12.547 0.5000000000
2233  -19.641  -79.434  14.625 0.5000000000
2234  -20.640  -79.390  14.263 0.5000000000
122402  -21.330  -79.406  14.724 0.5000000000
1258  -22.518  -81.594  13.764 0.5000000000
2285  -16.215  -79.412  8.165 0.6000000238
1780  -17.105  -79.699  7.813 0.6000000238
2253  -19.636  -79.733  11.535 0.5000000000
1309  -18.070  -80.819  7.520 0.6000000238
2274  -20.841  -79.401  9.804 0.5000000000
2292  -19.370  -79.773  6.827 0.5000000000
1786  -19.915  -80.250  6.744 0.5000000000
142774  -16.031  -78.283  8.975 0.5000000000
2246  -19.742  -79.637  13.373 0.5000000000
133542  -20.618  -79.597  13.563 0.5000000000
2235  -21.488  -79.930  13.874 0.5000000000
1720  -22.124  -80.830  13.929 0.5000000000
2900  -15.409  -78.428  8.533 0.5000000000
140328  -16.521  -78.562  8.614 0.6000000238
2254  -20.347  -79.547  12.149 0.5000000000
2255  -21.330  -79.694  12.277 0.5000000000
1738  -22.178  -80.642  12.647 0.5000000000
1269  -22.590  -81.476  13.031 0.5000000000
1270  -22.835  -81.984  13.605 0.5000000000
2913  -18.456  -79.532  7.317 0.5000000000
130935  -21.196  -79.142  10.838 0.5000000000
2267  -21.804  -78.822  10.256 0.5000000000
2871  -16.343  -78.425  10.559 0.5000000000
2263  -23.568  -79.802  11.029 0.5000000000
1750  -23.163  -80.633  11.721 0.5000000000
1739  -22.801  -81.198  12.352 0.5000000000
2867  -24.405  -79.829  12.656 0.4000000060
1751  -23.871  -80.442  11.527 0.4000000060
10818  -7.445  -66.616  14.458 0.4000000060
125791  -9.069  -64.490  25.948 0.5000000000
133461  -9.570  -64.310  28.315 0.5000000000
12317  -9.468  -64.429  27.594 0.5000000000
12284  -9.408  -63.708  30.095 0.5000000000
121055  -9.240  -64.239  29.010 0.5000000000
12336  -9.278  -64.485  26.755 0.5000000000
15757  -7.133  -60.180  29.407 0.5000000000
15756  -6.533  -59.878  29.120 0.5000000000
16595  -6.299  -59.037  28.177 0.5000000000
2288  -14.335  -78.502  8.378 0.5000000000
1774  -14.233  -79.620  8.785 0.5000000000
877  -14.313  -82.492  15.036 0.6000000238
1266  -12.747  -81.961  13.480 0.6000000238
878  -15.278  -82.603  14.971 0.6000000238
1276  -14.155  -81.511  12.599 0.6000000238
915  -16.531  -82.568  12.722 0.6999999881
2252  -10.195  -79.086  12.293 0.6000000238
1756  -12.767  -80.508  10.738 0.5000000000
920  -16.290  -82.290  11.068 0.6000000238
922  -17.317  -82.286  11.451 0.6000000238
930  -17.896  -82.177  10.070 0.6000000238
2778  -17.059  -78.125  18.011 0.6999999881
1757  -13.606  -80.409  10.320 0.5000000000
1293  -15.146  -81.461  10.789 0.5000000000
1300  -16.676  -81.796  9.265 0.6000000238
1302  -18.060  -82.033  9.258 0.6000000238
1296  -18.249  -81.893  10.384 0.5000000000
2259  -20.205  -79.529  10.627 0.5000000000
1718  -18.540  -80.551  14.244 0.5000000000
1719  -19.208  -79.777  14.060 0.5000000000
1776  -15.986  -80.329  8.544 0.5000000000
1310  -18.723  -81.000  7.435 0.5000000000
2290  -15.467  -79.043  8.268 0.5000000000
2911  -16.865  -79.013  8.059 0.5000000000
2901  -16.235  -78.664  8.454 0.5000000000
2248  -21.370  -79.954  13.058 0.5000000000
2261  -21.713  -79.430  11.526 0.5000000000
2262  -22.592  -79.571  11.301 0.5000000000
1741  -23.683  -81.153  12.411 0.5000000000
132209  -22.780  -78.892  10.519 0.4000000060
122232  -23.970  -80.639  11.867 0.4000000060
4585  -19.883  -75.615  20.134 0.5000000000
3981  -20.177  -76.265  19.320 0.6000000238
3400  -19.917  -77.140  18.143 0.6000000238
3980  -19.260  -76.307  19.429 0.6000000238
3966  -18.847  -75.810  20.037 0.4000000060
3416  -20.731  -77.603  17.270 0.4000000060
2811  -19.724  -78.470  16.472 0.4000000060
143333  -20.181  -77.459  17.629 0.5000000000
121328  -19.107  -77.330  18.312 0.6000000238
2797  -19.203  -78.282  17.254 0.5000000000
3380  -18.745  -76.865  18.875 0.5000000000
2796  -18.375  -78.644  17.356 0.5000000000
3379  -17.892  -76.919  18.932 0.6000000238
3397  -16.581  -77.581  18.528 0.6000000238
2776  -15.467  -78.205  18.110 0.6000000238
2792  -14.818  -78.536  17.771 0.6000000238
2194  -15.268  -79.190  17.178 0.6000000238
125030  -14.335  -79.212  17.242 0.6000000238
2205  -14.781  -79.846  16.699 0.5000000000
2204  -13.854  -79.861  16.757 0.5000000000
1687  -13.417  -80.552  16.435 0.4000000060
123554  -12.364  -81.315  16.142 0.5000000000
121079  -23.774  -81.369  12.913 0.3000000119
874  -11.696  -82.688  15.314 0.4000000060
10723  -17.286  -66.277  23.031 0.4000000060
9927  -17.986  -66.682  23.301 0.4000000060
9202  -17.612  -67.986  22.875 0.5000000000
22242  -19.514  -53.292  22.755 0.5000000000
22241  -18.578  -53.279  22.816 0.5000000000
23225  -19.733  -52.761  21.990 0.5000000000
23224  -18.814  -52.819  22.139 0.4000000060
22264  -16.248  -52.902  21.790 0.4000000060
24291  -21.077  -51.709  19.093 0.4000000060
23242  -15.937  -52.629  20.906 0.4000000060
23265  -17.047  -52.276  20.253 0.4000000060
125445  -17.557  -52.481  20.979 0.4000000060
22263  -15.250  -52.902  21.291 0.4000000060
23264  -16.209  -52.424  20.180 0.4000000060
24290  -19.529  -51.505  19.275 0.4000000060
136659  -15.229  -52.619  20.113 0.4000000060
23304  -15.994  -51.911  19.001 0.4000000060
25351  -18.790  -50.529  18.225 0.4000000060
133280  -14.353  -52.838  19.582 0.4000000060
119519  -15.253  -52.206  18.818 0.4000000060
22296  -13.195  -53.291  19.004 0.4000000060
23303  -14.554  -52.339  18.664 0.4000000060
25333  -12.011  -51.107  19.934 0.3000000119
24287  -12.397  -51.359  19.361 0.4000000060
25301  -12.350  -51.277  21.968 0.3000000119
124712  -12.222  -51.218  20.913 0.3000000119
25334  -12.705  -50.682  19.713 0.3000000119
25318  -12.459  -50.785  20.123 0.3000000119
142475  -20.338  -51.660  19.417 0.4000000060
131648  -19.872  -51.924  20.117 0.4000000060
23267  -18.825  -52.119  20.453 0.4000000060
122234  -19.778  -52.413  21.052 0.4000000060
23285  -19.006  -51.721  19.736 0.4000000060
23284  -18.209  -51.781  19.668 0.4000000060
131181  -20.253  -50.309  17.696 0.4000000060
24289  -18.612  -51.456  19.094 0.4000000060
24308  -18.176  -51.082  18.536 0.4000000060
23282  -16.513  -52.073  19.488 0.4000000060
1159  -27.238  -81.428  23.122 0.3000000119
1634  -26.246  -80.907  21.878 0.3000000119
124676  -25.555  -80.141  23.237 0.4000000060
1621  -26.170  -80.676  22.636 0.3000000119
1633  -25.645  -80.021  21.848 0.4000000060
2699  -24.436  -78.553  23.280 0.3000000119
2139  -25.338  -79.586  22.558 0.3000000119
2153  -25.202  -79.071  21.862 0.4000000060
123277  -23.578  -78.988  23.699 0.3000000119
2720  -24.812  -78.530  22.569 0.3000000119
3339  -24.640  -77.348  21.670 0.3000000119
3308  -24.053  -78.065  23.360 0.3000000119
3327  -24.059  -76.741  22.803 0.3000000119
3948  -24.333  -76.611  21.682 0.3000000119
3307  -23.754  -77.358  23.237 0.3000000119
3933  -23.631  -76.048  22.532 0.3000000119
3947  -23.822  -75.958  21.853 0.3000000119
131030  -22.643  -76.244  23.214 0.3000000119
3932  -22.923  -75.723  22.884 0.3000000119
140266  -22.852  -75.281  21.693 0.3000000119
3325  -20.689  -77.673  22.670 0.3000000119
3326  -21.705  -77.450  23.047 0.3000000119
3915  -22.077  -75.583  23.173 0.3000000119
4533  -21.571  -74.968  22.962 0.3000000119
4552  -21.649  -74.831  21.480 0.3000000119
3304  -21.089  -76.665  23.208 0.4000000060
135584  -25.388  -79.573  21.214 0.3000000119
1608  -24.942  -80.018  23.873 0.4000000060
2739  -25.063  -78.748  21.052 0.4000000060
2125  -24.233  -79.287  23.789 0.3000000119
121217  -24.736  -77.885  20.978 0.4000000060
2697  -23.331  -78.267  23.392 0.3000000119
3969  -23.806  -76.385  20.899 0.4000000060
4572  -23.245  -75.625  21.369 0.4000000060
2718  -22.351  -78.362  23.030 0.3000000119
4571  -22.483  -75.333  21.105 0.4000000060
2137  -21.265  -79.085  21.896 0.3000000119
126209  -21.820  -79.697  22.316 0.4000000060
4570  -21.649  -75.444  20.504 0.4000000060
4551  -20.821  -74.704  21.514 0.3000000119
1632  -21.304  -80.019  21.420 0.3000000119
1184  -26.328  -81.758  20.531 0.3000000119
1185  -27.155  -82.204  20.825 0.3000000119
2165  -25.227  -79.524  20.478 0.3000000119
2175  -25.359  -80.395  19.971 0.3000000119
1132  -24.858  -81.740  24.813 0.4000000060
2164  -24.787  -78.529  20.182 0.3000000119
2174  -24.912  -79.537  19.638 0.3000000119
2124  -23.509  -79.672  23.886 0.3000000119
1595  -24.167  -80.193  24.231 0.4000000060
120122  -24.466  -77.703  20.394 0.4000000060
3384  -24.229  -77.957  19.664 0.3000000119
121341  -24.003  -77.201  20.193 0.4000000060
3383  -23.489  -77.483  19.347 0.4000000060
2123  -22.974  -79.129  23.492 0.3000000119
786  -22.766  -82.029  23.337 0.3000000119
3359  -23.255  -76.723  19.915 0.4000000060
3382  -22.726  -76.998  19.088 0.4000000060
1620  -22.279  -80.297  23.002 0.3000000119
141851  -22.324  -81.952  22.631 0.3000000119
3994  -21.848  -76.668  18.934 0.4000000060
3402  -21.618  -77.108  18.181 0.5000000000
1158  -22.263  -81.261  22.826 0.3000000119
4586  -20.890  -75.770  19.889 0.4000000060
123285  -21.030  -76.363  19.144 0.4000000060
134254  -21.150  -76.765  18.524 0.5000000000
1650  -20.936  -80.776  20.662 0.3000000119
120219  -25.762  -81.198  20.137 0.3000000119
1202  -26.569  -82.280  20.023 0.3000000119
774  -24.199  -83.417  24.502 0.4000000060
2762  -23.748  -78.278  18.877 0.4000000060
2780  -22.731  -78.408  17.615 0.4000000060
787  -23.459  -82.699  24.025 0.4000000060
140648  -22.273  -77.194  18.475 0.4000000060
3403  -22.186  -77.595  17.870 0.5000000000
2813  -21.618  -78.264  16.526 0.4000000060
533  -23.044  -83.313  23.230 0.3000000119
3417  -21.428  -77.492  17.540 0.4000000060
540  -22.737  -84.105  22.413 0.3000000119
2812  -20.719  -78.067  16.559 0.4000000060
2831  -20.526  -78.539  15.830 0.4000000060
1157  -21.927  -81.827  21.881 0.3000000119
120067  -21.485  -80.944  21.322 0.3000000119
1167  -21.410  -81.695  20.842 0.3000000119
1659  -24.977  -80.479  19.210 0.3000000119
2187  -24.543  -79.752  18.869 0.3000000119
2800  -23.363  -79.291  17.715 0.3000000119
130986  -23.607  -83.764  23.782 0.4000000060
2199  -22.894  -79.282  17.111 0.5000000000
2211  -22.012  -78.985  15.868 0.4000000060
541  -23.226  -84.319  23.322 0.4000000060
2832  -21.254  -78.441  15.987 0.4000000060
156  -22.194  -85.344  22.688 0.3000000119
311  -22.776  -84.897  22.938 0.3000000119
323  -22.241  -84.485  21.599 0.3000000119
551  -21.904  -83.947  20.940 0.3000000119
815  -20.729  -82.435  19.671 0.3000000119
142414  -21.516  -83.392  20.432 0.3000000119
2186  -23.859  -80.290  17.861 0.3000000119
2200  -23.230  -80.185  17.146 0.4000000060
2212  -22.687  -79.914  16.385 0.4000000060
155  -21.491  -85.468  22.442 0.3000000119
310  -20.454  -85.317  22.605 0.3000000119
168  -21.914  -85.170  21.742 0.3000000119
167  -21.217  -85.363  21.563 0.3000000119
561  -21.438  -84.263  20.291 0.3000000119
296  -19.992  -84.574  23.071 0.3000000119
309  -19.785  -84.944  22.251 0.3000000119
154  -20.717  -85.471  22.068 0.3000000119
177  -20.287  -85.294  20.691 0.3000000119
178  -20.920  -85.195  20.809 0.3000000119
1235  -23.053  -82.152  16.129 0.3000000119
1693  -22.661  -81.160  15.858 0.4000000060
550  -19.090  -84.364  21.762 0.3000000119
883  -24.370  -82.832  15.957 0.3000000119
126311  -23.639  -82.774  15.854 0.3000000119
894  -22.996  -82.517  14.788 0.3000000119
1261  -24.932  -82.035  14.853 0.3000000119
896  -23.960  -82.554  15.009 0.3000000119
1260  -24.263  -81.915  14.161 0.3000000119
22240  -17.684  -53.243  22.711 0.5000000000
24304  -12.808  -51.882  18.792 0.5000000000
23321  -13.981  -52.070  18.345 0.4000000060
23244  -18.136  -52.621  21.570 0.4000000060
3398  -17.460  -77.530  18.461 0.6000000238
3399  -18.302  -77.465  18.394 0.5000000000
2830  -19.810  -78.831  15.740 0.4000000060
1704  -22.020  -80.216  14.624 0.4000000060
1705  -22.424  -81.016  15.124 0.4000000060
1259  -22.769  -82.214  14.477 0.4000000060
1272  -23.640  -81.830  13.447 0.3000000119
23246  -20.648  -52.796  21.678 0.5000000000
23268  -20.747  -52.413  20.794 0.4000000060
24310  -20.286  -51.230  18.677 0.4000000060
2126  -24.938  -79.293  23.226 0.3000000119
3306  -22.747  -77.214  23.247 0.3000000119
2717  -21.439  -78.336  22.533 0.3000000119
1596  -25.074  -80.943  24.486 0.4000000060
3967  -22.251  -75.828  20.292 0.4000000060
1131  -24.115  -82.123  24.577 0.4000000060
1146  -23.385  -81.495  24.145 0.3000000119
1145  -22.755  -80.905  23.623 0.3000000119
3404  -22.934  -77.767  18.484 0.4000000060
138843  -22.087  -82.694  21.762 0.3000000119
2814  -22.357  -78.721  16.753 0.4000000060
808  -21.775  -82.775  21.100 0.3000000119
1694  -23.100  -81.194  16.611 0.4000000060
146  -22.498  -85.262  23.518 0.3000000119
830  -21.037  -83.474  19.692 0.3000000119
321  -19.719  -85.209  21.417 0.3000000119
2193  -13.442  -79.301  17.306 0.5000000000
2791  -13.868  -78.678  17.722 0.5000000000
2775  -14.162  -78.128  18.281 0.5000000000
3396  -15.645  -77.659  18.573 0.5000000000
3378  -17.006  -76.954  19.014 0.4000000060
2878  -16.651  -78.435  9.685 0.4000000060
137067  -19.153  -75.229  20.773 0.3000000119
5185  -19.970  -74.683  22.956 0.3000000119
4569  -20.842  -75.147  20.729 0.4000000060
133519  -21.324  -75.340  23.212 0.3000000119
5186  -20.942  -74.694  22.679 0.3000000119
312  -23.136  -84.864  23.729 0.3000000119
285  -23.439  -84.761  24.885 0.3000000119
300  -23.764  -84.324  24.124 0.3000000119
1609  -25.798  -80.726  23.910 0.3000000119
270  -23.074  -84.654  25.508 0.3000000119
286  -24.045  -84.504  24.837 0.3000000119
522  -24.412  -84.150  24.745 0.3000000119
775  -25.024  -83.680  25.196 0.3000000119
776  -25.869  -82.909  25.381 0.3000000119
523  -25.763  -83.651  25.695 0.3000000119
271  -23.665  -84.626  25.522 0.3000000119
259  -24.917  -84.296  26.141 0.3000000119
287  -24.872  -84.097  25.277 0.3000000119
273  -25.385  -84.040  25.820 0.3000000119
1133  -25.965  -82.027  24.915 0.3000000119
139708  -27.562  -81.663  24.283 0.3000000119
250  -24.214  -84.215  26.789 0.3000000119
1134  -27.381  -82.088  24.858 0.3000000119
137268  -27.431  -82.740  25.810 0.3000000119
1229  -11.761  -81.787  15.966 0.3000000119
3978  -17.501  -76.421  19.593 0.5000000000
3377  -16.106  -77.038  19.072 0.4000000060
141364  -15.046  -77.557  18.729 0.5000000000
4550  -19.341  -74.676  21.655 0.3000000119
26422  -20.291  -49.701  17.257 0.3000000119
25367  -19.535  -50.073  17.824 0.3000000119
24322  -15.722  -51.260  18.365 0.3000000119
1678  -12.974  -79.903  16.874 0.4000000060
2773  -12.674  -78.029  18.807 0.4000000060
3894  -13.909  -76.119  24.240 0.4000000060
4530  -13.571  -75.620  22.501 0.4000000060
3946  -14.148  -76.048  21.089 0.4000000060
3961  -14.894  -75.995  20.659 0.4000000060
3976  -15.689  -76.595  19.601 0.4000000060
142205  -13.832  -76.743  19.882 0.4000000060
131020  -14.421  -76.908  19.536 0.4000000060
3975  -15.004  -76.447  19.875 0.4000000060
2695  -15.097  -78.053  23.542 0.3000000119
3895  -14.682  -76.118  24.261 0.4000000060
120925  -15.299  -74.892  22.923 0.4000000060
3394  -13.581  -77.787  18.774 0.4000000060
4514  -13.981  -75.375  23.297 0.4000000060
141238  -13.462  -76.224  21.176 0.4000000060
3298  -14.653  -77.436  24.109 0.3000000119
4515  -14.779  -75.142  23.413 0.4000000060
4531  -14.462  -75.223  22.710 0.4000000060
135287  -14.315  -76.402  20.235 0.4000000060
4546  -15.015  -75.219  22.068 0.4000000060
4566  -15.539  -75.511  21.220 0.4000000060
2712  -15.475  -78.638  22.861 0.3000000119
3299  -15.431  -77.240  23.944 0.3000000119
140170  -15.671  -75.452  23.897 0.3000000119
3896  -15.652  -76.140  24.143 0.3000000119
4547  -16.775  -74.889  21.927 0.3000000119
4567  -16.954  -75.279  21.092 0.3000000119
4532  -15.930  -74.944  22.240 0.3000000119
4549  -18.404  -74.882  21.350 0.3000000119
4568  -18.430  -75.424  20.561 0.3000000119
3965  -18.011  -75.875  20.094 0.3000000119
3963  -16.329  -75.682  20.650 0.3000000119
3964  -17.175  -75.837  20.304 0.3000000119
3977  -16.496  -76.369  19.762 0.3000000119
1550  -16.873  -80.750  27.675 0.3000000119
1536  -17.318  -80.190  28.122 0.3000000119
519  -20.001  -83.272  24.101 0.3000000119
2608  -16.791  -77.991  27.918 0.3000000119
2645  -16.225  -78.260  26.660 0.3000000119
2097  -16.905  -78.841  25.368 0.3000000119
141910  -17.316  -79.294  25.076 0.3000000119
2099  -18.519  -79.684  25.106 0.3000000119
1579  -18.620  -80.374  24.887 0.3000000119
1580  -19.277  -80.922  24.962 0.3000000119
1130  -20.090  -82.033  24.830 0.3000000119
3223  -16.617  -77.713  27.206 0.3000000119
3258  -17.108  -77.702  26.083 0.3000000119
2663  -17.340  -78.218  25.633 0.3000000119
2664  -18.284  -78.280  25.538 0.3000000119
122337  -18.879  -79.136  25.369 0.3000000119
5168  -16.023  -74.767  23.066 0.3000000119
1535  -16.596  -79.743  27.772 0.3000000119
130446  -16.110  -79.068  25.571 0.3000000119
2627  -15.818  -78.831  26.752 0.3000000119
2052  -16.548  -78.858  27.808 0.3000000119
2644  -15.799  -78.803  26.161 0.3000000119
2662  -16.510  -78.271  25.970 0.3000000119
3243  -17.472  -77.134  26.501 0.3000000119
129  -23.087  -84.850  25.020 0.3000000119
136  -22.176  -85.292  24.062 0.3000000119
137  -22.860  -85.028  24.354 0.3000000119
144  -21.156  -85.502  22.958 0.3000000119
153  -20.190  -85.397  21.937 0.3000000119
165  -20.200  -85.379  21.378 0.3000000119
166  -20.634  -85.366  21.317 0.3000000119
257  -23.716  -84.443  26.195 0.3000000119
258  -24.282  -84.460  26.196 0.3000000119
272  -24.451  -84.420  25.559 0.3000000119
299  -23.415  -84.735  24.376 0.3000000119
322  -21.748  -84.745  20.957 0.3000000119
333  -19.787  -85.237  20.615 0.3000000119
334  -21.197  -84.880  20.431 0.3000000119
496  -23.804  -84.200  26.712 0.3000000119
498  -25.541  -83.904  26.507 0.3000000119
508  -26.268  -83.566  26.030 0.3000000119
552  -22.244  -83.480  21.664 0.3000000119
600  -10.557  -83.091  12.493 0.5000000000
601  -8.875  -82.819  12.176 0.5000000000
765  -26.732  -83.140  25.862 0.3000000119
777  -27.062  -82.623  25.475 0.3000000119
798  -22.442  -82.762  22.419 0.3000000119
816  -21.262  -82.526  20.281 0.3000000119
858  -23.545  -82.707  16.361 0.3000000119
868  -24.003  -82.986  16.587 0.3000000119
881  -22.945  -82.514  15.125 0.3000000119
882  -23.149  -82.571  15.673 0.3000000119
892  -15.880  -82.703  14.403 0.6000000238
893  -16.742  -82.667  14.406 0.6999999881
895  -23.234  -82.517  14.705 0.3000000119
897  -24.865  -82.429  15.334 0.3000000119
900  -12.372  -82.617  14.107 0.5000000000
902  -14.390  -82.356  14.088 0.6000000238
906  -23.000  -82.348  14.198 0.3000000119
907  -23.465  -82.284  14.144 0.3000000119
909  -8.415  -82.585  12.398 0.5000000000
910  -9.701  -82.998  12.212 0.5000000000
916  -17.089  -82.439  12.260 0.6999999881
923  -17.536  -82.147  11.905 0.6000000238
924  -9.382  -81.288  10.293 0.5000000000
927  -17.333  -82.262  10.692 0.6000000238
928  -17.696  -82.110  10.961 0.6000000238
929  -17.262  -82.175  9.803 0.6000000238
1129  -19.791  -81.389  24.979 0.3000000119
1201  -25.904  -81.973  19.774 0.3000000119
1230  -13.083  -81.286  16.058 0.6000000238
1231  -13.759  -81.179  16.073 0.6000000238
1243  -15.607  -82.160  15.425 0.6000000238
1244  -16.520  -82.094  15.381 0.6999999881
1246  -17.750  -81.881  14.950 0.6000000238
1256  -17.392  -82.385  14.535 0.6999999881
1257  -18.044  -81.563  14.593 0.5000000000
1271  -23.096  -82.029  13.465 0.3000000119
1273  -8.142  -82.463  12.653 0.5000000000
1275  -13.020  -81.281  12.627 0.6000000238
1277  -17.873  -81.791  12.309 0.6000000238
1278  -22.951  -81.670  12.853 0.5000000000
1279  -23.316  -81.590  12.804 0.3000000119
1289  -8.905  -81.201  10.602 0.5000000000
1295  -16.459  -82.084  10.100 0.5000000000
1298  -10.643  -80.875  9.622 0.5000000000
1301  -17.456  -81.829  8.851 0.6000000238
1597  -26.433  -81.478  24.412 0.3000000119
1606  -22.855  -79.983  23.600 0.3000000119
1607  -23.427  -80.519  24.103 0.3000000119
1651  -25.788  -80.585  20.934 0.3000000119
1671  -25.017  -81.390  18.933 0.3000000119
1688  -14.325  -80.668  16.301 0.6000000238
1690  -16.374  -80.603  16.235 0.6000000238
1692  -18.056  -80.498  16.057 0.6000000238
1703  -18.767  -80.070  14.947 0.5000000000
1721  -22.439  -81.458  14.502 0.5000000000
1733  -22.081  -80.787  13.311 0.5000000000
1735  -9.102  -80.471  12.476 0.5000000000
1737  -18.882  -80.204  12.190 0.6000000238
1740  -23.348  -81.137  12.168 0.5000000000
1742  -8.768  -80.922  10.865 0.5000000000
1743  -9.149  -80.212  10.827 0.5000000000
1749  -22.377  -80.295  11.997 0.5000000000
1755  -11.773  -80.557  10.020 0.5000000000
1758  -15.155  -81.123  10.000 0.5000000000
1769  -16.185  -81.232  8.997 0.6000000238
1773  -13.422  -79.475  8.750 0.6000000238
1777  -17.358  -80.599  7.821 0.6000000238
1781  -17.852  -80.083  7.412 0.5000000000
1782  -18.601  -80.326  7.134 0.5000000000
1783  -19.323  -80.570  7.060 0.5000000000
2098  -17.863  -79.018  25.228 0.3000000119
2116  -17.763  -79.800  24.824 0.3000000119
2138  -22.354  -79.387  23.069 0.3000000119
2198  -18.386  -79.136  16.945 0.5000000000
2210  -19.104  -79.208  16.162 0.5000000000
2221  -20.400  -79.019  15.064 0.5000000000
2222  -21.296  -78.877  15.389 0.4000000060
2223  -22.326  -80.053  15.462 0.4000000060
2247  -20.485  -79.654  12.837 0.5000000000
2256  -24.577  -79.980  11.658 0.4000000060
2260  -20.738  -79.392  11.531 0.5000000000
2270  -9.577  -80.037  9.437 0.6000000238
2271  -10.153  -79.452  9.003 0.6999999881
2272  -10.880  -79.627  8.805 0.6000000238
2280  -11.591  -79.005  8.480 0.6000000238
2283  -14.641  -79.147  8.396 0.5000000000
2284  -15.422  -79.371  8.355 0.5000000000
2289  -14.912  -78.891  8.322 0.5000000000
2291  -17.643  -79.415  7.684 0.5000000000
2296  -20.268  -79.711  6.593 0.5000000000
2628  -16.257  -78.484  27.261 0.3000000119
2698  -23.960  -78.607  23.610 0.3000000119
2719  -24.360  -77.648  22.899 0.3000000119
2738  -24.859  -78.177  21.736 0.3000000119
2763  -24.419  -78.829  19.244 0.3000000119
2774  -13.332  -78.342  18.228 0.5000000000
2777  -16.200  -78.174  18.096 0.6000000238
2781  -23.355  -78.564  18.219 0.4000000060
2782  -23.962  -79.237  18.429 0.4000000060
2793  -15.766  -78.650  17.628 0.6999999881
2795  -17.535  -78.697  17.513 0.6999999881
2798  -19.998  -77.889  17.134 0.5000000000
2799  -21.951  -77.984  17.184 0.4000000060
2829  -10.045  -78.292  15.350 0.5000000000
2845  -10.317  -78.421  14.314 0.6000000238
2869  -14.787  -78.212  10.974 0.5000000000
2876  -14.731  -77.809  9.866 0.5000000000
2888  -16.932  -78.471  8.985 0.6000000238
2896  -11.431  -78.330  8.543 0.6000000238
2909  -15.114  -78.566  8.395 0.5000000000
2910  -15.869  -78.763  8.313 0.5000000000
3242  -16.808  -77.645  26.551 0.3000000119
3281  -14.904  -76.744  24.251 0.4000000060
3305  -21.963  -76.470  23.278 0.3000000119
3360  -24.432  -77.114  20.950 0.4000000060
3375  -13.763  -77.267  19.368 0.4000000060
3376  -15.195  -77.124  19.177 0.4000000060
3381  -19.592  -76.761  18.772 0.6000000238
3395  -14.440  -77.530  18.871 0.4000000060
3401  -20.778  -77.138  17.950 0.5000000000
3414  -18.715  -77.916  17.825 0.5000000000
3415  -19.504  -77.665  17.721 0.5000000000
3430  -21.287  -77.818  16.978 0.4000000060
3446  -9.777  -77.928  16.056 0.4000000060
3474  -10.689  -77.494  13.109 0.6000000238
3486  -10.573  -77.438  12.054 0.6999999881
3505  -10.676  -76.749  9.552 0.6999999881
3511  -11.219  -77.067  8.930 0.6000000238
3512  -11.385  -76.303  9.127 0.6999999881
3514  -14.516  -77.577  9.017 0.6000000238
3519  -11.679  -77.577  8.568 0.6000000238
3521  -13.156  -77.353  8.569 0.6000000238
3859  -17.608  -76.656  26.962 0.3000000119
3913  -20.620  -75.726  23.334 0.3000000119
3914  -21.432  -75.909  23.326 0.3000000119
3916  -23.345  -76.496  23.112 0.3000000119
3934  -24.446  -76.999  22.365 0.3000000119
3945  -13.645  -75.865  21.687 0.4000000060
3960  -13.642  -76.491  20.524 0.4000000060
3962  -15.641  -76.055  20.265 0.4000000060
3968  -22.961  -75.976  20.505 0.4000000060
3979  -18.376  -76.393  19.487 0.4000000060
3982  -21.675  -76.087  19.749 0.4000000060
3983  -22.442  -76.396  19.721 0.4000000060
3993  -20.438  -76.719  18.619 0.5000000000
4034  -11.203  -76.126  15.915 0.6999999881
4050  -11.251  -75.970  14.818 0.6999999881
4063  -10.899  -76.289  13.401 0.6999999881
4076  -10.496  -76.584  10.144 0.6999999881
4084  -12.919  -76.790  9.338 0.6000000238
4095  -12.412  -76.932  8.658 0.6000000238
4503  -14.324  -75.515  23.881 0.4000000060
4504  -15.122  -75.458  23.946 0.3000000119
4516  -15.667  -75.088  23.486 0.3000000119
4521  -20.752  -74.964  23.144 0.3000000119
4534  -22.349  -75.148  22.630 0.3000000119
4535  -23.098  -75.427  22.202 0.3000000119
4545  -14.243  -75.550  21.907 0.4000000060
4548  -17.525  -74.873  21.603 0.3000000119
4553  -22.461  -74.952  21.985 0.3000000119
4565  -14.758  -75.645  21.374 0.4000000060
4615  -11.107  -75.314  17.256 0.5000000000
4633  -11.119  -75.743  16.781 0.6999999881
4692  -11.247  -74.690  9.590 0.6999999881
4697  -11.034  -75.455  9.464 0.6999999881
5187  -21.743  -74.750  22.378 0.3000000119
5201  -21.129  -74.578  22.080 0.3000000119
5260  -11.387  -74.657  17.452 0.6999999881
5297  -14.058  -75.037  14.438 0.5000000000
5304  -11.452  -74.324  13.773 0.6999999881
5321  -10.655  -74.139  10.632 0.6999999881
5328  -10.856  -74.232  9.891 0.6999999881
5330  -11.189  -73.834  9.716 0.6000000238
5820  -11.494  -73.333  18.211 0.6000000238
5857  -12.072  -73.920  17.261 0.6999999881
5888  -11.631  -73.419  13.249 0.6999999881
5889  -12.056  -72.673  13.133 0.6999999881
5891  -15.363  -73.063  13.195 0.6000000238
5896  -11.221  -73.344  12.120 0.6999999881
5905  -10.800  -73.613  10.063 0.6999999881
5912  -13.997  -72.333  9.539 0.6000000238
6408  -17.740  -72.308  19.492 0.5000000000
6419  -10.941  -72.605  18.316 0.5000000000
6420  -11.645  -72.481  18.437 0.6000000238
6421  -12.097  -72.332  18.346 0.6000000238
6422  -16.734  -72.254  18.339 0.5000000000
6431  -10.364  -72.405  17.806 0.5000000000
6432  -12.296  -72.666  18.065 0.6999999881
6441  -12.429  -73.052  17.458 0.6999999881
6475  -16.270  -71.872  14.707 0.6000000238
6532  -11.864  -72.137  9.890 0.6999999881
6533  -14.749  -72.340  9.938 0.6000000238
6547  -11.592  -72.664  9.793 0.6999999881
7157  -17.732  -71.307  20.331 0.5000000000
7169  -16.821  -70.942  19.151 0.6000000238
7181  -11.868  -71.546  18.555 0.6000000238
7183  -16.852  -71.389  18.697 0.5000000000
7191  -10.627  -71.717  18.259 0.5000000000
7205  -16.506  -71.048  16.927 0.5000000000
7220  -16.482  -71.317  15.053 0.6000000238
7238  -13.069  -71.615  14.582 0.6999999881
7279  -16.213  -71.466  11.133 0.6000000238
7280  -16.503  -71.126  12.028 0.5000000000
7304  -12.832  -71.710  9.635 0.6000000238
7325  -14.784  -71.180  8.877 0.6000000238
7326  -15.453  -70.792  8.987 0.6000000238
7866  -16.969  -70.142  21.229 0.6000000238
7919  -10.807  -70.395  18.966 0.5000000000
7920  -11.452  -70.570  18.767 0.6000000238
7937  -12.604  -70.215  17.880 0.6999999881
7977  -16.575  -70.025  15.421 0.6000000238
8001  -14.070  -69.698  13.889 0.6999999881
8052  -14.149  -70.599  9.329 0.6999999881
8068  -15.569  -70.009  9.155 0.6000000238
8572  -17.124  -69.088  22.138 0.6000000238
8585  -17.442  -69.766  21.849 0.5000000000
8601  -16.388  -69.746  21.010 0.5000000000
8613  -15.471  -69.149  19.736 0.6000000238
8631  -8.541  -69.429  19.208 0.5000000000
8633  -11.488  -69.811  18.820 0.6000000238
8650  -12.580  -69.539  17.639 0.6999999881
8651  -12.991  -69.812  17.169 0.6999999881
8666  -12.861  -69.107  17.027 0.6999999881
8702  -14.278  -68.953  13.360 0.6999999881
8717  -14.504  -68.928  12.301 0.6999999881
8745  -15.990  -68.742  10.077 0.6000000238
9201  -16.877  -68.367  22.363 0.6000000238
9212  -15.672  -68.471  21.442 0.6000000238
9213  -16.376  -68.781  21.830 0.6000000238
9225  -14.725  -68.151  20.426 0.6000000238
9234  -14.984  -68.602  19.830 0.6000000238
9249  -10.893  -69.002  18.853 0.5000000000
9252  -15.336  -68.514  17.924 0.6000000238
9267  -10.401  -68.455  18.366 0.5000000000
9279  -11.251  -68.149  17.026 0.6000000238
9280  -12.466  -68.557  16.737 0.6999999881
9282  -15.694  -68.109  16.304 0.6000000238
9283  -16.175  -68.873  16.237 0.6000000238
9297  -13.216  -68.392  15.284 0.6999999881
9298  -16.083  -68.309  15.486 0.6000000238
9312  -12.905  -67.917  14.574 0.6999999881
9315  -16.346  -68.535  14.563 0.6000000238
9325  -13.728  -68.042  12.573 0.6999999881
9326  -14.202  -68.478  12.417 0.6999999881
9369  -16.169  -67.813  10.537 0.6000000238
9940  -15.768  -67.110  22.159 0.6000000238
9942  -17.328  -67.100  23.014 0.4000000060
9994  -9.995  -68.011  17.626 0.5000000000
9995  -13.864  -67.126  17.844 0.6000000238
9996  -14.461  -67.477  17.666 0.6000000238
9997  -15.007  -67.862  17.470 0.6000000238
10012  -10.534  -67.882  16.777 0.6000000238
10013  -11.133  -67.813  16.033 0.6000000238
10014  -14.722  -67.171  16.463 0.6000000238
10015  -15.180  -67.380  16.039 0.5000000000
10047  -9.051  -67.089  14.063 0.6000000238
10049  -11.149  -67.486  13.716 0.6000000238
10050  -12.159  -67.629  13.550 0.6000000238
10052  -15.740  -66.927  13.713 0.5000000000
10067  -8.702  -66.700  13.717 0.5000000000
10069  -10.112  -67.026  13.090 0.6000000238
10070  -10.847  -67.187  12.982 0.6000000238
10072  -13.205  -67.402  12.039 0.6999999881
10073  -15.952  -66.693  12.370 0.6000000238
10087  -9.842  -66.676  12.982 0.6000000238
10094  -16.222  -67.264  10.853 0.6000000238
10108  -15.614  -66.848  10.985 0.6000000238
10722  -16.566  -66.654  22.643 0.6000000238
10732  -14.515  -66.767  21.390 0.6000000238
10739  -12.775  -66.208  20.111 0.6000000238
10740  -13.482  -66.812  20.364 0.6000000238
10751  -12.455  -66.337  19.508 0.5000000000
10752  -13.025  -66.835  19.089 0.6000000238
10769  -11.627  -66.183  18.361 0.6000000238
10770  -12.587  -66.511  17.778 0.6000000238
10771  -13.463  -66.713  17.309 0.6000000238
10772  -14.212  -66.990  16.961 0.6000000238
10789  -14.784  -66.918  15.831 0.5000000000
10802  -14.570  -66.492  15.133 0.5000000000
10819  -8.064  -66.448  13.827 0.5000000000
10820  -13.955  -66.042  14.768 0.5000000000
10839  -8.715  -66.420  13.511 0.5000000000
10840  -9.259  -66.494  13.206 0.6000000238
10841  -14.922  -65.934  12.395 0.6000000238
10853  -10.497  -66.283  12.798 0.6000000238
10854  -11.198  -66.572  12.533 0.6000000238
10855  -12.035  -66.447  12.337 0.6000000238
10856  -13.104  -66.270  12.119 0.5000000000
10857  -14.251  -66.164  12.017 0.6000000238
10859  -15.497  -66.257  11.811 0.6000000238
10868  -15.642  -66.536  11.289 0.6000000238
11529  -16.044  -65.275  22.239 0.5000000000
11552  -12.706  -65.389  20.271 0.5000000000
11569  -11.508  -65.321  19.288 0.5000000000
11605  -9.573  -64.904  16.524 0.5000000000
11627  -11.070  -65.890  16.786 0.6999999881
11649  -9.578  -65.046  15.719 0.6000000238
11651  -11.231  -65.639  15.614 0.6000000238
11663  -7.144  -65.628  13.960 0.6000000238
11664  -7.840  -65.457  14.046 0.6000000238
11666  -12.133  -65.381  13.648 0.6000000238
11667  -13.047  -65.437  13.647 0.6000000238
11668  -13.840  -65.610  13.759 0.6000000238
11687  -7.817  -65.908  13.654 0.5000000000
11688  -9.594  -66.249  13.070 0.5000000000
11690  -11.861  -65.537  13.001 0.6000000238
11693  -14.398  -65.635  12.993 0.6000000238
11714  -13.501  -65.696  12.515 0.6000000238
12316  -8.703  -64.480  27.971 0.5000000000
12318  -11.217  -63.872  28.081 0.6000000238
12319  -11.100  -64.295  27.358 0.6000000238
12335  -8.468  -64.481  26.508 0.5000000000
12339  -12.284  -64.206  25.981 0.6999999881
12353  -8.338  -64.469  25.696 0.5000000000
12355  -11.446  -64.412  25.766 0.6999999881
12363  -8.366  -64.421  24.769 0.6000000238
12364  -10.176  -64.278  24.689 0.6000000238
12365  -11.074  -64.265  24.882 0.6000000238
12366  -11.978  -64.186  25.118 0.6999999881
12382  -16.795  -64.979  22.524 0.5000000000
12391  -14.776  -65.029  21.515 0.5000000000
12411  -13.436  -64.880  20.704 0.5000000000
12433  -11.638  -64.363  19.250 0.6000000238
12449  -10.516  -64.286  18.137 0.6000000238
12450  -10.932  -64.747  18.839 0.6000000238
12492  -9.119  -64.307  15.846 0.6000000238
12518  -9.739  -65.141  14.655 0.6000000238
12534  -8.244  -65.023  14.470 0.6000000238
12551  -10.089  -65.857  13.105 0.6000000238
13140  -10.040  -62.982  30.141 0.6000000238
13152  -10.604  -63.583  28.770 0.6000000238
13166  -12.322  -63.364  27.365 0.6999999881
13183  -12.405  -63.881  26.778 0.6000000238
13199  -9.742  -63.960  24.000 0.6000000238
13203  -13.092  -63.520  24.853 0.6999999881
13209  -8.491  -63.682  23.241 0.6000000238
13211  -10.113  -63.404  23.527 0.6000000238
13235  -15.884  -63.986  21.360 0.5000000000
13254  -14.857  -63.633  20.514 0.5000000000
13266  -14.433  -63.219  19.801 0.5000000000
13267  -15.123  -63.017  19.925 0.5000000000
13280  -14.236  -62.836  19.106 0.5000000000
13297  -10.791  -63.342  17.462 0.6000000238
13314  -8.962  -63.268  15.690 0.6000000238
13328  -8.143  -63.251  15.506 0.6999999881
13992  -10.279  -62.321  29.814 0.6000000238
14003  -11.478  -62.679  28.306 0.6000000238
14017  -12.097  -62.712  27.757 0.6999999881
14029  -13.315  -62.584  26.649 0.6999999881
14035  -13.976  -62.984  25.448 0.8000000119
14036  -14.482  -62.501  25.370 0.8000000119
14042  -13.632  -63.185  24.775 0.8000000119
14043  -14.275  -62.696  24.763 0.8000000119
14054  -12.745  -62.448  23.554 0.6000000238
14056  -14.467  -62.161  24.102 0.6999999881
14072  -10.895  -62.057  22.820 0.6000000238
14118  -16.649  -62.689  20.616 0.5000000000
14137  -8.205  -62.208  19.530 0.5000000000
14141  -16.770  -62.088  20.060 0.5000000000
14160  -9.208  -62.033  18.021 0.6000000238
14162  -12.596  -62.796  18.118 0.6000000238
14164  -14.541  -62.369  18.441 0.5000000000
14180  -8.694  -61.754  17.026 0.6999999881
14183  -12.149  -62.016  16.885 0.5000000000
14185  -14.127  -62.045  17.655 0.6000000238
14192  -7.733  -62.787  16.775 0.6000000238
14195  -9.620  -61.507  15.824 0.6000000238
14196  -10.525  -61.304  15.890 0.6000000238
14200  -7.852  -62.605  15.978 0.6999999881
14201  -8.186  -62.528  15.741 0.6999999881
14911  -10.000  -60.681  29.297 0.6999999881
14939  -11.999  -61.321  27.143 0.6999999881
14940  -12.771  -61.868  26.988 0.6999999881
14942  -15.058  -61.297  26.018 0.6999999881
14948  -15.323  -61.404  25.444 0.8000000119
14954  -15.452  -61.359  24.701 0.5000000000
14962  -12.409  -61.497  22.949 0.6000000238
14964  -15.369  -61.128  23.958 0.6999999881
14976  -9.511  -61.470  22.196 0.6000000238
15026  -10.873  -61.354  20.258 0.6000000238
15049  -9.609  -61.803  20.028 0.6000000238
15072  -9.936  -61.255  17.443 0.6999999881
15073  -10.662  -61.131  17.905 0.6999999881
15075  -16.671  -61.118  18.086 0.5000000000
15085  -8.755  -61.578  16.174 0.6999999881
15087  -9.883  -60.764  16.265 0.6000000238
15089  -13.725  -61.443  16.779 0.6000000238
15100  -10.887  -60.767  15.985 0.6000000238
15101  -11.907  -60.924  16.210 0.5000000000
15105  -15.940  -60.871  16.422 0.6999999881
15771  -7.970  -59.752  28.987 0.6000000238
15784  -9.520  -59.864  27.763 0.6999999881
15785  -10.381  -60.332  27.454 0.6999999881
15786  -11.148  -60.804  27.219 0.6999999881
15807  -16.443  -60.177  24.907 0.6000000238
15816  -16.461  -59.942  24.012 0.6000000238
15827  -14.886  -60.599  23.339 0.6999999881
15874  -9.596  -60.686  21.213 0.5000000000
15875  -10.421  -60.884  21.492 0.5000000000
15878  -13.305  -60.033  21.891 0.5000000000
15909  -12.253  -60.755  19.916 0.6999999881
15948  -11.027  -60.407  16.554 0.6000000238
15950  -16.592  -60.787  16.716 0.6999999881
15959  -10.656  -60.569  16.079 0.6000000238
15961  -12.193  -60.344  16.456 0.6000000238
15962  -13.514  -59.836  16.501 0.6000000238
15964  -15.129  -60.668  16.277 0.8000000119
15965  -17.083  -60.446  16.171 0.5000000000
15966  -17.459  -60.075  15.646 0.6000000238
15976  -14.892  -60.083  16.076 0.6999999881
15979  -17.064  -60.147  15.368 0.6000000238
16597  -7.723  -59.608  28.019 0.6999999881
16607  -8.490  -59.600  27.456 0.6999999881
16618  -6.843  -59.069  25.983 0.6999999881
16619  -7.374  -59.311  26.289 0.6999999881
16621  -9.294  -59.302  26.514 0.8000000119
16623  -15.165  -59.837  26.445 0.6000000238
16624  -16.197  -60.022  25.740 0.6000000238
16632  -17.243  -59.031  25.280 0.6000000238
16640  -17.483  -58.982  24.625 0.6000000238
16649  -15.131  -59.913  22.990 0.6000000238
16668  -14.616  -59.565  22.236 0.6000000238
16698  -14.691  -59.372  21.378 0.5000000000
16721  -14.862  -59.248  20.515 0.8000000119
16738  -12.683  -59.793  17.973 0.6000000238
16740  -14.305  -59.415  19.122 0.6000000238
16765  -13.241  -59.510  16.875 0.6000000238
16767  -18.341  -59.530  16.882 0.5000000000
16775  -14.332  -59.602  16.352 0.6999999881
16776  -15.019  -59.438  16.046 0.6999999881
16778  -18.756  -59.278  16.165 0.5000000000
16787  -16.510  -59.217  15.127 0.8000000119
16788  -17.102  -59.681  14.837 0.8000000119
16789  -18.719  -59.282  14.991 0.5000000000
16798  -17.182  -59.043  14.597 0.6000000238
17418  -6.282  -57.994  27.755 0.5000000000
17428  -11.177  -58.561  26.427 0.8000000119
17431  -14.360  -58.313  26.467 0.6000000238
17433  -16.012  -58.713  26.370 0.6999999881
17440  -7.096  -58.706  25.637 0.6999999881
17441  -7.728  -58.796  25.740 0.6999999881
17442  -9.052  -58.174  25.873 0.6999999881
17445  -18.202  -57.679  25.033 0.6000000238
17454  -18.312  -57.944  24.535 0.6000000238
17464  -16.931  -58.815  22.803 0.6000000238
17466  -18.374  -58.102  23.748 0.6000000238
17482  -16.659  -58.563  21.928 0.8000000119
17484  -18.359  -58.005  22.758 0.6999999881
17496  -16.563  -58.439  21.119 0.8000000119
17498  -17.970  -57.897  21.742 0.6999999881
17508  -15.587  -58.774  20.145 0.8000000119
17531  -15.531  -58.536  18.489 0.8000000119
17532  -16.229  -58.169  18.385 0.8000000119
17543  -14.889  -58.594  17.531 0.6999999881
17545  -16.232  -57.783  17.547 0.8000000119
17573  -15.988  -58.497  15.659 0.8000000119
17588  -18.945  -58.784  13.925 0.6000000238
18364  -6.343  -57.443  25.493 0.5000000000
18365  -6.861  -57.936  25.378 0.6000000238
18369  -10.750  -57.237  26.022 0.8000000119
18370  -11.679  -57.275  26.143 0.8000000119
18371  -12.469  -57.384  26.213 0.8000000119
18372  -13.718  -56.909  26.056 0.6999999881
18373  -14.543  -57.087  26.135 0.5000000000
18374  -15.419  -57.364  26.198 0.6000000238
18375  -17.804  -57.496  25.420 0.6000000238
18384  -7.077  -57.166  24.937 0.6000000238
18385  -7.999  -57.119  25.139 0.5000000000
18386  -19.188  -57.194  24.092 0.6000000238
18395  -19.522  -57.171  23.323 0.6000000238
18409  -19.501  -57.275  22.406 0.6000000238
18410  -20.201  -56.837  22.005 0.6000000238
18417  -17.756  -57.743  20.820 0.8000000119
18419  -19.251  -57.277  21.394 0.6000000238
18425  -17.289  -57.853  20.051 0.6999999881
18433  -16.853  -57.906  19.164 0.8000000119
18435  -18.032  -57.088  19.187 0.6999999881
18441  -16.735  -57.646  18.220 0.8000000119
18447  -15.935  -57.917  16.262 0.8000000119
18456  -16.866  -56.988  16.439 0.8000000119
18465  -16.285  -57.911  15.676 0.8000000119
18466  -16.747  -57.655  15.344 0.6999999881
18467  -17.281  -57.446  15.038 0.6999999881
18479  -17.861  -57.792  14.426 0.6999999881
18480  -18.790  -58.175  13.892 0.5000000000
18481  -19.622  -58.010  13.659 0.5000000000
19300  -9.773  -56.232  25.315 0.6000000238
19309  -18.211  -56.867  25.195 0.6000000238
19319  -6.924  -56.299  24.271 0.6000000238
19321  -9.066  -56.040  25.016 0.5000000000
19323  -19.910  -56.150  24.050 0.5000000000
19335  -5.612  -55.443  23.504 0.4000000060
19369  -18.727  -56.998  19.739 0.6000000238
19370  -19.622  -56.776  20.043 0.6000000238
19399  -18.122  -56.540  17.315 0.6000000238
19410  -17.447  -56.589  16.067 0.6999999881
19411  -18.170  -56.497  15.881 0.6999999881
19412  -18.981  -56.604  15.875 0.6000000238
19424  -17.773  -56.926  15.191 0.6999999881
20243  -10.351  -55.819  25.170 0.6000000238
20244  -11.195  -55.770  25.269 0.6000000238
20245  -12.059  -56.070  25.507 0.6999999881
20247  -14.040  -55.738  25.308 0.6000000238
20248  -14.846  -55.907  25.470 0.5000000000
20249  -16.364  -55.894  25.426 0.6000000238
20264  -10.535  -55.302  24.705 0.5000000000
20269  -16.890  -55.293  25.010 0.6000000238
20270  -17.772  -55.445  24.921 0.6000000238
20271  -18.620  -55.602  24.748 0.5000000000
20272  -19.442  -55.730  24.403 0.5000000000
20284  -5.097  -54.945  23.489 0.4000000060
20286  -6.082  -55.354  23.099 0.4000000060
20290  -20.544  -55.144  23.622 0.5000000000
20306  -6.030  -54.788  22.707 0.4000000060
20307  -6.593  -55.097  22.802 0.5000000000
21209  -3.430  -54.308  24.628 0.4000000060
21216  -3.859  -54.551  24.277 0.4000000060
21220  -12.335  -54.706  24.421 0.5000000000
21221  -13.624  -54.594  24.302 0.6000000238
21222  -14.445  -54.700  24.450 0.5000000000
21223  -15.427  -54.800  24.633 0.5000000000
21228  -19.951  -55.059  24.091 0.5000000000
21241  -5.172  -54.469  23.374 0.4000000060
21242  -9.496  -54.690  23.296 0.5000000000
21243  -10.388  -54.477  23.307 0.4000000060
21246  -12.876  -54.394  24.073 0.5000000000
21249  -16.841  -54.216  23.992 0.6000000238
21254  -20.946  -54.735  23.247 0.5000000000
21269  -5.712  -54.205  22.842 0.4000000060
21289  -7.029  -54.162  21.915 0.5000000000
21292  -11.859  -53.869  20.766 0.4000000060
21304  -9.384  -54.076  20.795 0.5000000000
21305  -10.705  -53.959  20.040 0.5000000000
21306  -11.399  -53.938  20.095 0.4000000060
22162  -5.581  -53.197  26.760 0.4000000060
22163  -6.634  -53.373  27.013 0.3000000119
22180  -7.720  -53.290  26.224 0.3000000119
22185  -3.027  -53.813  25.145 0.4000000060
22196  -4.094  -54.191  24.172 0.4000000060
22209  -4.837  -54.155  23.758 0.4000000060
22215  -15.337  -53.613  23.001 0.5000000000
22217  -17.273  -53.726  23.365 0.6000000238
22218  -18.202  -53.743  23.441 0.5000000000
22219  -19.148  -53.786  23.443 0.5000000000
22235  -6.255  -53.539  22.559 0.6000000238
22237  -14.198  -53.455  22.412 0.5000000000
22238  -15.599  -53.196  22.149 0.5000000000
22243  -20.586  -53.391  22.551 0.5000000000
22261  -12.437  -53.675  21.592 0.4000000060
22265  -17.307  -52.805  21.844 0.4000000060
22281  -8.627  -53.790  20.967 0.5000000000
22283  -12.018  -53.607  19.538 0.5000000000
22292  -10.139  -53.561  19.991 0.5000000000
22294  -11.857  -53.356  19.236 0.5000000000
22297  -13.891  -52.912  18.912 0.4000000060
22310  -12.613  -53.075  18.789 0.5000000000
22311  -13.213  -53.060  18.699 0.4000000060
23135  -4.643  -52.236  27.323 0.4000000060
23137  -7.020  -52.734  27.442 0.4000000060
23171  -8.430  -52.949  25.788 0.5000000000
23185  -8.133  -52.616  24.798 0.4000000060
23223  -18.082  -52.890  22.225 0.4000000060
23240  -8.084  -53.029  21.344 0.5000000000
23243  -16.728  -52.578  21.002 0.4000000060
23245  -18.907  -52.505  21.345 0.4000000060
23263  -14.803  -52.542  19.154 0.4000000060
23266  -17.868  -52.167  20.303 0.4000000060
23279  -10.400  -52.860  19.862 0.5000000000
23281  -15.668  -52.306  19.372 0.4000000060
23283  -17.351  -51.875  19.571 0.4000000060
23301  -12.629  -52.604  18.774 0.5000000000
23302  -13.245  -52.542  18.587 0.5000000000
23322  -14.547  -52.065  18.406 0.4000000060
24184  -10.502  -51.738  25.687 0.5000000000
24209  -7.959  -51.410  23.078 0.5000000000
24211  -13.785  -51.291  23.130 0.3000000119
24237  -7.956  -51.467  22.771 0.5000000000
24256  -7.925  -52.051  21.982 0.4000000060
24257  -8.663  -51.591  21.766 0.4000000060
24271  -10.001  -52.039  20.685 0.4000000060
24272  -10.585  -51.559  20.726 0.4000000060
24273  -11.260  -51.507  20.372 0.4000000060
24286  -11.701  -51.892  19.548 0.5000000000
24288  -17.721  -51.507  18.962 0.4000000060
24303  -12.319  -52.111  19.072 0.4000000060
24305  -13.451  -51.596  18.573 0.5000000000
24309  -19.154  -51.097  18.676 0.4000000060
24311  -21.306  -51.397  18.062 0.4000000060
25182  -7.756  -50.938  27.286 0.5000000000
25202  -11.488  -50.722  26.169 0.4000000060
25211  -11.644  -50.726  25.762 0.5000000000
25242  -8.345  -50.948  22.991 0.5000000000
25273  -9.186  -50.324  22.645 0.4000000060
25300  -11.509  -51.053  21.537 0.4000000060
25319  -13.096  -50.504  20.231 0.3000000119
25335  -13.371  -50.290  19.519 0.3000000119
25352  -19.796  -50.645  18.239 0.4000000060
26265  -6.810  -49.218  26.998 0.3000000119
26268  -11.088  -50.413  26.543 0.3000000119
26293  -11.383  -49.583  23.831 0.4000000060
26313  -9.600  -49.949  22.957 0.4000000060
26335  -11.595  -49.498  23.076 0.4000000060
26352  -10.195  -50.004  22.355 0.4000000060
26375  -13.091  -50.314  19.874 0.3000000119
26434  -20.670  -49.179  16.592 0.3000000119
119705  -17.143  -82.562  13.341 0.6999999881
120268  -9.534  -83.688  13.171 0.5000000000
120465  -8.739  -64.484  27.201 0.5000000000
120838  -12.764  -53.480  19.489 0.4000000060
121340  -10.176  -59.374  26.597 0.8000000119
121347  -5.613  -53.357  24.222 0.4000000060
121422  -9.722  -67.717  16.669 0.5000000000
121574  -8.717  -66.130  13.375 0.5000000000
121816  -15.820  -82.517  13.003 0.6000000238
121927  -16.117  -69.833  18.728 0.6000000238
122049  -13.358  -78.345  8.330 0.6000000238
122076  -5.762  -56.745  25.655 0.5000000000
122354  -16.024  -69.401  9.643 0.6000000238
122726  -16.538  -82.450  11.877 0.6999999881
122924  -18.730  -81.736  8.800 0.5000000000
123401  -24.881  -82.674  25.016 0.4000000060
123702  -15.311  -51.822  18.518 0.3000000119
123784  -17.073  -57.277  25.847 0.6000000238
123907  -16.486  -71.338  16.007 0.6000000238
124032  -6.547  -59.235  27.537 0.6999999881
124138  -24.114  -81.061  24.528 0.4000000060
124358  -8.046  -55.321  23.614 0.4000000060
124401  -9.020  -60.023  29.299 0.6000000238
124557  -14.449  -74.663  15.014 0.5000000000
124944  -16.548  -68.874  13.451 0.5000000000
125027  -7.003  -63.802  15.732 0.6999999881
125267  -17.743  -75.327  20.780 0.3000000119
125368  -12.108  -60.849  22.343 0.6000000238
125392  -15.944  -78.309  9.610 0.5000000000
125674  -13.870  -52.544  18.558 0.4000000060
126053  -10.400  -67.455  14.318 0.6000000238
126308  -18.190  -81.682  8.486 0.6000000238
126749  -18.250  -52.390  20.921 0.4000000060
127283  -8.290  -58.359  25.727 0.6999999881
127563  -11.871  -68.443  17.224 0.6000000238
127669  -13.299  -60.292  22.385 0.6000000238
127814  -11.878  -49.220  23.509 0.4000000060
128381  -24.101  -80.727  12.622 0.4000000060
128844  -10.849  -64.488  26.444 0.6000000238
128856  -10.757  -77.251  15.057 0.6000000238
128871  -18.774  -57.612  22.065 0.6999999881
129423  -9.667  -64.474  25.319 0.5000000000
129656  -14.415  -61.515  26.305 0.6999999881
130024  -12.037  -60.644  21.703 0.6000000238
130047  -8.249  -62.118  22.178 0.6000000238
130488  -20.282  -74.537  22.127 0.3000000119
130812  -12.930  -63.691  26.126 0.8000000119
130988  -18.283  -81.289  7.869 0.6000000238
131143  -14.611  -78.141  8.454 0.6000000238
131173  -12.556  -71.009  18.017 0.6000000238
131228  -18.047  -67.373  23.200 0.4000000060
131930  -22.699  -82.069  15.290 0.4000000060
132114  -13.636  -60.594  16.391 0.6999999881
132248  -23.240  -82.617  15.241 0.3000000119
132347  -21.818  -79.447  15.190 0.4000000060
133192  -16.629  -69.860  13.712 0.5000000000
133203  -10.374  -65.531  17.363 0.6000000238
133404  -11.769  -58.967  26.524 0.6999999881
133540  -12.112  -60.703  20.939 0.6999999881
133611  -13.238  -57.502  26.260 0.8000000119
133720  -18.650  -57.189  24.757 0.6000000238
133743  -15.545  -63.636  20.830 0.5000000000
133774  -22.436  -84.896  22.239 0.3000000119
134005  -14.924  -77.933  18.381 0.5000000000
134046  -11.200  -62.724  23.326 0.6000000238
134092  -14.396  -59.442  19.985 0.6000000238
134208  -13.628  -53.222  19.664 0.5000000000
134308  -12.657  -56.328  25.658 0.6999999881
134315  -15.739  -69.195  18.296 0.6000000238
134470  -5.337  -52.704  27.224 0.4000000060
134801  -6.520  -58.858  26.313 0.6999999881
134811  -16.661  -59.088  25.964 0.6000000238
135468  -9.471  -67.509  15.771 0.5000000000
136209  -13.318  -60.070  20.551 0.6999999881
136279  -17.920  -56.484  16.566 0.6999999881
136303  -21.020  -56.236  22.197 0.5000000000
136334  -16.180  -62.290  19.569 0.5000000000
136504  -16.698  -80.261  8.104 0.6000000238
136633  -10.263  -50.511  21.770 0.4000000060
136679  -9.991  -54.008  20.324 0.5000000000
136777  -10.555  -61.194  28.678 0.6999999881
136887  -11.669  -53.905  21.549 0.4000000060
137017  -14.799  -61.913  17.851 0.6000000238
137062  -20.049  -74.921  21.111 0.3000000119
137187  -19.913  -79.506  13.987 0.5000000000
137269  -14.343  -80.536  9.960 0.5000000000
137759  -21.848  -78.944  22.550 0.4000000060
137922  -7.782  -54.616  22.303 0.5000000000
137945  -16.488  -70.537  17.588 0.6000000238
138074  -7.381  -66.217  13.842 0.4000000060
138129  -14.449  -60.087  22.790 0.6999999881
138348  -10.579  -65.283  14.229 0.6000000238
138426  -11.263  -60.623  17.784 0.6000000238
138531  -13.863  -59.353  16.672 0.6999999881
138656  -15.785  -60.043  26.167 0.6000000238
138816  -21.479  -85.111  21.045 0.3000000119
139032  -15.402  -58.776  19.256 0.8000000119
139109  -13.476  -59.934  21.295 0.6000000238
139148  -13.292  -55.552  25.157 0.6000000238
139190  -25.334  -82.300  25.048 0.4000000060
139397  -11.207  -54.417  23.714 0.5000000000
139419  -13.570  -67.155  18.620 0.6000000238
139545  -26.284  -80.845  23.347 0.4000000060
139616  -24.134  -76.406  22.281 0.3000000119
139684  -22.014  -79.002  10.954 0.5000000000
139754  -10.784  -61.011  21.040 0.5000000000
139912  -13.545  -59.197  26.562 0.6000000238
140130  -16.487  -68.182  12.746 0.5000000000
140188  -11.154  -74.977  9.579 0.6999999881
140224  -16.643  -60.936  17.346 0.6999999881
140367  -13.411  -73.352  10.412 0.6000000238
140464  -21.028  -55.860  22.840 0.5000000000
140565  -19.647  -56.737  23.946 0.6000000238
140605  -10.821  -54.096  20.337 0.5000000000
140811  -18.128  -59.519  14.866 0.5000000000
140975  -12.237  -71.260  18.352 0.6000000238
141093  -18.378  -80.832  14.858 0.5000000000
141508  -9.523  -62.208  22.572 0.6000000238
141675  -8.921  -64.470  25.264 0.6000000238
142127  -13.786  -53.270  20.631 0.5000000000
142179  -12.913  -60.201  16.448 0.6999999881
142216  -13.432  -54.159  23.709 0.6000000238
142344  -12.520  -49.744  25.771 0.4000000060
142395  -24.626  -77.681  22.289 0.3000000119
142398  -12.786  -55.431  25.055 0.6000000238
142427  -16.290  -75.241  21.415 0.3000000119
142468  -13.280  -70.162  16.634 0.6999999881
142473  -15.584  -56.101  25.607 0.5000000000
142731  -13.706  -75.680  23.785 0.4000000060
142781  -15.022  -67.148  21.663 0.6000000238
142844  -10.388  -69.128  19.092 0.5000000000
142881  -7.467  -63.852  15.421 0.6999999881
142883  -23.876  -84.632  25.193 0.3000000119
142906  -8.798  -63.647  15.575 0.6000000238
143091  -24.252  -79.968  18.385 0.3000000119
143260  -10.431  -64.967  18.380 0.6000000238
