#!ascii label  , from subject sub-v2s16x51231_ses-1 vox2ras=TkReg
484
118250  -32.836  -13.536  4.787 0.0000000000
71195  -31.451  -6.375  6.789 0.0000000000
83627  -30.153  6.247  0.986 0.0000000000
78277  -31.826  0.364  0.308 0.0000000000
73269  -34.149  -4.501  0.133 0.0000000000
68212  -38.254  -9.470  2.692 0.0000000000
84499  -28.922  7.748  1.116 0.0000000000
76226  -32.342  -2.075  0.153 0.0000000000
75156  -32.596  -2.375  4.302 0.0000000000
133123  -32.475  -9.271  6.247 0.0000000000
69199  -34.842  -8.543  3.246 0.0000000000
66168  -35.638  -11.682  4.129 0.0000000000
63175  -27.273  -14.964  9.805 0.0000000000
126698  -30.577  -10.987  8.097 0.0000000000
90065  -24.148  13.461  -2.631 0.0000000000
88239  -27.686  11.766  -2.400 0.0000000000
86348  -28.239  9.145  -3.630 0.0000000000
83673  -27.577  6.486  -3.342 0.0000000000
81848  -27.900  4.100  -3.031 0.0000000000
136840  -31.032  3.982  0.966 0.0000000000
79207  -29.525  1.354  -2.183 0.0000000000
77322  -31.637  -1.383  -2.439 0.0000000000
75216  -35.615  -3.043  -2.748 0.0000000000
73278  -38.631  -4.461  -1.552 0.0000000000
72264  -33.761  -5.525  3.993 0.0000000000
71248  -36.695  -6.565  0.688 0.0000000000
129146  -31.595  -1.139  4.677 0.0000000000
130438  -30.043  -2.474  5.105 0.0000000000
66160  -32.423  -11.614  5.324 0.0000000000
132826  -33.713  -10.230  4.441 0.0000000000
66166  -33.921  -12.167  4.485 0.0000000000
57890  -27.115  -18.746  12.989 0.0000000000
58896  -27.197  -18.145  11.540 0.0000000000
59990  -27.595  -17.581  10.950 0.0000000000
68147  -29.343  -9.873  8.340 0.0000000000
137199  -27.885  -10.268  8.380 0.0000000000
138784  -28.564  10.825  -3.041 0.0000000000
84500  -29.500  7.235  1.066 0.0000000000
84530  -29.654  7.909  -0.997 0.0000000000
126787  -29.637  6.208  -1.169 0.0000000000
125485  -27.137  5.322  -3.412 0.0000000000
82774  -29.936  5.451  -0.840 0.0000000000
80058  -31.396  2.301  0.609 0.0000000000
80928  -30.329  2.864  -0.867 0.0000000000
79209  -30.849  0.656  -1.053 0.0000000000
78307  -30.453  -0.409  -2.484 0.0000000000
78285  -31.371  -0.166  -0.738 0.0000000000
128690  -33.109  -3.489  0.307 0.0000000000
75207  -32.921  -2.970  -1.118 0.0000000000
73276  -34.254  -3.964  -0.831 0.0000000000
136779  -37.459  -3.396  -2.392 0.0000000000
72301  -36.410  -4.987  -0.956 0.0000000000
72240  -30.245  -5.377  6.525 0.0000000000
73223  -32.417  -4.400  5.751 0.0000000000
72254  -33.039  -5.578  5.544 0.0000000000
69201  -36.279  -8.985  2.814 0.0000000000
70204  -35.191  -7.411  2.326 0.0000000000
70206  -37.221  -7.925  1.779 0.0000000000
71249  -39.217  -6.823  0.435 0.0000000000
128187  -40.437  -7.767  1.554 0.0000000000
62239  -28.487  -16.246  8.825 0.0000000000
64158  -27.624  -13.959  9.604 0.0000000000
63189  -29.329  -16.024  7.641 0.0000000000
118258  -29.395  -14.038  7.918 0.0000000000
78261  -31.992  0.948  3.235 0.0000000000
78270  -32.037  -0.207  0.929 0.0000000000
77274  -32.333  -0.749  2.864 0.0000000000
75175  -32.645  -2.307  2.210 0.0000000000
74200  -33.238  -3.774  2.217 0.0000000000
70166  -31.933  -7.738  6.970 0.0000000000
132160  -33.254  -6.985  5.394 0.0000000000
69186  -33.365  -8.859  4.832 0.0000000000
68201  -35.360  -9.721  3.527 0.0000000000
67219  -36.594  -10.396  3.453 0.0000000000
60011  -28.084  -16.916  9.764 0.0000000000
70153  -30.333  -7.570  7.383 0.0000000000
133008  -31.287  -8.999  7.490 0.0000000000
67198  -31.631  -10.339  7.148 0.0000000000
140377  -31.333  -11.851  6.690 0.0000000000
90867  -23.673  15.229  -5.323 0.0000000000
88216  -24.436  11.858  -1.009 0.0000000000
89217  -25.640  12.799  -2.249 0.0000000000
88244  -27.981  11.463  -3.467 0.0000000000
87314  -27.964  10.578  -4.567 0.0000000000
86357  -27.029  8.900  -5.055 0.0000000000
85406  -29.309  8.638  -1.330 0.0000000000
85434  -27.676  8.132  -3.702 0.0000000000
85445  -26.155  7.881  -5.149 0.0000000000
141604  -25.897  6.120  -4.475 0.0000000000
82789  -26.182  4.718  -4.051 0.0000000000
81857  -27.109  3.347  -3.851 0.0000000000
134776  -30.704  4.753  0.914 0.0000000000
129738  -30.279  3.797  -0.748 0.0000000000
80079  -28.563  2.616  -2.651 0.0000000000
119481  -28.553  1.815  -3.814 0.0000000000
79232  -29.886  0.996  -3.535 0.0000000000
77331  -33.729  -0.823  -3.729 0.0000000000
128763  -31.966  -2.112  -1.406 0.0000000000
76248  -32.925  -2.342  -2.375 0.0000000000
120015  -31.271  -3.184  5.745 0.0000000000
74181  -33.404  -4.023  3.917 0.0000000000
131850  -34.111  -5.318  1.632 0.0000000000
123421  -33.933  -6.371  3.612 0.0000000000
72279  -34.328  -5.956  1.939 0.0000000000
120144  -35.254  -5.659  0.566 0.0000000000
72298  -38.046  -5.878  -0.533 0.0000000000
72300  -39.992  -5.259  -0.490 0.0000000000
118631  -29.573  -12.094  8.493 0.0000000000
118569  -30.366  -12.904  7.442 0.0000000000
118610  -31.924  -15.442  5.339 0.0000000000
143182  -32.719  -12.381  4.974 0.0000000000
66161  -33.021  -11.743  4.839 0.0000000000
136681  -33.392  -12.874  4.703 0.0000000000
118240  -34.187  -13.479  4.594 0.0000000000
118592  -33.761  -14.289  4.627 0.0000000000
58865  -27.948  -18.523  13.267 0.0000000000
58882  -26.785  -18.597  12.139 0.0000000000
58883  -27.604  -18.263  12.448 0.0000000000
83626  -29.585  6.586  1.313 0.0000000000
84507  -30.264  7.061  0.112 0.0000000000
83658  -30.197  6.354  -0.390 0.0000000000
82765  -30.454  5.735  -0.124 0.0000000000
79188  -31.858  1.628  1.926 0.0000000000
80044  -31.415  2.351  2.671 0.0000000000
133674  -31.702  1.394  0.748 0.0000000000
79199  -31.302  1.517  -0.168 0.0000000000
119601  -31.526  0.779  -0.230 0.0000000000
74215  -33.594  -3.942  -0.014 0.0000000000
128904  -33.322  -3.462  -0.557 0.0000000000
74223  -35.412  -4.120  -1.540 0.0000000000
73270  -35.175  -4.705  -0.626 0.0000000000
72241  -31.129  -5.513  6.649 0.0000000000
73208  -31.823  -4.981  6.275 0.0000000000
72242  -31.828  -5.739  6.491 0.0000000000
69212  -37.485  -8.717  2.340 0.0000000000
69211  -36.318  -8.294  2.354 0.0000000000
70207  -38.835  -8.085  1.590 0.0000000000
126461  -39.051  -8.743  2.168 0.0000000000
69213  -40.543  -8.437  2.144 0.0000000000
68213  -39.699  -9.297  2.595 0.0000000000
63188  -28.682  -15.662  8.332 0.0000000000
78247  -31.686  0.733  4.117 0.0000000000
78248  -32.187  0.163  3.476 0.0000000000
77256  -31.866  -0.031  4.272 0.0000000000
76175  -32.173  -1.547  4.420 0.0000000000
132075  -32.439  -1.091  3.848 0.0000000000
75167  -32.770  -2.323  3.322 0.0000000000
75185  -33.006  -3.077  1.693 0.0000000000
74190  -33.099  -2.962  3.674 0.0000000000
69177  -32.297  -8.505  6.746 0.0000000000
132164  -32.822  -8.473  6.028 0.0000000000
133120  -32.965  -9.227  5.324 0.0000000000
67211  -34.902  -10.936  4.045 0.0000000000
130157  -34.341  -10.341  4.154 0.0000000000
67212  -35.652  -10.512  3.695 0.0000000000
68202  -36.045  -9.714  3.270 0.0000000000
122401  -36.262  -11.105  3.803 0.0000000000
67213  -37.080  -11.139  3.794 0.0000000000
66169  -36.540  -11.830  4.136 0.0000000000
57889  -26.337  -19.106  12.676 0.0000000000
57870  -25.960  -19.718  13.191 0.0000000000
60003  -28.094  -17.153  10.308 0.0000000000
61124  -28.556  -16.749  9.741 0.0000000000
69166  -30.798  -8.353  7.508 0.0000000000
118271  -29.851  -10.588  8.374 0.0000000000
140424  -30.740  -9.731  7.867 0.0000000000
141551  -30.406  -10.418  8.169 0.0000000000
118261  -31.129  -11.267  7.357 0.0000000000
120625  -30.586  -11.857  7.807 0.0000000000
90080  -23.528  14.147  -3.290 0.0000000000
90848  -23.199  14.882  -4.515 0.0000000000
90849  -24.173  14.511  -4.307 0.0000000000
90081  -24.614  13.867  -3.430 0.0000000000
88230  -26.538  11.732  -1.291 0.0000000000
89206  -26.119  12.317  -1.732 0.0000000000
88238  -27.001  12.127  -2.025 0.0000000000
89218  -26.464  12.613  -2.496 0.0000000000
89219  -27.094  12.436  -2.817 0.0000000000
88243  -27.569  12.039  -3.157 0.0000000000
126900  -28.655  10.086  -3.180 0.0000000000
87303  -28.331  10.820  -3.775 0.0000000000
126684  -28.359  10.054  -3.964 0.0000000000
86368  -27.341  9.959  -5.453 0.0000000000
86358  -27.806  9.535  -4.489 0.0000000000
85397  -29.548  8.586  -0.519 0.0000000000
84541  -28.526  7.417  -2.520 0.0000000000
84542  -29.216  7.928  -1.708 0.0000000000
84550  -27.757  7.482  -3.378 0.0000000000
85433  -26.887  7.647  -4.288 0.0000000000
84559  -26.003  6.884  -4.769 0.0000000000
84549  -26.846  6.856  -3.989 0.0000000000
82780  -27.765  4.980  -3.029 0.0000000000
82790  -26.847  4.261  -3.588 0.0000000000
81856  -26.393  3.855  -4.299 0.0000000000
80905  -30.440  3.702  2.811 0.0000000000
81806  -30.437  4.359  2.277 0.0000000000
80916  -30.620  4.616  1.637 0.0000000000
80922  -30.687  4.378  0.191 0.0000000000
80929  -30.788  3.506  -0.061 0.0000000000
80072  -29.843  2.035  -1.565 0.0000000000
80935  -29.628  2.893  -1.657 0.0000000000
80071  -29.106  1.850  -2.408 0.0000000000
80086  -27.995  2.218  -3.490 0.0000000000
80080  -28.427  1.585  -3.090 0.0000000000
79231  -29.111  1.265  -3.435 0.0000000000
79219  -29.496  0.673  -3.074 0.0000000000
77329  -31.195  -0.705  -2.963 0.0000000000
78316  -30.774  -0.023  -3.271 0.0000000000
77339  -33.517  0.003  -4.218 0.0000000000
77330  -32.373  -0.798  -3.313 0.0000000000
132751  -32.095  -1.160  0.264 0.0000000000
128540  -31.965  -1.788  -0.776 0.0000000000
74226  -34.252  -3.100  -2.349 0.0000000000
75223  -33.792  -2.591  -2.563 0.0000000000
76261  -34.063  -1.767  -3.152 0.0000000000
76262  -35.588  -1.523  -3.552 0.0000000000
74230  -37.922  -3.838  -1.994 0.0000000000
74225  -39.589  -4.182  -1.295 0.0000000000
74161  -29.370  -3.397  5.231 0.0000000000
73238  -33.481  -4.795  4.438 0.0000000000
73237  -33.023  -4.107  4.987 0.0000000000
124508  -33.684  -4.839  3.482 0.0000000000
73245  -33.479  -4.306  2.865 0.0000000000
123891  -33.795  -4.916  2.700 0.0000000000
70184  -33.669  -7.959  4.067 0.0000000000
71217  -33.640  -6.972  4.432 0.0000000000
71226  -33.908  -7.226  3.674 0.0000000000
71237  -35.592  -6.881  1.609 0.0000000000
71236  -34.631  -6.720  2.285 0.0000000000
71246  -34.838  -6.298  1.609 0.0000000000
72287  -34.592  -5.672  1.164 0.0000000000
71247  -35.432  -6.182  1.002 0.0000000000
72288  -36.137  -5.908  0.292 0.0000000000
72289  -37.193  -6.100  -0.007 0.0000000000
71250  -40.472  -6.515  0.660 0.0000000000
71256  -39.874  -6.011  -0.055 0.0000000000
72290  -40.402  -5.818  0.392 0.0000000000
63204  -30.495  -15.898  6.687 0.0000000000
118259  -30.124  -14.445  6.975 0.0000000000
118255  -31.047  -15.299  6.094 0.0000000000
118256  -31.269  -14.055  5.799 0.0000000000
119811  -31.960  -15.834  5.925 0.0000000000
77234  -31.300  -0.497  4.640 0.0000000000
76174  -31.439  -1.753  4.907 0.0000000000
76151  -30.644  -2.090  5.093 0.0000000000
68184  -32.548  -10.045  5.610 0.0000000000
68185  -33.073  -10.114  4.911 0.0000000000
67205  -32.694  -10.843  5.140 0.0000000000
67206  -33.362  -10.989  4.622 0.0000000000
66167  -34.799  -11.996  4.320 0.0000000000
65137  -34.755  -13.166  4.643 0.0000000000
118602  -35.311  -13.694  4.934 0.0000000000
60001  -26.578  -17.297  10.598 0.0000000000
58897  -27.993  -17.718  11.858 0.0000000000
133373  -29.107  -8.646  7.833 0.0000000000
68161  -28.722  -9.260  8.102 0.0000000000
68146  -28.558  -10.055  8.396 0.0000000000
118278  -29.067  -10.493  8.509 0.0000000000
89215  -23.839  13.104  -1.914 0.0000000000
88231  -27.420  11.491  -1.583 0.0000000000
88240  -28.213  11.309  -2.735 0.0000000000
87294  -27.845  10.895  -1.134 0.0000000000
87295  -28.515  10.505  -1.471 0.0000000000
130175  -28.864  9.999  -2.367 0.0000000000
85392  -29.653  8.458  0.080 0.0000000000
84518  -29.945  7.888  -0.197 0.0000000000
83666  -29.269  6.968  -1.658 0.0000000000
83665  -28.326  6.047  -2.625 0.0000000000
82772  -28.530  5.159  -2.391 0.0000000000
141280  -28.750  4.473  -2.255 0.0000000000
80917  -31.307  3.150  1.340 0.0000000000
131412  -31.142  3.031  0.395 0.0000000000
80065  -31.054  2.251  -0.187 0.0000000000
79198  -30.761  1.560  -0.750 0.0000000000
79208  -30.153  1.230  -1.536 0.0000000000
132247  -29.666  0.719  -2.511 0.0000000000
78294  -30.149  0.231  -1.974 0.0000000000
78295  -30.709  -0.345  -1.672 0.0000000000
77321  -30.978  -0.986  -2.165 0.0000000000
75196  -32.663  -2.813  0.183 0.0000000000
75195  -32.372  -2.495  -0.729 0.0000000000
142402  -32.800  -3.054  -0.383 0.0000000000
74222  -33.748  -3.352  -1.461 0.0000000000
74227  -34.789  -3.605  -1.910 0.0000000000
74228  -35.809  -3.646  -2.233 0.0000000000
74229  -36.675  -3.931  -2.053 0.0000000000
73279  -37.227  -4.494  -1.615 0.0000000000
73221  -30.592  -3.924  6.101 0.0000000000
73207  -30.898  -4.698  6.428 0.0000000000
129817  -32.554  -5.075  5.810 0.0000000000
72255  -33.515  -5.500  4.867 0.0000000000
69200  -35.556  -8.482  2.806 0.0000000000
70191  -34.970  -7.920  2.830 0.0000000000
69210  -35.598  -7.957  2.462 0.0000000000
70205  -36.068  -7.645  1.964 0.0000000000
70214  -36.853  -7.279  1.287 0.0000000000
127079  -37.823  -6.967  0.651 0.0000000000
70215  -38.244  -7.460  1.074 0.0000000000
70216  -39.866  -7.313  0.957 0.0000000000
70217  -40.900  -7.038  1.250 0.0000000000
123775  -40.950  -7.025  1.480 0.0000000000
70208  -41.052  -7.691  2.017 0.0000000000
62238  -27.682  -15.874  9.412 0.0000000000
63176  -28.044  -15.208  9.189 0.0000000000
64159  -28.430  -14.435  8.950 0.0000000000
118276  -28.799  -13.685  8.713 0.0000000000
63203  -29.655  -15.476  7.198 0.0000000000
79169  -31.394  1.482  3.914 0.0000000000
131786  -32.066  1.066  2.337 0.0000000000
78269  -32.025  0.746  1.385 0.0000000000
78262  -32.171  0.156  2.225 0.0000000000
77286  -32.261  -0.860  1.532 0.0000000000
132863  -32.304  -1.715  1.086 0.0000000000
77235  -32.046  -0.749  4.336 0.0000000000
76216  -32.368  -1.562  2.043 0.0000000000
142977  -32.400  -2.040  1.595 0.0000000000
132714  -32.948  -3.148  0.860 0.0000000000
74207  -33.186  -3.779  1.251 0.0000000000
73268  -33.531  -4.234  0.757 0.0000000000
132162  -32.105  -7.036  6.659 0.0000000000
132163  -32.760  -6.996  6.155 0.0000000000
70177  -33.097  -7.721  5.784 0.0000000000
134932  -33.494  -8.364  4.669 0.0000000000
69191  -33.683  -8.803  4.317 0.0000000000
68192  -33.458  -9.459  4.632 0.0000000000
68193  -34.103  -9.526  4.108 0.0000000000
68200  -34.773  -9.257  3.611 0.0000000000
129760  -35.472  -9.113  3.214 0.0000000000
68203  -37.009  -9.602  2.961 0.0000000000
68204  -39.017  -10.116  2.997 0.0000000000
67220  -37.741  -10.383  3.275 0.0000000000
118775  -36.115  -12.544  4.488 0.0000000000
56866  -26.425  -19.947  13.989 0.0000000000
62237  -26.954  -15.860  9.927 0.0000000000
60002  -27.435  -17.261  10.256 0.0000000000
61136  -27.779  -16.626  9.590 0.0000000000
61137  -28.594  -16.586  9.224 0.0000000000
61138  -29.052  -16.600  9.074 0.0000000000
71182  -30.808  -6.919  7.123 0.0000000000
70154  -31.191  -7.683  7.270 0.0000000000
69167  -31.635  -8.440  7.254 0.0000000000
68177  -31.921  -9.343  7.088 0.0000000000
68163  -30.531  -9.137  7.774 0.0000000000
68164  -31.260  -9.667  7.583 0.0000000000
68178  -32.114  -10.049  6.453 0.0000000000
140877  -31.866  -10.592  6.487 0.0000000000
66151  -31.953  -11.709  5.762 0.0000000000
118951  -31.566  -12.562  5.912 0.0000000000
90847  -22.394  15.457  -4.769 0.0000000000
89204  -24.178  12.526  -1.509 0.0000000000
89216  -24.685  12.923  -2.112 0.0000000000
89205  -25.142  12.422  -1.583 0.0000000000
90066  -25.144  13.310  -2.796 0.0000000000
90067  -25.972  13.137  -2.954 0.0000000000
87334  -27.360  11.271  -5.184 0.0000000000
87333  -27.011  11.217  -6.034 0.0000000000
86374  -26.278  9.644  -6.585 0.0000000000
86367  -26.198  8.696  -5.832 0.0000000000
86332  -29.123  9.352  -0.957 0.0000000000
86339  -29.006  9.336  -1.814 0.0000000000
85419  -28.899  8.511  -2.144 0.0000000000
85446  -27.368  8.539  -4.380 0.0000000000
85456  -25.456  8.403  -6.688 0.0000000000
85457  -25.502  7.805  -6.008 0.0000000000
83684  -25.438  5.993  -5.715 0.0000000000
83672  -26.482  5.765  -3.975 0.0000000000
83679  -25.654  5.306  -4.624 0.0000000000
129569  -30.008  5.064  2.070 0.0000000000
82747  -30.363  5.420  1.202 0.0000000000
81826  -30.576  5.199  0.378 0.0000000000
81834  -30.317  4.815  -0.433 0.0000000000
81841  -29.449  4.133  -1.602 0.0000000000
81840  -28.474  3.620  -2.599 0.0000000000
80943  -27.779  2.913  -3.290 0.0000000000
80953  -27.527  2.622  -3.935 0.0000000000
78306  -30.302  0.573  -3.398 0.0000000000
131024  -31.408  0.778  -3.894 0.0000000000
135636  -32.464  1.029  -4.480 0.0000000000
140118  -34.477  0.754  -4.248 0.0000000000
77300  -31.858  -0.436  -0.039 0.0000000000
77312  -31.738  -1.012  -0.822 0.0000000000
76237  -31.555  -1.549  -1.673 0.0000000000
75206  -32.499  -2.494  -1.625 0.0000000000
76247  -31.988  -2.078  -2.069 0.0000000000
76260  -32.668  -1.635  -2.809 0.0000000000
131560  -37.601  -2.794  -2.689 0.0000000000
75138  -30.571  -2.725  5.389 0.0000000000
74179  -32.094  -2.806  5.093 0.0000000000
74163  -32.263  -3.570  5.513 0.0000000000
74180  -32.880  -3.299  4.509 0.0000000000
74191  -33.263  -3.604  3.185 0.0000000000
73252  -33.649  -4.600  1.822 0.0000000000
72286  -34.014  -4.975  0.964 0.0000000000
71207  -32.912  -6.268  5.842 0.0000000000
131315  -33.710  -6.116  4.434 0.0000000000
70203  -34.587  -7.355  2.768 0.0000000000
71235  -34.157  -6.165  2.710 0.0000000000
72272  -33.935  -5.531  3.124 0.0000000000
72278  -34.049  -5.399  2.306 0.0000000000
72296  -34.744  -5.151  0.374 0.0000000000
72297  -35.717  -5.349  -0.128 0.0000000000
126463  -37.008  -5.563  -0.557 0.0000000000
72303  -38.405  -5.277  -1.050 0.0000000000
71255  -38.378  -6.392  -0.051 0.0000000000
72299  -39.233  -5.596  -0.647 0.0000000000
72304  -39.538  -4.859  -1.071 0.0000000000
118277  -28.357  -10.846  8.624 0.0000000000
118266  -30.047  -11.477  8.337 0.0000000000
118260  -29.856  -13.008  8.047 0.0000000000
142426  -30.149  -12.223  8.146 0.0000000000
118640  -30.966  -12.555  6.808 0.0000000000
118575  -32.124  -14.283  5.025 0.0000000000
61123  -26.911  -16.674  10.157 0.0000000000
62254  -29.046  -16.308  8.078 0.0000000000
67191  -30.917  -10.327  7.839 0.0000000000
67199  -32.106  -10.826  5.832 0.0000000000
67210  -34.152  -11.088  4.297 0.0000000000
68148  -30.219  -9.856  8.151 0.0000000000
68162  -29.619  -9.161  8.004 0.0000000000
68194  -34.854  -10.031  3.867 0.0000000000
69192  -34.154  -8.648  3.749 0.0000000000
70167  -32.561  -7.743  6.448 0.0000000000
70178  -33.451  -7.738  4.961 0.0000000000
70190  -34.265  -7.801  3.327 0.0000000000
71196  -32.295  -6.316  6.410 0.0000000000
71208  -33.444  -6.221  5.139 0.0000000000
71227  -34.160  -6.973  3.012 0.0000000000
71229  -40.640  -7.072  2.373 0.0000000000
72243  -32.446  -5.625  6.142 0.0000000000
72302  -37.557  -5.028  -1.276 0.0000000000
73222  -31.578  -4.047  6.145 0.0000000000
73224  -33.080  -4.878  5.294 0.0000000000
73271  -39.914  -4.606  -0.837 0.0000000000
73277  -36.123  -4.503  -1.391 0.0000000000
74162  -30.205  -3.328  5.633 0.0000000000
74217  -39.728  -3.991  -0.621 0.0000000000
75139  -31.353  -2.435  5.228 0.0000000000
75155  -32.002  -2.153  4.850 0.0000000000
75168  -33.077  -2.985  2.716 0.0000000000
75184  -32.600  -2.475  1.084 0.0000000000
75215  -33.291  -2.844  -1.949 0.0000000000
75217  -36.923  -2.511  -3.116 0.0000000000
75224  -34.882  -2.384  -2.924 0.0000000000
76191  -32.562  -1.761  3.861 0.0000000000
76204  -32.492  -1.632  3.045 0.0000000000
77257  -32.306  -0.444  3.868 0.0000000000
78230  -31.111  0.291  4.524 0.0000000000
79182  -31.680  1.663  2.986 0.0000000000
79218  -29.040  1.094  -2.832 0.0000000000
80052  -31.568  2.339  1.593 0.0000000000
80064  -30.461  2.122  -0.835 0.0000000000
80094  -27.993  2.253  -4.167 0.0000000000
82756  -30.424  5.946  0.488 0.0000000000
82773  -29.242  5.255  -1.656 0.0000000000
83636  -30.033  6.948  0.760 0.0000000000
83637  -30.288  6.537  0.469 0.0000000000
83649  -30.435  6.366  0.099 0.0000000000
83656  -29.034  5.949  -1.886 0.0000000000
83657  -29.868  7.095  -0.685 0.0000000000
84558  -25.258  5.972  -5.060 0.0000000000
85391  -29.052  8.618  0.604 0.0000000000
85418  -28.373  8.341  -2.991 0.0000000000
86338  -28.755  9.269  -2.676 0.0000000000
87296  -28.897  9.990  -1.655 0.0000000000
87298  -28.639  10.608  -2.290 0.0000000000
88232  -28.189  11.158  -1.933 0.0000000000
118257  -31.629  -11.258  6.451 0.0000000000
118270  -29.249  -11.196  8.574 0.0000000000
118619  -32.210  -12.598  5.291 0.0000000000
118789  -30.679  -13.857  6.527 0.0000000000
121331  -36.718  -3.265  -2.654 0.0000000000
123703  -29.887  -2.935  5.231 0.0000000000
126758  -31.250  -0.859  -1.497 0.0000000000
128927  -27.957  -9.649  8.119 0.0000000000
129069  -30.976  3.900  1.965 0.0000000000
131443  -33.247  -8.400  5.292 0.0000000000
131508  -31.489  -7.133  6.975 0.0000000000
132888  -28.954  -14.946  8.006 0.0000000000
137234  -30.041  0.234  -2.787 0.0000000000
137826  -27.309  7.549  -3.813 0.0000000000
141610  -33.263  -3.440  3.844 0.0000000000
142132  -39.781  -8.288  1.774 0.0000000000
142572  -30.792  2.779  -0.310 0.0000000000
143008  -28.720  10.387  -2.704 0.0000000000
