#!ascii label  , from subject sub-v2s16x51231_ses-1 vox2ras=TkReg
1154
55479  17.587  -10.698  80.074 0.0000000000
63053  28.729  -2.906  87.445 0.0000000000
76873  38.293  9.604  59.376 0.0000000000
66704  30.258  -0.139  70.505 0.0000000000
65523  35.169  -1.325  77.050 0.0000000000
82835  47.923  15.789  49.164 0.0000000000
75859  38.567  8.530  63.731 0.0000000000
72029  33.049  4.864  63.019 0.0000000000
50626  12.973  -13.981  78.897 0.0000000000
60833  22.082  -5.095  83.463 0.0000000000
122861  26.388  -4.723  80.945 0.0000000000
58765  19.783  -7.855  76.614 0.0000000000
78933  44.585  10.960  54.876 0.0000000000
57662  18.816  -8.327  85.459 0.0000000000
54219  14.997  -10.771  84.478 0.0000000000
81798  42.777  14.025  58.223 0.0000000000
51831  9.775  -13.242  83.920 0.0000000000
46211  7.494  -18.192  84.758 0.0000000000
134670  32.774  4.210  68.843 0.0000000000
67688  35.057  0.841  72.146 0.0000000000
63307  31.210  -3.230  73.757 0.0000000000
60923  29.892  -6.111  77.435 0.0000000000
75827  37.569  8.149  65.593 0.0000000000
73933  35.437  6.771  63.317 0.0000000000
73901  35.292  6.688  65.935 0.0000000000
138938  41.035  10.257  66.059 0.0000000000
53132  17.045  -12.241  77.511 0.0000000000
50642  15.203  -14.282  77.692 0.0000000000
53110  15.406  -12.321  79.903 0.0000000000
57692  19.028  -8.026  81.053 0.0000000000
59807  20.698  -6.344  79.934 0.0000000000
56663  18.615  -9.163  78.407 0.0000000000
54359  18.019  -11.458  76.218 0.0000000000
76907  38.001  10.110  56.518 0.0000000000
78851  40.874  11.115  61.182 0.0000000000
78882  40.288  11.754  58.663 0.0000000000
125012  40.958  11.742  56.652 0.0000000000
56577  13.053  -9.949  86.942 0.0000000000
117412  12.079  -11.025  83.882 0.0000000000
54205  10.230  -11.409  86.096 0.0000000000
48199  6.519  -15.846  89.388 0.0000000000
48233  7.519  -15.908  87.006 0.0000000000
46198  6.729  -17.850  86.926 0.0000000000
44261  5.883  -20.210  87.181 0.0000000000
44235  4.739  -20.205  89.871 0.0000000000
68654  35.279  1.736  75.942 0.0000000000
66645  36.514  -0.656  74.518 0.0000000000
65581  35.964  -2.109  72.783 0.0000000000
64393  33.933  -2.474  75.732 0.0000000000
60927  24.175  -5.354  77.781 0.0000000000
60891  27.521  -6.256  79.525 0.0000000000
60959  25.913  -5.777  75.789 0.0000000000
59867  27.930  -5.903  74.760 0.0000000000
69792  30.101  1.796  69.661 0.0000000000
69854  30.448  2.189  66.498 0.0000000000
66733  29.402  -0.732  67.533 0.0000000000
84808  50.632  17.422  46.674 0.0000000000
82868  48.539  15.120  46.929 0.0000000000
75879  38.416  8.715  61.336 0.0000000000
74938  35.645  7.022  60.892 0.0000000000
131423  40.643  9.900  62.916 0.0000000000
63105  25.401  -3.254  85.663 0.0000000000
63147  27.237  -3.821  83.329 0.0000000000
61984  24.147  -3.944  82.163 0.0000000000
120575  22.768  -5.205  79.280 0.0000000000
58764  20.866  -7.033  75.625 0.0000000000
134786  46.674  12.131  57.230 0.0000000000
131564  46.902  11.817  54.680 0.0000000000
79925  46.501  12.822  52.202 0.0000000000
80922  46.404  13.268  50.217 0.0000000000
56624  18.135  -9.539  82.841 0.0000000000
54257  16.051  -11.042  82.942 0.0000000000
55382  16.821  -10.156  85.448 0.0000000000
59749  20.498  -6.426  84.465 0.0000000000
79894  43.291  12.408  56.699 0.0000000000
53068  13.328  -11.798  82.070 0.0000000000
51860  11.179  -13.265  81.507 0.0000000000
49474  9.079  -15.834  81.985 0.0000000000
125133  8.575  -13.304  87.077 0.0000000000
49439  8.338  -15.808  84.495 0.0000000000
41697  3.291  -22.962  91.876 0.0000000000
73887  34.995  6.277  68.406 0.0000000000
69754  30.644  1.814  72.360 0.0000000000
68682  31.914  1.952  74.615 0.0000000000
67706  32.859  0.351  71.425 0.0000000000
140557  35.380  -0.515  70.368 0.0000000000
63321  32.153  -3.051  71.591 0.0000000000
62180  29.945  -3.955  70.909 0.0000000000
60844  29.599  -5.331  82.286 0.0000000000
62031  30.302  -4.872  80.272 0.0000000000
63212  31.655  -3.300  78.491 0.0000000000
133912  30.460  -4.222  76.146 0.0000000000
60993  28.814  -4.962  72.982 0.0000000000
71973  32.626  4.344  66.038 0.0000000000
69897  30.307  2.201  63.310 0.0000000000
75816  37.674  8.168  67.094 0.0000000000
74869  36.401  7.517  66.125 0.0000000000
74870  36.006  7.294  66.878 0.0000000000
75806  39.025  8.797  66.996 0.0000000000
137915  17.321  -11.362  78.961 0.0000000000
53122  16.253  -12.461  78.494 0.0000000000
53094  16.579  -11.718  80.169 0.0000000000
56642  18.288  -9.404  80.983 0.0000000000
57708  18.733  -8.653  79.698 0.0000000000
55478  18.051  -10.052  79.450 0.0000000000
54327  17.738  -11.074  77.849 0.0000000000
76899  37.987  10.068  57.519 0.0000000000
77838  39.732  10.220  60.347 0.0000000000
78856  40.578  11.400  60.392 0.0000000000
77871  39.262  10.753  58.600 0.0000000000
77884  39.211  10.915  57.665 0.0000000000
47149  5.980  -17.373  89.064 0.0000000000
47148  6.474  -16.748  88.588 0.0000000000
46192  6.113  -18.149  88.155 0.0000000000
45239  6.022  -19.312  87.407 0.0000000000
45232  5.706  -18.974  88.271 0.0000000000
44249  5.154  -20.676  88.602 0.0000000000
67648  36.010  0.080  75.669 0.0000000000
134976  35.933  -1.509  75.782 0.0000000000
65548  35.792  -2.237  74.921 0.0000000000
132274  34.764  -2.110  76.231 0.0000000000
63101  29.587  -3.379  86.025 0.0000000000
60962  23.607  -5.447  75.515 0.0000000000
130052  25.369  -5.709  77.023 0.0000000000
60978  24.171  -5.390  74.652 0.0000000000
121219  25.192  -5.437  74.651 0.0000000000
68723  29.847  0.991  70.519 0.0000000000
68744  29.518  0.736  68.331 0.0000000000
126975  48.175  15.813  50.931 0.0000000000
126497  49.178  16.743  50.068 0.0000000000
83814  49.132  16.742  49.233 0.0000000000
83847  49.299  16.510  47.544 0.0000000000
82848  47.986  15.639  48.321 0.0000000000
75870  37.996  8.262  62.628 0.0000000000
133035  37.223  7.954  61.524 0.0000000000
74915  37.331  7.922  62.321 0.0000000000
72985  34.260  5.808  63.146 0.0000000000
72993  34.363  5.819  62.227 0.0000000000
72038  33.117  4.815  62.104 0.0000000000
76809  39.635  9.181  64.642 0.0000000000
76824  39.617  9.156  63.804 0.0000000000
140139  39.651  9.266  62.308 0.0000000000
51906  13.943  -13.761  78.668 0.0000000000
50627  12.164  -14.616  79.048 0.0000000000
61939  23.225  -4.252  84.371 0.0000000000
63150  24.560  -3.620  83.496 0.0000000000
124703  22.808  -4.551  82.870 0.0000000000
58739  19.993  -7.101  78.115 0.0000000000
132495  21.350  -5.900  79.543 0.0000000000
59840  20.585  -6.885  77.402 0.0000000000
59838  21.898  -6.065  76.992 0.0000000000
57736  20.217  -7.555  76.033 0.0000000000
56707  18.995  -9.176  75.839 0.0000000000
64497  34.780  -1.657  69.464 0.0000000000
139006  45.727  11.589  55.984 0.0000000000
78920  47.201  11.808  55.495 0.0000000000
78932  45.409  11.161  54.661 0.0000000000
78946  46.067  11.466  52.356 0.0000000000
117194  46.271  12.011  51.764 0.0000000000
80915  46.492  13.507  51.481 0.0000000000
129329  18.497  -8.969  84.155 0.0000000000
55401  17.329  -10.016  84.172 0.0000000000
56591  17.590  -9.649  85.502 0.0000000000
58680  19.825  -6.987  84.723 0.0000000000
57669  18.976  -8.215  83.732 0.0000000000
80857  44.565  13.655  57.484 0.0000000000
80858  43.140  13.805  57.664 0.0000000000
135490  41.728  11.069  55.669 0.0000000000
54236  15.501  -10.879  83.788 0.0000000000
53066  15.047  -11.594  82.278 0.0000000000
126104  14.486  -11.140  83.595 0.0000000000
54241  10.814  -11.911  83.705 0.0000000000
53053  11.037  -12.169  82.929 0.0000000000
51846  10.254  -13.369  82.692 0.0000000000
50603  10.202  -14.304  81.703 0.0000000000
50577  9.236  -14.536  83.403 0.0000000000
51780  7.817  -13.742  88.088 0.0000000000
47175  7.446  -16.746  86.025 0.0000000000
134844  7.906  -15.522  86.000 0.0000000000
47186  7.694  -16.871  85.208 0.0000000000
123782  8.092  -16.977  83.718 0.0000000000
70849  31.037  3.210  71.621 0.0000000000
68680  35.013  1.419  74.152 0.0000000000
119556  33.784  1.658  74.990 0.0000000000
68690  33.275  1.263  73.685 0.0000000000
67674  31.694  0.975  73.168 0.0000000000
67689  33.756  0.731  72.055 0.0000000000
66684  33.987  0.313  70.629 0.0000000000
67704  34.987  0.570  71.318 0.0000000000
64412  32.871  -2.708  73.765 0.0000000000
64455  34.019  -2.614  72.241 0.0000000000
119946  32.112  -2.885  72.486 0.0000000000
63322  31.365  -3.236  72.092 0.0000000000
63323  30.655  -3.500  72.756 0.0000000000
61982  26.948  -4.253  82.194 0.0000000000
61980  28.796  -4.956  82.782 0.0000000000
62006  27.436  -4.945  81.632 0.0000000000
59820  28.501  -6.951  78.339 0.0000000000
125596  29.871  -5.898  80.027 0.0000000000
60905  30.391  -5.760  78.945 0.0000000000
62079  31.023  -4.168  78.969 0.0000000000
62099  30.598  -4.786  77.562 0.0000000000
62114  30.859  -3.968  76.908 0.0000000000
62115  30.327  -4.789  76.692 0.0000000000
118405  26.888  -5.864  72.807 0.0000000000
60976  28.458  -5.438  74.360 0.0000000000
72939  33.979  5.359  68.500 0.0000000000
137652  33.840  5.326  67.061 0.0000000000
70904  32.611  4.076  67.549 0.0000000000
130690  29.472  0.965  64.954 0.0000000000
68801  30.113  2.012  64.643 0.0000000000
83862  51.155  16.833  45.092 0.0000000000
75841  37.752  8.212  64.738 0.0000000000
74908  36.682  7.565  63.529 0.0000000000
74888  36.549  7.582  64.376 0.0000000000
73919  35.347  6.762  64.184 0.0000000000
72975  33.557  5.312  64.472 0.0000000000
77769  40.854  10.181  66.796 0.0000000000
75815  38.974  8.791  65.981 0.0000000000
51915  16.306  -13.517  77.151 0.0000000000
51888  15.292  -12.762  78.835 0.0000000000
51889  14.394  -13.061  79.157 0.0000000000
59776  20.646  -6.285  82.358 0.0000000000
60863  21.634  -5.478  81.681 0.0000000000
58708  20.010  -6.782  81.125 0.0000000000
139846  19.219  -8.077  78.657 0.0000000000
56678  18.768  -9.109  77.575 0.0000000000
56693  18.640  -9.814  76.102 0.0000000000
55508  18.145  -10.484  77.467 0.0000000000
54360  17.662  -11.897  76.534 0.0000000000
77911  44.064  10.511  54.249 0.0000000000
57650  18.110  -8.849  86.817 0.0000000000
79846  41.565  12.408  61.335 0.0000000000
80840  41.710  13.312  60.028 0.0000000000
80844  41.673  13.336  59.128 0.0000000000
79875  41.867  12.903  57.429 0.0000000000
78898  40.298  11.800  57.805 0.0000000000
77894  39.337  10.890  56.758 0.0000000000
55386  13.991  -10.599  85.440 0.0000000000
54221  13.109  -10.896  83.954 0.0000000000
128945  11.777  -10.544  85.392 0.0000000000
54204  10.809  -11.137  85.200 0.0000000000
53035  10.054  -11.939  85.155 0.0000000000
49387  7.436  -14.979  87.894 0.0000000000
48222  6.856  -16.044  88.152 0.0000000000
47165  6.965  -17.086  87.175 0.0000000000
46205  6.909  -18.080  86.181 0.0000000000
135147  6.500  -19.232  86.359 0.0000000000
68679  35.957  1.252  74.637 0.0000000000
67670  36.316  0.411  73.207 0.0000000000
66669  36.201  -0.504  71.893 0.0000000000
65580  36.533  -1.498  73.196 0.0000000000
64410  34.708  -2.515  74.665 0.0000000000
132528  32.833  -2.714  74.634 0.0000000000
60893  25.197  -4.952  79.231 0.0000000000
60878  27.064  -5.594  80.045 0.0000000000
60908  26.201  -5.809  78.483 0.0000000000
60924  26.634  -6.368  77.753 0.0000000000
59853  28.265  -6.828  76.247 0.0000000000
60941  28.992  -6.106  75.888 0.0000000000
59868  27.132  -6.016  75.268 0.0000000000
59897  26.511  -5.647  73.768 0.0000000000
70880  31.383  3.278  69.587 0.0000000000
70905  31.922  3.534  67.641 0.0000000000
69810  30.313  2.098  68.460 0.0000000000
68771  29.510  0.886  66.568 0.0000000000
84798  50.443  17.579  47.543 0.0000000000
83858  49.541  16.253  46.710 0.0000000000
131199  38.420  9.301  60.065 0.0000000000
75907  36.562  8.391  59.036 0.0000000000
75895  36.836  8.244  59.875 0.0000000000
73940  35.537  6.790  62.488 0.0000000000
72998  34.415  5.870  61.225 0.0000000000
128436  42.000  11.251  66.044 0.0000000000
78835  41.900  11.097  64.325 0.0000000000
78837  41.723  11.165  63.449 0.0000000000
78844  41.014  10.874  62.040 0.0000000000
76858  39.437  9.582  60.852 0.0000000000
118325  27.028  -3.123  85.962 0.0000000000
119622  27.936  -3.231  85.764 0.0000000000
63130  26.291  -3.327  84.413 0.0000000000
118106  25.674  -3.631  83.061 0.0000000000
62008  25.573  -4.271  81.312 0.0000000000
131800  21.938  -5.289  81.013 0.0000000000
62036  23.226  -4.608  80.689 0.0000000000
62059  24.597  -4.588  79.959 0.0000000000
60928  23.209  -5.444  77.748 0.0000000000
59856  22.182  -5.895  76.354 0.0000000000
59885  21.512  -6.611  74.243 0.0000000000
79917  47.929  13.026  53.971 0.0000000000
78938  46.219  11.683  53.264 0.0000000000
79919  46.668  12.420  53.094 0.0000000000
80904  47.534  13.420  53.272 0.0000000000
81854  47.441  14.715  52.127 0.0000000000
81861  47.006  14.795  51.115 0.0000000000
81872  46.947  14.590  49.253 0.0000000000
81883  47.200  14.409  48.467 0.0000000000
55447  17.860  -10.058  81.457 0.0000000000
54278  16.852  -11.038  81.515 0.0000000000
55432  17.096  -10.546  82.926 0.0000000000
54217  16.274  -10.496  84.262 0.0000000000
54200  15.970  -10.529  84.914 0.0000000000
56576  17.079  -9.883  86.693 0.0000000000
139895  15.132  -10.687  86.106 0.0000000000
55366  14.095  -10.195  86.903 0.0000000000
63054  27.628  -2.832  87.703 0.0000000000
63077  25.940  -3.133  87.108 0.0000000000
63107  23.871  -3.742  85.675 0.0000000000
61940  22.695  -4.633  84.724 0.0000000000
60814  21.662  -5.438  85.481 0.0000000000
59775  21.171  -5.829  83.403 0.0000000000
58700  20.105  -6.728  82.951 0.0000000000
57685  18.577  -8.799  82.369 0.0000000000
80855  46.399  13.085  57.485 0.0000000000
79892  45.281  12.154  56.857 0.0000000000
130604  44.496  11.629  56.068 0.0000000000
79895  42.304  12.431  56.748 0.0000000000
78925  42.424  11.259  55.723 0.0000000000
129131  43.351  10.515  54.592 0.0000000000
141239  16.082  -11.773  81.000 0.0000000000
53096  14.833  -12.370  80.564 0.0000000000
138558  13.353  -12.518  80.759 0.0000000000
54261  12.964  -11.527  82.771 0.0000000000
53082  12.522  -12.330  81.506 0.0000000000
133708  12.097  -13.392  80.199 0.0000000000
50613  10.969  -14.632  80.205 0.0000000000
49512  10.047  -15.734  80.501 0.0000000000
54189  9.472  -11.967  86.733 0.0000000000
51807  9.072  -13.621  85.528 0.0000000000
50547  8.439  -14.988  85.719 0.0000000000
50559  9.065  -14.549  84.350 0.0000000000
49454  8.850  -15.380  83.098 0.0000000000
42962  4.116  -21.935  90.990 0.0000000000
73885  36.147  7.176  68.250 0.0000000000
71900  32.650  4.308  70.490 0.0000000000
70864  31.179  3.248  70.601 0.0000000000
69777  30.629  2.585  71.168 0.0000000000
68711  30.232  1.114  71.289 0.0000000000
68683  31.392  2.037  73.871 0.0000000000
67691  31.123  0.908  72.737 0.0000000000
66686  30.745  0.080  71.148 0.0000000000
67716  33.166  0.141  70.456 0.0000000000
66700  34.990  -0.376  69.823 0.0000000000
64483  34.982  -1.949  70.486 0.0000000000
65599  36.006  -1.609  71.707 0.0000000000
64472  34.101  -2.606  71.265 0.0000000000
64485  33.058  -3.194  70.279 0.0000000000
63352  31.488  -3.638  70.182 0.0000000000
62196  30.267  -4.308  70.030 0.0000000000
65511  34.059  -1.348  78.988 0.0000000000
117153  29.339  -3.754  85.085 0.0000000000
61958  30.036  -4.490  83.756 0.0000000000
61978  30.383  -4.394  82.702 0.0000000000
60876  28.828  -6.190  80.661 0.0000000000
132857  30.114  -5.005  81.443 0.0000000000
62003  30.866  -3.803  82.027 0.0000000000
63185  31.276  -3.641  80.458 0.0000000000
63211  32.129  -2.841  79.212 0.0000000000
128065  32.970  -2.320  78.066 0.0000000000
63248  32.162  -2.817  76.900 0.0000000000
63268  31.445  -3.217  75.603 0.0000000000
63269  30.894  -3.518  75.241 0.0000000000
60957  29.365  -5.340  75.526 0.0000000000
139801  29.366  -4.682  74.307 0.0000000000
63308  30.453  -3.676  73.686 0.0000000000
62167  29.339  -4.465  72.505 0.0000000000
135936  34.763  6.239  67.169 0.0000000000
72955  34.180  5.756  65.973 0.0000000000
72012  32.431  4.389  64.327 0.0000000000
131931  31.649  3.436  66.093 0.0000000000
70945  31.312  3.398  64.304 0.0000000000
70960  31.280  3.386  63.353 0.0000000000
80948  47.707  13.762  47.586 0.0000000000
75808  37.667  8.077  67.866 0.0000000000
74857  37.083  7.822  67.339 0.0000000000
75807  38.308  8.430  67.418 0.0000000000
54311  17.207  -11.323  79.694 0.0000000000
53121  16.840  -11.872  79.051 0.0000000000
55462  17.968  -10.050  80.496 0.0000000000
120125  18.390  -9.381  80.061 0.0000000000
55493  17.619  -10.811  79.196 0.0000000000
76888  38.100  9.889  58.491 0.0000000000
76889  37.433  9.513  57.971 0.0000000000
77852  39.427  10.505  59.506 0.0000000000
77853  38.774  10.170  59.015 0.0000000000
77872  38.623  10.437  58.072 0.0000000000
46176  5.503  -17.980  89.657 0.0000000000
46183  5.711  -18.221  88.880 0.0000000000
45225  5.395  -19.047  89.134 0.0000000000
65522  35.527  -1.102  76.664 0.0000000000
65521  35.811  -1.225  76.055 0.0000000000
125287  35.645  -1.452  76.281 0.0000000000
128877  35.274  -1.706  76.470 0.0000000000
64373  34.608  -1.812  76.946 0.0000000000
63052  29.717  -2.808  87.444 0.0000000000
130957  29.439  -3.081  86.827 0.0000000000
60980  22.581  -5.805  74.422 0.0000000000
60979  23.259  -5.525  74.555 0.0000000000
127947  23.727  -5.488  73.835 0.0000000000
67729  29.815  0.228  70.226 0.0000000000
67730  29.608  0.025  69.479 0.0000000000
82822  48.007  15.833  50.049 0.0000000000
83804  48.680  16.289  50.484 0.0000000000
83815  48.550  16.315  49.615 0.0000000000
83830  48.518  16.254  48.756 0.0000000000
132705  38.134  8.298  63.287 0.0000000000
74907  37.459  7.916  63.216 0.0000000000
72986  33.612  5.341  63.537 0.0000000000
72994  33.678  5.351  62.617 0.0000000000
72048  32.508  4.275  61.590 0.0000000000
72039  32.455  4.374  62.510 0.0000000000
75839  39.072  8.801  64.213 0.0000000000
75858  39.107  8.804  63.524 0.0000000000
75869  38.723  8.608  62.918 0.0000000000
50644  13.695  -14.728  78.358 0.0000000000
50645  12.865  -14.800  78.620 0.0000000000
138870  12.304  -13.854  79.481 0.0000000000
128411  22.750  -4.554  84.048 0.0000000000
61962  23.190  -4.290  83.462 0.0000000000
60845  22.255  -4.982  82.748 0.0000000000
58753  19.878  -7.539  77.361 0.0000000000
59823  20.682  -6.568  78.309 0.0000000000
58752  20.258  -7.370  76.795 0.0000000000
139700  19.788  -7.988  76.073 0.0000000000
57737  19.410  -8.486  76.146 0.0000000000
130506  34.366  -2.506  69.187 0.0000000000
78923  45.080  11.362  55.542 0.0000000000
78922  45.933  11.416  55.271 0.0000000000
78956  46.369  11.822  50.925 0.0000000000
132275  18.902  -8.286  84.602 0.0000000000
57670  18.367  -9.015  85.050 0.0000000000
132796  19.324  -7.664  85.029 0.0000000000
81791  42.792  14.192  58.977 0.0000000000
137676  43.527  14.383  58.332 0.0000000000
140425  43.839  13.972  57.629 0.0000000000
54237  15.072  -10.944  83.901 0.0000000000
139645  14.741  -10.911  83.998 0.0000000000
53045  10.147  -12.402  84.318 0.0000000000
53054  10.373  -12.605  83.478 0.0000000000
121163  10.105  -13.145  83.239 0.0000000000
51832  9.734  -13.722  83.264 0.0000000000
120221  7.651  -13.694  88.814 0.0000000000
122041  7.342  -17.586  85.619 0.0000000000
138323  7.568  -17.520  85.039 0.0000000000
47196  7.781  -17.438  84.387 0.0000000000
67671  35.332  1.069  73.094 0.0000000000
68689  34.358  1.280  73.566 0.0000000000
67672  34.132  1.043  72.912 0.0000000000
63306  32.052  -2.836  73.353 0.0000000000
64435  32.939  -2.727  72.866 0.0000000000
125974  31.446  -3.104  72.908 0.0000000000
62007  26.526  -4.454  81.567 0.0000000000
140261  26.861  -4.856  81.245 0.0000000000
59834  29.382  -6.925  77.796 0.0000000000
60906  30.101  -6.435  78.428 0.0000000000
62080  30.639  -4.900  78.493 0.0000000000
60922  30.371  -5.599  78.040 0.0000000000
60939  30.224  -5.406  77.223 0.0000000000
71932  33.381  4.727  68.959 0.0000000000
71952  33.501  4.859  68.012 0.0000000000
71933  32.996  4.371  68.217 0.0000000000
75826  38.319  8.482  65.380 0.0000000000
74877  37.088  7.872  64.942 0.0000000000
74879  35.823  7.191  65.549 0.0000000000
73909  35.294  6.735  65.066 0.0000000000
73920  34.709  6.287  64.571 0.0000000000
73910  34.710  6.260  65.490 0.0000000000
77752  41.422  10.687  67.312 0.0000000000
132706  38.154  8.406  66.413 0.0000000000
76779  39.619  9.172  66.485 0.0000000000
53109  16.085  -12.212  79.447 0.0000000000
140351  14.796  -12.607  79.654 0.0000000000
121036  20.043  -6.800  81.989 0.0000000000
58717  19.499  -7.371  80.658 0.0000000000
56652  18.479  -9.265  79.197 0.0000000000
132245  19.154  -8.024  79.344 0.0000000000
57707  18.820  -8.592  78.896 0.0000000000
56664  18.391  -9.790  77.950 0.0000000000
54344  17.472  -11.704  77.331 0.0000000000
78850  41.288  11.653  61.706 0.0000000000
78855  41.026  11.928  60.883 0.0000000000
78867  40.380  11.613  59.550 0.0000000000
79849  40.874  12.111  60.013 0.0000000000
79854  40.755  12.268  59.116 0.0000000000
79860  41.214  12.812  58.680 0.0000000000
79861  40.722  12.346  58.223 0.0000000000
77885  38.607  10.545  57.110 0.0000000000
77895  38.772  10.416  56.195 0.0000000000
118998  13.488  -10.310  86.168 0.0000000000
55387  12.953  -10.436  85.365 0.0000000000
55367  12.445  -10.206  86.206 0.0000000000
55388  10.952  -10.736  85.891 0.0000000000
49367  6.744  -15.007  89.459 0.0000000000
49379  6.868  -15.420  88.759 0.0000000000
46191  6.533  -17.635  87.667 0.0000000000
47157  6.698  -16.853  87.875 0.0000000000
47176  7.140  -17.310  86.453 0.0000000000
120239  6.696  -18.875  85.968 0.0000000000
45238  6.504  -18.747  86.738 0.0000000000
45245  6.295  -19.621  86.712 0.0000000000
141361  4.858  -20.582  89.311 0.0000000000
42978  4.772  -21.275  89.201 0.0000000000
42961  4.542  -20.928  89.916 0.0000000000
66635  36.128  -0.714  75.242 0.0000000000
68666  36.173  0.701  75.236 0.0000000000
67659  36.285  -0.034  74.972 0.0000000000
67660  36.376  0.336  74.245 0.0000000000
66646  36.679  -0.575  73.614 0.0000000000
65564  36.478  -1.616  74.301 0.0000000000
132708  33.588  -2.626  74.950 0.0000000000
64394  32.880  -2.674  75.479 0.0000000000
60910  24.642  -5.182  78.516 0.0000000000
127380  25.892  -5.328  79.009 0.0000000000
60926  25.080  -5.465  77.719 0.0000000000
60942  25.898  -5.928  76.567 0.0000000000
59837  26.510  -6.304  76.799 0.0000000000
59836  27.324  -6.855  76.952 0.0000000000
59855  26.507  -6.064  75.957 0.0000000000
59854  27.239  -6.469  76.053 0.0000000000
59869  26.419  -5.837  75.386 0.0000000000
130191  25.502  -5.513  73.550 0.0000000000
69809  30.810  2.731  69.039 0.0000000000
136437  29.362  0.069  67.924 0.0000000000
68758  29.523  0.849  67.469 0.0000000000
67756  29.312  0.084  67.060 0.0000000000
82861  48.851  15.801  47.142 0.0000000000
82867  49.134  15.332  46.365 0.0000000000
81900  48.692  14.619  46.591 0.0000000000
75893  38.125  8.841  60.513 0.0000000000
75894  37.470  8.532  60.207 0.0000000000
117925  37.703  8.355  61.021 0.0000000000
139528  36.683  7.668  61.261 0.0000000000
132367  36.278  7.549  60.614 0.0000000000
73958  35.148  6.613  60.310 0.0000000000
74909  35.971  7.247  63.835 0.0000000000
74917  36.077  7.216  63.006 0.0000000000
72999  33.725  5.338  61.685 0.0000000000
73947  35.002  6.347  61.925 0.0000000000
73005  34.195  5.721  60.255 0.0000000000
77768  41.480  10.674  65.656 0.0000000000
77807  40.801  9.953  63.624 0.0000000000
77786  41.426  10.580  64.828 0.0000000000
77799  41.359  10.506  63.941 0.0000000000
78843  41.496  11.386  62.570 0.0000000000
77806  41.141  10.528  62.969 0.0000000000
139825  38.785  8.826  61.763 0.0000000000
76844  39.734  9.439  61.705 0.0000000000
75878  39.068  9.099  61.410 0.0000000000
76859  38.758  9.209  60.690 0.0000000000
117809  26.140  -3.113  86.218 0.0000000000
63104  26.242  -3.182  85.319 0.0000000000
63131  25.401  -3.314  84.784 0.0000000000
61961  23.936  -3.867  83.030 0.0000000000
134944  25.084  -3.550  83.255 0.0000000000
63163  24.844  -3.703  82.715 0.0000000000
61983  24.969  -3.964  81.943 0.0000000000
62009  24.507  -4.123  81.361 0.0000000000
59797  21.214  -5.826  81.227 0.0000000000
59806  21.312  -5.809  80.411 0.0000000000
60896  21.978  -5.546  79.051 0.0000000000
60881  22.091  -5.307  79.987 0.0000000000
60879  22.961  -4.924  80.010 0.0000000000
62060  23.724  -4.650  80.011 0.0000000000
60895  23.439  -4.950  79.456 0.0000000000
60911  23.578  -5.189  78.662 0.0000000000
60912  22.608  -5.441  78.458 0.0000000000
59857  21.490  -6.410  76.204 0.0000000000
120738  22.080  -5.982  75.620 0.0000000000
59871  21.475  -6.523  75.196 0.0000000000
55523  18.302  -10.672  76.411 0.0000000000
55540  18.586  -10.560  75.403 0.0000000000
54372  18.327  -11.412  75.530 0.0000000000
138455  46.993  12.590  57.413 0.0000000000
79910  47.979  12.348  55.353 0.0000000000
79911  47.506  12.336  54.502 0.0000000000
140376  48.185  12.775  54.656 0.0000000000
77920  45.085  10.658  53.327 0.0000000000
128179  45.586  11.162  53.760 0.0000000000
122589  46.374  12.059  52.522 0.0000000000
79924  46.916  13.080  52.966 0.0000000000
80908  46.967  13.770  52.443 0.0000000000
140693  46.386  13.387  50.851 0.0000000000
81867  46.485  14.022  50.721 0.0000000000
81866  46.872  14.711  50.153 0.0000000000
81873  46.519  14.013  49.743 0.0000000000
55431  17.718  -10.096  82.416 0.0000000000
55448  17.275  -10.572  81.970 0.0000000000
55402  16.745  -10.249  84.627 0.0000000000
55419  16.860  -10.410  83.816 0.0000000000
123089  15.828  -10.637  84.221 0.0000000000
55403  16.388  -10.343  85.011 0.0000000000
56575  17.610  -9.502  86.392 0.0000000000
55345  16.651  -10.198  86.816 0.0000000000
55364  15.771  -10.624  86.346 0.0000000000
55365  15.030  -10.477  86.750 0.0000000000
120255  14.451  -10.538  86.151 0.0000000000
63055  26.665  -2.977  87.922 0.0000000000
61919  23.188  -4.278  85.281 0.0000000000
59748  21.052  -5.917  84.995 0.0000000000
60824  21.663  -5.423  84.616 0.0000000000
59761  21.117  -5.876  84.159 0.0000000000
59762  20.614  -6.330  83.647 0.0000000000
58691  19.995  -6.916  83.889 0.0000000000
57678  18.538  -8.879  83.268 0.0000000000
57677  19.017  -8.143  82.843 0.0000000000
56632  18.235  -9.471  81.915 0.0000000000
79873  43.837  13.080  57.265 0.0000000000
79872  44.895  12.777  57.174 0.0000000000
79893  44.375  12.209  56.680 0.0000000000
78913  43.683  11.715  56.082 0.0000000000
79896  41.485  12.337  56.929 0.0000000000
77902  42.136  10.712  55.159 0.0000000000
77901  43.003  10.892  55.197 0.0000000000
77913  42.648  10.330  54.578 0.0000000000
54279  16.168  -11.319  81.930 0.0000000000
54298  16.561  -11.437  81.056 0.0000000000
53067  14.357  -11.638  82.286 0.0000000000
53080  14.711  -12.011  81.535 0.0000000000
53081  13.935  -11.967  81.622 0.0000000000
53097  13.955  -12.355  80.853 0.0000000000
124228  13.302  -12.276  81.255 0.0000000000
54239  12.548  -11.274  83.326 0.0000000000
51845  10.931  -12.833  82.302 0.0000000000
140126  11.551  -12.197  82.370 0.0000000000
53083  11.699  -12.544  81.813 0.0000000000
51859  11.921  -12.967  81.071 0.0000000000
51874  11.429  -13.736  80.665 0.0000000000
50602  10.755  -14.070  81.174 0.0000000000
50604  9.618  -14.865  81.792 0.0000000000
49494  10.211  -14.891  80.932 0.0000000000
49495  9.664  -15.497  81.214 0.0000000000
47250  9.609  -16.298  80.925 0.0000000000
53025  9.060  -12.877  86.361 0.0000000000
136915  8.587  -13.935  86.497 0.0000000000
49399  7.663  -15.159  87.129 0.0000000000
49425  8.232  -15.615  85.308 0.0000000000
50560  8.684  -15.127  84.877 0.0000000000
120589  8.889  -14.450  85.161 0.0000000000
49438  8.737  -15.186  84.012 0.0000000000
49455  8.478  -15.866  83.614 0.0000000000
140713  4.358  -21.268  90.634 0.0000000000
42948  4.067  -21.211  91.496 0.0000000000
41677  3.451  -22.342  92.014 0.0000000000
118391  3.834  -22.757  91.369 0.0000000000
72924  34.097  5.336  69.566 0.0000000000
70863  31.997  3.783  70.059 0.0000000000
70848  31.820  3.787  71.036 0.0000000000
69767  30.712  2.449  72.111 0.0000000000
69768  30.474  1.839  71.663 0.0000000000
68681  32.734  1.638  74.491 0.0000000000
67690  32.127  0.644  72.486 0.0000000000
67707  31.317  0.475  71.848 0.0000000000
66685  31.829  0.029  71.005 0.0000000000
66683  34.945  0.210  70.469 0.0000000000
66701  34.300  0.040  69.981 0.0000000000
65630  35.221  -1.036  69.980 0.0000000000
64454  35.066  -2.450  72.460 0.0000000000
64456  33.017  -2.774  71.955 0.0000000000
64473  33.084  -2.947  71.035 0.0000000000
63335  32.206  -3.277  70.681 0.0000000000
63337  30.604  -3.572  71.564 0.0000000000
63353  30.698  -3.734  70.509 0.0000000000
62197  29.631  -4.694  70.418 0.0000000000
139780  27.830  -3.570  84.420 0.0000000000
117584  28.259  -3.481  85.025 0.0000000000
63128  28.622  -3.929  84.373 0.0000000000
117427  29.649  -4.956  83.084 0.0000000000
61979  30.058  -4.809  82.941 0.0000000000
61957  30.413  -4.164  83.444 0.0000000000
60877  27.842  -5.955  80.394 0.0000000000
60890  28.392  -6.371  79.967 0.0000000000
60888  30.150  -5.590  79.759 0.0000000000
60874  30.014  -5.383  80.670 0.0000000000
128109  30.284  -4.734  81.101 0.0000000000
137113  30.593  -4.217  81.454 0.0000000000
62030  30.673  -4.249  80.771 0.0000000000
63173  31.073  -3.717  81.343 0.0000000000
63198  31.477  -3.531  79.523 0.0000000000
132280  32.331  -2.661  78.500 0.0000000000
128437  32.850  -2.278  78.880 0.0000000000
63229  32.215  -2.748  77.786 0.0000000000
64357  32.956  -2.443  77.248 0.0000000000
63249  31.462  -3.266  76.485 0.0000000000
63250  30.861  -3.658  75.963 0.0000000000
122955  28.072  -6.342  75.463 0.0000000000
60958  28.699  -5.736  75.111 0.0000000000
124617  28.893  -5.013  73.924 0.0000000000
62141  29.962  -4.179  74.222 0.0000000000
62153  29.382  -4.549  73.531 0.0000000000
62152  29.894  -3.973  73.130 0.0000000000
73886  35.535  6.698  68.346 0.0000000000
73894  35.737  7.000  67.602 0.0000000000
73895  35.133  6.478  67.719 0.0000000000
71972  33.204  4.813  66.264 0.0000000000
72956  33.723  5.309  66.480 0.0000000000
136365  32.961  4.715  65.561 0.0000000000
72966  33.508  5.239  65.507 0.0000000000
71993  32.475  4.365  65.196 0.0000000000
120335  30.940  2.645  66.930 0.0000000000
70918  31.498  3.187  66.864 0.0000000000
69853  31.040  2.825  65.999 0.0000000000
69890  30.339  2.350  64.073 0.0000000000
69875  30.741  2.754  64.802 0.0000000000
69889  30.742  2.861  63.778 0.0000000000
70959  31.853  3.918  63.848 0.0000000000
84826  51.665  17.254  44.635 0.0000000000
81893  47.492  14.238  47.826 0.0000000000
79975  47.783  13.091  47.750 0.0000000000
132707  36.945  7.817  65.660 0.0000000000
74868  37.207  7.947  66.440 0.0000000000
141055  35.750  7.125  66.270 0.0000000000
54328  17.267  -11.642  78.231 0.0000000000
134168  16.801  -12.167  78.200 0.0000000000
122598  15.970  -12.065  80.271 0.0000000000
57700  18.654  -8.690  80.563 0.0000000000
136908  18.301  -9.737  78.694 0.0000000000
55492  17.964  -10.408  78.453 0.0000000000
128016  17.585  -11.053  78.548 0.0000000000
77837  40.337  10.658  60.736 0.0000000000
78857  40.032  10.936  59.946 0.0000000000
78868  39.841  11.157  59.087 0.0000000000
78883  39.744  11.332  58.192 0.0000000000
56578  11.988  -9.900  87.076 0.0000000000
47158  6.274  -17.496  88.381 0.0000000000
46199  6.301  -18.442  87.539 0.0000000000
44248  5.542  -19.964  88.011 0.0000000000
44234  5.225  -19.848  89.012 0.0000000000
66626  35.854  -0.676  76.003 0.0000000000
65546  36.069  -1.238  75.557 0.0000000000
65547  36.139  -1.690  75.240 0.0000000000
65534  35.638  -1.906  75.808 0.0000000000
134710  23.452  -5.501  76.349 0.0000000000
120473  24.668  -5.504  77.006 0.0000000000
60944  24.247  -5.436  76.270 0.0000000000
60961  24.657  -5.432  75.478 0.0000000000
60960  25.409  -5.549  75.466 0.0000000000
60977  25.933  -5.619  75.102 0.0000000000
125512  24.581  -5.429  73.785 0.0000000000
125406  29.748  1.288  68.862 0.0000000000
128528  29.641  0.790  69.692 0.0000000000
68732  29.525  0.559  69.045 0.0000000000
83792  48.872  16.183  51.355 0.0000000000
84799  49.768  17.140  47.975 0.0000000000
83829  49.162  16.667  48.384 0.0000000000
83848  48.612  16.093  47.924 0.0000000000
82862  48.224  15.362  47.545 0.0000000000
134367  38.497  8.584  62.114 0.0000000000
75880  37.854  8.302  61.837 0.0000000000
74925  36.709  7.606  61.932 0.0000000000
73934  34.777  6.305  63.672 0.0000000000
73941  34.901  6.309  62.787 0.0000000000
76790  40.280  9.611  65.047 0.0000000000
77787  40.916  10.123  65.355 0.0000000000
76808  40.261  9.553  64.153 0.0000000000
76823  40.195  9.514  63.312 0.0000000000
76833  39.520  9.094  62.933 0.0000000000
75868  39.150  8.957  62.167 0.0000000000
50643  14.585  -14.273  78.079 0.0000000000
49553  12.530  -15.309  78.768 0.0000000000
138951  11.492  -14.884  79.486 0.0000000000
131665  24.563  -3.479  85.207 0.0000000000
63132  24.543  -3.547  84.324 0.0000000000
63151  23.820  -3.846  83.905 0.0000000000
61985  23.376  -4.255  82.533 0.0000000000
136610  20.199  -6.842  78.779 0.0000000000
132503  20.726  -6.425  79.117 0.0000000000
59822  21.337  -6.063  78.689 0.0000000000
60913  21.890  -5.730  78.325 0.0000000000
59839  21.404  -6.206  77.772 0.0000000000
59858  20.785  -6.976  76.524 0.0000000000
58777  20.325  -7.631  75.078 0.0000000000
133017  19.797  -8.114  75.502 0.0000000000
57747  19.340  -8.884  75.093 0.0000000000
65642  34.530  -1.161  68.885 0.0000000000
121325  46.035  11.805  56.719 0.0000000000
79891  46.953  11.785  56.615 0.0000000000
78921  46.419  11.625  55.912 0.0000000000
133515  46.576  11.581  55.145 0.0000000000
78931  46.242  11.523  54.373 0.0000000000
78947  45.664  11.066  52.903 0.0000000000
77929  45.818  10.855  52.246 0.0000000000
123143  46.344  12.752  51.083 0.0000000000
79938  46.481  12.392  50.278 0.0000000000
55418  17.531  -10.090  83.329 0.0000000000
56617  18.035  -9.586  83.724 0.0000000000
56604  17.852  -9.569  84.585 0.0000000000
55381  17.209  -9.948  84.881 0.0000000000
58681  19.417  -7.578  84.215 0.0000000000
81806  45.125  14.179  57.750 0.0000000000
78926  41.038  11.174  55.946 0.0000000000
141108  15.618  -11.092  83.284 0.0000000000
54258  15.571  -11.350  82.582 0.0000000000
54259  14.999  -11.343  83.145 0.0000000000
54260  13.993  -11.449  82.918 0.0000000000
137660  11.333  -11.405  83.963 0.0000000000
54240  11.583  -11.516  83.373 0.0000000000
53070  10.526  -12.823  82.914 0.0000000000
51861  10.520  -13.644  81.989 0.0000000000
50591  9.826  -14.161  82.496 0.0000000000
120769  9.249  -14.901  82.549 0.0000000000
51787  8.301  -13.131  87.795 0.0000000000
51788  8.161  -13.895  87.335 0.0000000000
48243  7.574  -16.049  86.349 0.0000000000
140203  7.714  -15.526  86.586 0.0000000000
48251  7.768  -16.132  85.655 0.0000000000
48258  7.981  -16.557  84.475 0.0000000000
130536  8.199  -16.314  83.911 0.0000000000
70828  31.656  3.785  72.048 0.0000000000
70829  31.050  3.034  72.653 0.0000000000
68668  35.137  1.581  75.169 0.0000000000
134929  34.209  1.837  75.784 0.0000000000
129894  33.827  1.476  74.162 0.0000000000
68691  31.996  1.400  73.809 0.0000000000
67673  32.739  0.913  73.091 0.0000000000
67705  34.192  0.503  71.124 0.0000000000
66670  35.765  -0.312  71.050 0.0000000000
64434  33.884  -2.632  73.201 0.0000000000
62166  29.908  -3.922  72.033 0.0000000000
135205  27.319  -4.152  82.757 0.0000000000
61960  28.002  -4.312  83.096 0.0000000000
61981  27.832  -4.648  82.394 0.0000000000
62005  28.549  -5.371  82.011 0.0000000000
59804  28.485  -6.706  79.260 0.0000000000
59796  29.316  -6.375  79.851 0.0000000000
59819  29.448  -6.892  78.887 0.0000000000
60889  30.046  -6.320  79.343 0.0000000000
62057  30.468  -4.917  79.389 0.0000000000
62056  30.834  -4.232  79.900 0.0000000000
62098  31.012  -4.034  77.991 0.0000000000
63230  31.533  -3.322  77.439 0.0000000000
59896  27.257  -5.718  73.593 0.0000000000
59881  27.834  -5.628  73.951 0.0000000000
60994  28.323  -5.336  73.461 0.0000000000
61007  28.277  -5.423  72.381 0.0000000000
72923  34.597  5.873  68.888 0.0000000000
72938  34.504  5.907  67.903 0.0000000000
136305  33.125  4.511  67.571 0.0000000000
71953  32.895  4.396  66.873 0.0000000000
68770  29.892  1.583  66.081 0.0000000000
69876  30.346  2.174  65.539 0.0000000000
68784  29.789  1.528  65.211 0.0000000000
83857  50.222  16.740  46.287 0.0000000000
84819  50.882  17.168  45.853 0.0000000000
75860  37.920  8.245  63.928 0.0000000000
74887  37.242  7.902  64.112 0.0000000000
74878  36.438  7.564  65.219 0.0000000000
74889  35.880  7.239  64.694 0.0000000000
72974  34.178  5.788  64.060 0.0000000000
137957  40.374  9.674  66.064 0.0000000000
76770  40.138  9.520  67.176 0.0000000000
76791  39.646  9.186  65.550 0.0000000000
75825  39.025  8.796  65.049 0.0000000000
75840  38.441  8.508  64.506 0.0000000000
51916  15.684  -13.935  77.447 0.0000000000
51903  15.854  -13.129  77.893 0.0000000000
51904  15.182  -13.602  78.034 0.0000000000
51905  14.654  -13.447  78.520 0.0000000000
51890  13.591  -13.227  79.412 0.0000000000
132531  21.187  -5.823  82.690 0.0000000000
126422  21.687  -5.426  82.338 0.0000000000
59787  21.169  -5.852  81.970 0.0000000000
59798  20.653  -6.313  80.756 0.0000000000
58716  20.027  -6.781  80.285 0.0000000000
57699  19.072  -8.017  80.179 0.0000000000
58729  19.547  -7.391  79.792 0.0000000000
58728  20.099  -6.824  79.467 0.0000000000
58740  19.649  -7.428  78.882 0.0000000000
127432  19.504  -7.829  78.060 0.0000000000
57728  19.310  -8.341  77.231 0.0000000000
56692  18.885  -9.097  76.656 0.0000000000
56679  18.480  -9.803  77.031 0.0000000000
54343  17.901  -11.195  76.983 0.0000000000
78939  44.884  10.804  54.096 0.0000000000
137697  44.517  10.433  53.638 0.0000000000
57649  18.719  -8.283  86.314 0.0000000000
79845  42.155  12.858  61.764 0.0000000000
80836  41.912  13.105  60.908 0.0000000000
79848  41.363  12.625  60.474 0.0000000000
80843  42.244  13.779  59.521 0.0000000000
80846  42.244  13.719  58.645 0.0000000000
80859  42.405  13.496  57.875 0.0000000000
80847  41.742  13.225  58.246 0.0000000000
129007  41.236  12.771  57.848 0.0000000000
125013  40.442  11.656  57.110 0.0000000000
78899  39.840  11.342  57.319 0.0000000000
77893  40.204  11.193  56.443 0.0000000000
126402  39.570  10.623  55.914 0.0000000000
54203  14.504  -10.723  84.875 0.0000000000
54220  14.197  -10.873  84.115 0.0000000000
55404  13.575  -10.680  84.675 0.0000000000
55405  12.493  -10.679  84.570 0.0000000000
54222  11.502  -10.993  84.519 0.0000000000
54223  10.741  -11.605  84.445 0.0000000000
140778  9.799  -12.513  84.901 0.0000000000
50512  7.229  -14.851  88.508 0.0000000000
49388  7.138  -15.389  88.187 0.0000000000
49400  7.304  -15.641  87.634 0.0000000000
48234  7.139  -16.348  87.433 0.0000000000
48244  7.331  -16.581  86.754 0.0000000000
46212  7.097  -18.455  85.414 0.0000000000
68667  35.804  1.341  75.605 0.0000000000
67661  35.966  1.100  73.779 0.0000000000
67687  35.979  0.412  72.342 0.0000000000
66656  36.519  -0.482  72.693 0.0000000000
65565  35.888  -2.286  73.857 0.0000000000
64433  34.925  -2.584  73.511 0.0000000000
64411  33.755  -2.620  74.146 0.0000000000
119437  32.036  -2.874  74.243 0.0000000000
62058  25.478  -4.715  80.002 0.0000000000
62033  26.369  -4.998  80.158 0.0000000000
128745  25.930  -5.042  79.526 0.0000000000
60892  26.534  -5.618  79.357 0.0000000000
60907  26.951  -6.318  78.675 0.0000000000
60925  25.884  -5.855  77.556 0.0000000000
59805  27.748  -6.690  78.773 0.0000000000
59821  27.526  -6.822  77.969 0.0000000000
59835  28.404  -7.083  77.281 0.0000000000
59852  29.261  -6.647  76.736 0.0000000000
59882  27.219  -5.753  74.393 0.0000000000
129212  25.958  -5.555  74.390 0.0000000000
59883  26.556  -5.699  74.758 0.0000000000
70879  32.168  3.795  69.157 0.0000000000
70891  32.397  3.879  68.334 0.0000000000
70892  31.621  3.371  68.594 0.0000000000
69828  31.111  2.820  67.850 0.0000000000
69829  30.438  2.174  67.441 0.0000000000
68743  29.873  1.502  67.924 0.0000000000
68757  29.938  1.569  66.996 0.0000000000
68785  29.492  0.917  65.680 0.0000000000
83846  49.906  17.036  47.084 0.0000000000
82874  49.741  15.037  45.698 0.0000000000
76874  37.623  9.343  58.927 0.0000000000
75906  37.230  8.762  59.387 0.0000000000
133004  36.993  7.996  60.687 0.0000000000
139241  36.593  7.880  60.221 0.0000000000
74916  36.741  7.558  62.708 0.0000000000
74926  36.130  7.240  62.223 0.0000000000
73946  35.606  6.860  61.697 0.0000000000
73959  35.095  6.479  61.118 0.0000000000
137028  34.679  6.189  60.553 0.0000000000
78826  41.978  11.154  65.194 0.0000000000
78842  42.006  11.942  63.037 0.0000000000
77826  40.592  10.404  61.505 0.0000000000
77817  40.708  10.129  62.257 0.0000000000
136447  40.322  9.838  61.777 0.0000000000
77827  40.097  9.955  61.116 0.0000000000
77839  38.997  9.782  59.974 0.0000000000
63075  27.812  -3.052  86.704 0.0000000000
63074  28.710  -3.179  86.414 0.0000000000
63103  27.230  -3.269  84.971 0.0000000000
63129  27.153  -3.500  84.057 0.0000000000
63149  25.394  -3.451  83.833 0.0000000000
63148  26.385  -3.543  83.575 0.0000000000
63162  26.577  -3.856  82.843 0.0000000000
63174  25.854  -3.946  82.213 0.0000000000
60862  22.161  -5.077  81.873 0.0000000000
61986  22.767  -4.609  82.144 0.0000000000
62011  22.669  -4.760  81.310 0.0000000000
60880  22.566  -4.953  80.603 0.0000000000
62010  23.506  -4.324  81.546 0.0000000000
62035  24.058  -4.329  80.677 0.0000000000
62034  24.985  -4.375  80.632 0.0000000000
60929  22.281  -5.698  77.684 0.0000000000
119093  22.808  -5.663  76.886 0.0000000000
60945  23.777  -5.465  77.013 0.0000000000
60946  22.787  -5.645  75.995 0.0000000000
60963  22.701  -5.681  75.159 0.0000000000
59884  22.114  -6.152  73.898 0.0000000000
55539  18.890  -9.735  75.208 0.0000000000
66703  31.158  -0.260  70.475 0.0000000000
80903  48.298  13.713  53.630 0.0000000000
79912  46.811  12.087  53.919 0.0000000000
79918  47.256  12.713  53.599 0.0000000000
80907  47.813  14.211  53.000 0.0000000000
81853  48.278  14.908  52.741 0.0000000000
80914  46.769  14.210  51.597 0.0000000000
81860  47.701  15.347  51.451 0.0000000000
82823  47.464  15.348  50.552 0.0000000000
82836  47.375  15.282  49.633 0.0000000000
82849  47.418  15.156  48.756 0.0000000000
55463  17.427  -10.598  81.008 0.0000000000
54297  17.072  -11.194  80.594 0.0000000000
54256  16.617  -10.880  82.477 0.0000000000
121822  16.436  -10.698  83.391 0.0000000000
54235  15.932  -10.781  83.679 0.0000000000
54218  15.499  -10.695  84.392 0.0000000000
54201  15.524  -10.636  85.042 0.0000000000
57663  18.302  -9.039  85.949 0.0000000000
56592  17.118  -9.951  86.059 0.0000000000
55362  16.689  -10.226  86.162 0.0000000000
55383  16.342  -10.396  85.610 0.0000000000
55384  15.941  -10.594  85.659 0.0000000000
55385  15.429  -10.681  85.653 0.0000000000
54202  15.099  -10.694  85.120 0.0000000000
124566  14.819  -10.699  85.547 0.0000000000
55349  13.687  -9.772  87.739 0.0000000000
56560  12.732  -9.661  87.695 0.0000000000
64240  29.179  -2.604  88.182 0.0000000000
63076  26.870  -3.047  86.937 0.0000000000
63106  24.679  -3.435  86.100 0.0000000000
63133  23.801  -3.809  84.788 0.0000000000
60823  22.219  -4.960  84.179 0.0000000000
60813  22.206  -5.019  85.060 0.0000000000
60834  21.662  -5.415  83.821 0.0000000000
141513  20.728  -6.178  83.010 0.0000000000
58701  19.516  -7.427  82.431 0.0000000000
58692  19.488  -7.480  83.341 0.0000000000
57684  19.018  -8.074  81.945 0.0000000000
57693  18.604  -8.728  81.459 0.0000000000
75923  36.963  8.946  58.490 0.0000000000
124648  47.230  13.199  57.570 0.0000000000
80856  45.445  13.321  57.464 0.0000000000
79871  45.819  12.449  57.192 0.0000000000
78912  45.166  11.753  56.351 0.0000000000
129105  44.212  11.276  55.530 0.0000000000
79874  42.788  13.050  57.264 0.0000000000
78915  41.812  11.687  56.276 0.0000000000
78914  42.767  11.830  56.207 0.0000000000
124026  43.090  11.393  55.751 0.0000000000
78924  43.569  11.219  55.526 0.0000000000
77912  43.811  10.846  55.022 0.0000000000
53095  15.528  -12.133  80.781 0.0000000000
53079  15.496  -11.766  81.648 0.0000000000
138751  15.183  -12.164  81.168 0.0000000000
53111  14.144  -12.676  79.953 0.0000000000
51873  13.425  -12.769  80.235 0.0000000000
51891  12.821  -13.290  79.769 0.0000000000
54238  13.600  -11.201  83.441 0.0000000000
54262  11.938  -11.654  82.739 0.0000000000
53069  12.297  -11.922  82.170 0.0000000000
133118  12.756  -12.761  80.680 0.0000000000
50612  11.689  -14.153  79.791 0.0000000000
50628  11.065  -15.487  79.659 0.0000000000
49511  10.520  -15.354  80.166 0.0000000000
49532  10.525  -16.051  79.887 0.0000000000
54206  9.640  -12.170  85.959 0.0000000000
53036  9.507  -12.686  85.443 0.0000000000
51819  9.570  -13.047  84.764 0.0000000000
50511  7.517  -14.323  88.301 0.0000000000
50525  7.736  -14.451  87.592 0.0000000000
121210  8.054  -14.547  86.869 0.0000000000
49412  7.986  -15.051  86.421 0.0000000000
50537  8.362  -14.610  86.276 0.0000000000
50546  8.692  -14.369  85.844 0.0000000000
51820  9.274  -13.838  84.598 0.0000000000
48269  8.405  -16.564  83.219 0.0000000000
48268  8.673  -16.092  82.869 0.0000000000
41712  4.481  -21.766  90.007 0.0000000000
41713  4.296  -22.569  90.429 0.0000000000
139300  3.752  -21.995  91.741 0.0000000000
119294  36.905  7.622  68.242 0.0000000000
71913  32.756  4.273  69.572 0.0000000000
69791  30.684  2.603  70.138 0.0000000000
69778  30.270  1.814  70.773 0.0000000000
67717  30.113  0.411  70.941 0.0000000000
70815  31.313  2.847  73.739 0.0000000000
131441  30.850  2.142  73.033 0.0000000000
68692  31.175  1.445  73.281 0.0000000000
68701  30.812  1.472  72.741 0.0000000000
67692  30.597  1.142  72.102 0.0000000000
67708  30.535  0.623  71.499 0.0000000000
66702  32.434  -0.139  70.097 0.0000000000
66713  34.333  -0.488  69.337 0.0000000000
65641  34.940  -0.884  69.397 0.0000000000
64484  34.131  -2.669  70.171 0.0000000000
132687  35.651  0.325  71.687 0.0000000000
65617  35.602  -1.272  70.762 0.0000000000
64471  35.071  -2.172  71.476 0.0000000000
62195  31.010  -4.059  69.791 0.0000000000
63336  31.375  -3.373  71.099 0.0000000000
132879  34.700  -1.139  78.182 0.0000000000
63102  28.739  -3.396  85.655 0.0000000000
129163  30.202  -3.540  85.447 0.0000000000
61959  28.958  -4.487  83.614 0.0000000000
61938  29.483  -4.232  84.318 0.0000000000
61936  30.518  -3.830  84.232 0.0000000000
63161  31.016  -3.428  82.925 0.0000000000
62032  27.150  -5.280  80.818 0.0000000000
60861  28.191  -5.712  81.206 0.0000000000
60860  29.216  -5.865  81.460 0.0000000000
60875  29.560  -5.889  80.691 0.0000000000
60859  29.796  -5.419  81.440 0.0000000000
62004  30.404  -4.478  81.926 0.0000000000
61977  30.597  -3.991  82.575 0.0000000000
63172  31.438  -3.149  82.164 0.0000000000
63197  31.954  -3.002  80.114 0.0000000000
64330  32.617  -2.352  79.743 0.0000000000
64342  33.755  -1.764  78.373 0.0000000000
64341  34.496  -1.566  77.615 0.0000000000
64356  33.765  -2.014  77.517 0.0000000000
64374  33.827  -2.258  76.711 0.0000000000
64375  32.941  -2.565  76.360 0.0000000000
63267  32.122  -2.848  75.997 0.0000000000
63287  32.088  -2.892  75.125 0.0000000000
63288  31.376  -3.219  74.754 0.0000000000
60940  29.749  -5.621  76.464 0.0000000000
62116  29.978  -4.767  75.856 0.0000000000
60975  29.069  -5.142  74.730 0.0000000000
62130  29.624  -4.633  75.020 0.0000000000
62129  30.295  -4.020  75.302 0.0000000000
63289  30.657  -3.596  74.510 0.0000000000
62181  29.362  -4.481  71.369 0.0000000000
61006  28.802  -5.021  71.854 0.0000000000
74858  36.411  7.436  67.531 0.0000000000
128198  35.341  6.720  66.853 0.0000000000
73902  34.736  6.247  66.396 0.0000000000
72946  34.242  5.725  66.950 0.0000000000
72965  34.151  5.749  65.004 0.0000000000
72011  33.015  4.845  63.929 0.0000000000
70917  32.195  3.831  66.672 0.0000000000
70928  32.043  3.893  65.671 0.0000000000
70929  31.449  3.383  65.272 0.0000000000
70944  31.900  3.924  64.769 0.0000000000
72030  32.430  4.397  63.422 0.0000000000
82863  47.633  14.902  47.959 0.0000000000
81892  48.086  14.417  47.219 0.0000000000
80947  48.250  13.445  47.181 0.0000000000
57718  19.038  -8.521  78.136 0.0000000000
58709  19.502  -7.401  81.531 0.0000000000
59788  20.628  -6.315  81.564 0.0000000000
59870  22.060  -6.100  74.770 0.0000000000
60843  30.104  -4.945  82.119 0.0000000000
60846  21.689  -5.426  83.077 0.0000000000
60894  24.189  -4.876  79.303 0.0000000000
60909  25.514  -5.400  78.419 0.0000000000
60943  25.197  -5.605  76.233 0.0000000000
61937  30.165  -3.963  84.651 0.0000000000
61963  22.541  -4.723  83.466 0.0000000000
63146  27.961  -3.888  83.786 0.0000000000
64392  34.997  -2.285  75.500 0.0000000000
65563  36.307  -1.230  74.963 0.0000000000
65598  36.379  -1.310  72.380 0.0000000000
66615  35.647  -0.895  76.478 0.0000000000
67745  29.433  -0.010  68.726 0.0000000000
71992  32.985  4.815  64.825 0.0000000000
72947  33.915  5.356  67.610 0.0000000000
76832  40.154  9.561  62.446 0.0000000000
76860  37.877  9.054  59.745 0.0000000000
78811  41.477  10.726  66.456 0.0000000000
79853  41.249  12.762  59.578 0.0000000000
79876  40.881  12.249  57.380 0.0000000000
81797  44.240  14.673  58.523 0.0000000000
81807  44.338  14.340  57.934 0.0000000000
120226  33.476  4.923  67.140 0.0000000000
120468  25.417  -3.247  86.424 0.0000000000
121652  9.434  -14.007  83.919 0.0000000000
127136  36.161  7.337  61.457 0.0000000000
132190  45.865  13.892  57.713 0.0000000000
132578  21.249  -6.541  76.992 0.0000000000
134195  25.770  -4.575  80.595 0.0000000000
134594  8.030  -16.179  85.045 0.0000000000
137730  36.628  7.608  66.863 0.0000000000
138217  39.579  9.137  67.111 0.0000000000
138903  41.343  12.598  57.376 0.0000000000
