#!ascii label  , from subject sub-v2s16x51231_ses-1 vox2ras=TkReg
735
92709  41.782  25.945  48.605 0.0000000000
93473  46.988  27.154  38.814 0.0000000000
94717  46.027  29.799  40.297 0.0000000000
121324  44.734  25.205  28.707 0.0000000000
91293  40.743  24.464  41.819 0.0000000000
95417  46.825  31.452  46.195 0.0000000000
122771  47.891  28.785  31.663 0.0000000000
94791  38.725  29.047  36.057 0.0000000000
130800  47.708  28.745  46.096 0.0000000000
93416  43.337  27.581  43.485 0.0000000000
90461  44.330  23.712  37.535 0.0000000000
95476  40.362  29.881  40.944 0.0000000000
94802  41.959  29.289  34.653 0.0000000000
94731  51.730  30.109  39.454 0.0000000000
95534  47.135  30.862  33.120 0.0000000000
95497  37.353  30.676  37.936 0.0000000000
94044  44.051  28.010  46.301 0.0000000000
92727  42.508  26.819  46.801 0.0000000000
91316  42.779  24.234  39.694 0.0000000000
95434  43.565  30.561  43.718 0.0000000000
96068  41.627  31.576  43.557 0.0000000000
94706  42.745  29.636  41.163 0.0000000000
118874  42.117  29.493  38.069 0.0000000000
94752  44.576  29.431  38.333 0.0000000000
93423  47.289  27.840  42.030 0.0000000000
94062  50.417  28.924  43.442 0.0000000000
94115  49.436  28.407  39.012 0.0000000000
94850  47.201  29.745  27.541 0.0000000000
94818  49.626  31.192  32.353 0.0000000000
94839  46.284  30.286  29.560 0.0000000000
94159  45.025  28.666  32.699 0.0000000000
92159  43.739  25.140  31.042 0.0000000000
88725  41.963  22.290  32.904 0.0000000000
91234  40.473  24.474  48.288 0.0000000000
92734  40.674  26.111  44.805 0.0000000000
95441  46.872  30.618  42.751 0.0000000000
92807  46.628  25.922  35.410 0.0000000000
93498  47.870  27.436  35.312 0.0000000000
92828  46.792  25.956  32.162 0.0000000000
92847  47.791  26.914  28.271 0.0000000000
94641  48.328  30.299  48.380 0.0000000000
94030  45.502  28.730  48.139 0.0000000000
94066  45.756  28.122  43.916 0.0000000000
93455  45.125  26.955  40.936 0.0000000000
92757  41.635  26.347  42.097 0.0000000000
92776  44.063  25.915  39.966 0.0000000000
92086  45.206  25.864  38.056 0.0000000000
90487  45.950  23.506  35.128 0.0000000000
138227  37.728  25.877  47.892 0.0000000000
97230  40.596  33.565  41.554 0.0000000000
96100  38.312  31.517  40.039 0.0000000000
94755  39.006  29.819  38.310 0.0000000000
94789  39.890  29.261  35.132 0.0000000000
92799  42.199  27.406  35.896 0.0000000000
94675  50.045  30.407  47.598 0.0000000000
95429  50.458  30.720  44.295 0.0000000000
94732  48.576  30.233  39.803 0.0000000000
136007  50.015  29.475  35.518 0.0000000000
95510  50.506  30.400  36.379 0.0000000000
94783  46.826  29.576  36.871 0.0000000000
119868  44.677  30.029  34.509 0.0000000000
126349  43.781  27.198  34.679 0.0000000000
96114  36.649  31.271  36.481 0.0000000000
96106  37.228  31.589  38.407 0.0000000000
93391  43.083  26.583  48.660 0.0000000000
92728  41.897  25.951  47.314 0.0000000000
94687  44.894  30.301  42.202 0.0000000000
94688  43.967  30.065  42.112 0.0000000000
94718  44.362  29.749  40.463 0.0000000000
118095  43.770  29.565  39.727 0.0000000000
124878  45.020  29.534  39.085 0.0000000000
93453  46.913  27.406  40.350 0.0000000000
137913  48.695  28.113  40.425 0.0000000000
93472  47.776  27.481  38.569 0.0000000000
92856  45.424  27.445  27.796 0.0000000000
94845  46.703  30.239  28.353 0.0000000000
93540  45.194  27.693  28.593 0.0000000000
93528  44.924  27.398  30.595 0.0000000000
91414  43.905  24.960  30.190 0.0000000000
90538  43.264  23.436  30.721 0.0000000000
90551  43.688  23.513  30.122 0.0000000000
92017  40.050  24.627  46.730 0.0000000000
95423  45.764  31.077  45.077 0.0000000000
119428  47.365  31.199  45.361 0.0000000000
91368  46.366  24.394  33.912 0.0000000000
92815  46.775  25.893  33.900 0.0000000000
92149  46.602  25.180  32.561 0.0000000000
92173  47.457  26.380  29.516 0.0000000000
92179  47.956  26.071  28.474 0.0000000000
92181  47.287  26.054  27.627 0.0000000000
94059  43.802  28.005  44.828 0.0000000000
94050  44.553  28.247  45.457 0.0000000000
93415  44.177  27.715  43.295 0.0000000000
93425  45.414  27.527  42.338 0.0000000000
93444  44.818  27.175  41.726 0.0000000000
92032  40.214  25.638  43.407 0.0000000000
92740  40.659  26.217  43.855 0.0000000000
92038  41.022  26.019  42.304 0.0000000000
91327  43.686  24.175  38.514 0.0000000000
92076  43.001  24.895  39.923 0.0000000000
92088  43.954  24.921  38.810 0.0000000000
92074  44.323  25.664  39.212 0.0000000000
92100  44.865  25.130  37.661 0.0000000000
91347  45.413  24.404  36.292 0.0000000000
90473  45.086  23.519  36.479 0.0000000000
88698  47.473  21.345  34.609 0.0000000000
95446  40.925  30.827  42.636 0.0000000000
96658  40.883  32.385  42.753 0.0000000000
96667  39.724  31.882  41.823 0.0000000000
96677  39.219  32.226  41.192 0.0000000000
95477  39.235  30.731  40.811 0.0000000000
135699  38.684  30.315  39.214 0.0000000000
139907  39.829  29.843  39.785 0.0000000000
138403  42.491  29.496  36.578 0.0000000000
122611  40.601  29.442  36.448 0.0000000000
94803  41.048  29.077  34.565 0.0000000000
93501  40.775  28.828  34.602 0.0000000000
94138  41.445  28.932  34.458 0.0000000000
94672  47.910  29.759  47.787 0.0000000000
94676  49.104  30.347  48.033 0.0000000000
94047  49.162  29.183  46.494 0.0000000000
94087  51.514  29.753  41.096 0.0000000000
137596  51.483  30.146  43.712 0.0000000000
121430  51.302  30.363  42.012 0.0000000000
125155  50.177  30.589  42.174 0.0000000000
95475  50.529  30.528  40.347 0.0000000000
93506  48.147  27.867  34.569 0.0000000000
93497  48.674  28.234  35.209 0.0000000000
93505  48.982  28.728  34.503 0.0000000000
95533  48.467  31.350  32.909 0.0000000000
95524  49.659  30.684  34.491 0.0000000000
95525  48.554  30.782  34.479 0.0000000000
94782  48.032  30.095  36.707 0.0000000000
94799  46.589  30.090  35.350 0.0000000000
135293  46.200  29.644  36.169 0.0000000000
95527  45.827  30.277  34.422 0.0000000000
139822  44.454  26.268  32.911 0.0000000000
93514  44.614  28.129  33.413 0.0000000000
92816  44.058  26.510  34.146 0.0000000000
92808  43.551  26.216  35.000 0.0000000000
96045  47.520  31.964  47.715 0.0000000000
94774  37.497  29.306  35.989 0.0000000000
94773  38.126  29.140  36.223 0.0000000000
94003  44.435  27.987  49.756 0.0000000000
93375  43.539  27.045  49.049 0.0000000000
93401  43.207  27.539  46.254 0.0000000000
93410  42.484  27.394  44.608 0.0000000000
91306  41.886  24.275  40.808 0.0000000000
95435  42.605  30.584  43.565 0.0000000000
95445  42.283  30.134  42.832 0.0000000000
94707  41.908  29.583  40.942 0.0000000000
94721  41.218  29.602  40.417 0.0000000000
128987  42.895  29.516  39.710 0.0000000000
133837  42.845  29.467  38.361 0.0000000000
94768  43.312  29.433  37.003 0.0000000000
94064  48.093  28.233  43.913 0.0000000000
94054  49.535  28.788  45.173 0.0000000000
94074  49.274  28.377  42.672 0.0000000000
94099  49.496  28.425  40.883 0.0000000000
94107  50.673  29.120  39.506 0.0000000000
94169  47.788  29.640  29.099 0.0000000000
94830  48.765  30.212  31.263 0.0000000000
94837  48.326  31.057  29.118 0.0000000000
95553  47.943  31.644  29.377 0.0000000000
95548  46.465  30.949  31.167 0.0000000000
94825  45.693  30.165  31.938 0.0000000000
93527  45.290  28.206  31.129 0.0000000000
117582  44.950  27.374  31.651 0.0000000000
92150  43.666  25.202  31.953 0.0000000000
88724  42.581  22.117  32.358 0.0000000000
92710  40.902  25.701  48.547 0.0000000000
92009  41.203  25.517  46.983 0.0000000000
122443  40.606  25.280  46.522 0.0000000000
92024  39.687  25.143  44.599 0.0000000000
91281  39.749  24.237  42.795 0.0000000000
96062  44.066  31.422  45.148 0.0000000000
137711  45.214  30.549  43.044 0.0000000000
95462  46.432  30.414  41.822 0.0000000000
92798  46.540  26.225  36.465 0.0000000000
93481  47.419  27.084  37.113 0.0000000000
92806  47.250  26.647  35.335 0.0000000000
92821  47.245  26.660  33.740 0.0000000000
93519  47.487  27.633  32.275 0.0000000000
92165  47.016  25.563  30.536 0.0000000000
92840  47.061  26.331  30.311 0.0000000000
93532  47.397  28.054  29.973 0.0000000000
93539  47.663  27.877  27.830 0.0000000000
92864  46.543  27.204  27.159 0.0000000000
91431  45.298  24.729  28.524 0.0000000000
89660  44.479  22.887  29.823 0.0000000000
94659  47.367  29.621  48.142 0.0000000000
94041  46.214  28.917  46.960 0.0000000000
135193  44.823  28.283  48.034 0.0000000000
94049  45.782  28.520  46.003 0.0000000000
94056  46.617  28.418  44.856 0.0000000000
94076  47.096  27.980  42.935 0.0000000000
93442  46.616  27.520  41.304 0.0000000000
93464  46.114  27.057  39.849 0.0000000000
92730  41.288  26.459  45.342 0.0000000000
93418  41.862  27.080  44.039 0.0000000000
93428  42.722  27.250  42.920 0.0000000000
92052  42.232  25.684  41.130 0.0000000000
92767  42.903  25.981  40.911 0.0000000000
92755  43.326  26.561  41.381 0.0000000000
92765  44.544  26.484  40.418 0.0000000000
92774  45.518  26.618  39.354 0.0000000000
92791  45.894  26.213  37.702 0.0000000000
92098  46.049  25.937  36.893 0.0000000000
91357  46.170  24.356  34.804 0.0000000000
90500  46.265  23.453  34.257 0.0000000000
89594  46.348  22.183  34.878 0.0000000000
89614  46.899  22.337  33.627 0.0000000000
92711  40.206  25.636  48.530 0.0000000000
91999  39.851  24.966  48.507 0.0000000000
123374  36.721  25.060  47.806 0.0000000000
97756  41.958  34.093  42.117 0.0000000000
97776  39.881  34.113  40.193 0.0000000000
95488  37.643  30.952  38.816 0.0000000000
95496  38.086  30.324  38.388 0.0000000000
94772  38.879  29.333  36.552 0.0000000000
124133  40.707  29.549  38.393 0.0000000000
94771  39.716  29.367  36.309 0.0000000000
94790  39.305  29.116  35.677 0.0000000000
95416  48.624  31.412  47.492 0.0000000000
94053  50.976  29.759  45.451 0.0000000000
95414  51.073  31.001  46.673 0.0000000000
95430  48.754  31.090  45.125 0.0000000000
118873  48.630  30.749  43.502 0.0000000000
95461  47.525  30.516  42.094 0.0000000000
94716  47.006  30.049  40.571 0.0000000000
93480  48.918  28.206  37.392 0.0000000000
126433  50.069  29.008  36.965 0.0000000000
94113  51.552  29.985  38.104 0.0000000000
94809  49.944  30.289  34.303 0.0000000000
94780  50.871  30.240  36.682 0.0000000000
95493  51.362  30.293  38.010 0.0000000000
95502  49.584  30.396  38.003 0.0000000000
94748  48.130  29.980  39.022 0.0000000000
133624  46.395  29.573  39.109 0.0000000000
126395  45.225  29.418  37.769 0.0000000000
94767  44.817  29.469  36.782 0.0000000000
119614  43.567  29.711  35.455 0.0000000000
94821  44.539  29.787  33.527 0.0000000000
94153  43.805  29.450  33.899 0.0000000000
94146  42.136  28.970  34.293 0.0000000000
93500  42.535  28.161  35.095 0.0000000000
88713  41.490  22.040  33.452 0.0000000000
96107  36.735  31.979  37.376 0.0000000000
96691  37.204  32.520  38.021 0.0000000000
93377  42.443  26.561  48.939 0.0000000000
92708  42.513  26.294  48.737 0.0000000000
92717  41.886  25.733  48.292 0.0000000000
95463  45.531  30.234  41.579 0.0000000000
94704  44.638  30.031  41.380 0.0000000000
118619  45.318  29.933  40.797 0.0000000000
119161  45.186  29.676  39.985 0.0000000000
93462  47.574  27.525  39.495 0.0000000000
92183  44.956  26.244  28.211 0.0000000000
92849  44.797  26.835  28.837 0.0000000000
92174  44.400  25.722  29.342 0.0000000000
91423  44.157  24.691  29.514 0.0000000000
91424  43.972  24.014  29.691 0.0000000000
96052  46.162  31.788  46.721 0.0000000000
95418  45.487  31.322  45.577 0.0000000000
91376  46.507  24.398  32.959 0.0000000000
91428  47.678  25.081  28.254 0.0000000000
94123  39.018  29.084  35.831 0.0000000000
93409  43.185  27.704  44.294 0.0000000000
93408  43.916  27.926  44.055 0.0000000000
93426  44.493  27.432  42.514 0.0000000000
93427  43.583  27.362  42.696 0.0000000000
91280  40.237  24.829  42.415 0.0000000000
92039  40.440  25.533  42.674 0.0000000000
92054  40.778  25.334  41.978 0.0000000000
91326  44.265  24.469  38.031 0.0000000000
91338  44.667  24.356  37.301 0.0000000000
91348  44.951  24.183  36.773 0.0000000000
90474  44.682  23.580  37.035 0.0000000000
95466  40.434  30.428  41.826 0.0000000000
96084  40.219  31.313  42.265 0.0000000000
96085  39.791  31.033  41.807 0.0000000000
96094  39.343  31.276  41.350 0.0000000000
95467  39.767  30.505  41.224 0.0000000000
94723  39.641  30.121  40.386 0.0000000000
130278  41.768  29.451  35.538 0.0000000000
94814  41.444  29.025  34.444 0.0000000000
94048  47.384  29.160  46.877 0.0000000000
123076  48.791  29.601  47.262 0.0000000000
94097  51.598  29.773  40.017 0.0000000000
94700  51.727  30.098  41.747 0.0000000000
94714  51.776  30.099  40.542 0.0000000000
95458  51.412  30.279  40.983 0.0000000000
95474  51.485  30.313  39.930 0.0000000000
94157  48.096  28.522  32.733 0.0000000000
94151  48.397  28.416  33.717 0.0000000000
120131  47.936  30.866  33.793 0.0000000000
118242  47.853  30.431  35.253 0.0000000000
95526  47.198  30.485  34.564 0.0000000000
95535  45.914  30.419  33.362 0.0000000000
92143  43.689  25.212  32.892 0.0000000000
92823  44.168  25.963  33.332 0.0000000000
92132  43.607  25.348  33.953 0.0000000000
95504  37.004  30.256  36.614 0.0000000000
95503  37.671  29.879  37.073 0.0000000000
94004  43.928  27.828  49.796 0.0000000000
93364  43.414  27.283  49.406 0.0000000000
120642  43.089  27.068  47.500 0.0000000000
93405  42.479  27.250  45.619 0.0000000000
93404  43.122  27.710  45.166 0.0000000000
96066  42.986  31.060  44.294 0.0000000000
94705  43.699  29.823  41.253 0.0000000000
94689  42.988  29.856  42.059 0.0000000000
95464  41.960  29.833  41.904 0.0000000000
94720  42.474  29.547  40.381 0.0000000000
94736  44.138  29.487  39.008 0.0000000000
124965  43.296  29.475  39.002 0.0000000000
119683  43.598  29.467  38.122 0.0000000000
130444  44.248  29.469  37.422 0.0000000000
94075  48.137  28.154  42.834 0.0000000000
94090  48.256  28.101  41.907 0.0000000000
93451  48.524  27.973  39.737 0.0000000000
94108  49.529  28.448  40.024 0.0000000000
94098  50.666  29.028  40.515 0.0000000000
133612  47.525  29.680  27.917 0.0000000000
125285  48.354  30.237  30.105 0.0000000000
94843  47.667  30.535  28.283 0.0000000000
94170  45.809  29.356  29.239 0.0000000000
94838  47.352  31.002  28.803 0.0000000000
94831  46.889  31.065  29.954 0.0000000000
95547  47.575  31.626  30.490 0.0000000000
94832  45.909  30.227  30.797 0.0000000000
94165  45.612  29.223  30.472 0.0000000000
119265  44.215  25.769  30.515 0.0000000000
92836  44.594  26.553  31.120 0.0000000000
92158  44.232  25.802  31.585 0.0000000000
91400  43.316  24.544  31.463 0.0000000000
89639  42.960  22.936  31.105 0.0000000000
91989  40.716  24.968  48.455 0.0000000000
92010  40.833  24.834  47.569 0.0000000000
131173  39.541  24.686  45.371 0.0000000000
91269  39.333  24.556  44.393 0.0000000000
92033  39.667  25.092  43.807 0.0000000000
91275  39.391  24.250  43.570 0.0000000000
95432  45.812  30.869  44.042 0.0000000000
139426  46.114  30.675  43.159 0.0000000000
95442  45.804  30.506  42.370 0.0000000000
139229  46.544  26.071  35.982 0.0000000000
92797  46.914  26.420  35.988 0.0000000000
92822  46.835  25.936  33.117 0.0000000000
92827  47.159  26.726  32.743 0.0000000000
91399  46.880  24.667  31.141 0.0000000000
91413  47.299  25.017  30.366 0.0000000000
92848  47.309  27.265  29.378 0.0000000000
93526  47.113  26.908  30.669 0.0000000000
119975  47.556  28.583  28.564 0.0000000000
91429  47.008  25.284  27.877 0.0000000000
92187  46.870  26.568  27.316 0.0000000000
91433  46.457  25.764  27.598 0.0000000000
92182  45.545  25.695  27.893 0.0000000000
90571  45.892  24.198  28.517 0.0000000000
90572  45.225  24.034  28.913 0.0000000000
118288  46.250  29.190  48.262 0.0000000000
119275  46.734  29.570  48.813 0.0000000000
94660  46.369  29.109  47.700 0.0000000000
93374  44.221  27.659  48.587 0.0000000000
94031  44.353  28.054  47.363 0.0000000000
94057  45.419  28.351  44.865 0.0000000000
94043  44.996  28.404  46.491 0.0000000000
94065  46.869  28.179  43.902 0.0000000000
93443  45.722  27.341  41.508 0.0000000000
93424  46.357  27.648  42.165 0.0000000000
93454  45.970  27.214  40.674 0.0000000000
92731  40.850  25.886  45.859 0.0000000000
122998  41.421  26.124  46.287 0.0000000000
92743  41.451  26.526  42.740 0.0000000000
92739  41.317  26.628  43.514 0.0000000000
93429  41.967  27.021  43.201 0.0000000000
92742  42.137  26.806  42.420 0.0000000000
91305  42.399  24.474  40.332 0.0000000000
92065  41.833  25.028  40.957 0.0000000000
92063  43.328  25.598  40.264 0.0000000000
92766  43.715  26.234  40.660 0.0000000000
92754  44.241  26.727  41.169 0.0000000000
92784  44.989  26.076  38.867 0.0000000000
92783  45.692  26.432  38.535 0.0000000000
92099  45.462  25.568  37.297 0.0000000000
91358  45.825  24.311  35.577 0.0000000000
88683  46.217  21.782  35.523 0.0000000000
88699  46.882  21.879  34.308 0.0000000000
88711  47.534  21.657  33.669 0.0000000000
93392  39.252  27.267  48.181 0.0000000000
92719  38.523  25.765  48.142 0.0000000000
92000  39.096  24.475  48.363 0.0000000000
92001  37.855  25.082  48.061 0.0000000000
97221  40.682  33.084  42.159 0.0000000000
97229  41.224  33.781  41.849 0.0000000000
97766  41.715  34.346  41.405 0.0000000000
97767  40.952  34.145  41.194 0.0000000000
97775  40.705  34.372  40.458 0.0000000000
97238  40.199  33.784  40.978 0.0000000000
96678  38.632  32.392  40.465 0.0000000000
96685  38.105  32.446  39.698 0.0000000000
96101  37.771  31.614  39.306 0.0000000000
94740  39.327  30.012  39.529 0.0000000000
94756  38.312  29.695  37.304 0.0000000000
94753  41.597  29.468  38.739 0.0000000000
94738  40.981  29.559  39.423 0.0000000000
94130  39.922  29.154  35.332 0.0000000000
93493  39.612  28.751  35.693 0.0000000000
93491  41.316  27.951  35.773 0.0000000000
95380  48.753  30.770  48.764 0.0000000000
95409  49.454  30.976  48.185 0.0000000000
123161  49.641  31.248  47.617 0.0000000000
130807  50.326  29.054  44.411 0.0000000000
94681  51.224  29.748  44.249 0.0000000000
95428  51.181  30.442  44.799 0.0000000000
94679  51.132  30.688  45.927 0.0000000000
95421  50.919  30.975  45.672 0.0000000000
132399  50.337  31.216  46.292 0.0000000000
133039  49.989  31.013  45.063 0.0000000000
95440  49.892  30.663  43.051 0.0000000000
134939  49.071  30.516  41.376 0.0000000000
95460  48.798  30.599  42.198 0.0000000000
140322  48.455  30.370  40.909 0.0000000000
94701  47.903  30.343  41.262 0.0000000000
94715  48.035  30.219  40.480 0.0000000000
93490  47.558  27.100  36.171 0.0000000000
132153  48.233  27.645  36.824 0.0000000000
94137  49.334  28.667  35.735 0.0000000000
94129  49.166  28.414  36.511 0.0000000000
94128  50.120  29.319  36.131 0.0000000000
94121  50.899  29.587  37.519 0.0000000000
94781  50.952  29.885  36.617 0.0000000000
122053  49.381  31.364  31.364 0.0000000000
94824  49.434  30.511  32.276 0.0000000000
94819  49.749  30.584  33.296 0.0000000000
95518  49.917  30.524  35.490 0.0000000000
95523  50.147  30.370  34.947 0.0000000000
95500  51.168  30.289  37.424 0.0000000000
133239  50.877  30.378  36.973 0.0000000000
95494  50.715  30.497  38.413 0.0000000000
120013  50.220  30.515  37.012 0.0000000000
125460  48.326  30.001  38.216 0.0000000000
94765  47.462  29.682  37.694 0.0000000000
124295  47.129  29.705  39.126 0.0000000000
94750  46.724  29.517  38.459 0.0000000000
94751  45.780  29.481  38.596 0.0000000000
94766  46.266  29.501  37.723 0.0000000000
117240  45.364  29.845  35.399 0.0000000000
140569  45.319  29.610  36.242 0.0000000000
94785  44.478  29.662  35.769 0.0000000000
94800  43.827  29.816  34.692 0.0000000000
94826  45.104  29.635  32.783 0.0000000000
94820  45.283  30.150  32.906 0.0000000000
93507  44.190  27.648  34.116 0.0000000000
94144  43.846  28.830  33.820 0.0000000000
94145  43.009  29.144  34.207 0.0000000000
93508  43.335  28.306  34.510 0.0000000000
93499  43.309  27.337  35.082 0.0000000000
91359  42.445  24.494  35.394 0.0000000000
92123  42.921  25.590  35.655 0.0000000000
89628  42.058  22.764  32.521 0.0000000000
95505  36.583  30.357  35.398 0.0000000000
96113  36.878  31.150  37.537 0.0000000000
93376  43.035  26.632  49.164 0.0000000000
92716  42.555  26.251  48.059 0.0000000000
93406  41.926  26.603  46.023 0.0000000000
95443  44.239  30.354  42.950 0.0000000000
95444  43.254  30.178  42.919 0.0000000000
94719  43.345  29.618  40.445 0.0000000000
135065  44.501  29.593  39.665 0.0000000000
133752  45.144  29.451  38.454 0.0000000000
93441  47.518  27.776  41.167 0.0000000000
93452  47.893  27.786  40.379 0.0000000000
93461  48.356  27.815  39.036 0.0000000000
93552  46.771  28.715  26.885 0.0000000000
94174  46.886  29.823  27.556 0.0000000000
93547  45.708  28.433  27.909 0.0000000000
94175  46.168  29.356  28.058 0.0000000000
120740  45.454  28.429  28.924 0.0000000000
93533  45.302  28.319  30.035 0.0000000000
93534  44.964  27.510  29.507 0.0000000000
92841  44.572  26.607  29.967 0.0000000000
136796  43.531  24.510  30.772 0.0000000000
91415  43.629  24.121  30.247 0.0000000000
89650  43.442  22.988  30.506 0.0000000000
140179  43.431  22.574  30.986 0.0000000000
91235  39.995  24.027  48.270 0.0000000000
91244  40.378  24.161  48.005 0.0000000000
91255  39.706  23.818  47.485 0.0000000000
96060  44.795  31.586  45.657 0.0000000000
95431  47.161  30.872  43.899 0.0000000000
92131  46.493  25.323  34.516 0.0000000000
92141  46.568  25.201  33.507 0.0000000000
92164  47.681  25.796  29.530 0.0000000000
91422  48.586  26.065  28.704 0.0000000000
92172  47.974  26.334  28.493 0.0000000000
92180  47.813  26.521  27.967 0.0000000000
131091  47.670  25.777  28.003 0.0000000000
94642  45.624  28.931  48.900 0.0000000000
94051  43.731  27.935  45.551 0.0000000000
94058  44.450  28.155  44.606 0.0000000000
94067  44.759  28.065  43.949 0.0000000000
93414  45.091  27.779  43.155 0.0000000000
92023  40.122  25.656  44.269 0.0000000000
92744  40.779  26.170  43.039 0.0000000000
90450  43.374  23.540  38.753 0.0000000000
91315  43.269  24.411  39.167 0.0000000000
92075  43.645  25.255  39.549 0.0000000000
92087  44.589  25.398  38.439 0.0000000000
91337  45.128  24.860  36.947 0.0000000000
90488  45.522  23.488  35.853 0.0000000000
117160  46.794  21.534  35.043 0.0000000000
88697  48.393  21.175  34.248 0.0000000000
96072  41.118  31.547  43.127 0.0000000000
96073  40.621  31.641  42.682 0.0000000000
96659  40.294  32.232  42.264 0.0000000000
97231  39.946  32.920  41.578 0.0000000000
96095  38.834  31.421  40.750 0.0000000000
95478  38.806  30.605  40.102 0.0000000000
94739  40.006  29.684  39.068 0.0000000000
119616  41.226  29.489  37.706 0.0000000000
94770  41.702  29.519  36.809 0.0000000000
94788  40.820  29.340  35.409 0.0000000000
94804  40.317  29.143  34.550 0.0000000000
94140  40.284  29.128  34.572 0.0000000000
94139  40.776  29.006  34.558 0.0000000000
134521  41.706  28.353  35.234 0.0000000000
94671  48.645  30.229  48.115 0.0000000000
94072  51.459  29.691  42.128 0.0000000000
94061  51.367  29.701  43.116 0.0000000000
94686  51.681  30.042  42.677 0.0000000000
95438  51.613  30.118  42.671 0.0000000000
95439  51.104  30.447  43.256 0.0000000000
95459  50.351  30.533  41.249 0.0000000000
95486  49.613  30.473  39.846 0.0000000000
93489  48.455  27.855  35.971 0.0000000000
94136  49.508  29.076  35.074 0.0000000000
95532  49.365  31.378  32.551 0.0000000000
139041  49.752  31.100  33.143 0.0000000000
117899  49.310  31.150  33.600 0.0000000000
132386  48.998  30.626  35.093 0.0000000000
95511  49.437  30.463  36.428 0.0000000000
95512  48.610  30.445  35.831 0.0000000000
129380  47.314  29.966  36.047 0.0000000000
128484  44.912  27.594  32.621 0.0000000000
127193  44.568  26.904  33.353 0.0000000000
92133  43.075  24.939  34.785 0.0000000000
96058  47.081  31.576  46.892 0.0000000000
124323  38.135  29.124  36.138 0.0000000000
94014  44.051  27.545  49.427 0.0000000000
93390  43.662  27.329  48.086 0.0000000000
125958  43.640  27.665  47.066 0.0000000000
91292  41.409  24.390  41.265 0.0000000000
90426  42.172  23.643  40.584 0.0000000000
90437  42.570  23.609  39.963 0.0000000000
90436  42.933  23.614  39.315 0.0000000000
90449  43.887  23.369  38.079 0.0000000000
89574  44.424  22.809  37.441 0.0000000000
89584  44.849  22.893  36.837 0.0000000000
96653  42.482  31.853  44.234 0.0000000000
96067  42.183  31.233  43.878 0.0000000000
96071  41.682  30.795  43.282 0.0000000000
139067  41.553  30.283  42.625 0.0000000000
141107  41.154  30.150  42.137 0.0000000000
95465  41.140  29.801  41.398 0.0000000000
141493  41.901  29.542  40.356 0.0000000000
94737  41.944  29.507  39.715 0.0000000000
132161  42.456  29.464  38.945 0.0000000000
94769  42.710  29.455  37.536 0.0000000000
94787  42.819  29.583  35.739 0.0000000000
94055  47.952  28.421  45.091 0.0000000000
94063  49.266  28.434  43.731 0.0000000000
93440  48.445  28.097  41.079 0.0000000000
94089  49.370  28.397  41.737 0.0000000000
94073  50.517  28.905  42.442 0.0000000000
94088  50.609  28.951  41.481 0.0000000000
94164  47.661  28.914  30.563 0.0000000000
94156  48.681  29.479  32.218 0.0000000000
139993  48.101  29.447  30.946 0.0000000000
94829  48.913  31.435  30.279 0.0000000000
95545  49.219  31.857  30.702 0.0000000000
95557  47.990  31.267  28.676 0.0000000000
94836  48.418  31.632  29.639 0.0000000000
96131  49.139  31.999  30.550 0.0000000000
95540  48.428  31.852  31.155 0.0000000000
95541  47.257  31.376  31.476 0.0000000000
95542  46.391  30.733  32.304 0.0000000000
94158  45.432  29.146  31.722 0.0000000000
93520  45.174  28.153  31.996 0.0000000000
92829  44.642  26.561  32.284 0.0000000000
92142  44.199  25.798  32.516 0.0000000000
91388  42.569  24.009  32.614 0.0000000000
90539  42.795  23.346  31.421 0.0000000000
89640  42.531  22.813  31.823 0.0000000000
91988  41.302  25.241  48.335 0.0000000000
91997  41.391  25.184  47.923 0.0000000000
92016  40.169  25.400  45.414 0.0000000000
92040  39.786  25.014  43.031 0.0000000000
96063  43.476  31.395  44.769 0.0000000000
95425  43.994  30.897  44.528 0.0000000000
95424  44.771  31.119  45.073 0.0000000000
95433  44.582  30.667  43.785 0.0000000000
94703  46.188  30.116  41.061 0.0000000000
92790  46.647  26.558  37.289 0.0000000000
93482  47.216  27.058  37.970 0.0000000000
92789  47.027  26.649  36.618 0.0000000000
123065  46.973  26.237  34.574 0.0000000000
92814  47.503  27.034  34.586 0.0000000000
133626  47.708  27.494  33.986 0.0000000000
93513  47.600  27.562  33.237 0.0000000000
91386  46.630  24.461  32.023 0.0000000000
92157  46.716  25.248  31.586 0.0000000000
92835  46.821  26.054  31.162 0.0000000000
92834  47.075  26.777  31.736 0.0000000000
93525  47.380  27.747  31.210 0.0000000000
94173  47.409  28.943  27.386 0.0000000000
92855  47.582  27.283  27.565 0.0000000000
93546  47.305  28.215  26.995 0.0000000000
94185  47.031  28.553  26.763 0.0000000000
92865  46.284  27.839  27.139 0.0000000000
92188  45.764  26.782  27.507 0.0000000000
126207  44.594  24.263  29.215 0.0000000000
90562  44.873  23.498  29.356 0.0000000000
89659  45.342  22.799  29.534 0.0000000000
94013  44.782  28.221  48.998 0.0000000000
94042  45.340  28.587  47.367 0.0000000000
135682  46.507  28.561  45.690 0.0000000000
94077  46.065  27.865  43.035 0.0000000000
93463  46.755  27.211  39.520 0.0000000000
92733  41.267  26.597  44.376 0.0000000000
93411  41.821  27.015  44.972 0.0000000000
93417  42.562  27.388  43.736 0.0000000000
129257  41.184  25.046  41.450 0.0000000000
92053  41.518  25.732  41.607 0.0000000000
92064  42.612  25.292  40.570 0.0000000000
92756  42.339  26.350  41.628 0.0000000000
93446  42.963  26.967  42.123 0.0000000000
93445  43.905  27.032  41.929 0.0000000000
92775  44.794  26.261  39.667 0.0000000000
92764  45.349  26.785  40.151 0.0000000000
92773  46.231  26.916  39.047 0.0000000000
92782  46.442  26.724  38.231 0.0000000000
92111  46.211  25.639  36.108 0.0000000000
92112  45.666  25.262  36.570 0.0000000000
92122  45.861  24.955  35.995 0.0000000000
92121  46.183  25.100  35.404 0.0000000000
130113  46.484  23.594  33.343 0.0000000000
89583  45.326  22.565  36.309 0.0000000000
89595  45.849  22.600  35.478 0.0000000000
132338  46.145  22.858  34.783 0.0000000000
90511  46.534  22.947  33.656 0.0000000000
89627  46.796  22.846  32.885 0.0000000000
93378  40.904  26.675  48.573 0.0000000000
92718  39.342  26.221  48.327 0.0000000000
133646  38.516  24.036  48.341 0.0000000000
97239  39.316  33.260  40.649 0.0000000000
97248  39.173  33.792  39.760 0.0000000000
95487  38.161  30.845  39.401 0.0000000000
94722  40.344  29.754  40.028 0.0000000000
136301  40.416  29.498  37.348 0.0000000000
94754  39.786  29.572  37.695 0.0000000000
93492  40.346  28.641  35.413 0.0000000000
95408  49.101  30.745  48.286 0.0000000000
117509  48.368  31.449  47.628 0.0000000000
121066  48.498  31.469  46.824 0.0000000000
94046  50.580  29.928  46.690 0.0000000000
94674  50.863  30.776  47.116 0.0000000000
135503  51.325  30.348  45.147 0.0000000000
94045  51.154  30.638  46.349 0.0000000000
95415  50.527  31.089  47.252 0.0000000000
95422  49.346  31.389  46.720 0.0000000000
94702  46.959  30.302  41.333 0.0000000000
131298  48.018  27.521  37.716 0.0000000000
93471  48.648  28.001  38.293 0.0000000000
94122  49.810  28.678  37.929 0.0000000000
94114  50.748  29.279  38.487 0.0000000000
94150  49.082  29.501  33.025 0.0000000000
121262  49.439  29.512  33.880 0.0000000000
121106  50.246  29.919  34.963 0.0000000000
130245  49.831  30.762  33.944 0.0000000000
94798  50.611  30.112  35.737 0.0000000000
94763  51.246  30.214  37.403 0.0000000000
125489  51.396  30.204  37.902 0.0000000000
94747  51.556  30.150  38.507 0.0000000000
95484  51.428  30.280  38.884 0.0000000000
95485  50.621  30.501  39.404 0.0000000000
95495  49.406  30.399  39.027 0.0000000000
94764  48.826  30.248  37.337 0.0000000000
140705  48.789  30.201  38.581 0.0000000000
94733  47.551  29.926  39.808 0.0000000000
94734  46.641  29.727  39.760 0.0000000000
94735  45.836  29.590  39.494 0.0000000000
94784  45.767  29.497  36.942 0.0000000000
94786  43.890  29.485  36.411 0.0000000000
94801  42.879  29.510  34.691 0.0000000000
94810  44.895  30.116  33.710 0.0000000000
94811  44.053  29.844  33.985 0.0000000000
94152  44.459  29.197  33.380 0.0000000000
94812  43.267  29.402  34.269 0.0000000000
94813  42.313  29.128  34.365 0.0000000000
92809  42.972  26.862  35.677 0.0000000000
90563  44.195  23.543  29.701 0.0000000000
89649  44.057  22.451  30.495 0.0000000000
89604  46.485  22.596  34.238 0.0000000000
89661  43.873  23.052  30.061 0.0000000000
91387  43.177  24.578  32.310 0.0000000000
91430  46.124  24.989  28.075 0.0000000000
91998  40.930  24.699  48.157 0.0000000000
92186  47.430  26.764  27.491 0.0000000000
92863  47.178  27.377  27.095 0.0000000000
93551  46.909  28.076  26.800 0.0000000000
94106  51.566  29.854  38.978 0.0000000000
94179  47.075  28.983  26.947 0.0000000000
94180  46.909  29.358  27.095 0.0000000000
94181  46.458  29.129  27.258 0.0000000000
94749  47.512  29.692  38.511 0.0000000000
94797  50.485  30.250  35.819 0.0000000000
94844  47.435  30.438  28.183 0.0000000000
95396  49.037  31.103  48.250 0.0000000000
95501  50.842  30.450  37.486 0.0000000000
95539  49.279  31.619  31.414 0.0000000000
95546  48.597  31.905  30.106 0.0000000000
95552  48.987  31.975  30.248 0.0000000000
96051  47.138  31.771  47.305 0.0000000000
117333  48.763  31.682  32.059 0.0000000000
122612  47.725  31.422  32.201 0.0000000000
123382  44.927  30.900  44.484 0.0000000000
131291  43.180  23.943  31.030 0.0000000000
133834  46.119  28.383  27.243 0.0000000000
136276  46.723  30.580  33.896 0.0000000000
136292  49.165  30.435  40.573 0.0000000000
136415  49.694  29.523  34.531 0.0000000000
140963  46.198  26.379  27.428 0.0000000000
141179  44.561  29.901  35.112 0.0000000000
