#!ascii label  , from subject sub-v2s16x51231_ses-1 vox2ras=TkReg
1928
139546  51.442  3.429  60.668 0.0000000000
56628  38.610  -9.497  81.460 0.0000000000
49421  24.179  -15.187  84.927 0.0000000000
46150  18.789  -18.024  92.272 0.0000000000
51764  32.564  -13.813  89.476 0.0000000000
49560  29.677  -14.886  77.804 0.0000000000
68809  50.755  1.551  63.452 0.0000000000
75926  53.193  8.170  57.979 0.0000000000
70823  48.491  3.818  72.403 0.0000000000
61039  41.673  -5.611  70.453 0.0000000000
56799  32.181  -9.238  68.921 0.0000000000
51777  25.177  -12.941  88.471 0.0000000000
47151  22.354  -17.180  88.292 0.0000000000
49338  23.189  -14.867  93.047 0.0000000000
53029  29.064  -12.789  85.825 0.0000000000
72899  52.522  5.919  70.784 0.0000000000
57619  40.976  -8.231  87.354 0.0000000000
59771  43.337  -5.853  82.725 0.0000000000
63244  44.536  -3.711  76.520 0.0000000000
58759  40.016  -7.272  75.962 0.0000000000
58865  37.119  -7.571  69.591 0.0000000000
56714  35.548  -9.592  74.374 0.0000000000
132375  24.635  -16.422  76.795 0.0000000000
50736  26.666  -14.064  72.660 0.0000000000
73051  48.707  4.816  56.719 0.0000000000
71089  52.351  2.608  53.339 0.0000000000
47240  21.875  -17.622  80.799 0.0000000000
45254  20.212  -19.406  84.039 0.0000000000
51799  37.610  -13.843  85.915 0.0000000000
51900  34.873  -13.465  78.857 0.0000000000
48262  32.504  -16.119  83.450 0.0000000000
49488  26.821  -15.353  81.259 0.0000000000
70949  55.352  4.933  64.081 0.0000000000
119489  18.892  -14.745  96.365 0.0000000000
45163  17.037  -19.694  96.601 0.0000000000
73001  46.691  5.663  60.342 0.0000000000
70953  49.790  3.666  63.612 0.0000000000
71942  53.794  4.363  67.765 0.0000000000
69819  49.593  2.437  67.631 0.0000000000
68753  45.016  1.646  67.098 0.0000000000
69692  47.772  2.690  77.775 0.0000000000
65613  44.461  -1.002  71.804 0.0000000000
64549  41.023  -2.064  65.953 0.0000000000
125319  37.627  -5.438  64.625 0.0000000000
53202  31.522  -12.807  72.326 0.0000000000
120337  25.067  -10.453  90.566 0.0000000000
51753  24.650  -13.771  90.581 0.0000000000
54116  24.090  -11.526  92.213 0.0000000000
55329  26.454  -10.342  88.733 0.0000000000
56596  41.006  -9.784  84.786 0.0000000000
57681  40.903  -7.753  82.535 0.0000000000
59801  41.672  -6.456  79.278 0.0000000000
57704  39.006  -8.051  79.135 0.0000000000
57742  37.587  -8.457  75.476 0.0000000000
56659  36.954  -9.714  77.993 0.0000000000
137334  22.699  -17.699  76.415 0.0000000000
48386  23.514  -17.156  74.308 0.0000000000
69960  48.936  2.600  57.957 0.0000000000
69997  50.319  1.960  56.370 0.0000000000
69957  52.000  2.558  58.323 0.0000000000
48276  23.347  -16.213  83.001 0.0000000000
46231  21.134  -18.396  82.243 0.0000000000
137832  22.329  -17.183  84.635 0.0000000000
47136  20.654  -17.570  90.612 0.0000000000
45228  19.887  -18.982  88.070 0.0000000000
45213  18.673  -19.565  90.582 0.0000000000
127980  18.800  -20.241  93.073 0.0000000000
51773  38.206  -13.001  88.681 0.0000000000
49391  35.612  -15.205  87.511 0.0000000000
49428  35.218  -15.477  83.969 0.0000000000
118452  32.884  -15.655  86.056 0.0000000000
51804  26.345  -13.060  84.983 0.0000000000
51827  28.118  -13.801  83.581 0.0000000000
50587  25.686  -14.556  82.630 0.0000000000
48295  24.870  -15.855  80.844 0.0000000000
68807  53.232  2.209  64.209 0.0000000000
69902  54.824  2.719  62.622 0.0000000000
135706  52.337  1.172  61.919 0.0000000000
45186  15.798  -19.056  93.031 0.0000000000
71984  52.781  4.742  66.185 0.0000000000
135187  52.018  5.006  67.742 0.0000000000
126082  51.303  4.527  72.772 0.0000000000
70870  51.392  3.204  69.888 0.0000000000
69786  48.645  2.885  69.833 0.0000000000
69821  47.297  2.548  67.864 0.0000000000
123217  46.149  2.599  69.906 0.0000000000
140121  42.977  -5.025  73.643 0.0000000000
64407  44.663  -2.648  74.399 0.0000000000
63331  43.142  -3.334  71.659 0.0000000000
65638  42.662  -1.738  69.303 0.0000000000
62237  41.041  -4.226  67.946 0.0000000000
63440  39.786  -3.822  65.300 0.0000000000
61092  39.746  -5.712  67.337 0.0000000000
58900  34.702  -7.005  66.670 0.0000000000
125057  32.848  -14.585  78.357 0.0000000000
119891  33.532  -13.180  75.828 0.0000000000
51936  31.308  -13.720  75.244 0.0000000000
52053  26.941  -13.134  69.799 0.0000000000
75943  56.607  8.604  55.609 0.0000000000
74991  54.656  7.591  55.532 0.0000000000
50533  24.898  -13.961  86.734 0.0000000000
48236  23.237  -16.325  86.797 0.0000000000
134433  23.964  -15.191  88.566 0.0000000000
48186  23.067  -15.980  90.979 0.0000000000
48178  21.660  -16.421  92.826 0.0000000000
54135  30.470  -11.303  90.132 0.0000000000
137037  30.652  -13.751  87.512 0.0000000000
54166  29.090  -11.591  87.660 0.0000000000
54185  26.767  -11.534  86.999 0.0000000000
72918  50.350  5.683  69.568 0.0000000000
71836  50.542  5.712  74.727 0.0000000000
62051  44.316  -4.534  79.625 0.0000000000
60935  42.781  -5.538  76.146 0.0000000000
59907  41.099  -6.793  73.022 0.0000000000
137661  39.426  -7.002  69.524 0.0000000000
58811  38.546  -7.573  72.664 0.0000000000
57780  36.515  -8.454  72.668 0.0000000000
56769  33.723  -9.707  71.400 0.0000000000
49581  27.306  -15.399  77.039 0.0000000000
50718  28.188  -14.093  74.758 0.0000000000
133597  26.114  -15.088  74.796 0.0000000000
73990  51.430  6.713  57.344 0.0000000000
73074  52.324  5.527  54.679 0.0000000000
72129  50.303  3.979  54.722 0.0000000000
46201  21.196  -18.322  85.979 0.0000000000
54176  39.932  -11.733  87.070 0.0000000000
54226  38.493  -11.676  83.637 0.0000000000
54289  36.760  -11.646  80.671 0.0000000000
51841  36.316  -13.954  82.601 0.0000000000
49500  34.294  -15.134  80.792 0.0000000000
123053  31.827  -15.468  80.473 0.0000000000
50552  30.409  -15.103  84.741 0.0000000000
124337  29.892  -15.713  82.301 0.0000000000
49525  28.801  -15.580  79.685 0.0000000000
48304  25.776  -16.125  79.350 0.0000000000
132239  23.190  -17.017  78.252 0.0000000000
72034  54.292  5.030  63.078 0.0000000000
71020  54.393  4.521  60.402 0.0000000000
69901  56.143  4.654  62.902 0.0000000000
49318  21.543  -14.929  94.754 0.0000000000
48157  20.029  -16.402  95.266 0.0000000000
47075  17.648  -17.076  97.076 0.0000000000
46131  18.268  -18.354  95.074 0.0000000000
138887  50.414  7.096  59.127 0.0000000000
73030  48.171  5.398  58.226 0.0000000000
71024  48.048  3.053  59.512 0.0000000000
70983  50.574  3.503  61.642 0.0000000000
72023  53.189  4.672  64.292 0.0000000000
70924  54.499  4.748  66.019 0.0000000000
69863  52.076  2.208  65.955 0.0000000000
71903  52.999  5.027  69.538 0.0000000000
69818  51.583  2.620  67.928 0.0000000000
68776  49.772  1.864  65.092 0.0000000000
68778  47.588  2.018  65.159 0.0000000000
68793  45.702  1.701  64.649 0.0000000000
70790  47.891  3.600  76.003 0.0000000000
66613  46.591  -0.909  77.185 0.0000000000
67655  46.676  0.327  74.975 0.0000000000
69751  45.687  2.344  72.422 0.0000000000
67725  44.251  0.824  69.911 0.0000000000
66739  43.071  -0.109  66.959 0.0000000000
60001  36.993  -6.614  66.448 0.0000000000
54335  35.166  -11.602  77.166 0.0000000000
54392  33.693  -11.404  73.772 0.0000000000
54428  32.269  -11.366  70.778 0.0000000000
119564  29.336  -13.379  72.647 0.0000000000
53234  29.393  -12.395  69.709 0.0000000000
54122  24.688  -11.469  91.429 0.0000000000
55276  24.326  -10.740  91.158 0.0000000000
56619  39.556  -9.483  82.686 0.0000000000
57674  40.882  -8.765  83.535 0.0000000000
57688  39.900  -8.365  81.992 0.0000000000
58712  40.141  -7.577  80.471 0.0000000000
57698  38.700  -8.717  80.318 0.0000000000
126954  37.857  -8.765  77.954 0.0000000000
56649  37.671  -9.454  79.561 0.0000000000
69937  50.529  2.719  58.984 0.0000000000
69958  50.982  2.388  58.211 0.0000000000
123539  51.997  3.252  59.532 0.0000000000
49451  23.795  -15.683  83.609 0.0000000000
48265  22.697  -16.752  83.535 0.0000000000
48254  23.122  -16.389  84.971 0.0000000000
47137  19.791  -17.844  90.985 0.0000000000
46170  20.041  -18.059  90.101 0.0000000000
46160  19.008  -18.246  91.407 0.0000000000
45203  18.545  -19.589  91.502 0.0000000000
46161  18.516  -18.769  91.867 0.0000000000
52977  32.870  -12.430  90.804 0.0000000000
51749  34.372  -13.396  90.394 0.0000000000
51761  35.955  -13.941  89.798 0.0000000000
50503  34.724  -14.812  88.829 0.0000000000
49405  34.419  -15.654  86.554 0.0000000000
50517  33.399  -14.978  88.024 0.0000000000
50555  25.121  -13.979  84.848 0.0000000000
51816  26.190  -13.684  83.545 0.0000000000
50574  24.938  -14.628  83.462 0.0000000000
49471  23.962  -15.656  82.885 0.0000000000
68808  51.692  1.600  63.535 0.0000000000
123400  52.219  1.448  62.734 0.0000000000
68829  51.197  1.390  62.686 0.0000000000
133451  49.233  4.407  66.469 0.0000000000
71965  50.126  4.440  66.298 0.0000000000
124490  49.946  4.688  67.095 0.0000000000
137961  50.134  4.189  72.647 0.0000000000
70841  49.685  3.568  71.367 0.0000000000
70842  48.667  3.551  71.547 0.0000000000
117327  47.320  2.983  70.444 0.0000000000
70844  46.915  3.188  71.299 0.0000000000
120389  42.475  -5.334  72.210 0.0000000000
62148  43.203  -4.128  72.824 0.0000000000
131633  42.333  -4.335  70.674 0.0000000000
139592  42.077  -3.603  69.600 0.0000000000
62209  41.616  -4.755  69.344 0.0000000000
62238  40.580  -4.703  67.462 0.0000000000
61077  40.635  -5.602  68.450 0.0000000000
50640  31.221  -14.719  78.206 0.0000000000
50677  31.623  -14.160  76.628 0.0000000000
118244  30.133  -14.122  76.205 0.0000000000
75935  54.581  8.267  56.623 0.0000000000
75936  53.967  7.943  56.688 0.0000000000
136708  25.093  -13.385  87.921 0.0000000000
50508  24.429  -14.611  88.171 0.0000000000
50507  24.793  -13.855  88.614 0.0000000000
50470  23.905  -14.561  91.676 0.0000000000
49345  23.808  -14.963  90.906 0.0000000000
49346  23.440  -15.282  91.482 0.0000000000
48187  22.483  -16.396  91.383 0.0000000000
49339  22.833  -15.441  92.827 0.0000000000
55307  29.477  -9.976  89.847 0.0000000000
54156  29.379  -11.301  88.624 0.0000000000
55326  29.071  -10.331  89.017 0.0000000000
140532  25.838  -11.068  88.583 0.0000000000
55342  26.982  -10.778  87.766 0.0000000000
53011  25.795  -12.085  87.473 0.0000000000
123567  25.671  -12.621  86.966 0.0000000000
59757  43.245  -6.100  83.769 0.0000000000
60820  43.878  -4.924  84.000 0.0000000000
61952  44.494  -4.134  82.805 0.0000000000
62026  44.900  -3.782  81.052 0.0000000000
60869  43.987  -4.897  81.107 0.0000000000
59816  41.070  -6.705  78.042 0.0000000000
59829  42.188  -6.092  77.947 0.0000000000
59847  41.583  -6.455  76.584 0.0000000000
59862  42.260  -6.072  74.976 0.0000000000
58783  40.290  -7.134  74.261 0.0000000000
130959  39.833  -7.337  73.015 0.0000000000
131158  39.552  -7.402  74.585 0.0000000000
57743  36.840  -8.741  75.080 0.0000000000
57763  37.139  -8.319  73.787 0.0000000000
57765  35.902  -8.884  73.123 0.0000000000
56767  34.907  -8.994  71.895 0.0000000000
56730  34.661  -9.804  73.283 0.0000000000
49563  25.955  -15.876  76.939 0.0000000000
49602  26.397  -15.275  75.596 0.0000000000
48368  25.149  -15.944  75.788 0.0000000000
73038  50.135  5.871  57.151 0.0000000000
73060  50.379  5.230  55.791 0.0000000000
72120  49.363  4.098  55.469 0.0000000000
68944  51.356  1.520  55.493 0.0000000000
47257  21.867  -17.834  79.395 0.0000000000
46257  20.937  -18.891  80.172 0.0000000000
129735  22.779  -16.756  87.226 0.0000000000
47160  22.261  -17.380  86.904 0.0000000000
47161  21.929  -17.563  87.719 0.0000000000
45229  19.254  -19.610  88.601 0.0000000000
45242  19.450  -20.039  86.955 0.0000000000
51791  38.271  -13.244  87.296 0.0000000000
52998  39.281  -12.069  88.277 0.0000000000
53027  38.810  -12.809  85.980 0.0000000000
54210  38.920  -11.920  84.529 0.0000000000
53040  37.904  -12.981  84.534 0.0000000000
53063  37.069  -12.853  82.513 0.0000000000
51826  36.710  -13.925  83.428 0.0000000000
49445  33.841  -15.966  83.683 0.0000000000
49462  34.518  -15.497  82.581 0.0000000000
136756  33.320  -15.622  81.828 0.0000000000
49502  32.703  -15.396  80.552 0.0000000000
125310  32.171  -15.641  81.239 0.0000000000
51794  29.612  -13.289  86.299 0.0000000000
50540  30.468  -14.410  86.021 0.0000000000
51802  29.432  -13.560  85.542 0.0000000000
50585  27.682  -14.747  82.211 0.0000000000
49466  29.261  -15.285  82.778 0.0000000000
49467  28.173  -15.257  81.681 0.0000000000
49505  29.612  -15.611  80.770 0.0000000000
118767  28.165  -15.555  80.883 0.0000000000
49526  27.348  -15.791  79.709 0.0000000000
49508  26.766  -15.844  80.091 0.0000000000
48296  23.413  -16.461  80.774 0.0000000000
118173  24.265  -16.284  80.177 0.0000000000
47256  22.573  -17.208  79.604 0.0000000000
72973  55.394  5.125  63.775 0.0000000000
72033  55.578  5.328  63.174 0.0000000000
70962  55.750  4.833  63.509 0.0000000000
68846  55.307  2.399  61.733 0.0000000000
49302  20.118  -14.662  95.673 0.0000000000
49319  20.811  -15.523  95.080 0.0000000000
48140  19.611  -15.977  96.150 0.0000000000
46117  16.025  -18.147  95.970 0.0000000000
118985  16.984  -18.940  97.078 0.0000000000
46114  17.923  -18.050  96.493 0.0000000000
45161  17.685  -18.948  96.447 0.0000000000
44164  18.347  -20.352  96.086 0.0000000000
44155  17.988  -20.431  96.375 0.0000000000
74945  51.467  7.848  59.690 0.0000000000
73969  48.485  6.416  59.615 0.0000000000
73016  46.952  5.351  59.352 0.0000000000
72085  47.149  4.242  58.320 0.0000000000
73032  46.675  4.578  59.023 0.0000000000
70968  48.414  3.515  62.558 0.0000000000
117802  49.220  3.483  61.991 0.0000000000
70966  50.432  3.668  63.033 0.0000000000
134967  52.390  4.241  63.572 0.0000000000
70951  52.014  4.207  64.165 0.0000000000
71962  53.704  4.890  66.799 0.0000000000
71983  53.912  5.037  66.041 0.0000000000
70911  54.347  4.487  66.730 0.0000000000
69861  54.104  3.284  65.814 0.0000000000
69840  52.990  2.732  66.785 0.0000000000
123865  52.126  5.907  70.260 0.0000000000
72916  52.366  5.660  69.670 0.0000000000
72898  52.849  5.630  70.175 0.0000000000
69785  50.558  2.794  69.337 0.0000000000
69784  51.615  2.985  69.321 0.0000000000
140747  50.442  2.505  68.017 0.0000000000
132267  50.421  2.222  66.504 0.0000000000
69843  49.605  2.303  66.810 0.0000000000
137148  48.970  1.985  65.496 0.0000000000
69844  48.096  2.365  66.607 0.0000000000
69823  45.590  2.109  67.516 0.0000000000
68766  46.114  1.981  65.813 0.0000000000
68767  45.334  1.713  66.150 0.0000000000
67761  44.067  1.002  65.791 0.0000000000
70780  47.848  3.168  76.732 0.0000000000
64339  45.651  -2.620  78.562 0.0000000000
65508  46.386  -1.378  78.762 0.0000000000
64353  45.681  -2.363  77.615 0.0000000000
65576  44.972  -1.514  73.262 0.0000000000
66633  45.880  -0.951  74.753 0.0000000000
67667  45.780  0.133  73.405 0.0000000000
68675  46.194  1.563  74.130 0.0000000000
67685  45.087  0.368  72.270 0.0000000000
68708  44.974  1.489  71.591 0.0000000000
66680  44.413  -0.173  71.257 0.0000000000
65666  41.688  -1.772  67.208 0.0000000000
66726  42.730  -0.798  68.178 0.0000000000
66741  41.935  -0.885  66.093 0.0000000000
66750  42.449  -0.332  65.745 0.0000000000
124134  41.307  -1.193  64.793 0.0000000000
120440  40.370  -2.331  64.677 0.0000000000
62269  38.559  -4.666  64.624 0.0000000000
63471  38.537  -3.574  63.208 0.0000000000
135409  37.934  -7.408  69.347 0.0000000000
59977  38.077  -6.868  67.734 0.0000000000
58887  37.466  -7.132  68.025 0.0000000000
60016  34.764  -6.570  65.309 0.0000000000
53091  35.814  -12.772  79.942 0.0000000000
54319  35.625  -11.709  78.438 0.0000000000
53129  35.066  -12.225  77.816 0.0000000000
51956  32.260  -13.310  74.303 0.0000000000
53170  33.456  -12.621  74.798 0.0000000000
54394  32.712  -12.310  72.920 0.0000000000
55583  32.994  -11.219  71.862 0.0000000000
53209  31.896  -12.386  71.921 0.0000000000
50728  27.193  -14.117  73.506 0.0000000000
133903  28.640  -13.782  74.246 0.0000000000
51998  27.484  -13.714  72.630 0.0000000000
53223  28.320  -12.849  70.383 0.0000000000
54438  29.903  -11.935  69.083 0.0000000000
72135  52.441  4.227  53.645 0.0000000000
73092  52.894  5.216  53.952 0.0000000000
119759  54.485  4.253  59.633 0.0000000000
52980  25.232  -11.868  90.043 0.0000000000
51752  25.014  -12.958  90.115 0.0000000000
52966  25.009  -12.134  90.930 0.0000000000
136334  24.695  -12.961  91.917 0.0000000000
51728  24.253  -13.301  92.357 0.0000000000
55330  25.719  -10.513  89.348 0.0000000000
56566  41.476  -9.144  86.274 0.0000000000
58650  41.840  -7.756  86.525 0.0000000000
57667  41.735  -8.471  84.824 0.0000000000
58689  41.831  -7.594  83.482 0.0000000000
59772  42.691  -6.341  82.408 0.0000000000
59791  43.017  -5.764  81.135 0.0000000000
58704  41.342  -6.881  81.163 0.0000000000
140276  40.366  -7.166  78.868 0.0000000000
58746  39.949  -7.311  77.399 0.0000000000
58773  38.795  -7.732  75.599 0.0000000000
57732  38.292  -8.188  76.704 0.0000000000
56684  37.143  -9.082  76.758 0.0000000000
56685  36.440  -9.608  76.391 0.0000000000
47286  23.251  -17.156  76.692 0.0000000000
48370  23.642  -16.872  75.209 0.0000000000
47301  23.114  -17.434  75.773 0.0000000000
71060  48.044  3.138  57.028 0.0000000000
71073  48.987  2.909  55.853 0.0000000000
69984  49.471  2.367  57.266 0.0000000000
69982  51.485  2.046  57.529 0.0000000000
138888  22.586  -16.824  81.998 0.0000000000
46244  21.593  -17.868  81.697 0.0000000000
47212  22.155  -17.291  82.287 0.0000000000
47201  21.607  -17.843  83.636 0.0000000000
46215  21.261  -18.257  84.237 0.0000000000
47144  21.614  -17.495  89.425 0.0000000000
123830  21.187  -17.962  88.472 0.0000000000
46179  20.342  -18.246  89.290 0.0000000000
45220  19.117  -19.369  89.330 0.0000000000
44190  19.260  -20.875  91.631 0.0000000000
50500  37.291  -13.993  88.810 0.0000000000
50529  36.647  -14.732  86.617 0.0000000000
50550  36.287  -14.882  84.870 0.0000000000
49416  35.421  -15.507  85.464 0.0000000000
49417  34.624  -15.794  85.072 0.0000000000
49431  32.666  -16.022  84.702 0.0000000000
53031  27.514  -12.467  85.408 0.0000000000
51813  28.453  -13.501  84.374 0.0000000000
51814  27.584  -13.267  84.182 0.0000000000
50572  26.796  -13.850  82.943 0.0000000000
49468  26.332  -14.999  81.908 0.0000000000
49489  26.002  -15.403  81.314 0.0000000000
49469  25.362  -15.234  82.032 0.0000000000
48275  23.874  -15.934  82.124 0.0000000000
69880  54.721  3.612  64.527 0.0000000000
69892  54.745  3.252  63.609 0.0000000000
68827  54.121  2.450  63.180 0.0000000000
68848  52.999  1.465  62.268 0.0000000000
46132  15.687  -18.096  94.210 0.0000000000
45175  16.108  -19.704  94.760 0.0000000000
44157  17.061  -20.484  96.130 0.0000000000
140490  16.270  -20.135  94.385 0.0000000000
70938  50.003  3.815  64.308 0.0000000000
72024  51.595  4.213  64.733 0.0000000000
126743  51.314  4.500  66.085 0.0000000000
71963  52.610  4.841  67.151 0.0000000000
71943  52.835  4.880  68.089 0.0000000000
71858  52.440  5.162  72.317 0.0000000000
71893  53.038  4.481  70.725 0.0000000000
70840  50.857  3.640  71.294 0.0000000000
70871  50.281  3.040  70.015 0.0000000000
69804  48.519  2.652  68.900 0.0000000000
69820  48.037  2.480  67.458 0.0000000000
69805  47.476  2.638  68.694 0.0000000000
69806  46.586  2.563  68.422 0.0000000000
69807  45.723  2.291  68.237 0.0000000000
62126  43.725  -4.493  75.497 0.0000000000
64370  44.894  -3.019  76.102 0.0000000000
63283  43.787  -3.856  74.219 0.0000000000
64429  44.052  -2.838  73.108 0.0000000000
65595  44.074  -1.891  72.005 0.0000000000
65627  43.486  -1.509  70.623 0.0000000000
64479  43.185  -2.204  70.675 0.0000000000
64504  41.646  -2.823  68.278 0.0000000000
63421  40.973  -3.116  66.982 0.0000000000
63439  40.292  -3.369  65.757 0.0000000000
63422  40.522  -3.653  66.487 0.0000000000
62250  39.751  -4.842  66.310 0.0000000000
61113  38.587  -5.522  65.617 0.0000000000
58866  35.599  -7.801  69.315 0.0000000000
58889  35.796  -7.324  67.931 0.0000000000
141141  34.344  -7.632  67.979 0.0000000000
58911  33.336  -6.975  65.822 0.0000000000
58922  32.263  -7.055  64.761 0.0000000000
50655  33.885  -14.092  78.058 0.0000000000
51911  33.924  -13.622  77.319 0.0000000000
50676  33.286  -13.847  76.921 0.0000000000
117347  32.077  -13.573  75.119 0.0000000000
51957  31.477  -13.394  73.882 0.0000000000
52017  26.821  -13.517  71.147 0.0000000000
52039  25.634  -13.788  70.031 0.0000000000
76904  56.238  9.108  56.767 0.0000000000
74990  55.388  7.668  55.141 0.0000000000
74018  55.264  7.079  54.438 0.0000000000
50534  24.508  -14.595  86.289 0.0000000000
49422  23.635  -15.752  85.409 0.0000000000
49395  24.006  -15.161  86.776 0.0000000000
49382  23.619  -15.762  88.083 0.0000000000
48214  23.229  -16.276  88.445 0.0000000000
129483  24.435  -14.362  90.068 0.0000000000
49370  23.568  -15.666  89.700 0.0000000000
48203  22.734  -16.670  89.600 0.0000000000
48196  22.003  -17.007  90.830 0.0000000000
47124  21.272  -17.217  91.013 0.0000000000
47112  20.177  -17.110  92.591 0.0000000000
52990  31.432  -12.489  90.124 0.0000000000
51775  31.625  -13.642  88.908 0.0000000000
53000  30.424  -12.717  88.826 0.0000000000
53009  29.735  -12.323  88.144 0.0000000000
54182  28.799  -11.887  86.898 0.0000000000
55341  27.810  -10.577  87.856 0.0000000000
54168  27.490  -11.247  87.105 0.0000000000
54197  27.812  -12.068  85.967 0.0000000000
53032  26.780  -12.551  85.487 0.0000000000
124584  25.644  -13.418  85.333 0.0000000000
120478  49.986  1.553  63.372 0.0000000000
68850  50.674  1.184  61.893 0.0000000000
68851  49.752  1.286  61.878 0.0000000000
71926  49.714  5.235  68.846 0.0000000000
73822  51.661  6.714  72.127 0.0000000000
72871  52.274  5.722  72.768 0.0000000000
117949  51.240  5.071  73.556 0.0000000000
71847  49.261  4.440  73.827 0.0000000000
63193  45.431  -3.237  79.775 0.0000000000
63207  44.804  -3.859  78.294 0.0000000000
60885  42.863  -5.677  79.131 0.0000000000
60918  43.191  -5.353  77.611 0.0000000000
62111  43.693  -4.692  76.382 0.0000000000
60970  43.209  -5.073  74.993 0.0000000000
59890  42.276  -6.102  73.135 0.0000000000
59925  41.625  -6.327  71.744 0.0000000000
59965  40.566  -6.390  69.568 0.0000000000
58826  40.247  -7.017  70.888 0.0000000000
123227  38.906  -7.460  70.843 0.0000000000
118607  37.929  -7.612  71.101 0.0000000000
58785  38.311  -7.784  74.310 0.0000000000
57794  37.180  -8.058  72.330 0.0000000000
57812  36.159  -8.140  70.824 0.0000000000
57813  35.351  -8.373  70.615 0.0000000000
57815  33.870  -8.812  69.995 0.0000000000
56791  32.532  -9.558  69.593 0.0000000000
49579  28.889  -14.849  77.163 0.0000000000
50679  29.224  -14.387  76.339 0.0000000000
50680  27.852  -14.787  76.098 0.0000000000
50702  26.875  -14.785  75.047 0.0000000000
49620  25.863  -14.949  73.998 0.0000000000
49622  24.549  -16.022  74.616 0.0000000000
128242  25.217  -15.269  73.664 0.0000000000
74970  51.916  7.238  57.730 0.0000000000
74981  52.871  7.263  56.650 0.0000000000
74010  51.812  6.115  55.868 0.0000000000
73075  51.520  5.144  54.805 0.0000000000
71090  51.502  2.819  53.786 0.0000000000
131758  50.258  2.291  55.221 0.0000000000
126449  50.948  2.553  54.296 0.0000000000
48248  22.705  -16.817  85.589 0.0000000000
47179  21.785  -17.733  85.536 0.0000000000
140608  20.756  -18.715  85.311 0.0000000000
46195  20.650  -18.541  87.577 0.0000000000
45241  19.937  -19.409  86.443 0.0000000000
127699  40.763  -10.513  87.297 0.0000000000
55373  40.295  -11.078  85.609 0.0000000000
55408  39.577  -10.548  83.757 0.0000000000
55422  38.510  -10.530  82.482 0.0000000000
55439  37.716  -10.551  81.194 0.0000000000
54248  37.390  -11.934  82.215 0.0000000000
53090  36.342  -12.571  80.796 0.0000000000
51870  35.717  -13.460  80.520 0.0000000000
50567  35.625  -15.064  83.496 0.0000000000
50597  35.256  -14.882  81.807 0.0000000000
50610  34.572  -14.686  80.171 0.0000000000
50624  33.599  -14.790  79.466 0.0000000000
49541  32.003  -14.871  78.881 0.0000000000
49542  30.977  -15.057  78.999 0.0000000000
50531  31.609  -14.764  86.875 0.0000000000
49419  32.132  -15.685  85.481 0.0000000000
117653  31.457  -15.900  84.189 0.0000000000
50553  29.707  -14.659  84.375 0.0000000000
49449  30.027  -15.654  83.130 0.0000000000
49465  30.722  -15.926  82.574 0.0000000000
49504  30.404  -15.680  80.984 0.0000000000
49524  29.991  -15.433  79.687 0.0000000000
49543  29.570  -15.227  78.577 0.0000000000
122436  28.097  -15.504  78.382 0.0000000000
49546  26.707  -15.838  78.087 0.0000000000
118679  25.202  -16.371  77.935 0.0000000000
48294  25.263  -16.039  80.060 0.0000000000
48324  24.545  -16.487  78.437 0.0000000000
48325  23.867  -16.714  77.910 0.0000000000
47281  22.651  -17.560  77.137 0.0000000000
70981  53.034  4.155  61.458 0.0000000000
70999  52.903  3.793  60.569 0.0000000000
72043  54.264  4.852  62.005 0.0000000000
70963  55.600  3.882  63.244 0.0000000000
133543  55.941  3.625  62.361 0.0000000000
67816  51.102  0.696  61.310 0.0000000000
54124  23.542  -10.964  91.983 0.0000000000
54109  23.160  -11.993  93.003 0.0000000000
51716  23.104  -13.478  93.587 0.0000000000
51699  22.046  -13.704  94.312 0.0000000000
140760  22.267  -14.215  94.212 0.0000000000
49330  21.892  -15.258  94.217 0.0000000000
48167  20.816  -16.396  94.242 0.0000000000
47101  19.946  -16.944  93.740 0.0000000000
49299  18.205  -15.650  96.870 0.0000000000
47077  19.248  -16.650  95.987 0.0000000000
47093  18.634  -17.476  95.475 0.0000000000
46142  18.404  -18.340  93.874 0.0000000000
45185  18.467  -19.428  93.475 0.0000000000
75917  52.655  8.223  58.828 0.0000000000
74960  51.921  7.800  58.921 0.0000000000
73981  50.511  6.789  58.442 0.0000000000
73992  49.759  6.177  58.014 0.0000000000
74934  49.670  7.409  61.009 0.0000000000
73983  48.902  6.150  58.714 0.0000000000
73040  48.403  5.092  57.454 0.0000000000
71061  47.716  3.480  57.471 0.0000000000
71044  48.456  2.833  58.722 0.0000000000
71022  50.057  3.020  59.788 0.0000000000
120074  47.679  3.297  60.255 0.0000000000
71002  49.534  3.255  60.551 0.0000000000
133154  51.317  3.544  61.409 0.0000000000
70982  52.145  3.846  61.920 0.0000000000
120597  53.274  4.576  63.385 0.0000000000
141307  55.076  5.146  64.243 0.0000000000
72003  52.812  4.680  65.178 0.0000000000
71982  54.503  4.961  65.712 0.0000000000
70936  55.046  4.633  64.908 0.0000000000
69881  54.027  3.011  64.862 0.0000000000
69882  53.229  2.464  65.112 0.0000000000
68774  51.642  1.876  65.096 0.0000000000
118168  50.772  5.325  68.637 0.0000000000
71924  52.832  4.923  68.740 0.0000000000
118603  53.289  4.556  68.251 0.0000000000
70869  52.509  3.592  69.638 0.0000000000
69801  52.505  3.255  68.849 0.0000000000
131372  52.937  3.173  68.147 0.0000000000
69841  51.997  2.337  66.675 0.0000000000
133857  51.210  1.977  65.593 0.0000000000
68789  50.174  1.731  64.183 0.0000000000
133638  49.395  1.756  64.394 0.0000000000
68812  48.074  1.757  63.507 0.0000000000
69867  47.449  2.222  66.041 0.0000000000
68792  46.939  1.894  64.481 0.0000000000
71827  49.167  4.754  75.706 0.0000000000
70799  48.207  4.142  74.275 0.0000000000
67625  47.438  0.712  77.901 0.0000000000
65532  45.806  -1.711  76.097 0.0000000000
67636  47.054  0.099  76.274 0.0000000000
68650  47.677  1.705  76.738 0.0000000000
69719  47.091  2.025  75.484 0.0000000000
70801  46.832  3.136  74.551 0.0000000000
135913  46.965  3.434  73.016 0.0000000000
119385  46.130  2.757  71.230 0.0000000000
68718  45.239  2.143  69.890 0.0000000000
68741  44.606  1.387  68.658 0.0000000000
66711  43.482  -0.436  69.432 0.0000000000
67742  43.647  0.087  68.631 0.0000000000
67752  44.035  0.759  67.321 0.0000000000
67773  42.957  0.235  65.429 0.0000000000
64566  39.770  -2.776  64.226 0.0000000000
63488  38.977  -3.070  62.701 0.0000000000
59975  39.619  -6.464  68.457 0.0000000000
59999  38.507  -6.257  66.687 0.0000000000
61114  37.938  -5.753  65.357 0.0000000000
121405  36.242  -6.644  66.281 0.0000000000
60014  36.674  -6.384  65.694 0.0000000000
131222  36.651  -10.648  79.327 0.0000000000
55499  35.729  -10.791  77.244 0.0000000000
55528  35.322  -10.518  75.664 0.0000000000
53143  34.426  -12.619  76.650 0.0000000000
54368  34.276  -11.815  75.259 0.0000000000
55545  34.585  -10.622  74.451 0.0000000000
55582  33.492  -10.755  72.380 0.0000000000
55605  32.543  -10.618  70.499 0.0000000000
56792  31.806  -9.951  69.295 0.0000000000
50699  29.518  -13.969  75.555 0.0000000000
137527  30.049  -13.505  74.039 0.0000000000
51996  30.090  -13.330  72.792 0.0000000000
52037  27.789  -13.217  71.022 0.0000000000
53212  29.581  -12.932  71.352 0.0000000000
119070  30.871  -12.589  71.205 0.0000000000
54430  31.016  -12.109  70.118 0.0000000000
55614  31.002  -11.142  69.134 0.0000000000
117956  53.449  6.626  55.110 0.0000000000
74020  53.845  6.344  54.483 0.0000000000
73090  54.630  5.448  53.452 0.0000000000
117328  53.639  3.967  60.033 0.0000000000
56620  38.893  -9.812  82.200 0.0000000000
57675  39.884  -8.887  82.494 0.0000000000
56627  39.304  -9.029  81.923 0.0000000000
57689  39.512  -8.455  81.392 0.0000000000
56638  38.377  -9.297  80.744 0.0000000000
56648  38.186  -9.168  80.109 0.0000000000
56639  37.873  -9.690  80.378 0.0000000000
118077  51.167  3.171  59.862 0.0000000000
71000  52.063  3.456  60.228 0.0000000000
49435  23.684  -15.721  84.492 0.0000000000
47126  19.538  -17.601  91.911 0.0000000000
138823  32.851  -13.175  90.353 0.0000000000
51750  33.566  -12.978  90.524 0.0000000000
51763  33.597  -13.864  90.118 0.0000000000
50493  34.166  -14.441  89.569 0.0000000000
50494  33.383  -14.324  89.347 0.0000000000
50505  32.935  -14.535  88.665 0.0000000000
50556  24.697  -14.576  84.417 0.0000000000
49434  24.305  -15.197  84.038 0.0000000000
125423  48.785  4.500  67.152 0.0000000000
71861  49.271  4.212  72.925 0.0000000000
70822  49.427  3.860  72.143 0.0000000000
70859  47.916  3.287  70.974 0.0000000000
70843  47.745  3.484  71.845 0.0000000000
61019  42.017  -5.694  71.395 0.0000000000
62176  42.426  -4.881  71.457 0.0000000000
61038  42.071  -5.121  70.811 0.0000000000
62191  41.872  -4.943  70.107 0.0000000000
61058  41.430  -5.452  69.628 0.0000000000
61076  41.176  -5.234  68.868 0.0000000000
59964  40.938  -5.867  69.181 0.0000000000
50659  30.539  -14.630  77.605 0.0000000000
50678  30.765  -14.323  76.805 0.0000000000
50660  29.862  -14.508  76.999 0.0000000000
75915  54.110  8.800  58.334 0.0000000000
131687  54.050  8.381  57.358 0.0000000000
74968  53.386  7.789  57.073 0.0000000000
50457  23.598  -14.549  92.551 0.0000000000
140411  23.546  -14.900  92.022 0.0000000000
119952  23.277  -15.144  92.334 0.0000000000
49347  22.916  -15.729  91.888 0.0000000000
56502  29.325  -9.267  89.553 0.0000000000
55308  28.993  -9.562  89.316 0.0000000000
141502  25.586  -11.969  88.273 0.0000000000
51785  25.436  -12.710  87.696 0.0000000000
140529  43.282  -5.990  83.271 0.0000000000
59744  43.620  -5.499  83.946 0.0000000000
60830  43.926  -5.088  83.414 0.0000000000
61953  44.168  -4.530  83.477 0.0000000000
60840  43.913  -5.216  82.707 0.0000000000
61974  44.327  -4.633  82.362 0.0000000000
60841  43.631  -5.471  82.171 0.0000000000
137117  40.205  -7.163  76.717 0.0000000000
59848  40.770  -6.855  76.302 0.0000000000
59863  41.299  -6.617  75.705 0.0000000000
58771  40.156  -7.174  75.099 0.0000000000
56713  36.191  -9.179  74.713 0.0000000000
56728  36.060  -9.068  73.909 0.0000000000
56729  35.376  -9.416  73.595 0.0000000000
56748  35.184  -9.215  72.783 0.0000000000
48352  25.284  -16.102  76.517 0.0000000000
49583  25.845  -15.668  76.118 0.0000000000
73050  49.616  5.239  56.418 0.0000000000
73061  49.646  4.718  55.766 0.0000000000
72108  49.007  4.474  56.037 0.0000000000
125230  22.103  -17.538  80.106 0.0000000000
119692  21.524  -18.112  80.112 0.0000000000
48225  22.811  -16.730  87.999 0.0000000000
132586  22.446  -17.134  87.625 0.0000000000
44258  19.303  -20.767  87.550 0.0000000000
51792  37.684  -13.835  86.818 0.0000000000
51798  38.249  -13.311  86.421 0.0000000000
53028  38.115  -13.232  85.465 0.0000000000
51810  37.477  -13.700  84.955 0.0000000000
51825  37.344  -13.451  84.012 0.0000000000
51811  36.848  -14.218  84.433 0.0000000000
48274  33.149  -16.024  83.147 0.0000000000
117654  33.887  -15.791  82.874 0.0000000000
49463  33.209  -15.806  82.424 0.0000000000
132747  32.612  -15.762  81.911 0.0000000000
48263  32.337  -15.995  82.709 0.0000000000
51801  29.937  -13.895  85.960 0.0000000000
50599  27.242  -15.013  81.776 0.0000000000
49487  27.548  -15.383  81.235 0.0000000000
49507  27.317  -15.624  80.565 0.0000000000
126017  26.448  -15.644  80.659 0.0000000000
47239  22.590  -16.978  80.566 0.0000000000
47255  23.306  -16.665  79.886 0.0000000000
139542  55.368  5.033  63.976 0.0000000000
72020  55.598  5.085  63.614 0.0000000000
50431  19.898  -14.058  95.473 0.0000000000
50426  19.576  -14.398  96.057 0.0000000000
49308  20.218  -15.499  95.605 0.0000000000
49303  19.671  -15.139  96.181 0.0000000000
46123  16.522  -18.963  96.403 0.0000000000
46116  16.566  -18.135  96.712 0.0000000000
46115  17.484  -18.586  96.899 0.0000000000
45162  17.470  -19.555  96.568 0.0000000000
135315  17.831  -19.796  96.310 0.0000000000
44156  17.563  -20.394  96.389 0.0000000000
75888  51.737  8.400  60.766 0.0000000000
75873  51.588  8.732  62.211 0.0000000000
73954  47.295  6.352  61.068 0.0000000000
73970  47.565  6.075  59.937 0.0000000000
73017  46.263  4.945  59.840 0.0000000000
70967  49.474  3.562  62.802 0.0000000000
70952  50.827  3.811  64.009 0.0000000000
71941  54.025  4.714  67.107 0.0000000000
69816  54.174  4.224  67.319 0.0000000000
69839  54.080  3.587  66.777 0.0000000000
71877  53.135  5.345  70.826 0.0000000000
69803  49.732  2.574  68.568 0.0000000000
132266  48.876  2.208  66.307 0.0000000000
128956  48.810  2.395  67.138 0.0000000000
69846  45.955  2.117  66.747 0.0000000000
68781  44.772  1.434  65.571 0.0000000000
68768  44.555  1.307  66.383 0.0000000000
69705  47.860  2.504  77.086 0.0000000000
63224  45.197  -3.167  77.952 0.0000000000
63243  45.123  -3.104  77.014 0.0000000000
65594  44.599  -1.471  72.503 0.0000000000
66652  45.475  -0.669  73.306 0.0000000000
66653  44.979  -0.834  72.616 0.0000000000
66666  45.339  -0.110  72.728 0.0000000000
66667  44.865  -0.224  72.051 0.0000000000
67703  44.747  0.591  71.604 0.0000000000
64531  41.226  -2.315  66.713 0.0000000000
65678  42.047  -1.067  66.892 0.0000000000
65679  41.535  -1.560  66.415 0.0000000000
65688  41.412  -1.365  65.622 0.0000000000
65689  40.883  -1.846  65.160 0.0000000000
65703  40.743  -1.649  64.290 0.0000000000
61123  38.281  -5.197  64.940 0.0000000000
62270  37.991  -4.798  64.077 0.0000000000
58876  38.007  -7.173  68.466 0.0000000000
58877  37.121  -7.397  68.770 0.0000000000
128594  35.414  -12.899  79.279 0.0000000000
53118  35.285  -12.583  78.628 0.0000000000
53119  34.814  -13.019  78.142 0.0000000000
51977  32.039  -13.196  73.541 0.0000000000
53185  32.683  -12.810  73.659 0.0000000000
53186  32.139  -12.897  72.957 0.0000000000
53201  32.171  -12.520  72.418 0.0000000000
51982  27.931  -13.696  73.213 0.0000000000
125264  52.112  3.399  53.511 0.0000000000
71088  53.003  3.513  53.221 0.0000000000
54148  25.285  -10.886  89.994 0.0000000000
54137  25.006  -11.182  90.770 0.0000000000
135992  24.516  -11.709  91.938 0.0000000000
52967  24.755  -12.277  91.723 0.0000000000
52958  24.326  -12.377  92.319 0.0000000000
55310  25.447  -10.092  90.043 0.0000000000
56581  41.497  -9.192  85.328 0.0000000000
56595  41.261  -9.056  84.372 0.0000000000
57673  41.143  -8.009  83.194 0.0000000000
58697  41.509  -7.368  82.708 0.0000000000
58696  42.205  -6.904  82.960 0.0000000000
58703  41.887  -6.738  82.001 0.0000000000
58698  41.099  -7.290  81.944 0.0000000000
58725  39.589  -7.758  79.766 0.0000000000
58724  40.392  -7.238  79.564 0.0000000000
58737  39.752  -7.499  78.849 0.0000000000
117520  39.653  -7.485  78.049 0.0000000000
57713  39.052  -7.832  78.277 0.0000000000
58748  38.845  -7.851  76.960 0.0000000000
132821  37.431  -9.252  78.190 0.0000000000
56670  37.312  -9.179  77.539 0.0000000000
56671  36.721  -9.637  77.233 0.0000000000
47287  22.507  -18.247  75.885 0.0000000000
69985  48.597  2.685  57.165 0.0000000000
69999  48.565  2.887  56.580 0.0000000000
69956  53.012  2.850  58.348 0.0000000000
133286  23.149  -16.476  82.128 0.0000000000
48277  22.673  -16.797  82.686 0.0000000000
47189  22.217  -17.242  83.992 0.0000000000
140735  21.191  -18.332  83.688 0.0000000000
47190  21.833  -17.662  84.625 0.0000000000
47135  21.439  -17.359  90.268 0.0000000000
47153  21.061  -17.871  88.971 0.0000000000
47145  20.857  -17.735  89.759 0.0000000000
45212  18.945  -19.153  89.937 0.0000000000
46180  19.538  -18.658  89.642 0.0000000000
44229  18.782  -19.803  89.853 0.0000000000
44215  18.850  -20.413  90.249 0.0000000000
44191  18.819  -20.278  92.050 0.0000000000
123758  19.343  -20.805  92.609 0.0000000000
51747  36.387  -12.820  89.882 0.0000000000
50502  35.659  -14.895  88.506 0.0000000000
50490  36.683  -14.155  89.248 0.0000000000
50515  36.422  -14.730  87.970 0.0000000000
124682  36.729  -14.614  87.331 0.0000000000
49390  36.212  -15.042  86.997 0.0000000000
49403  36.068  -15.132  86.117 0.0000000000
49404  35.394  -15.455  86.505 0.0000000000
49406  33.482  -15.580  86.639 0.0000000000
49418  33.868  -15.857  85.731 0.0000000000
49430  33.692  -16.010  84.643 0.0000000000
139869  33.048  -15.891  85.322 0.0000000000
53042  27.116  -12.855  84.807 0.0000000000
51815  26.667  -13.264  84.186 0.0000000000
50573  25.629  -14.139  83.281 0.0000000000
117116  26.200  -14.027  82.897 0.0000000000
50586  26.809  -14.378  82.362 0.0000000000
50588  24.971  -15.011  82.775 0.0000000000
68806  54.025  2.681  63.945 0.0000000000
67814  52.950  0.919  61.468 0.0000000000
45170  15.975  -18.845  95.232 0.0000000000
45176  15.794  -18.987  94.058 0.0000000000
44172  16.045  -19.743  93.827 0.0000000000
72004  50.710  4.108  64.979 0.0000000000
128163  50.141  4.214  65.559 0.0000000000
71964  51.156  4.781  67.012 0.0000000000
71879  51.789  4.220  71.905 0.0000000000
70858  48.876  3.252  70.655 0.0000000000
70857  49.991  3.318  70.658 0.0000000000
70872  49.410  3.027  70.118 0.0000000000
117429  49.482  2.781  69.465 0.0000000000
137046  46.892  2.766  69.969 0.0000000000
69788  46.782  2.655  69.264 0.0000000000
69789  45.882  2.462  69.087 0.0000000000
62138  43.505  -4.510  74.595 0.0000000000
63263  43.908  -4.004  74.932 0.0000000000
129956  43.300  -4.467  73.705 0.0000000000
135130  43.089  -3.872  72.130 0.0000000000
63318  43.544  -3.283  72.479 0.0000000000
133277  43.944  -2.552  72.448 0.0000000000
64468  43.587  -2.639  71.825 0.0000000000
65614  43.580  -2.065  71.259 0.0000000000
63346  43.152  -2.731  71.113 0.0000000000
63367  41.756  -3.998  69.149 0.0000000000
63366  41.911  -3.113  69.119 0.0000000000
63384  41.488  -3.694  68.467 0.0000000000
63400  41.215  -3.397  67.731 0.0000000000
63401  40.750  -3.926  67.232 0.0000000000
134331  40.035  -5.101  67.031 0.0000000000
118352  39.459  -5.478  66.628 0.0000000000
61101  39.177  -5.224  65.925 0.0000000000
58867  34.829  -7.968  69.186 0.0000000000
58878  35.319  -7.621  68.613 0.0000000000
58879  34.578  -7.774  68.532 0.0000000000
58902  32.758  -7.453  66.395 0.0000000000
58912  32.505  -7.238  65.560 0.0000000000
119232  33.372  -14.331  78.025 0.0000000000
50656  33.486  -14.060  77.551 0.0000000000
50657  32.848  -14.278  77.481 0.0000000000
117294  31.031  -13.981  76.031 0.0000000000
50697  31.874  -13.845  75.875 0.0000000000
140368  31.591  -13.531  74.588 0.0000000000
51958  30.771  -13.583  74.466 0.0000000000
74979  54.308  7.738  56.119 0.0000000000
75945  54.982  8.106  55.888 0.0000000000
75001  54.640  7.209  54.972 0.0000000000
50522  24.432  -14.594  87.227 0.0000000000
49381  24.011  -15.186  87.687 0.0000000000
127995  23.570  -15.731  88.896 0.0000000000
51768  24.750  -13.875  89.656 0.0000000000
49358  23.518  -15.531  90.537 0.0000000000
48194  23.162  -16.146  90.095 0.0000000000
48202  23.198  -16.234  89.256 0.0000000000
47134  22.158  -17.073  89.944 0.0000000000
48195  22.637  -16.563  90.467 0.0000000000
48177  22.341  -16.125  92.348 0.0000000000
48188  21.649  -16.796  91.764 0.0000000000
47125  20.572  -17.282  91.588 0.0000000000
48189  20.996  -16.872  92.385 0.0000000000
55290  30.711  -10.475  90.312 0.0000000000
56486  30.898  -9.804  90.180 0.0000000000
54134  31.314  -11.239  90.566 0.0000000000
52978  31.719  -11.900  90.859 0.0000000000
52979  31.120  -11.819  90.387 0.0000000000
51766  31.072  -13.058  89.352 0.0000000000
52991  30.717  -12.258  89.707 0.0000000000
123759  29.369  -12.267  87.278 0.0000000000
55328  27.367  -9.929  88.584 0.0000000000
54183  28.048  -11.645  86.572 0.0000000000
54184  27.290  -11.758  86.421 0.0000000000
53020  27.179  -12.154  85.882 0.0000000000
53021  26.599  -12.163  86.241 0.0000000000
132644  25.199  -13.301  87.196 0.0000000000
51795  25.488  -13.214  86.277 0.0000000000
50542  25.026  -13.963  85.798 0.0000000000
121320  51.868  6.420  72.660 0.0000000000
73805  51.305  7.142  72.663 0.0000000000
72841  51.106  6.200  74.122 0.0000000000
71846  51.041  5.564  74.049 0.0000000000
134992  50.305  4.991  74.315 0.0000000000
58662  42.450  -7.146  85.569 0.0000000000
62027  44.451  -4.389  80.647 0.0000000000
63181  45.416  -3.190  80.648 0.0000000000
62050  44.937  -3.842  80.166 0.0000000000
63194  44.894  -3.894  79.220 0.0000000000
62074  44.327  -4.427  78.632 0.0000000000
59792  42.518  -6.089  80.616 0.0000000000
139209  42.975  -5.745  80.591 0.0000000000
59800  42.359  -6.116  79.658 0.0000000000
140666  42.599  -5.756  77.578 0.0000000000
60903  42.740  -5.703  78.262 0.0000000000
62094  43.718  -4.811  77.230 0.0000000000
60934  43.250  -5.207  76.678 0.0000000000
60952  43.253  -5.097  75.836 0.0000000000
60953  42.772  -5.525  75.360 0.0000000000
59891  41.743  -6.462  73.497 0.0000000000
59876  42.309  -6.101  74.010 0.0000000000
59906  41.727  -6.437  72.626 0.0000000000
59905  42.191  -6.000  72.313 0.0000000000
59926  41.071  -6.778  72.154 0.0000000000
121179  40.976  -6.709  71.271 0.0000000000
120884  39.217  -7.460  73.048 0.0000000000
58810  39.520  -7.376  72.306 0.0000000000
58828  38.722  -7.535  71.723 0.0000000000
57753  38.211  -7.995  75.113 0.0000000000
118283  38.870  -7.633  74.863 0.0000000000
57779  37.151  -8.189  73.108 0.0000000000
57795  36.506  -8.245  71.728 0.0000000000
58829  37.283  -7.872  71.643 0.0000000000
57796  35.606  -8.529  71.409 0.0000000000
56768  34.299  -9.099  71.219 0.0000000000
56781  33.633  -9.306  70.583 0.0000000000
56790  33.236  -9.148  69.860 0.0000000000
138354  27.712  -15.340  77.315 0.0000000000
49580  27.966  -15.080  76.870 0.0000000000
141380  27.388  -15.162  76.460 0.0000000000
120117  26.620  -14.619  74.209 0.0000000000
48369  24.436  -16.316  75.396 0.0000000000
123867  23.981  -16.487  74.709 0.0000000000
49635  24.606  -15.755  73.878 0.0000000000
138061  24.683  -15.519  73.247 0.0000000000
49634  25.097  -15.065  72.932 0.0000000000
74982  52.127  7.022  56.985 0.0000000000
74000  51.635  6.440  56.607 0.0000000000
73076  50.738  4.804  55.047 0.0000000000
73059  51.248  5.514  55.497 0.0000000000
72128  51.107  4.313  54.441 0.0000000000
71084  50.776  3.329  54.324 0.0000000000
117936  49.797  2.312  55.862 0.0000000000
70002  49.740  2.770  55.213 0.0000000000
70001  50.586  1.886  55.688 0.0000000000
70004  50.869  1.981  54.813 0.0000000000
46245  20.898  -18.691  81.518 0.0000000000
49409  23.616  -15.755  86.337 0.0000000000
48247  23.224  -16.353  85.926 0.0000000000
47168  21.797  -17.736  86.292 0.0000000000
47167  22.299  -17.310  85.999 0.0000000000
46208  21.286  -18.236  85.056 0.0000000000
46187  20.629  -18.351  88.455 0.0000000000
46186  21.296  -18.042  87.966 0.0000000000
128584  19.509  -20.189  86.110 0.0000000000
54143  37.982  -11.873  89.375 0.0000000000
52987  38.641  -12.221  88.896 0.0000000000
53006  39.401  -12.241  87.437 0.0000000000
54163  39.855  -11.233  88.299 0.0000000000
54162  40.257  -11.142  87.603 0.0000000000
55355  40.440  -11.155  86.696 0.0000000000
55354  40.870  -10.532  86.295 0.0000000000
55393  39.263  -11.247  84.099 0.0000000000
55409  38.853  -10.893  83.282 0.0000000000
54247  38.150  -11.312  82.764 0.0000000000
55423  37.847  -10.934  81.953 0.0000000000
131783  36.639  -13.322  82.297 0.0000000000
53076  36.677  -12.791  81.750 0.0000000000
51869  36.144  -13.331  81.221 0.0000000000
51855  36.215  -13.650  81.862 0.0000000000
130082  35.633  -15.332  84.777 0.0000000000
50566  36.199  -14.649  83.936 0.0000000000
50551  35.763  -15.111  84.228 0.0000000000
49481  34.577  -15.270  81.696 0.0000000000
49461  35.002  -15.229  82.351 0.0000000000
50598  35.008  -14.886  80.935 0.0000000000
49519  33.924  -14.936  80.068 0.0000000000
49521  32.380  -15.186  79.780 0.0000000000
49522  31.472  -15.271  79.700 0.0000000000
51784  31.375  -14.011  88.047 0.0000000000
50519  31.857  -14.535  87.615 0.0000000000
50520  31.263  -14.297  87.358 0.0000000000
132158  30.650  -14.903  85.426 0.0000000000
49420  31.280  -15.014  86.005 0.0000000000
49433  31.217  -15.497  84.999 0.0000000000
124524  30.823  -15.595  84.289 0.0000000000
51812  29.242  -13.877  84.759 0.0000000000
50554  28.982  -14.188  83.922 0.0000000000
49448  30.891  -15.891  83.491 0.0000000000
49485  30.609  -15.808  81.755 0.0000000000
121833  29.770  -15.667  81.508 0.0000000000
49506  28.854  -15.612  80.468 0.0000000000
118740  29.484  -15.549  80.049 0.0000000000
120137  29.474  -15.440  79.322 0.0000000000
49544  28.818  -15.464  78.872 0.0000000000
118000  28.068  -15.637  79.254 0.0000000000
49527  26.587  -15.951  79.441 0.0000000000
49545  27.225  -15.780  78.760 0.0000000000
48303  26.290  -16.025  78.673 0.0000000000
48338  25.956  -16.094  77.837 0.0000000000
48323  25.467  -16.288  78.586 0.0000000000
131421  25.664  -15.725  80.700 0.0000000000
48306  23.966  -16.489  79.218 0.0000000000
132497  23.740  -16.679  78.565 0.0000000000
47280  23.256  -17.067  77.504 0.0000000000
72032  56.017  5.204  62.925 0.0000000000
72042  55.601  5.416  62.269 0.0000000000
69913  56.430  3.352  61.706 0.0000000000
67817  50.133  0.777  61.156 0.0000000000
55278  23.455  -10.735  91.329 0.0000000000
52952  22.690  -12.653  93.553 0.0000000000
52951  23.208  -12.679  93.335 0.0000000000
129438  22.712  -13.165  93.736 0.0000000000
50429  21.948  -14.065  94.470 0.0000000000
50439  22.175  -14.075  94.317 0.0000000000
49317  22.069  -14.467  94.375 0.0000000000
48156  20.647  -16.126  94.961 0.0000000000
47091  20.225  -16.570  94.669 0.0000000000
47092  19.399  -17.025  94.794 0.0000000000
47076  16.983  -16.963  97.194 0.0000000000
48142  16.551  -16.276  96.988 0.0000000000
48139  17.266  -16.279  97.247 0.0000000000
49300  17.655  -15.628  97.111 0.0000000000
48138  18.061  -16.371  97.065 0.0000000000
48141  19.071  -16.362  96.416 0.0000000000
47078  18.686  -16.913  96.356 0.0000000000
46122  18.026  -18.190  95.997 0.0000000000
135166  18.646  -17.703  94.590 0.0000000000
45174  18.356  -19.324  94.632 0.0000000000
44171  18.644  -20.246  95.372 0.0000000000
42879  17.541  -21.030  96.265 0.0000000000
75901  53.029  8.670  59.581 0.0000000000
75902  52.215  8.305  59.676 0.0000000000
74946  50.735  7.482  59.718 0.0000000000
74961  51.125  7.372  58.873 0.0000000000
73982  49.800  6.678  58.908 0.0000000000
74919  50.262  7.897  61.884 0.0000000000
73968  49.255  6.657  59.438 0.0000000000
73993  48.926  5.674  57.943 0.0000000000
72099  48.013  4.340  57.097 0.0000000000
73041  47.679  4.635  57.812 0.0000000000
128998  46.993  3.566  58.895 0.0000000000
131449  47.316  3.650  58.190 0.0000000000
119630  47.586  3.193  58.720 0.0000000000
71023  49.025  2.955  59.641 0.0000000000
71004  46.716  3.558  60.344 0.0000000000
120695  47.520  3.435  61.065 0.0000000000
117803  50.100  3.529  62.217 0.0000000000
118473  48.997  3.398  61.176 0.0000000000
70984  49.840  3.434  61.418 0.0000000000
117804  51.141  3.667  62.335 0.0000000000
72022  54.416  5.140  64.161 0.0000000000
119656  51.806  4.424  65.426 0.0000000000
71981  54.829  4.921  65.345 0.0000000000
120558  54.723  4.626  65.654 0.0000000000
70937  54.735  3.919  65.472 0.0000000000
69862  53.208  2.625  65.998 0.0000000000
69883  52.460  2.135  65.316 0.0000000000
68787  52.278  1.873  64.457 0.0000000000
72934  52.453  5.316  69.154 0.0000000000
71923  53.156  4.527  68.847 0.0000000000
70855  52.363  3.713  70.368 0.0000000000
136198  52.466  2.674  67.406 0.0000000000
69864  50.487  1.999  65.731 0.0000000000
134494  51.220  2.162  66.230 0.0000000000
68775  50.737  1.829  64.993 0.0000000000
68777  48.359  1.934  64.951 0.0000000000
68791  47.804  1.875  64.309 0.0000000000
68813  47.302  1.796  63.634 0.0000000000
69845  47.240  2.383  66.954 0.0000000000
136746  46.237  1.872  64.970 0.0000000000
68779  46.846  2.039  65.456 0.0000000000
133678  46.643  1.768  63.709 0.0000000000
139383  48.539  4.333  76.092 0.0000000000
70789  48.469  4.242  75.346 0.0000000000
71837  49.263  4.612  74.822 0.0000000000
70800  47.631  3.662  74.980 0.0000000000
131399  46.766  -0.753  78.217 0.0000000000
66602  46.708  -0.538  79.192 0.0000000000
127499  47.374  1.122  78.593 0.0000000000
66612  47.124  -0.153  77.642 0.0000000000
64388  44.737  -2.870  75.231 0.0000000000
64387  45.308  -2.320  75.681 0.0000000000
64406  45.176  -2.184  74.861 0.0000000000
66632  46.317  -0.242  74.735 0.0000000000
139733  46.261  -0.601  75.145 0.0000000000
128459  46.633  -0.213  75.499 0.0000000000
67645  47.425  0.871  76.446 0.0000000000
67646  47.042  0.591  75.644 0.0000000000
68662  47.339  1.412  75.911 0.0000000000
68663  46.777  1.191  75.011 0.0000000000
68686  45.647  1.909  73.218 0.0000000000
69740  46.280  2.537  73.919 0.0000000000
70812  46.771  3.283  73.709 0.0000000000
69750  46.242  2.865  72.943 0.0000000000
69763  46.178  2.851  71.952 0.0000000000
139939  44.695  1.243  71.031 0.0000000000
122728  45.031  1.923  70.852 0.0000000000
68719  44.639  1.424  70.324 0.0000000000
68729  44.660  1.493  69.472 0.0000000000
127164  44.284  0.970  69.196 0.0000000000
65637  43.165  -1.235  69.795 0.0000000000
66697  43.596  -0.805  70.240 0.0000000000
65651  42.882  -0.979  69.004 0.0000000000
66731  42.620  -0.630  67.354 0.0000000000
66730  43.247  -0.149  67.837 0.0000000000
126846  43.835  0.490  67.905 0.0000000000
141316  43.403  0.302  66.603 0.0000000000
67762  43.483  0.499  65.978 0.0000000000
67763  42.978  0.027  66.215 0.0000000000
66763  41.786  -0.597  64.397 0.0000000000
64551  40.085  -3.077  65.022 0.0000000000
140587  39.582  -3.448  64.657 0.0000000000
59948  39.985  -6.888  70.025 0.0000000000
124362  39.867  -6.638  69.200 0.0000000000
59988  38.682  -6.473  67.390 0.0000000000
60000  37.801  -6.455  66.547 0.0000000000
61103  38.256  -6.070  66.007 0.0000000000
60013  37.512  -6.262  65.836 0.0000000000
58899  35.300  -7.163  67.269 0.0000000000
59990  36.288  -6.975  67.093 0.0000000000
60002  35.529  -6.812  66.509 0.0000000000
60027  35.402  -6.312  64.685 0.0000000000
60015  35.691  -6.500  65.622 0.0000000000
60026  36.307  -6.158  64.910 0.0000000000
54288  37.203  -10.811  80.519 0.0000000000
135657  36.959  -10.573  79.850 0.0000000000
55469  36.542  -11.251  79.846 0.0000000000
130684  35.510  -11.441  77.760 0.0000000000
55484  35.984  -10.917  78.121 0.0000000000
129301  35.797  -10.319  76.440 0.0000000000
55515  35.264  -11.083  76.478 0.0000000000
51923  33.693  -13.400  76.526 0.0000000000
139831  34.135  -13.156  76.795 0.0000000000
51922  34.058  -12.947  76.157 0.0000000000
54379  33.394  -12.216  74.093 0.0000000000
53169  33.810  -12.143  74.809 0.0000000000
127114  34.088  -11.395  74.470 0.0000000000
55529  34.686  -10.987  75.088 0.0000000000
55562  34.185  -10.607  73.751 0.0000000000
55563  33.590  -11.036  73.147 0.0000000000
140868  32.520  -11.524  71.406 0.0000000000
55597  32.812  -10.894  71.175 0.0000000000
55612  32.211  -10.315  69.889 0.0000000000
55606  31.994  -11.118  70.093 0.0000000000
50700  28.540  -14.308  75.631 0.0000000000
117198  28.991  -13.826  74.875 0.0000000000
51981  28.745  -13.597  73.434 0.0000000000
51959  29.328  -13.625  74.126 0.0000000000
51980  29.694  -13.469  73.398 0.0000000000
137687  27.123  -13.247  70.470 0.0000000000
140533  27.360  -13.461  71.507 0.0000000000
118614  28.927  -12.663  70.245 0.0000000000
52036  28.838  -12.984  71.010 0.0000000000
128856  29.698  -12.637  70.590 0.0000000000
117145  30.261  -12.756  71.268 0.0000000000
53222  30.581  -12.476  70.638 0.0000000000
53233  30.239  -12.247  69.916 0.0000000000
54445  29.924  -11.341  68.412 0.0000000000
54444  30.442  -11.411  68.897 0.0000000000
55621  30.528  -10.751  68.475 0.0000000000
75942  57.527  9.060  55.632 0.0000000000
74009  52.585  6.259  55.367 0.0000000000
74993  53.151  6.926  55.881 0.0000000000
137081  53.588  5.789  54.102 0.0000000000
73091  53.834  5.299  53.663 0.0000000000
74032  54.345  6.013  53.910 0.0000000000
70998  53.810  4.401  60.912 0.0000000000
71021  52.773  3.523  59.706 0.0000000000
55292  25.098  -10.055  90.363 0.0000000000
55275  24.657  -10.716  90.947 0.0000000000
54123  24.365  -11.147  91.637 0.0000000000
55268  23.991  -10.946  91.901 0.0000000000
56608  39.918  -9.878  83.431 0.0000000000
56607  40.607  -9.484  83.906 0.0000000000
133878  40.233  -9.164  83.114 0.0000000000
124107  40.468  -8.381  82.713 0.0000000000
133170  40.460  -7.809  81.973 0.0000000000
58705  40.657  -7.423  81.195 0.0000000000
58706  39.994  -7.928  81.275 0.0000000000
58713  39.398  -8.187  80.606 0.0000000000
57697  38.998  -8.258  79.866 0.0000000000
57714  38.417  -8.415  78.527 0.0000000000
129442  38.378  -8.699  79.469 0.0000000000
57715  37.773  -8.965  78.758 0.0000000000
55482  37.215  -9.596  78.753 0.0000000000
69938  49.486  2.705  58.864 0.0000000000
69959  49.958  2.429  58.085 0.0000000000
71043  51.525  2.850  58.998 0.0000000000
71042  52.475  3.147  58.971 0.0000000000
48264  23.232  -16.280  84.004 0.0000000000
48255  22.678  -16.780  84.354 0.0000000000
140826  22.610  -16.887  84.959 0.0000000000
46171  19.162  -18.585  90.497 0.0000000000
46172  18.646  -18.921  91.124 0.0000000000
45195  18.499  -19.523  92.427 0.0000000000
52975  35.121  -12.798  90.435 0.0000000000
51748  35.912  -13.214  90.123 0.0000000000
128985  35.218  -13.700  90.253 0.0000000000
139081  35.384  -14.685  89.104 0.0000000000
49392  34.832  -15.267  87.962 0.0000000000
122472  34.862  -15.454  87.184 0.0000000000
50516  34.129  -15.128  88.214 0.0000000000
49393  34.016  -15.399  87.418 0.0000000000
49394  33.059  -15.243  87.311 0.0000000000
126651  25.832  -13.528  84.436 0.0000000000
120913  25.335  -14.041  83.976 0.0000000000
49450  24.425  -15.275  83.223 0.0000000000
135452  52.538  1.776  63.628 0.0000000000
68849  51.578  1.144  61.946 0.0000000000
118039  15.484  -18.314  92.275 0.0000000000
71985  49.130  4.138  65.654 0.0000000000
71944  50.933  5.037  67.803 0.0000000000
71880  50.512  3.948  72.013 0.0000000000
69773  48.077  3.007  70.291 0.0000000000
69774  46.508  2.808  70.602 0.0000000000
62149  42.849  -4.974  73.020 0.0000000000
62163  42.797  -4.555  72.191 0.0000000000
63332  42.753  -4.073  71.500 0.0000000000
121002  42.371  -3.580  70.176 0.0000000000
62208  42.012  -4.211  69.829 0.0000000000
62221  41.348  -4.514  68.634 0.0000000000
62222  40.909  -4.988  68.147 0.0000000000
61091  40.340  -5.358  67.735 0.0000000000
61078  40.041  -5.957  68.048 0.0000000000
50639  32.080  -14.526  77.915 0.0000000000
134079  32.097  -14.282  77.186 0.0000000000
50658  31.389  -14.444  77.387 0.0000000000
75925  54.871  8.729  57.277 0.0000000000
50521  24.814  -13.997  87.652 0.0000000000
50495  24.321  -14.603  89.218 0.0000000000
51742  24.477  -13.727  91.596 0.0000000000
50482  24.223  -14.403  90.813 0.0000000000
55291  30.059  -9.685  90.109 0.0000000000
54136  30.035  -10.454  90.157 0.0000000000
53001  30.000  -11.874  89.244 0.0000000000
54147  29.688  -10.894  89.630 0.0000000000
54157  28.639  -10.794  88.143 0.0000000000
54169  26.232  -11.363  87.754 0.0000000000
53010  26.171  -12.019  86.930 0.0000000000
58687  42.855  -6.543  84.259 0.0000000000
59745  43.221  -5.958  84.470 0.0000000000
60810  43.558  -5.316  84.586 0.0000000000
63141  44.680  -3.471  82.912 0.0000000000
63158  44.854  -3.441  82.220 0.0000000000
61973  44.633  -4.095  82.142 0.0000000000
62000  44.483  -4.385  81.584 0.0000000000
60883  43.956  -4.888  80.306 0.0000000000
59815  41.639  -6.432  78.398 0.0000000000
59814  42.265  -6.088  78.766 0.0000000000
59830  41.597  -6.442  77.557 0.0000000000
123985  42.184  -6.083  77.159 0.0000000000
59846  42.297  -6.002  76.379 0.0000000000
121055  42.419  -5.884  75.718 0.0000000000
138479  41.670  -6.441  75.137 0.0000000000
59877  41.710  -6.468  74.388 0.0000000000
59892  41.052  -6.787  73.901 0.0000000000
58809  40.402  -7.126  72.601 0.0000000000
58795  40.392  -7.127  73.412 0.0000000000
58796  39.562  -7.393  73.722 0.0000000000
57754  37.511  -8.268  74.515 0.0000000000
57755  36.714  -8.684  74.243 0.0000000000
57764  36.577  -8.598  73.468 0.0000000000
57781  35.768  -8.706  72.274 0.0000000000
129494  34.475  -9.605  72.477 0.0000000000
49562  26.664  -15.700  77.365 0.0000000000
49582  26.674  -15.452  76.475 0.0000000000
49603  25.639  -15.536  75.333 0.0000000000
74001  50.917  6.177  56.931 0.0000000000
73048  51.085  5.879  56.211 0.0000000000
73049  50.441  5.692  56.509 0.0000000000
72119  49.999  4.460  55.268 0.0000000000
72130  49.764  3.827  55.056 0.0000000000
68936  51.125  1.700  56.509 0.0000000000
46223  21.013  -18.513  83.063 0.0000000000
48237  22.755  -16.810  86.412 0.0000000000
46194  21.426  -18.057  87.023 0.0000000000
45235  19.388  -19.814  87.797 0.0000000000
51782  38.302  -13.185  88.042 0.0000000000
52999  38.703  -12.633  88.364 0.0000000000
53007  38.854  -12.716  87.771 0.0000000000
53017  38.883  -12.808  86.922 0.0000000000
54177  39.393  -12.287  86.517 0.0000000000
54191  39.865  -11.691  86.060 0.0000000000
54192  39.230  -12.168  85.491 0.0000000000
53039  38.567  -12.593  84.995 0.0000000000
140180  38.114  -12.147  83.621 0.0000000000
128447  37.881  -12.013  83.121 0.0000000000
54227  37.749  -12.640  83.638 0.0000000000
53049  37.240  -13.143  83.190 0.0000000000
49429  34.564  -15.811  84.210 0.0000000000
49444  34.551  -15.682  83.379 0.0000000000
129502  33.899  -15.578  82.133 0.0000000000
49482  33.806  -15.438  81.385 0.0000000000
49501  33.525  -15.290  80.653 0.0000000000
49483  33.034  -15.546  81.262 0.0000000000
50532  30.889  -14.371  86.747 0.0000000000
51793  30.213  -13.818  86.637 0.0000000000
50541  29.961  -14.366  85.282 0.0000000000
50571  27.691  -14.199  82.827 0.0000000000
50570  28.683  -14.576  83.168 0.0000000000
50584  28.439  -14.932  82.441 0.0000000000
119779  29.092  -15.425  81.988 0.0000000000
49486  28.956  -15.576  81.226 0.0000000000
118213  28.096  -15.662  80.099 0.0000000000
47273  23.168  -16.857  79.019 0.0000000000
47274  22.424  -17.491  78.629 0.0000000000
72021  55.105  5.278  63.576 0.0000000000
134400  55.085  5.395  62.847 0.0000000000
72988  55.659  5.199  63.398 0.0000000000
68847  54.309  1.819  61.825 0.0000000000
51687  20.735  -14.111  94.832 0.0000000000
49307  20.749  -14.783  95.119 0.0000000000
48144  20.356  -15.991  95.365 0.0000000000
48145  19.865  -16.253  95.683 0.0000000000
46112  17.110  -17.883  97.129 0.0000000000
46111  17.826  -17.722  96.813 0.0000000000
45168  18.055  -19.319  95.787 0.0000000000
74932  51.074  7.868  60.396 0.0000000000
73952  49.079  6.915  60.271 0.0000000000
73953  48.209  6.671  60.638 0.0000000000
73015  47.889  5.757  59.030 0.0000000000
73031  47.304  5.006  58.545 0.0000000000
71045  46.686  3.928  58.842 0.0000000000
70985  48.364  3.459  61.634 0.0000000000
129675  51.459  3.868  63.306 0.0000000000
71961  54.211  4.891  66.431 0.0000000000
70925  54.588  4.207  66.218 0.0000000000
72917  51.620  5.857  69.761 0.0000000000
72935  51.701  5.590  69.211 0.0000000000
69802  51.052  2.679  68.683 0.0000000000
69842  51.318  2.343  67.004 0.0000000000
128957  50.449  2.370  67.309 0.0000000000
69865  49.669  2.092  65.993 0.0000000000
69866  48.208  2.171  65.757 0.0000000000
69822  46.417  2.396  67.509 0.0000000000
139120  46.597  2.299  66.881 0.0000000000
68780  45.549  1.711  65.315 0.0000000000
68794  45.040  1.508  64.788 0.0000000000
67771  44.275  1.156  64.990 0.0000000000
70779  48.180  4.040  76.718 0.0000000000
135632  45.652  -2.774  79.302 0.0000000000
65498  46.365  -1.223  79.650 0.0000000000
64338  46.007  -2.005  78.407 0.0000000000
65519  45.981  -1.673  76.974 0.0000000000
65560  45.079  -1.925  74.098 0.0000000000
65559  45.466  -1.590  74.573 0.0000000000
65575  45.510  -1.201  73.970 0.0000000000
66643  45.903  -0.420  74.036 0.0000000000
67656  46.257  0.467  74.233 0.0000000000
67684  45.411  0.825  72.801 0.0000000000
68698  45.301  1.680  72.299 0.0000000000
67702  45.037  0.991  72.130 0.0000000000
67713  44.409  0.630  70.759 0.0000000000
65652  42.420  -1.507  68.497 0.0000000000
65665  42.222  -1.284  67.688 0.0000000000
66740  42.518  -0.493  66.543 0.0000000000
66751  41.864  -0.730  65.274 0.0000000000
65702  41.193  -1.052  63.876 0.0000000000
64565  40.172  -2.115  63.752 0.0000000000
62268  39.130  -4.149  64.766 0.0000000000
63456  38.506  -4.076  63.988 0.0000000000
58864  38.791  -7.221  69.473 0.0000000000
59966  39.193  -6.895  68.931 0.0000000000
59989  37.347  -6.829  67.280 0.0000000000
60004  34.211  -6.811  65.965 0.0000000000
60003  34.959  -6.700  66.017 0.0000000000
53106  36.278  -12.046  80.121 0.0000000000
53107  35.853  -12.043  79.318 0.0000000000
121074  32.725  -13.324  75.056 0.0000000000
51934  33.280  -13.042  75.186 0.0000000000
53171  33.005  -12.960  74.487 0.0000000000
54393  33.265  -11.822  73.335 0.0000000000
54410  33.110  -11.542  72.608 0.0000000000
135363  32.483  -11.961  72.052 0.0000000000
54420  31.945  -12.034  71.259 0.0000000000
50719  27.410  -14.338  74.465 0.0000000000
50727  27.985  -13.872  73.954 0.0000000000
51997  28.381  -13.467  72.470 0.0000000000
53235  27.453  -12.829  69.394 0.0000000000
53224  27.660  -12.953  70.092 0.0000000000
53244  29.097  -12.220  68.991 0.0000000000
73073  53.096  5.994  54.584 0.0000000000
72068  55.358  4.917  60.428 0.0000000000
52992  25.235  -12.421  89.201 0.0000000000
51767  25.003  -13.242  89.207 0.0000000000
51741  24.810  -13.000  91.190 0.0000000000
50456  24.076  -14.027  92.245 0.0000000000
51729  23.709  -13.756  92.906 0.0000000000
56529  26.853  -9.404  89.085 0.0000000000
55309  26.053  -9.688  89.506 0.0000000000
126259  25.492  -11.446  89.191 0.0000000000
56547  41.291  -8.958  87.108 0.0000000000
57642  41.681  -8.430  86.456 0.0000000000
57658  41.809  -8.511  85.714 0.0000000000
57657  42.076  -7.806  85.206 0.0000000000
58677  42.009  -7.743  84.320 0.0000000000
58676  42.464  -7.150  84.695 0.0000000000
58688  42.502  -7.042  83.807 0.0000000000
59758  42.888  -6.400  83.248 0.0000000000
59782  43.147  -5.846  81.925 0.0000000000
59783  42.554  -6.214  81.543 0.0000000000
59784  41.991  -6.468  81.127 0.0000000000
59793  41.689  -6.532  80.276 0.0000000000
58711  40.882  -7.059  80.395 0.0000000000
133961  41.107  -6.792  79.681 0.0000000000
58723  40.938  -6.805  78.854 0.0000000000
129765  39.315  -7.568  75.989 0.0000000000
58760  39.479  -7.519  76.692 0.0000000000
58761  38.808  -7.800  76.314 0.0000000000
57723  38.486  -8.187  77.578 0.0000000000
57724  37.773  -8.638  77.143 0.0000000000
57733  37.660  -8.560  76.322 0.0000000000
56698  36.984  -8.932  75.929 0.0000000000
56699  36.342  -9.338  75.522 0.0000000000
56700  35.699  -9.747  75.166 0.0000000000
138404  24.704  -16.300  76.135 0.0000000000
48353  23.904  -16.650  76.159 0.0000000000
121787  23.222  -17.546  74.937 0.0000000000
47302  22.787  -18.182  75.111 0.0000000000
47311  23.125  -18.104  74.318 0.0000000000
72109  48.378  4.074  56.462 0.0000000000
71082  48.830  3.724  55.869 0.0000000000
69998  49.187  2.497  56.545 0.0000000000
125769  49.833  2.188  56.650 0.0000000000
69983  50.437  2.120  57.224 0.0000000000
68918  51.987  1.676  57.050 0.0000000000
47226  22.290  -17.202  81.466 0.0000000000
47213  21.617  -17.840  82.681 0.0000000000
47200  22.179  -17.302  83.140 0.0000000000
130882  20.774  -18.756  83.790 0.0000000000
46216  20.717  -18.773  84.574 0.0000000000
47143  22.295  -17.193  89.099 0.0000000000
47152  21.695  -17.611  88.547 0.0000000000
46188  19.746  -18.797  88.863 0.0000000000
44228  18.906  -20.375  89.313 0.0000000000
44203  18.739  -20.347  91.109 0.0000000000
44202  19.216  -20.966  90.761 0.0000000000
51760  36.568  -13.425  89.688 0.0000000000
51759  37.244  -13.496  89.308 0.0000000000
137906  37.696  -13.414  88.940 0.0000000000
51783  37.712  -13.749  87.626 0.0000000000
50528  37.165  -14.286  87.132 0.0000000000
50538  37.113  -14.382  86.304 0.0000000000
51800  36.994  -14.379  85.394 0.0000000000
50539  36.527  -14.820  85.797 0.0000000000
49415  36.001  -15.166  85.401 0.0000000000
122135  34.800  -15.752  85.847 0.0000000000
48253  33.025  -16.123  83.934 0.0000000000
53030  28.297  -12.545  85.538 0.0000000000
51803  28.753  -13.174  85.140 0.0000000000
53041  27.956  -12.893  84.852 0.0000000000
51828  27.171  -13.583  83.481 0.0000000000
137030  25.320  -15.559  81.312 0.0000000000
49490  24.665  -15.647  81.661 0.0000000000
49470  24.540  -15.443  82.459 0.0000000000
117400  24.102  -16.085  81.179 0.0000000000
48285  23.506  -16.352  81.526 0.0000000000
48286  22.892  -16.670  81.406 0.0000000000
70950  55.278  4.270  64.029 0.0000000000
68828  53.261  1.955  63.204 0.0000000000
118034  53.808  1.950  62.478 0.0000000000
133665  53.556  1.443  61.845 0.0000000000
47083  15.758  -17.250  95.380 0.0000000000
120067  15.784  -17.939  95.037 0.0000000000
45169  16.533  -19.722  95.766 0.0000000000
44165  16.591  -20.491  95.091 0.0000000000
44180  16.017  -19.906  92.917 0.0000000000
126893  53.460  4.704  67.557 0.0000000000
72886  52.737  5.663  71.472 0.0000000000
71878  52.795  4.762  71.464 0.0000000000
70839  52.145  3.883  71.138 0.0000000000
70856  51.143  3.420  70.570 0.0000000000
118819  48.761  2.510  67.971 0.0000000000
118881  48.014  2.579  68.167 0.0000000000
69787  47.672  2.780  69.619 0.0000000000
68740  45.059  1.790  68.031 0.0000000000
122667  47.710  2.206  78.207 0.0000000000
62125  44.107  -4.218  76.166 0.0000000000
63262  44.320  -3.709  75.590 0.0000000000
63282  44.260  -3.388  74.715 0.0000000000
63302  43.668  -3.613  73.382 0.0000000000
63301  44.177  -3.134  73.906 0.0000000000
64428  44.567  -2.366  73.595 0.0000000000
64451  44.409  -2.120  72.808 0.0000000000
137922  43.913  -1.448  71.337 0.0000000000
64493  42.928  -1.977  70.065 0.0000000000
133563  42.307  -3.108  69.757 0.0000000000
64494  42.445  -2.488  69.569 0.0000000000
129087  42.143  -2.263  68.810 0.0000000000
64515  41.868  -2.000  68.012 0.0000000000
64516  41.432  -2.565  67.482 0.0000000000
64550  40.563  -2.593  65.477 0.0000000000
64532  40.737  -2.842  66.242 0.0000000000
63423  40.062  -4.152  66.000 0.0000000000
62249  40.300  -4.423  66.742 0.0000000000
62258  39.469  -4.551  65.586 0.0000000000
62259  38.881  -4.927  65.237 0.0000000000
134546  36.414  -7.660  69.433 0.0000000000
131147  36.160  -7.503  68.667 0.0000000000
122704  34.967  -7.454  67.969 0.0000000000
58890  34.479  -7.369  67.386 0.0000000000
58901  33.751  -7.295  66.738 0.0000000000
50637  34.301  -14.126  78.757 0.0000000000
122601  34.383  -13.603  78.075 0.0000000000
51924  33.127  -13.573  76.179 0.0000000000
137407  32.512  -13.972  76.553 0.0000000000
51935  32.578  -13.608  75.721 0.0000000000
135990  33.063  -13.355  75.585 0.0000000000
51978  31.460  -13.210  73.086 0.0000000000
50742  26.238  -13.941  71.822 0.0000000000
52018  25.895  -13.862  70.909 0.0000000000
52038  26.417  -13.463  70.310 0.0000000000
52054  26.211  -13.398  69.506 0.0000000000
75933  56.164  8.725  56.156 0.0000000000
75934  55.443  8.647  56.514 0.0000000000
75944  55.802  8.310  55.690 0.0000000000
74031  55.186  6.402  53.853 0.0000000000
70012  52.829  1.995  52.981 0.0000000000
50543  24.587  -14.582  85.338 0.0000000000
49408  24.091  -15.190  85.856 0.0000000000
49396  23.608  -15.750  87.225 0.0000000000
48224  23.247  -16.305  87.632 0.0000000000
48215  22.794  -16.730  88.780 0.0000000000
49357  24.028  -15.010  90.081 0.0000000000
135940  23.880  -15.244  89.298 0.0000000000
125304  32.305  -12.002  91.003 0.0000000000
51751  32.198  -12.617  90.579 0.0000000000
140633  32.354  -13.211  90.074 0.0000000000
51776  30.867  -13.426  88.458 0.0000000000
53008  30.258  -13.116  88.058 0.0000000000
123561  29.850  -13.049  87.230 0.0000000000
53018  29.246  -12.552  86.594 0.0000000000
55327  28.309  -9.828  88.686 0.0000000000
54167  28.307  -11.245  87.303 0.0000000000
53019  28.561  -12.219  86.212 0.0000000000
53022  25.979  -12.526  86.382 0.0000000000
53033  26.107  -12.778  85.739 0.0000000000
68830  50.289  1.406  62.672 0.0000000000
72900  51.078  6.090  70.338 0.0000000000
73857  51.676  6.151  71.005 0.0000000000
73840  51.122  6.845  71.816 0.0000000000
73839  52.091  6.230  71.490 0.0000000000
126182  52.321  6.054  72.090 0.0000000000
71859  51.978  5.224  73.044 0.0000000000
72853  51.382  6.747  73.317 0.0000000000
72854  51.739  5.805  73.421 0.0000000000
71860  50.269  4.561  73.351 0.0000000000
64327  45.785  -2.592  79.920 0.0000000000
63206  45.301  -3.283  78.847 0.0000000000
63225  44.667  -3.774  77.394 0.0000000000
60856  43.563  -5.402  81.493 0.0000000000
60870  43.442  -5.393  80.598 0.0000000000
60884  43.554  -5.226  79.570 0.0000000000
60902  43.349  -5.312  78.577 0.0000000000
62052  43.868  -4.888  78.886 0.0000000000
62075  43.764  -4.852  78.106 0.0000000000
62093  44.243  -4.363  77.746 0.0000000000
62110  44.150  -4.279  76.899 0.0000000000
60988  43.081  -5.054  74.182 0.0000000000
60971  42.723  -5.565  74.520 0.0000000000
60989  42.688  -5.528  73.627 0.0000000000
61002  42.515  -5.633  72.867 0.0000000000
118048  41.445  -6.215  70.845 0.0000000000
59946  41.213  -6.087  69.971 0.0000000000
59947  40.797  -6.587  70.399 0.0000000000
131085  40.332  -7.105  71.749 0.0000000000
58827  39.567  -7.332  71.352 0.0000000000
58845  39.193  -7.245  70.101 0.0000000000
58846  38.375  -7.455  70.177 0.0000000000
58847  37.491  -7.609  70.229 0.0000000000
58784  38.986  -7.566  74.201 0.0000000000
138546  38.174  -7.687  73.155 0.0000000000
58798  37.787  -7.896  73.611 0.0000000000
58812  37.765  -7.812  72.822 0.0000000000
117132  37.889  -7.724  72.050 0.0000000000
58830  36.987  -7.842  70.963 0.0000000000
130700  36.656  -7.775  70.192 0.0000000000
58848  35.864  -7.973  70.053 0.0000000000
57829  35.080  -8.216  69.872 0.0000000000
57797  34.913  -8.698  71.121 0.0000000000
57814  34.488  -8.672  70.436 0.0000000000
57830  34.346  -8.414  69.651 0.0000000000
57831  33.654  -8.620  69.426 0.0000000000
135036  28.483  -14.671  76.429 0.0000000000
50701  27.650  -14.536  75.312 0.0000000000
49601  27.137  -15.004  75.834 0.0000000000
50729  26.292  -14.516  73.387 0.0000000000
49604  25.004  -15.825  75.146 0.0000000000
49621  25.296  -15.485  74.503 0.0000000000
48385  23.984  -16.369  74.015 0.0000000000
49633  25.645  -14.848  73.328 0.0000000000
129976  25.741  -14.513  72.552 0.0000000000
74969  52.636  7.539  57.434 0.0000000000
73999  52.385  6.661  56.249 0.0000000000
73058  51.918  5.720  55.262 0.0000000000
72127  51.950  4.724  54.192 0.0000000000
72136  51.594  3.801  53.917 0.0000000000
71081  49.437  3.410  55.350 0.0000000000
71085  49.980  3.281  54.808 0.0000000000
70005  50.398  2.683  54.721 0.0000000000
130070  51.403  2.062  54.095 0.0000000000
46256  21.251  -18.329  80.854 0.0000000000
131152  20.713  -18.998  80.832 0.0000000000
47178  22.288  -17.285  85.227 0.0000000000
45248  20.140  -19.394  85.020 0.0000000000
46202  20.601  -18.720  86.695 0.0000000000
45234  19.961  -19.211  87.257 0.0000000000
46209  20.439  -19.008  85.878 0.0000000000
45255  19.708  -20.295  84.353 0.0000000000
54153  39.231  -11.599  88.716 0.0000000000
56548  40.759  -9.751  87.652 0.0000000000
138475  40.880  -8.974  87.461 0.0000000000
56567  41.162  -9.825  86.858 0.0000000000
56582  41.193  -9.871  85.824 0.0000000000
55372  40.680  -10.457  85.194 0.0000000000
54209  39.644  -11.540  85.001 0.0000000000
55392  39.979  -10.872  84.605 0.0000000000
55391  40.307  -10.204  84.254 0.0000000000
56609  39.212  -10.196  82.955 0.0000000000
55438  38.249  -10.188  81.719 0.0000000000
56629  38.055  -9.894  81.034 0.0000000000
54268  37.312  -11.306  81.309 0.0000000000
54269  36.907  -12.032  81.345 0.0000000000
51885  35.287  -13.551  79.714 0.0000000000
50582  36.046  -14.536  83.119 0.0000000000
128976  35.904  -14.472  82.623 0.0000000000
49443  35.097  -15.383  83.058 0.0000000000
50583  35.513  -14.912  82.647 0.0000000000
51842  35.783  -14.373  82.118 0.0000000000
51856  35.607  -14.170  81.231 0.0000000000
50609  35.154  -14.244  80.320 0.0000000000
50622  34.731  -14.167  79.522 0.0000000000
50623  34.152  -14.566  79.436 0.0000000000
50638  33.626  -14.510  78.737 0.0000000000
49540  32.973  -14.863  79.178 0.0000000000
49520  33.209  -15.099  79.938 0.0000000000
49559  30.356  -14.950  78.386 0.0000000000
50506  32.126  -14.253  88.430 0.0000000000
50518  32.597  -14.755  87.848 0.0000000000
50530  32.310  -15.020  87.131 0.0000000000
49407  32.129  -15.303  86.398 0.0000000000
49432  31.913  -15.915  84.712 0.0000000000
49447  31.791  -16.099  83.448 0.0000000000
50569  29.474  -14.991  83.546 0.0000000000
50568  30.198  -15.376  83.935 0.0000000000
49464  31.455  -16.047  82.811 0.0000000000
49484  31.595  -15.869  82.011 0.0000000000
49503  31.262  -15.726  81.149 0.0000000000
120472  30.964  -15.522  80.386 0.0000000000
119956  30.183  -15.522  80.276 0.0000000000
120344  30.174  -15.273  79.094 0.0000000000
137091  28.870  -15.218  78.057 0.0000000000
136171  28.165  -15.277  77.590 0.0000000000
49561  27.413  -15.562  77.787 0.0000000000
48339  25.297  -16.258  77.270 0.0000000000
131385  26.091  -15.925  80.051 0.0000000000
48305  24.894  -16.313  79.300 0.0000000000
48340  24.591  -16.500  77.574 0.0000000000
48341  23.899  -16.704  77.107 0.0000000000
125692  22.698  -17.420  77.848 0.0000000000
46281  22.014  -18.070  77.664 0.0000000000
126252  22.232  -18.225  76.696 0.0000000000
118979  52.146  3.624  61.059 0.0000000000
72053  54.880  5.041  61.200 0.0000000000
70980  56.625  4.828  62.223 0.0000000000
67815  52.008  0.700  61.392 0.0000000000
67839  51.599  0.224  60.854 0.0000000000
55277  24.000  -10.659  91.399 0.0000000000
54117  23.578  -11.447  92.378 0.0000000000
52959  23.661  -12.121  92.731 0.0000000000
51715  23.746  -12.899  92.970 0.0000000000
50448  23.197  -14.257  93.407 0.0000000000
52946  22.226  -13.262  93.981 0.0000000000
51717  22.398  -13.668  93.994 0.0000000000
134758  22.512  -14.007  93.924 0.0000000000
49329  22.561  -14.769  93.737 0.0000000000
49340  22.226  -15.760  93.348 0.0000000000
48166  21.532  -16.094  93.805 0.0000000000
48155  21.266  -15.743  94.628 0.0000000000
48179  20.866  -16.650  93.246 0.0000000000
47113  19.283  -17.502  92.870 0.0000000000
50424  18.155  -15.016  96.511 0.0000000000
49304  18.940  -15.647  96.555 0.0000000000
122028  19.329  -16.774  95.639 0.0000000000
47082  18.547  -17.329  96.039 0.0000000000
47102  18.953  -17.498  93.795 0.0000000000
47114  18.674  -17.926  93.076 0.0000000000
46151  18.444  -18.623  92.783 0.0000000000
44178  18.843  -20.184  94.228 0.0000000000
42878  18.057  -21.143  96.382 0.0000000000
75916  53.347  8.614  58.792 0.0000000000
74959  52.345  7.715  58.207 0.0000000000
130181  51.712  7.420  58.354 0.0000000000
74971  51.236  6.991  58.070 0.0000000000
73991  50.671  6.464  57.662 0.0000000000
73039  49.252  5.513  57.264 0.0000000000
75889  50.999  8.128  61.410 0.0000000000
74933  50.439  7.635  60.647 0.0000000000
74947  49.915  7.127  59.828 0.0000000000
71075  47.939  3.714  56.985 0.0000000000
130364  47.947  2.967  57.810 0.0000000000
71026  46.629  3.751  59.484 0.0000000000
71025  47.199  3.366  59.484 0.0000000000
139828  48.240  3.379  60.900 0.0000000000
71003  48.588  3.218  60.345 0.0000000000
71001  50.562  3.352  60.771 0.0000000000
70964  53.173  4.409  62.422 0.0000000000
70965  52.226  4.044  62.812 0.0000000000
72001  55.158  5.035  64.514 0.0000000000
122618  54.138  5.080  65.173 0.0000000000
72002  54.821  5.101  64.950 0.0000000000
68788  51.205  1.701  64.282 0.0000000000
71945  49.553  4.892  68.012 0.0000000000
71925  52.062  5.237  68.509 0.0000000000
70854  53.136  4.404  69.994 0.0000000000
70868  53.269  4.224  69.274 0.0000000000
134210  53.573  4.029  68.508 0.0000000000
69817  53.649  3.591  67.632 0.0000000000
68810  49.378  1.675  63.718 0.0000000000
138645  49.020  1.842  64.825 0.0000000000
68790  48.667  1.802  64.154 0.0000000000
69868  46.715  2.201  66.314 0.0000000000
123272  49.878  5.213  75.239 0.0000000000
70810  48.360  4.065  73.264 0.0000000000
129988  47.639  1.541  78.099 0.0000000000
64369  45.472  -2.376  76.579 0.0000000000
119098  46.253  -1.201  76.442 0.0000000000
65543  45.640  -1.637  75.260 0.0000000000
65531  46.176  -0.999  75.635 0.0000000000
66623  47.015  -0.286  76.867 0.0000000000
67635  47.346  0.370  77.048 0.0000000000
123368  47.609  1.200  77.295 0.0000000000
68638  47.828  1.985  77.555 0.0000000000
69718  47.552  2.436  76.254 0.0000000000
69729  47.187  2.922  75.400 0.0000000000
69730  46.649  2.263  74.780 0.0000000000
130371  47.350  3.599  74.201 0.0000000000
70811  47.523  3.711  73.518 0.0000000000
70824  47.645  3.660  72.708 0.0000000000
70825  46.901  3.338  72.269 0.0000000000
69775  45.699  2.463  70.697 0.0000000000
69764  45.478  2.286  71.591 0.0000000000
68728  45.141  2.005  68.893 0.0000000000
68754  44.411  1.155  67.809 0.0000000000
65626  43.948  -0.820  70.957 0.0000000000
66696  43.943  -0.044  70.306 0.0000000000
67726  43.941  0.352  69.352 0.0000000000
66725  43.204  -0.445  68.618 0.0000000000
67741  44.112  0.734  68.598 0.0000000000
132209  44.379  1.134  67.049 0.0000000000
126250  43.922  0.758  66.624 0.0000000000
67772  43.590  0.702  65.182 0.0000000000
64577  39.583  -2.596  63.228 0.0000000000
63470  39.114  -3.341  63.850 0.0000000000
59974  40.308  -6.169  68.794 0.0000000000
59987  39.370  -6.257  67.707 0.0000000000
59976  38.797  -6.768  68.205 0.0000000000
61093  39.151  -6.034  66.965 0.0000000000
61102  38.884  -5.803  66.272 0.0000000000
58888  36.705  -7.212  67.953 0.0000000000
61115  37.188  -5.986  65.116 0.0000000000
55454  37.375  -10.119  80.080 0.0000000000
55468  37.029  -10.071  79.380 0.0000000000
55483  36.598  -10.304  78.608 0.0000000000
54318  36.181  -11.123  78.950 0.0000000000
55498  36.347  -10.226  77.704 0.0000000000
55514  36.192  -10.100  77.006 0.0000000000
56686  35.890  -9.873  75.849 0.0000000000
55544  35.119  -10.230  74.803 0.0000000000
53130  34.514  -12.979  77.397 0.0000000000
53142  34.752  -12.259  77.123 0.0000000000
54352  34.765  -11.865  76.544 0.0000000000
53156  33.837  -12.599  75.419 0.0000000000
53155  34.363  -12.247  75.966 0.0000000000
54367  34.780  -11.421  75.830 0.0000000000
56715  34.860  -9.972  74.078 0.0000000000
55581  34.018  -10.272  72.880 0.0000000000
56749  33.842  -9.995  72.129 0.0000000000
55596  33.333  -10.444  71.647 0.0000000000
55604  33.082  -10.086  70.948 0.0000000000
56782  32.852  -9.833  70.236 0.0000000000
50698  30.436  -13.803  75.392 0.0000000000
50717  29.846  -13.679  74.756 0.0000000000
51979  30.628  -13.409  73.437 0.0000000000
51995  30.760  -13.146  72.566 0.0000000000
51999  27.044  -13.657  71.960 0.0000000000
52016  27.745  -13.462  71.877 0.0000000000
139176  28.378  -13.275  71.642 0.0000000000
52015  29.093  -13.214  71.846 0.0000000000
52014  29.999  -13.122  72.024 0.0000000000
53211  30.798  -12.799  71.829 0.0000000000
53210  31.377  -12.493  71.559 0.0000000000
53221  31.261  -12.306  70.841 0.0000000000
54429  31.667  -11.796  70.437 0.0000000000
54437  30.692  -11.764  69.457 0.0000000000
54436  31.344  -11.477  69.771 0.0000000000
55613  31.592  -10.758  69.516 0.0000000000
55620  31.158  -10.365  68.933 0.0000000000
56800  31.447  -9.628  68.593 0.0000000000
74980  53.610  7.481  56.329 0.0000000000
74992  53.980  7.221  55.540 0.0000000000
133846  54.089  6.835  54.894 0.0000000000
74019  54.559  6.662  54.416 0.0000000000
139118  54.884  5.915  53.622 0.0000000000
73089  55.404  5.706  53.325 0.0000000000
138005  53.104  2.676  52.960 0.0000000000
124497  53.585  3.551  59.074 0.0000000000
47074  18.230  -17.031  96.744 0.0000000000
48137  18.592  -16.383  96.720 0.0000000000
49446  32.207  -16.120  84.089 0.0000000000
49523  30.631  -15.365  79.690 0.0000000000
50440  21.918  -14.340  94.493 0.0000000000
50491  35.913  -14.512  89.253 0.0000000000
50492  35.143  -14.390  89.691 0.0000000000
50501  36.832  -14.408  88.629 0.0000000000
50504  33.768  -14.735  88.778 0.0000000000
50514  37.137  -14.237  88.009 0.0000000000
51762  34.504  -14.068  90.157 0.0000000000
51765  31.847  -13.181  89.776 0.0000000000
51774  37.734  -13.615  88.354 0.0000000000
52974  35.873  -12.504  90.150 0.0000000000
53050  36.829  -13.442  82.790 0.0000000000
53062  37.482  -12.513  82.918 0.0000000000
54133  32.034  -11.369  90.836 0.0000000000
54211  38.294  -12.327  84.141 0.0000000000
57641  42.125  -7.878  85.968 0.0000000000
57690  38.941  -8.831  81.099 0.0000000000
57741  38.218  -8.111  75.923 0.0000000000
58736  40.355  -7.120  78.189 0.0000000000
58747  39.225  -7.673  77.496 0.0000000000
58772  39.449  -7.466  75.353 0.0000000000
58797  38.645  -7.608  73.531 0.0000000000
58875  38.554  -7.124  68.862 0.0000000000
59770  43.589  -5.625  83.316 0.0000000000
59831  40.794  -6.838  77.251 0.0000000000
59864  40.651  -6.930  75.583 0.0000000000
59878  40.983  -6.775  74.866 0.0000000000
60855  44.016  -4.999  81.934 0.0000000000
60871  42.964  -5.726  80.007 0.0000000000
60919  42.704  -5.625  76.923 0.0000000000
61999  44.817  -3.769  81.699 0.0000000000
63347  42.735  -3.460  70.909 0.0000000000
64326  45.981  -2.066  79.279 0.0000000000
64352  46.271  -1.540  77.853 0.0000000000
64480  42.729  -2.780  70.326 0.0000000000
66624  46.627  -0.595  76.308 0.0000000000
67753  43.583  0.338  67.210 0.0000000000
68676  45.903  0.929  73.530 0.0000000000
69681  47.554  2.697  78.538 0.0000000000
71074  48.415  3.428  56.486 0.0000000000
71892  53.246  5.047  70.256 0.0000000000
72100  47.500  3.977  57.531 0.0000000000
117374  41.495  -8.299  83.944 0.0000000000
119467  41.965  -6.283  75.748 0.0000000000
124597  46.165  1.784  64.179 0.0000000000
127035  38.087  -6.580  67.125 0.0000000000
128899  36.400  -14.611  88.781 0.0000000000
129003  44.215  -4.752  82.963 0.0000000000
129490  42.870  -6.516  83.774 0.0000000000
129941  34.250  -9.467  71.827 0.0000000000
132668  18.249  -17.435  96.465 0.0000000000
136367  45.638  -2.908  80.232 0.0000000000
137123  39.596  -7.225  70.632 0.0000000000
138221  20.322  -14.406  95.228 0.0000000000
139239  39.782  -11.684  87.802 0.0000000000
139618  35.130  -15.603  84.674 0.0000000000
140814  37.639  -10.210  80.650 0.0000000000
141394  33.030  -12.324  73.489 0.0000000000
141469  32.746  -15.387  86.717 0.0000000000
