#!ascii label  , from subject sub-v2s16x51231_ses-1 vox2ras=TkReg
1609
29138  33.641  -35.529  24.697 0.8999999762
29164  34.122  -35.753  23.963 0.8000000119
28102  34.502  -35.936  23.071 0.8000000119
28116  34.180  -36.751  22.647 0.6999999881
28140  34.685  -36.405  20.917 0.8000000119
29115  33.157  -35.295  25.326 0.8999999762
29163  34.526  -35.196  23.593 1.0000000000
30168  35.284  -34.916  22.183 1.0000000000
120076  34.871  -35.724  22.215 0.8999999762
29186  34.911  -35.940  21.451 0.8000000119
28153  34.814  -36.111  19.919 0.8000000119
29199  35.143  -35.671  20.753 0.8999999762
27106  34.336  -36.990  20.298 0.8000000119
28161  34.101  -36.373  18.543 0.6999999881
27130  33.705  -37.162  18.786 0.6999999881
29098  32.164  -35.222  26.080 0.8000000119
123876  33.574  -34.893  25.008 0.8999999762
30125  33.725  -34.213  25.052 0.8999999762
30112  32.378  -34.394  25.797 0.8999999762
30101  29.832  -34.737  26.354 0.8999999762
134025  34.752  -34.292  23.584 0.8999999762
131137  35.204  -34.333  22.731 1.0000000000
29198  35.416  -34.865  20.793 0.8999999762
30202  35.404  -34.288  20.125 1.0000000000
29213  35.255  -35.173  19.993 0.8999999762
132649  34.863  -35.364  19.206 0.8999999762
28160  34.572  -36.069  19.060 0.8000000119
28162  32.912  -36.586  17.707 0.6999999881
124961  34.224  -32.878  24.674 0.8999999762
31107  33.719  -33.383  25.105 0.8999999762
31097  32.250  -33.377  25.607 0.8999999762
31098  31.352  -33.357  25.606 0.8999999762
31099  30.593  -33.472  25.462 0.8999999762
31106  34.289  -33.789  24.474 0.8999999762
31123  35.194  -33.658  23.129 0.8999999762
31152  35.515  -33.791  21.677 1.0000000000
30215  34.633  -34.645  18.631 0.8000000119
29222  34.357  -35.517  18.486 0.8000000119
29233  32.995  -35.196  17.378 0.8000000119
29234  32.355  -35.135  17.050 0.8000000119
137621  31.712  -35.119  16.756 0.8000000119
30244  31.076  -34.631  16.549 0.8000000119
32055  32.363  -32.550  25.400 0.8999999762
31100  29.862  -33.673  25.092 0.8999999762
30126  29.300  -34.086  24.420 0.8999999762
32067  30.696  -32.251  24.138 0.8999999762
31124  30.170  -32.633  23.470 0.8000000119
30127  28.720  -34.575  23.751 0.8000000119
130426  34.833  -33.118  23.824 0.8999999762
32083  29.960  -32.384  22.359 0.6999999881
30150  29.246  -33.794  22.910 0.6999999881
30170  28.243  -34.118  21.447 0.6999999881
32080  35.380  -32.810  22.906 0.8999999762
137751  28.929  -33.072  21.262 0.6999999881
126959  26.937  -34.238  21.119 0.6999999881
32094  35.600  -32.213  22.256 1.0000000000
31155  27.487  -33.742  21.194 0.6000000238
128923  35.579  -33.009  21.978 1.0000000000
31164  35.611  -33.196  21.112 1.0000000000
31174  35.499  -33.438  20.296 1.0000000000
31175  35.291  -33.661  19.530 1.0000000000
30203  35.137  -34.499  19.340 0.8999999762
32126  35.391  -32.942  19.742 1.0000000000
131611  34.508  -33.043  18.459 0.8999999762
31187  34.287  -33.908  18.180 0.8000000119
30216  34.049  -34.801  17.991 0.8000000119
129788  32.817  -34.399  17.230 0.8000000119
31213  32.235  -33.631  16.981 0.8000000119
31214  31.420  -33.729  16.660 0.8000000119
31215  30.560  -33.785  16.497 0.8000000119
32162  30.045  -33.009  16.476 0.8000000119
32054  33.020  -32.963  25.391 0.8999999762
32056  31.653  -32.601  25.317 0.8999999762
33034  32.948  -32.025  25.324 0.8999999762
33035  31.983  -31.822  25.180 0.8999999762
32057  30.921  -32.715  25.114 0.8999999762
33052  30.871  -31.486  23.621 0.8999999762
32064  34.615  -32.201  24.310 0.8999999762
31139  29.397  -32.944  21.812 0.6999999881
32081  35.143  -32.155  23.580 0.8999999762
31153  29.155  -32.696  21.415 0.6000000238
32108  28.768  -32.907  21.246 0.6000000238
127227  35.647  -31.631  22.418 1.0000000000
31141  26.505  -33.726  22.294 0.5000000000
32107  35.676  -32.361  21.417 1.0000000000
31126  25.847  -34.157  23.444 0.5000000000
33103  35.806  -31.632  20.919 1.0000000000
32116  35.590  -32.478  20.419 1.0000000000
33116  35.275  -32.156  19.502 1.0000000000
32127  35.068  -32.972  19.101 1.0000000000
32140  34.131  -32.268  18.210 0.8999999762
31205  33.004  -33.464  17.383 0.8000000119
32152  33.430  -32.161  17.765 0.8999999762
127205  33.071  -32.730  17.516 0.8000000119
32159  32.428  -32.831  17.230 0.8000000119
32153  32.674  -32.091  17.449 0.8999999762
32154  31.921  -32.134  17.169 0.8000000119
33150  32.181  -31.348  17.396 0.8999999762
32160  31.192  -32.184  16.843 0.8000000119
128306  29.564  -32.224  16.489 0.8000000119
33158  29.960  -31.469  16.672 0.8000000119
33159  29.080  -31.464  16.504 0.8000000119
32066  31.279  -31.941  24.698 0.8999999762
32065  33.911  -32.069  24.954 0.8999999762
33049  33.363  -31.253  25.164 0.8999999762
33068  30.881  -30.820  23.240 0.6999999881
32095  30.146  -31.846  22.161 0.8000000119
33066  35.365  -31.401  23.360 0.8999999762
34040  34.660  -30.729  24.474 0.8999999762
32097  29.117  -32.381  21.533 0.6999999881
32098  27.961  -32.602  21.823 0.6000000238
31140  27.333  -33.387  21.541 0.6000000238
33082  29.108  -31.644  22.032 0.6999999881
33083  28.332  -31.940  22.441 0.6000000238
32085  27.159  -33.055  22.763 0.5000000000
33091  35.782  -31.626  21.804 1.0000000000
32069  26.939  -32.753  24.299 0.5000000000
31111  25.605  -33.778  24.512 0.5000000000
136823  35.570  -31.578  20.068 1.0000000000
139237  35.311  -31.490  19.553 1.0000000000
33117  34.951  -31.388  19.036 1.0000000000
33137  33.807  -31.459  18.077 0.8999999762
124312  35.403  -30.835  19.628 1.0000000000
135927  34.948  -30.584  18.988 0.8999999762
33136  34.403  -31.626  18.508 0.8999999762
33149  33.029  -31.335  17.644 0.8999999762
34137  33.456  -30.594  17.956 0.8999999762
34138  32.476  -30.422  17.610 0.8999999762
34148  30.992  -30.883  17.147 0.8999999762
33157  30.732  -31.479  16.880 0.8999999762
35114  33.087  -29.714  17.952 0.8999999762
125950  31.699  -29.934  17.496 0.8999999762
34149  30.346  -30.758  16.955 0.8999999762
34140  30.890  -30.074  17.276 0.8999999762
33050  32.397  -31.090  25.122 0.8999999762
33051  31.520  -30.984  24.336 0.8999999762
34061  31.201  -30.100  23.544 1.0000000000
34062  30.510  -30.553  22.728 0.8000000119
34041  33.807  -30.614  25.038 0.8999999762
33080  29.990  -31.546  22.058 0.6999999881
137773  35.590  -31.350  22.796 0.8999999762
34060  35.272  -30.780  23.812 0.8999999762
34063  30.021  -30.390  22.597 0.6999999881
33070  28.625  -31.290  22.978 0.6999999881
32084  27.639  -32.380  23.221 0.5000000000
33079  35.837  -31.095  22.294 1.0000000000
32070  26.076  -33.120  24.919 0.5000000000
34085  36.062  -30.840  21.426 1.0000000000
34098  36.148  -30.256  20.807 1.0000000000
34097  36.233  -29.564  20.739 1.0000000000
34107  35.825  -29.967  20.067 1.0000000000
34108  35.232  -29.955  19.282 1.0000000000
35085  35.484  -29.171  19.562 1.0000000000
35072  36.013  -29.049  20.185 1.0000000000
34128  34.620  -29.946  18.711 0.8999999762
139604  27.332  -29.837  14.154 0.6999999881
132562  27.018  -29.036  15.174 0.8000000119
35144  26.959  -29.564  15.434 0.8000000119
131796  26.746  -28.869  15.762 0.8000000119
131235  33.300  -29.954  25.196 1.0000000000
35017  32.468  -29.591  24.964 1.0000000000
129038  31.698  -29.445  24.228 1.0000000000
35018  31.058  -29.286  23.602 0.6999999881
35037  30.548  -29.857  23.050 0.6999999881
34059  35.673  -30.728  23.013 0.8999999762
35036  35.079  -30.060  24.224 0.8999999762
34044  29.518  -30.159  23.370 0.6999999881
32068  27.482  -32.169  24.283 0.6000000238
34075  36.279  -29.950  21.471 1.0000000000
34076  36.103  -30.343  22.260 0.8999999762
128576  35.517  -30.178  23.567 0.8999999762
32071  24.979  -33.046  25.099 0.4000000060
36049  35.099  -28.458  19.220 1.0000000000
36064  34.446  -28.500  18.763 1.0000000000
37084  34.670  -27.753  19.027 1.0000000000
36078  27.822  -28.600  17.042 0.8999999762
36118  28.463  -28.946  13.757 0.6000000238
35158  27.577  -29.354  14.022 0.6000000238
36109  27.226  -28.884  14.695 0.8000000119
36110  26.781  -28.348  15.412 0.8000000119
35132  26.793  -29.399  15.933 0.8999999762
35120  27.531  -29.270  16.609 0.8999999762
35015  34.851  -29.244  24.566 0.8999999762
129159  34.190  -29.877  24.894 0.8999999762
35038  30.071  -29.763  23.139 0.6999999881
34045  28.784  -30.734  23.767 0.6999999881
34047  27.224  -31.156  25.138 0.6000000238
128645  25.057  -31.292  25.222 0.4000000060
35050  36.247  -29.412  22.273 1.0000000000
35051  35.892  -29.884  23.000 0.8999999762
35060  36.374  -29.159  21.378 1.0000000000
35071  36.294  -28.905  20.746 1.0000000000
36032  36.163  -28.276  20.443 1.0000000000
36048  35.665  -28.349  19.799 1.0000000000
37083  35.263  -27.768  19.459 1.0000000000
36077  28.809  -28.372  17.359 0.8999999762
37109  28.775  -27.445  17.629 0.8999999762
129883  27.966  -27.899  17.391 0.8999999762
128026  26.632  -27.891  16.644 0.8999999762
36079  27.074  -28.642  16.621 0.8999999762
36106  30.047  -28.336  14.043 0.6000000238
36107  29.127  -28.348  14.036 0.6000000238
136121  28.386  -28.296  14.211 0.6000000238
36108  27.751  -28.587  14.303 0.8000000119
36084  26.623  -28.628  16.185 0.8999999762
35016  33.293  -29.313  25.134 0.8999999762
35983  31.441  -28.715  24.167 0.6999999881
128052  33.359  -28.560  25.035 0.8999999762
131933  32.040  -28.969  24.560 0.8999999762
35020  29.647  -29.497  23.941 0.6000000238
35035  35.554  -29.389  23.746 1.0000000000
35980  35.340  -28.526  24.193 1.0000000000
35001  29.113  -29.111  24.813 0.6000000238
34046  27.980  -30.781  24.816 0.6000000238
34026  27.078  -30.342  25.539 0.5000000000
35994  36.221  -28.621  22.746 1.0000000000
35034  36.019  -29.185  23.073 1.0000000000
124412  36.207  -27.884  23.130 1.0000000000
36008  36.436  -28.610  21.967 1.0000000000
36018  36.421  -28.410  21.177 1.0000000000
37068  36.390  -27.522  20.961 1.0000000000
37069  35.786  -27.333  20.081 1.0000000000
38138  34.964  -26.950  19.388 1.0000000000
38151  34.160  -27.053  18.939 1.0000000000
122599  33.543  -27.215  18.682 1.0000000000
126392  33.013  -27.003  18.586 1.0000000000
37097  32.401  -27.217  18.435 1.0000000000
37099  31.070  -27.107  18.219 1.0000000000
36074  31.328  -28.056  17.936 0.8999999762
129566  29.457  -27.801  17.660 0.8999999762
135596  27.311  -28.159  17.039 0.8999999762
37118  26.043  -27.553  16.197 0.8999999762
38195  31.132  -26.899  14.952 0.6000000238
37148  30.490  -27.635  14.498 0.6000000238
37149  29.581  -27.697  14.401 0.6000000238
37150  28.755  -27.785  14.390 0.6000000238
130768  27.256  -28.225  14.837 0.8000000119
35966  31.914  -28.294  24.665 0.6999999881
35984  30.712  -28.691  24.073 0.6000000238
35985  29.918  -28.817  24.295 0.6000000238
37021  35.147  -27.709  24.533 0.8999999762
35002  28.276  -29.343  25.394 0.6000000238
35022  27.879  -30.004  25.287 0.5000000000
35995  35.898  -28.568  23.469 1.0000000000
130477  36.385  -28.053  22.465 1.0000000000
37032  36.169  -26.993  23.518 0.8999999762
130774  36.543  -27.151  21.748 1.0000000000
38122  36.405  -26.555  21.265 1.0000000000
138513  36.193  -26.942  20.636 1.0000000000
38123  35.906  -26.306  20.486 1.0000000000
38137  35.353  -26.490  19.919 1.0000000000
39215  34.482  -25.478  19.683 1.0000000000
38139  34.244  -26.229  19.315 1.0000000000
38152  33.416  -26.410  18.919 1.0000000000
38153  31.779  -26.675  18.462 1.0000000000
125757  30.216  -26.619  18.232 1.0000000000
137375  29.572  -26.529  18.129 0.8999999762
124630  27.914  -27.017  17.523 0.8999999762
38167  26.537  -26.417  17.128 0.8999999762
38196  30.690  -26.104  15.201 0.6000000238
38205  29.994  -26.798  14.909 0.6000000238
124600  29.042  -27.130  14.597 0.6000000238
38207  28.310  -26.761  14.755 0.6999999881
38208  27.393  -26.751  14.961 0.6999999881
37151  26.808  -27.448  15.231 0.6999999881
37135  26.155  -27.587  15.821 0.8000000119
37112  25.801  -26.908  16.250 0.8999999762
39265  31.527  -25.905  15.278 0.6000000238
38209  26.543  -26.453  15.286 0.6999999881
37136  26.010  -26.847  15.636 0.8000000119
38197  25.705  -26.256  15.840 0.8999999762
35967  31.083  -27.989  24.565 0.6999999881
35968  29.451  -28.400  25.053 0.6000000238
37022  34.401  -27.558  24.934 0.8999999762
37023  33.442  -27.697  25.088 0.8000000119
139195  32.603  -27.384  25.202 0.6999999881
37033  35.772  -27.785  23.853 0.8999999762
38071  35.006  -26.916  24.935 0.8000000119
38092  36.438  -26.425  22.984 1.0000000000
136035  36.284  -26.204  23.607 0.8000000119
140971  36.525  -25.930  22.587 0.8999999762
38106  36.570  -26.523  22.193 1.0000000000
39207  35.739  -25.449  20.651 1.0000000000
40264  34.806  -24.955  20.025 1.0000000000
39216  33.649  -25.372  19.320 1.0000000000
39229  32.803  -25.594  18.947 1.0000000000
127884  32.546  -26.421  18.654 1.0000000000
38154  31.046  -26.220  18.480 1.0000000000
38155  29.615  -25.935  18.339 0.8999999762
38164  28.898  -26.536  17.953 0.8999999762
38165  28.131  -26.224  17.852 0.8999999762
38206  29.151  -26.283  14.962 0.6000000238
123964  27.790  -26.100  14.892 0.6999999881
38168  25.955  -26.394  16.567 0.8999999762
39275  31.758  -24.957  15.150 0.6000000238
126012  30.890  -25.234  15.236 0.6000000238
39279  27.046  -25.881  15.010 0.6999999881
38210  25.982  -26.126  15.508 0.6999999881
132847  31.750  -27.438  25.178 0.6999999881
133126  30.490  -27.686  24.974 0.6000000238
37003  34.028  -26.978  25.201 0.8000000119
37004  33.111  -26.892  25.293 0.8000000119
37005  32.339  -26.787  25.476 0.6999999881
37006  30.953  -27.421  25.078 0.6999999881
124685  35.895  -25.878  24.461 0.6999999881
38060  35.132  -26.183  24.983 0.8000000119
39151  36.444  -25.614  23.264 0.6999999881
126974  36.416  -24.826  21.715 0.8000000119
39206  36.217  -25.627  21.142 0.8000000119
121720  36.279  -24.001  21.152 0.8000000119
40256  35.960  -24.776  20.942 0.8999999762
40257  35.350  -24.839  20.431 0.8999999762
40265  34.277  -24.585  19.617 1.0000000000
138827  33.032  -24.904  19.108 1.0000000000
39230  31.866  -25.696  18.692 1.0000000000
128968  30.948  -25.389  18.644 1.0000000000
40279  32.913  -24.294  18.875 1.0000000000
40280  32.376  -24.888  18.902 1.0000000000
39231  30.145  -25.245  18.533 1.0000000000
131662  29.431  -25.210  18.377 1.0000000000
39232  28.705  -25.618  18.141 0.8999999762
39242  28.181  -25.037  17.929 0.8999999762
39243  27.792  -25.659  17.803 0.8999999762
39244  26.958  -25.737  17.466 0.8999999762
128981  30.307  -24.633  14.921 0.6000000238
39276  29.954  -25.618  15.151 0.6000000238
123965  28.480  -25.791  14.917 0.6000000238
39245  26.235  -25.768  16.993 0.8999999762
38179  25.649  -26.352  16.107 0.8999999762
133936  26.756  -25.131  14.797 0.6999999881
39280  26.153  -25.526  15.124 0.6999999881
39281  25.702  -25.499  15.535 0.8999999762
39266  25.524  -25.599  15.906 0.8999999762
140872  34.156  -25.820  25.412 0.6999999881
38062  32.856  -26.182  25.504 0.6000000238
38063  31.667  -26.551  25.754 0.6000000238
36994  29.873  -27.200  26.034 0.6000000238
39118  35.514  -25.732  24.851 0.6999999881
134663  33.461  -25.615  25.508 0.6000000238
39136  35.938  -25.325  24.636 0.6999999881
40210  36.406  -24.902  23.770 0.6999999881
40229  36.561  -24.875  23.111 0.6999999881
41441  35.705  -24.003  20.426 0.8000000119
41452  35.342  -23.608  19.677 0.8000000119
119260  34.991  -24.298  19.974 0.8000000119
135947  33.555  -24.436  19.206 1.0000000000
41453  34.671  -23.883  19.544 0.8000000119
41469  32.199  -24.181  18.637 1.0000000000
40281  31.577  -24.780  18.724 1.0000000000
40283  29.808  -24.509  18.306 1.0000000000
41470  31.414  -24.043  18.435 1.0000000000
41471  30.598  -23.919  18.181 1.0000000000
40300  29.056  -24.093  17.957 1.0000000000
40301  28.349  -24.447  17.816 1.0000000000
125520  27.386  -25.025  17.593 0.8999999762
134362  29.172  -25.479  15.001 0.6000000238
135237  26.624  -25.235  17.268 0.8999999762
40328  31.120  -24.381  14.790 0.6000000238
122402  29.533  -24.787  14.900 0.6000000238
39277  28.734  -24.889  14.814 0.6999999881
40304  26.047  -25.095  16.771 0.8999999762
39278  27.744  -25.181  14.782 0.6999999881
134665  26.065  -24.523  14.711 0.6999999881
40319  25.386  -24.743  15.559 0.8999999762
38064  30.931  -26.201  26.207 0.5000000000
134987  34.230  -25.151  25.494 0.6000000238
40173  33.457  -24.835  25.628 0.5000000000
40194  35.979  -24.628  24.800 0.6999999881
133266  35.510  -25.055  25.093 0.6999999881
40193  36.346  -24.194  24.281 0.6999999881
41404  36.582  -24.084  23.372 0.6999999881
41418  36.971  -23.111  21.960 0.6999999881
42635  36.778  -23.151  21.195 0.6999999881
41440  36.351  -23.466  20.605 0.8000000119
41451  36.129  -23.276  19.909 0.8000000119
42661  35.801  -22.954  19.179 0.8000000119
42670  35.447  -22.567  18.450 0.8000000119
41467  34.882  -23.309  18.968 0.8000000119
42672  33.692  -23.076  18.092 0.8999999762
41488  32.871  -23.623  18.417 1.0000000000
120529  34.164  -23.369  18.637 0.8000000119
42687  32.849  -22.984  17.730 0.8999999762
41489  32.109  -23.501  18.144 1.0000000000
41491  30.525  -23.240  17.643 1.0000000000
41472  29.822  -23.713  17.882 1.0000000000
41493  28.372  -23.771  17.539 1.0000000000
40302  27.587  -24.255  17.471 0.8999999762
40303  26.676  -24.607  17.174 0.8999999762
41495  26.807  -23.857  16.969 0.8999999762
41496  25.884  -24.264  16.514 0.8999999762
40329  30.449  -23.903  14.371 0.6000000238
40330  29.146  -24.108  14.536 0.6000000238
131490  27.189  -24.322  14.558 0.6999999881
40332  25.363  -24.190  14.978 0.8000000119
125104  25.320  -24.268  15.922 0.8999999762
41522  27.696  -23.557  14.138 0.6999999881
41511  25.175  -23.728  15.425 0.8000000119
41505  25.338  -23.577  16.031 0.8999999762
132143  25.743  -23.576  14.486 0.6999999881
128424  34.269  -24.360  25.572 0.5000000000
40151  32.773  -24.377  25.892 0.5000000000
40195  35.531  -24.258  25.228 0.6999999881
40150  33.653  -24.066  25.698 0.5000000000
41391  36.278  -23.422  24.548 0.6999999881
123237  36.577  -23.356  23.970 0.6999999881
42620  36.765  -23.165  23.187 0.6999999881
42619  37.207  -22.430  22.176 0.6999999881
42648  37.219  -22.340  20.859 0.6999999881
42649  36.741  -22.829  20.321 0.6999999881
42660  36.570  -22.569  19.519 0.8000000119
42669  36.299  -22.248  18.767 0.8000000119
42671  34.584  -22.817  18.227 0.8000000119
43994  33.557  -22.428  17.388 0.8000000119
42688  32.036  -22.847  17.470 0.8999999762
41490  31.321  -23.394  17.858 1.0000000000
136482  29.822  -23.080  17.476 1.0000000000
41492  29.140  -23.381  17.511 1.0000000000
42686  34.241  -22.477  17.666 0.8000000119
42702  32.755  -22.292  17.102 0.8000000119
42690  30.327  -22.568  17.135 0.8999999762
42691  29.333  -22.541  17.032 1.0000000000
42692  28.415  -22.998  17.174 1.0000000000
41494  27.641  -23.457  17.164 1.0000000000
41503  27.013  -23.217  16.768 1.0000000000
42709  25.639  -22.644  16.018 0.8999999762
40331  28.238  -24.170  14.547 0.6999999881
42708  26.741  -22.616  16.459 0.8999999762
140235  29.843  -24.153  14.574 0.6000000238
41521  28.693  -23.508  13.944 0.6000000238
125922  25.117  -23.058  15.600 0.8999999762
41523  26.679  -23.604  14.274 0.6999999881
41524  25.114  -23.342  14.783 0.6999999881
42717  24.936  -22.794  15.051 0.8000000119
41540  25.451  -22.815  14.193 0.6999999881
42710  25.104  -22.328  15.419 0.8000000119
42722  25.013  -22.677  14.516 0.6999999881
41366  34.950  -23.784  25.511 0.6000000238
41344  34.675  -23.196  25.583 0.5000000000
42602  36.394  -22.598  24.495 0.6999999881
41364  35.960  -22.982  24.971 0.5000000000
43935  37.299  -21.729  22.545 0.6999999881
42609  37.038  -22.419  22.941 0.6999999881
43950  37.466  -21.777  21.600 0.6999999881
122219  37.215  -21.127  22.898 0.6999999881
43964  37.529  -21.517  20.624 0.6999999881
42659  37.210  -22.115  19.990 0.6999999881
43974  37.494  -21.278  19.751 0.6999999881
43975  37.035  -21.832  19.183 0.6999999881
43982  36.684  -21.471  18.484 0.8000000119
43983  35.929  -21.858  18.093 0.8000000119
42685  35.032  -22.089  17.713 0.8000000119
44005  33.458  -21.753  16.871 0.8000000119
43992  34.957  -21.328  17.202 0.8000000119
128615  33.340  -21.152  16.554 0.8000000119
42703  31.912  -22.153  16.850 0.8000000119
42704  31.027  -22.008  16.708 0.8999999762
132469  29.183  -21.708  16.492 0.8999999762
42706  28.400  -22.227  16.682 1.0000000000
45014  32.842  -20.701  16.269 0.8000000119
131246  32.289  -21.046  16.368 0.8000000119
42693  27.631  -22.745  16.795 1.0000000000
41536  29.336  -23.356  13.302 0.6000000238
44012  26.541  -21.751  16.016 1.0000000000
41539  26.276  -22.883  13.884 0.6999999881
42738  25.013  -22.202  13.924 0.8000000119
42723  24.808  -22.116  14.505 0.8000000119
44946  37.470  -20.987  22.165 0.6999999881
122168  37.467  -20.227  21.801 0.6999999881
44966  37.613  -20.851  21.264 0.6999999881
44979  37.671  -20.654  20.389 0.6999999881
44990  37.617  -20.423  19.576 0.6999999881
43981  37.322  -20.989  18.959 0.6999999881
44999  36.964  -20.650  18.267 0.6999999881
43991  36.263  -21.107  17.867 0.8000000119
140380  35.596  -21.449  17.613 0.8000000119
44004  34.129  -21.110  16.746 0.8000000119
45011  34.966  -20.579  16.826 0.8000000119
45013  33.622  -20.649  16.401 0.8000000119
44008  30.804  -21.230  16.319 0.8999999762
42705  30.098  -21.891  16.617 0.8999999762
139434  31.394  -20.914  16.237 0.8000000119
44009  29.865  -21.192  16.260 0.8999999762
44010  28.315  -21.363  16.179 0.8999999762
45017  29.666  -20.567  15.918 0.8999999762
45018  28.728  -20.426  15.779 0.8999999762
44011  27.438  -21.353  16.011 1.0000000000
141240  29.015  -23.206  12.306 0.6000000238
44021  26.963  -20.911  15.732 0.8999999762
42736  26.855  -22.288  13.164 0.6999999881
44022  26.055  -20.978  15.610 0.8999999762
44045  24.655  -21.524  13.947 0.8000000119
44014  24.946  -21.513  15.200 0.8999999762
134646  25.313  -20.999  15.391 0.8000000119
45911  37.613  -20.071  20.957 0.6999999881
45003  36.445  -20.291  17.638 0.6999999881
45952  37.066  -19.793  18.142 0.6999999881
45015  31.936  -20.611  16.153 0.8000000119
45016  31.076  -20.464  16.024 0.8000000119
45971  31.662  -19.873  15.797 0.8000000119
132801  30.951  -19.792  15.726 0.8000000119
136491  27.989  -23.088  13.491 0.6000000238
45972  30.342  -20.119  15.799 0.8000000119
45973  29.561  -19.829  15.632 0.8999999762
45027  27.917  -19.963  15.592 0.8999999762
45028  27.293  -20.306  15.610 0.8999999762
41537  28.562  -22.974  12.983 0.6000000238
41538  27.222  -22.929  13.637 0.6999999881
45029  26.527  -20.246  15.541 0.8999999762
42737  25.832  -22.136  13.437 0.6999999881
45030  25.469  -20.179  15.350 0.8000000119
45059  24.542  -20.838  13.434 0.6999999881
45031  24.712  -20.599  14.970 0.8000000119
134739  37.615  -19.271  19.966 0.6999999881
118641  37.437  -19.176  18.783 0.6999999881
45953  37.107  -19.032  18.042 0.6999999881
45970  32.527  -19.929  15.905 0.8000000119
45982  31.285  -19.180  15.496 0.8000000119
45983  30.349  -19.308  15.498 0.8000000119
46945  27.795  -19.300  15.395 0.8999999762
42735  27.786  -22.489  12.695 0.6000000238
45984  27.148  -19.673  15.461 0.8999999762
42756  26.579  -21.784  12.967 0.6999999881
45985  26.197  -19.468  15.324 0.8999999762
45039  24.389  -20.515  14.331 0.8000000119
45986  25.188  -19.289  15.032 0.8000000119
45060  23.989  -19.982  13.705 0.6999999881
127170  24.241  -19.857  14.420 0.8000000119
121602  24.717  -19.786  14.915 0.8000000119
46016  23.635  -19.010  13.440 0.8000000119
126956  37.449  -18.624  20.013 0.6999999881
120206  37.484  -18.381  19.161 0.6000000238
42754  28.037  -22.261  11.620 0.6000000238
133706  29.521  -19.145  15.397 0.8000000119
136104  28.128  -18.701  15.160 0.8999999762
46946  27.033  -18.831  15.159 0.8999999762
42755  27.318  -22.061  12.498 0.6000000238
44057  25.851  -21.405  12.970 0.8000000119
46947  25.832  -18.698  14.954 0.8999999762
45987  24.284  -19.074  14.506 0.8000000119
45071  24.406  -20.097  12.979 0.6999999881
46958  23.712  -18.601  13.840 0.8000000119
46948  24.265  -18.214  14.245 0.8000000119
44056  26.878  -21.480  12.790 0.6999999881
46944  29.055  -18.641  15.154 0.8000000119
45070  25.792  -20.773  12.742 0.6000000238
44058  25.077  -20.837  12.896 0.6999999881
48004  26.413  -18.027  14.697 0.8000000119
46032  25.607  -19.846  12.600 0.6000000238
46033  24.437  -19.266  12.619 0.6000000238
46970  23.628  -18.374  13.239 0.6999999881
48024  23.820  -17.920  13.448 0.8000000119
139999  24.909  -18.622  14.722 0.8000000119
46992  24.070  -18.191  12.344 0.6000000238
48002  28.579  -18.046  14.763 0.8000000119
48003  27.560  -18.054  14.761 0.8000000119
45069  26.807  -20.736  12.735 0.6000000238
48023  24.553  -17.527  13.831 0.8000000119
48005  25.224  -17.998  14.557 0.8000000119
48022  25.695  -17.339  14.171 0.8000000119
46993  23.779  -17.932  12.764 0.6000000238
48020  28.070  -17.356  14.440 0.8000000119
48021  26.928  -17.293  14.378 0.8000000119
46991  25.192  -18.571  12.272 0.6000000238
49172  24.980  -16.923  13.465 0.8000000119
49186  24.962  -16.402  12.665 0.6999999881
49171  26.108  -16.605  13.646 0.8000000119
124277  24.697  -16.925  11.459 0.6000000238
49195  24.575  -16.733  11.948 0.6000000238
50316  25.395  -15.831  12.218 0.6999999881
46990  26.421  -18.304  12.166 0.6000000238
48050  25.318  -17.640  11.714 0.6000000238
49183  29.175  -16.241  13.542 0.8000000119
49170  27.515  -16.720  13.948 0.8000000119
46031  26.884  -19.396  12.608 0.6000000238
49169  28.621  -16.796  14.019 0.8000000119
46030  28.383  -19.540  12.805 0.5000000000
50315  26.469  -15.686  12.591 0.8000000119
49185  26.996  -16.160  13.283 0.8000000119
46989  27.753  -18.469  12.300 0.6000000238
50328  25.917  -15.437  11.712 0.6000000238
48049  26.632  -17.716  11.729 0.6000000238
49211  25.166  -16.290  10.643 0.6000000238
48048  27.782  -17.721  11.696 0.6000000238
48069  25.455  -17.003  11.072 0.6000000238
49210  25.642  -16.527  10.380 0.6000000238
49231  25.244  -15.983  9.943 0.6000000238
50313  28.696  -15.669  13.044 0.8000000119
49184  28.146  -16.229  13.469 0.8000000119
50312  29.630  -15.648  13.096 0.8000000119
50325  29.208  -15.257  12.504 0.6999999881
50326  28.211  -15.291  12.348 0.6999999881
50336  25.467  -15.461  10.691 0.6000000238
51583  26.327  -14.987  11.073 0.6000000238
50327  27.063  -15.303  12.085 0.6999999881
139721  28.584  -18.146  12.052 0.5000000000
50350  25.348  -15.683  9.957 0.6000000238
134619  28.708  -17.614  11.565 0.5000000000
132017  26.681  -16.749  10.478 0.6000000238
130880  26.001  -16.173  9.806 0.6000000238
134352  30.076  -15.229  12.556 0.6999999881
51581  28.749  -14.864  11.775 0.6000000238
51582  27.593  -14.848  11.511 0.6000000238
51596  26.871  -14.603  10.494 0.6000000238
51595  28.179  -14.422  10.826 0.6000000238
49208  28.767  -16.978  10.783 0.5000000000
49209  27.374  -16.529  10.195 0.6000000238
49230  26.784  -15.785  9.316 0.6000000238
50349  25.748  -15.644  9.478 0.6000000238
51597  25.838  -15.012  10.061 0.6000000238
140641  27.344  -14.369  9.993 0.6000000238
49229  28.198  -16.231  9.883 0.6000000238
132252  29.803  -17.112  10.940 0.5000000000
49228  29.537  -16.481  10.324 0.5000000000
49207  30.483  -16.890  10.822 0.4000000060
49247  29.815  -15.917  9.854 0.5000000000
51580  29.706  -14.836  11.963 0.6000000238
51594  29.337  -14.453  11.277 0.6000000238
49250  26.442  -15.240  9.018 0.6000000238
135890  26.543  -14.696  9.594 0.6000000238
49249  27.190  -15.249  8.811 0.6000000238
50383  27.769  -14.847  8.509 0.6000000238
49248  28.872  -15.827  9.571 0.5000000000
49227  30.519  -16.282  10.300 0.4000000060
50348  30.469  -15.707  9.714 0.4000000060
52855  27.669  -14.327  8.752 0.6000000238
51607  28.111  -14.123  9.833 0.5000000000
51606  29.112  -14.069  10.436 0.5000000000
51605  29.999  -14.096  10.908 0.5000000000
51626  26.872  -14.809  8.974 0.6000000238
52854  27.982  -13.961  9.034 0.5000000000
50368  28.226  -15.370  8.780 0.6000000238
50367  29.468  -15.405  9.080 0.5000000000
129109  30.456  -15.180  9.058 0.4000000060
51638  27.692  -14.524  8.544 0.6000000238
52877  27.973  -14.076  8.478 0.5000000000
50381  29.624  -14.868  8.169 0.4000000060
51637  28.454  -14.554  8.054 0.6000000238
52892  28.189  -14.221  8.137 0.6000000238
52890  28.787  -13.717  7.810 0.4000000060
50380  30.562  -14.794  8.350 0.4000000060
51635  30.008  -14.428  7.322 0.4000000060
54047  29.452  -13.213  8.147 0.4000000060
51636  29.014  -14.433  7.592 0.4000000060
52891  28.316  -13.914  8.112 0.4000000060
50366  31.435  -15.016  9.148 0.4000000060
51651  29.446  -13.968  7.049 0.4000000060
54016  31.462  -12.896  9.712 0.4000000060
52873  30.577  -13.133  9.487 0.4000000060
54061  29.590  -13.255  7.318 0.4000000060
51649  30.892  -14.085  7.110 0.4000000060
51650  30.116  -13.798  6.583 0.4000000060
52906  29.397  -13.722  7.151 0.4000000060
117666  30.993  -12.570  8.778 0.4000000060
54032  30.179  -12.961  8.681 0.4000000060
51661  30.710  -13.550  6.285 0.3000000119
54077  29.857  -13.280  6.718 0.4000000060
54045  31.692  -12.037  8.425 0.4000000060
54046  30.213  -12.644  7.768 0.4000000060
129803  26.969  -30.112  15.724 0.8000000119
34141  27.219  -29.961  16.263 0.8999999762
35131  27.997  -29.962  16.604 0.8999999762
34152  27.574  -30.694  16.315 0.8999999762
34151  28.553  -30.709  16.552 0.8999999762
35103  34.205  -29.226  18.539 0.8999999762
36065  33.697  -28.556  18.437 1.0000000000
37095  33.962  -27.809  18.661 1.0000000000
35115  32.233  -29.428  17.757 0.8999999762
36073  31.983  -28.669  17.922 0.8999999762
37096  33.105  -27.796  18.433 1.0000000000
35129  29.935  -29.975  17.035 0.8999999762
35116  31.309  -29.111  17.584 0.8999999762
36075  30.636  -28.492  17.623 0.8999999762
36066  32.225  -27.994  18.213 1.0000000000
35130  28.998  -29.948  16.803 0.8999999762
37108  30.310  -27.652  17.849 0.8999999762
52853  28.865  -13.721  9.466 0.4000000060
52875  28.821  -13.562  8.629 0.4000000060
52852  29.974  -13.551  10.151 0.4000000060
52851  30.994  -13.411  10.277 0.4000000060
30124  34.155  -34.823  24.376 0.8999999762
30179  35.437  -34.542  21.533 1.0000000000
29223  33.589  -35.757  17.806 0.8000000119
30113  31.732  -33.986  25.872 0.8999999762
30231  33.445  -34.850  17.585 0.8000000119
33067  34.964  -31.469  24.070 0.8999999762
130836  34.747  -32.240  18.780 0.8999999762
31204  33.773  -33.092  17.817 0.8000000119
125791  31.692  -32.912  16.874 0.8000000119
124051  30.914  -32.966  16.578 0.8000000119
128260  35.853  -30.861  20.470 1.0000000000
33151  31.428  -31.445  17.148 0.8999999762
32161  30.417  -32.216  16.627 0.8000000119
34150  29.504  -30.715  16.733 0.8999999762
130262  33.891  -29.912  18.285 0.8999999762
35117  30.347  -29.213  17.355 0.8999999762
34042  32.836  -30.434  25.196 0.8999999762
34043  31.955  -30.238  24.716 1.0000000000
33053  28.241  -31.291  24.063 0.6000000238
118117  25.510  -32.279  25.232 0.4000000060
33055  26.958  -31.921  25.032 0.4000000060
35086  34.884  -29.210  18.967 1.0000000000
35105  32.840  -28.770  18.132 0.8999999762
127969  27.015  -30.270  15.059 0.6999999881
36097  26.317  -28.204  15.965 0.8000000119
133532  34.061  -29.087  25.043 0.8999999762
35119  28.429  -29.205  16.907 0.8999999762
35168  28.242  -29.714  13.619 0.6000000238
35121  26.945  -29.292  16.217 0.8999999762
33036  26.508  -31.029  25.391 0.4000000060
35118  29.412  -29.188  17.154 0.8999999762
37111  26.217  -27.071  16.657 0.8999999762
141282  28.496  -27.373  14.564 0.6999999881
124147  27.877  -27.685  14.619 0.6999999881
35965  32.567  -28.031  24.957 0.8000000119
35981  34.404  -28.356  24.842 0.8999999762
37100  29.549  -27.081  17.889 0.8999999762
36076  29.839  -28.453  17.500 0.8999999762
126215  26.917  -27.088  17.152 0.8999999762
37020  35.638  -27.024  24.262 0.8000000119
132561  29.061  -28.035  25.687 0.5000000000
38166  27.355  -26.356  17.545 0.8999999762
39135  36.224  -25.615  24.057 0.6999999881
39169  36.550  -25.257  22.522 0.8000000119
39191  36.530  -25.791  21.875 0.8999999762
39257  25.740  -25.716  16.375 0.8999999762
123491  31.018  -26.925  25.597 0.6000000238
135164  34.914  -25.583  25.287 0.8000000119
127213  32.224  -26.121  25.746 0.6000000238
122910  36.204  -24.945  24.327 0.6999999881
122922  36.588  -24.428  22.525 0.6999999881
41431  36.575  -23.848  21.866 0.6999999881
41468  33.527  -23.743  18.789 1.0000000000
40284  28.913  -24.802  18.181 1.0000000000
40314  25.519  -24.966  16.148 0.8999999762
39119  32.618  -25.373  25.783 0.6000000238
38050  30.338  -26.735  26.162 0.5000000000
41419  36.718  -23.607  22.569 0.6999999881
40266  34.135  -23.847  19.186 0.8999999762
126475  32.052  -24.806  26.141 0.5000000000
42634  37.171  -22.561  21.542 0.6999999881
41504  26.168  -23.377  16.481 0.8999999762
41365  35.549  -23.396  25.281 0.6000000238
41334  34.227  -23.034  25.686 0.5000000000
42610  36.775  -22.543  23.723 0.6999999881
42689  31.201  -22.703  17.265 0.8999999762
43993  34.256  -21.907  17.178 0.8000000119
44006  32.627  -21.503  16.606 0.8000000119
44013  25.573  -21.717  15.632 0.8999999762
42552  35.310  -22.110  25.440 0.5000000000
134130  36.680  -21.989  24.177 0.6999999881
44003  35.694  -20.782  17.325 0.8000000119
44007  31.724  -21.357  16.449 0.8999999762
130871  29.142  -21.059  16.113 0.8999999762
44044  25.127  -21.514  13.368 0.8000000119
44027  24.660  -21.319  14.571 0.8000000119
131697  37.687  -19.874  20.171 0.6999999881
44998  37.425  -20.123  18.827 0.6999999881
118625  33.518  -19.934  16.070 0.8000000119
46907  37.570  -19.002  19.480 0.6999999881
118361  28.676  -19.416  15.455 0.8999999762
122616  37.476  -19.329  20.668 0.6000000238
45072  23.853  -19.404  13.043 0.6999999881
48032  24.209  -17.238  12.843 0.6999999881
126166  24.450  -17.674  11.923 0.6000000238
48051  24.197  -17.450  12.198 0.6000000238
133806  25.875  -16.019  12.944 0.8000000119
50337  25.106  -15.851  10.551 0.6000000238
50314  27.641  -15.696  12.877 0.6999999881
48068  26.697  -17.185  11.119 0.6000000238
51609  26.040  -15.286  9.480 0.6000000238
48067  27.747  -17.157  11.005 0.6000000238
51608  27.328  -14.397  9.273 0.6000000238
52874  29.657  -13.338  9.131 0.4000000060
124547  31.827  -12.399  9.189 0.4000000060
54076  30.436  -12.865  6.177 0.4000000060
127725  31.910  -42.031  24.745 0.4000000060
23375  31.396  -41.722  25.164 0.4000000060
23377  30.060  -41.901  25.245 0.4000000060
24321  32.733  -40.897  23.872 0.4000000060
24295  31.499  -40.825  25.450 0.4000000060
122396  29.923  -41.118  25.713 0.4000000060
136065  32.889  -40.303  23.170 0.3000000119
24305  32.263  -40.599  24.709 0.4000000060
25193  32.738  -39.653  22.319 0.4000000060
25206  32.570  -39.536  21.267 0.4000000060
121933  32.644  -38.769  19.926 0.4000000060
25228  32.013  -39.131  19.336 0.4000000060
24296  30.668  -40.609  25.967 0.5000000000
24284  29.848  -40.332  26.285 0.4000000060
25163  32.351  -39.570  24.610 0.4000000060
24294  31.869  -39.867  25.262 0.4000000060
26129  32.953  -38.775  22.685 0.5000000000
26140  32.861  -38.867  21.761 0.4000000060
26153  32.755  -38.882  20.824 0.4000000060
26165  32.593  -38.464  19.135 0.5000000000
26174  32.586  -38.032  18.526 0.5000000000
27140  31.746  -37.267  17.471 0.6000000238
27133  31.386  -38.045  17.765 0.5000000000
27141  30.913  -37.428  17.262 0.6000000238
27142  30.010  -37.586  17.116 0.4000000060
25150  31.248  -39.895  25.856 0.5000000000
24285  28.295  -40.388  26.200 0.5000000000
23369  26.892  -40.721  26.169 0.5000000000
26073  32.030  -38.981  25.137 0.6000000238
122027  32.657  -39.225  24.012 0.5000000000
26095  32.505  -38.693  24.477 0.6000000238
26139  33.332  -38.288  21.228 0.5000000000
26152  33.269  -38.275  20.341 0.4000000060
26164  33.116  -38.218  19.614 0.6000000238
27131  32.955  -37.356  18.222 0.6000000238
27139  32.413  -37.140  17.699 0.6000000238
28172  32.173  -36.548  17.331 0.6000000238
28173  31.314  -36.530  16.954 0.6000000238
29245  30.340  -35.305  16.459 0.6000000238
28174  30.421  -36.801  16.791 0.6000000238
28186  29.938  -36.119  16.507 0.6000000238
28187  29.001  -36.096  16.448 0.6000000238
25138  31.106  -39.081  26.189 0.5000000000
25140  29.725  -39.488  26.769 0.5000000000
120506  28.273  -39.791  26.748 0.5000000000
24286  27.448  -40.010  26.599 0.5000000000
122822  31.575  -39.238  25.637 0.6000000238
26114  33.367  -38.045  22.944 0.6000000238
27054  32.825  -37.786  24.395 0.6000000238
27094  33.774  -37.645  21.607 0.5000000000
27070  33.676  -37.302  23.193 0.6000000238
27107  33.781  -37.647  20.737 0.6000000238
27121  33.717  -37.595  19.714 0.6000000238
28171  32.680  -35.846  17.334 0.6000000238
121252  29.609  -34.789  16.389 0.6000000238
30246  28.856  -34.412  16.349 0.6999999881
26059  29.572  -38.617  27.083 0.6000000238
25142  27.768  -39.214  27.026 0.5000000000
25143  26.911  -39.266  26.811 0.5000000000
120315  32.258  -38.164  25.126 0.6000000238
26074  31.639  -38.436  25.794 0.6000000238
26058  30.402  -38.866  26.691 0.6000000238
139242  26.235  -39.281  26.646 0.5000000000
25145  24.933  -39.962  26.279 0.5000000000
128426  32.449  -37.354  25.248 0.6000000238
27093  34.226  -37.067  21.227 0.6000000238
118848  29.590  -33.872  16.412 0.6999999881
120654  30.242  -37.907  26.923 0.6000000238
133671  28.825  -38.336  27.243 0.6000000238
26060  28.055  -38.398  27.208 0.6000000238
27030  31.411  -37.578  26.303 0.6000000238
118959  28.383  -37.631  27.217 0.6000000238
27014  27.451  -37.477  26.909 0.6000000238
27015  26.613  -37.757  26.437 0.6000000238
25151  25.106  -39.211  26.000 0.6000000238
28034  31.467  -36.751  26.446 0.6000000238
25153  23.746  -39.875  25.304 0.5000000000
27053  33.424  -37.123  23.992 0.6000000238
25164  24.033  -39.189  24.909 0.6000000238
31216  28.565  -33.623  16.323 0.6999999881
120433  30.738  -37.032  26.817 0.6000000238
28033  31.995  -36.097  26.238 0.6000000238
122756  29.744  -37.009  27.200 0.6000000238
123294  28.774  -36.942  27.197 0.6000000238
26075  25.927  -38.079  26.016 0.6000000238
27033  25.605  -37.757  25.222 0.6000000238
28056  32.588  -36.525  25.554 0.6000000238
134313  26.051  -37.217  24.672 0.6000000238
28085  33.022  -36.873  24.784 0.6000000238
140437  34.529  -36.238  22.458 0.6000000238
131200  28.637  -32.194  16.358 0.6999999881
32163  27.664  -32.154  16.222 0.6999999881
29116  32.653  -35.698  25.724 0.6000000238
28037  28.263  -36.290  26.760 0.6999999881
28038  27.542  -36.546  26.395 0.6999999881
28055  33.160  -36.055  25.130 0.6000000238
28035  30.112  -36.183  26.984 0.6999999881
29099  31.585  -35.462  26.379 0.6999999881
29102  28.614  -35.612  26.426 0.6999999881
28059  27.240  -36.208  25.230 0.6999999881
27032  26.239  -37.382  25.587 0.6000000238
28087  26.556  -36.755  24.992 0.6999999881
29140  27.559  -35.771  24.000 0.6000000238
138834  26.420  -36.804  24.200 0.5000000000
34153  27.007  -30.661  15.992 0.8000000119
30099  31.546  -34.725  26.190 0.6999999881
29101  29.469  -35.452  26.737 0.6999999881
29118  28.339  -35.267  25.529 0.6999999881
29119  27.782  -35.587  25.069 0.6999999881
28106  26.055  -36.832  22.826 0.5000000000
29139  28.228  -35.180  24.439 0.6999999881
29165  28.142  -35.142  23.190 0.6000000238
29166  27.505  -35.617  22.664 0.6000000238
46942  30.798  -18.544  15.211 0.6999999881
45962  35.725  -19.906  16.975 0.6999999881
45012  34.275  -20.313  16.430 0.6999999881
45980  33.027  -19.196  15.708 0.6999999881
45961  36.589  -19.409  17.500 0.6000000238
45967  36.062  -18.948  16.857 0.6000000238
45981  32.161  -19.182  15.566 0.6999999881
46941  31.763  -18.367  15.168 0.6999999881
46943  29.924  -18.584  15.191 0.6999999881
48001  29.497  -18.015  14.804 0.6999999881
45968  35.224  -19.291  16.448 0.6000000238
45969  34.425  -19.578  16.181 0.6999999881
46940  32.701  -18.512  15.342 0.6999999881
46926  37.312  -18.348  18.373 0.6000000238
48000  30.361  -17.984  14.850 0.6999999881
48019  29.073  -17.402  14.436 0.6999999881
46933  36.280  -18.082  16.695 0.6000000238
46938  34.951  -18.047  15.750 0.6000000238
137389  33.414  -18.594  15.498 0.6999999881
48017  30.831  -17.417  14.532 0.6999999881
49167  30.508  -16.809  14.186 0.6999999881
49168  29.608  -16.781  14.094 0.6999999881
46927  36.849  -18.409  17.495 0.6000000238
47995  35.282  -17.266  15.536 0.5000000000
47996  34.361  -17.567  15.228 0.6000000238
48015  32.846  -17.293  14.635 0.5000000000
48016  31.800  -17.425  14.591 0.6999999881
49181  31.193  -16.372  13.808 0.6999999881
49182  30.214  -16.182  13.578 0.6999999881
51624  33.262  -14.574  8.970 0.3000000119
51625  32.352  -14.727  9.001 0.3000000119
122283  31.390  -14.459  8.083 0.3000000119
22381  31.396  -42.339  24.859 0.4000000060
22382  30.801  -42.194  25.099 0.3000000119
22383  29.465  -42.249  24.805 0.4000000060
23404  32.859  -41.819  23.650 0.3000000119
133594  29.065  -41.544  25.162 0.4000000060
23415  32.968  -40.787  22.322 0.4000000060
24339  32.582  -40.179  21.615 0.4000000060
25216  32.234  -39.546  20.242 0.4000000060
26175  31.856  -38.543  18.493 0.5000000000
26181  30.491  -38.204  17.599 0.4000000060
23379  27.392  -41.239  25.574 0.4000000060
28175  29.525  -36.901  16.673 0.5000000000
23370  26.032  -40.916  26.329 0.5000000000
120494  28.289  -34.818  16.335 0.6000000238
23371  25.382  -41.069  26.346 0.5000000000
24288  25.531  -40.401  26.480 0.5000000000
130920  24.219  -41.171  25.965 0.5000000000
30247  27.957  -34.174  16.261 0.6000000238
24299  23.579  -40.645  25.551 0.5000000000
24306  23.056  -40.174  24.918 0.4000000060
122875  28.149  -32.859  16.282 0.6999999881
26097  24.387  -38.546  24.398 0.5000000000
33161  27.195  -31.447  16.122 0.6999999881
27057  24.839  -37.947  23.639 0.5000000000
33162  26.882  -31.532  15.795 0.8000000119
34164  26.968  -30.894  15.505 0.6999999881
134366  24.619  -37.532  21.896 0.5000000000
28118  25.864  -36.569  21.919 0.6000000238
43924  36.991  -21.721  23.465 0.6000000238
44937  37.133  -20.395  22.748 0.6000000238
47983  36.821  -17.453  17.171 0.5000000000
49146  36.111  -16.962  16.031 0.5000000000
49156  34.738  -16.715  14.878 0.5000000000
48014  33.763  -17.134  14.700 0.5000000000
49179  32.841  -16.207  13.739 0.5000000000
49180  32.040  -16.270  13.757 0.5000000000
50324  30.871  -15.288  12.661 0.5000000000
132021  34.011  -14.393  8.938 0.3000000119
51634  33.517  -14.086  8.422 0.3000000119
51648  31.930  -13.891  7.444 0.3000000119
28103  33.941  -36.548  23.543 0.6000000238
27082  33.767  -37.522  22.405 0.6000000238
30116  28.756  -34.649  25.023 0.8000000119
30245  30.247  -34.477  16.440 0.6999999881
122306  29.115  -32.972  16.394 0.6999999881
33160  28.099  -31.453  16.355 0.6999999881
139488  34.936  -19.951  16.529 0.6999999881
137208  30.353  -15.593  13.063 0.6000000238
33168  26.727  -31.634  15.280 0.6999999881
45979  33.869  -19.084  15.799 0.6999999881
23391  31.916  -41.362  24.949 0.4000000060
25179  32.689  -39.999  23.982 0.4000000060
24320  33.059  -41.093  23.180 0.3000000119
117894  32.784  -39.383  23.306 0.5000000000
24297  29.073  -40.753  25.896 0.5000000000
25237  31.167  -39.396  18.789 0.3000000119
27143  29.059  -37.747  16.917 0.4000000060
23380  26.523  -41.500  25.839 0.5000000000
28105  26.569  -36.600  23.400 0.6000000238
48018  29.983  -17.382  14.512 0.6999999881
45978  34.683  -18.816  15.976 0.6999999881
46934  35.493  -18.491  16.292 0.6000000238
46939  34.109  -18.337  15.540 0.6999999881
47997  33.366  -17.874  15.159 0.6999999881
46937  35.763  -17.724  16.105 0.6000000238
47998  32.487  -17.880  14.993 0.6999999881
140913  31.214  -16.937  14.282 0.6999999881
47989  36.352  -17.396  16.530 0.5000000000
49165  32.418  -16.741  14.225 0.5000000000
49166  31.734  -16.728  14.160 0.5000000000
50323  31.622  -15.412  12.912 0.5000000000
50311  30.982  -15.772  13.255 0.6999999881
129227  36.907  -15.995  17.071 0.5000000000
133308  34.018  -16.498  14.379 0.5000000000
50309  32.390  -15.650  13.257 0.5000000000
32164  26.957  -32.190  15.948 0.6000000238
32170  26.708  -32.305  15.509 0.6000000238
34191  27.521  -30.755  13.748 0.5000000000
33184  26.766  -31.711  14.587 0.6000000238
34180  26.976  -31.009  14.805 0.6000000238
34189  29.216  -30.394  13.407 0.5000000000
34190  28.297  -30.462  13.509 0.5000000000
34179  27.189  -30.372  14.285 0.6000000238
30181  26.278  -34.668  21.182 0.5000000000
35159  27.152  -29.617  14.641 0.6000000238
35166  29.870  -29.781  13.554 0.5000000000
138340  28.688  -30.026  13.492 0.5000000000
35156  30.617  -29.126  13.896 0.5000000000
31156  26.565  -34.088  21.283 0.4000000060
30183  25.019  -34.934  21.458 0.4000000060
30172  24.951  -34.910  22.468 0.4000000060
35157  29.509  -28.984  13.660 0.5000000000
36105  30.950  -28.280  14.248 0.5000000000
30152  25.264  -34.646  23.323 0.4000000060
37147  31.239  -27.676  14.600 0.5000000000
30128  25.208  -34.389  24.162 0.4000000060
35970  27.794  -28.658  25.853 0.4000000060
35003  27.372  -29.424  25.702 0.4000000060
34027  26.115  -30.182  25.546 0.4000000060
34048  25.617  -30.745  25.369 0.3000000119
40142  31.966  -23.960  26.230 0.4000000060
40174  31.280  -24.572  26.388 0.4000000060
38051  29.540  -26.691  26.558 0.4000000060
37009  28.321  -27.983  26.038 0.4000000060
41345  31.780  -23.249  26.213 0.4000000060
38052  28.627  -26.648  26.768 0.4000000060
37010  27.457  -27.910  26.157 0.4000000060
39105  28.233  -25.691  26.778 0.4000000060
36996  28.054  -27.298  26.503 0.4000000060
35971  26.933  -28.651  25.932 0.4000000060
35005  25.726  -29.395  25.495 0.4000000060
39121  30.690  -25.241  26.518 0.4000000060
39103  29.800  -24.830  26.744 0.4000000060
125853  29.983  -25.893  26.699 0.4000000060
42540  33.069  -22.992  25.946 0.4000000060
41367  31.012  -23.542  26.367 0.4000000060
40152  29.520  -23.957  26.550 0.4000000060
39104  29.088  -25.231  26.895 0.4000000060
40154  28.277  -24.578  26.511 0.4000000060
40155  27.575  -25.049  26.371 0.4000000060
36997  27.254  -27.131  26.286 0.4000000060
40177  27.433  -24.303  25.933 0.4000000060
38065  26.096  -26.362  25.680 0.4000000060
37011  26.560  -27.740  25.930 0.4000000060
42576  35.615  -22.486  25.302 0.4000000060
42577  32.306  -22.094  25.827 0.4000000060
42578  31.373  -22.637  26.055 0.4000000060
41368  30.050  -23.393  26.381 0.4000000060
133937  36.321  -21.751  24.756 0.5000000000
43863  35.933  -21.048  25.804 0.4000000060
43864  34.972  -21.923  25.483 0.4000000060
43866  33.349  -21.917  25.747 0.4000000060
42579  30.480  -22.227  25.569 0.4000000060
135999  29.345  -22.751  25.569 0.4000000060
40153  28.718  -23.833  26.274 0.4000000060
40176  28.000  -23.804  25.996 0.4000000060
41371  27.434  -23.449  25.278 0.4000000060
40156  26.761  -25.049  25.896 0.4000000060
44938  36.999  -21.056  23.458 0.5000000000
139512  36.279  -21.333  24.863 0.5000000000
45837  36.121  -20.805  25.861 0.5000000000
43880  35.462  -21.217  26.010 0.4000000060
43882  33.812  -21.368  25.449 0.4000000060
43883  32.662  -21.454  25.438 0.4000000060
128185  31.428  -21.883  25.584 0.4000000060
41370  28.365  -23.248  25.589 0.4000000060
133750  36.131  -20.974  25.430 0.5000000000
44906  34.603  -21.016  24.961 0.4000000060
43884  31.704  -21.324  24.989 0.4000000060
43885  30.837  -21.612  24.894 0.4000000060
133607  35.790  -20.480  24.559 0.4000000060
45854  34.086  -20.331  24.498 0.4000000060
44907  33.734  -20.824  24.924 0.4000000060
121969  33.119  -21.024  25.002 0.4000000060
43904  31.051  -21.120  24.283 0.4000000060
118568  35.062  -19.582  23.521 0.4000000060
132988  34.280  -19.388  23.094 0.4000000060
135775  33.496  -19.902  23.574 0.4000000060
116980  32.517  -20.205  23.531 0.4000000060
45890  31.892  -19.979  22.986 0.4000000060
45895  37.145  -19.641  22.162 0.5000000000
132968  36.235  -18.944  22.308 0.5000000000
134581  35.697  -19.065  22.673 0.4000000060
132990  33.364  -19.385  22.697 0.4000000060
116983  32.647  -19.714  22.896 0.4000000060
45912  31.309  -19.491  21.908 0.3000000119
132959  35.718  -19.534  23.456 0.5000000000
132977  35.431  -20.072  24.007 0.4000000060
44922  33.075  -20.518  24.328 0.4000000060
44939  31.770  -20.451  23.535 0.4000000060
116882  34.598  -19.967  23.892 0.4000000060
116986  36.692  -18.960  21.862 0.5000000000
132995  34.532  -19.002  22.532 0.4000000060
132905  33.888  -19.002  22.340 0.4000000060
132922  32.031  -19.147  21.712 0.3000000119
46886  37.219  -18.778  20.738 0.5000000000
132907  36.289  -18.522  21.591 0.5000000000
132933  35.083  -18.795  22.308 0.4000000060
132991  34.392  -18.704  21.968 0.4000000060
132987  33.636  -18.651  21.587 0.4000000060
117004  32.784  -18.841  21.596 0.3000000119
126994  31.304  -19.063  21.178 0.3000000119
47935  36.613  -17.560  20.194 0.5000000000
49086  35.400  -17.497  20.486 0.3000000119
132986  34.801  -18.068  20.976 0.4000000060
132914  33.884  -18.122  20.794 0.4000000060
116968  33.025  -18.438  20.904 0.3000000119
132915  32.123  -18.673  20.910 0.3000000119
46868  30.562  -18.846  20.681 0.3000000119
132934  36.078  -17.606  20.606 0.3000000119
47934  37.014  -18.219  20.409 0.4000000060
47956  37.179  -17.727  19.545 0.4000000060
47955  37.173  -16.912  18.898 0.4000000060
47982  37.218  -17.560  17.955 0.4000000060
117040  34.512  -17.649  20.443 0.3000000119
132993  33.211  -18.006  20.331 0.3000000119
132909  31.837  -18.305  20.256 0.3000000119
132992  31.309  -18.592  20.498 0.3000000119
116994  29.108  -18.565  20.386 0.3000000119
46887  28.391  -18.601  20.621 0.3000000119
117037  30.652  -18.349  20.043 0.3000000119
132956  29.890  -18.522  20.212 0.3000000119
132940  28.403  -17.907  19.990 0.3000000119
49099  36.701  -16.937  19.539 0.3000000119
50240  37.088  -16.328  18.293 0.3000000119
49134  37.093  -16.636  17.634 0.4000000060
49145  36.683  -16.729  16.768 0.4000000060
49154  36.490  -16.021  16.227 0.4000000060
49163  35.468  -15.930  14.892 0.4000000060
49164  33.260  -16.644  14.266 0.4000000060
47936  27.463  -17.552  20.107 0.3000000119
49100  35.571  -16.524  19.696 0.3000000119
133618  34.836  -17.068  19.916 0.3000000119
49085  36.078  -16.987  20.114 0.3000000119
121980  36.235  -16.437  19.569 0.3000000119
50241  36.835  -15.711  18.344 0.3000000119
50286  36.868  -15.188  16.857 0.3000000119
126190  36.115  -15.746  15.499 0.4000000060
50299  34.664  -15.914  14.278 0.4000000060
50307  34.371  -15.481  13.712 0.4000000060
50300  33.731  -15.984  13.853 0.4000000060
132188  33.180  -15.687  13.390 0.4000000060
49120  36.707  -16.172  18.985 0.3000000119
50292  36.554  -15.151  15.946 0.3000000119
50293  36.112  -15.102  15.031 0.3000000119
50306  35.055  -15.175  13.900 0.4000000060
50308  33.823  -15.334  13.278 0.4000000060
51590  33.029  -14.623  12.247 0.4000000060
51577  32.325  -15.039  12.584 0.4000000060
51578  31.527  -14.863  12.299 0.4000000060
51579  30.642  -14.745  11.987 0.5000000000
51554  36.490  -14.358  15.730 0.3000000119
51560  36.207  -14.160  14.916 0.3000000119
51561  35.687  -14.715  14.340 0.3000000119
51567  35.437  -14.331  13.604 0.4000000060
51568  34.622  -14.907  13.282 0.4000000060
51569  33.950  -14.626  12.640 0.4000000060
140507  32.888  -14.144  11.708 0.4000000060
51592  31.453  -14.308  11.622 0.3000000119
136109  30.095  -14.457  11.509 0.4000000060
52840  31.313  -13.752  10.984 0.3000000119
51593  30.697  -14.187  11.294 0.3000000119
52806  36.357  -13.442  15.648 0.3000000119
52815  35.850  -13.440  13.919 0.3000000119
51576  34.946  -14.203  12.822 0.3000000119
52828  34.510  -13.870  12.205 0.3000000119
52837  34.192  -13.444  11.551 0.3000000119
52838  33.256  -13.615  11.318 0.3000000119
52839  32.253  -13.782  11.270 0.3000000119
52849  32.830  -13.150  10.668 0.3000000119
53980  36.077  -12.691  15.185 0.3000000119
52827  35.204  -13.511  12.525 0.3000000119
52836  35.081  -13.148  11.940 0.3000000119
54005  34.773  -12.703  11.267 0.3000000119
54006  33.818  -12.980  10.890 0.3000000119
52850  31.879  -13.261  10.486 0.3000000119
54014  33.409  -12.498  10.256 0.3000000119
54015  32.424  -12.591  9.884 0.3000000119
54031  32.546  -11.924  8.970 0.3000000119
45889  36.628  -20.301  23.649 0.5000000000
45888  36.811  -19.840  22.903 0.5000000000
135513  27.345  -32.736  16.080 0.6000000238
31218  26.863  -33.089  15.672 0.5000000000
33197  27.083  -31.824  13.994 0.5000000000
32194  26.778  -32.390  14.421 0.5000000000
34188  30.141  -30.581  13.457 0.5000000000
33195  28.853  -31.162  13.366 0.5000000000
135095  28.045  -31.245  13.514 0.5000000000
30151  28.567  -34.411  22.427 0.6000000238
29177  27.228  -35.219  21.572 0.6000000238
30180  27.528  -34.253  21.201 0.6000000238
29188  26.029  -35.215  21.109 0.5000000000
29201  25.308  -35.346  20.967 0.5000000000
30191  25.142  -35.147  21.047 0.5000000000
29191  24.238  -35.556  20.834 0.5000000000
138402  24.662  -35.078  21.972 0.4000000060
29179  24.349  -35.380  22.642 0.4000000060
29141  24.125  -35.349  23.922 0.4000000060
30130  23.896  -34.916  24.720 0.4000000060
33057  24.531  -31.944  25.083 0.3000000119
132552  25.414  -30.001  25.295 0.4000000060
38072  25.550  -26.343  25.187 0.4000000060
35986  25.399  -28.637  25.237 0.4000000060
39122  25.947  -25.571  25.452 0.4000000060
43886  30.036  -21.779  24.743 0.4000000060
41372  26.697  -24.123  25.381 0.4000000060
139281  26.110  -24.022  24.948 0.4000000060
42581  28.869  -22.711  25.264 0.4000000060
42604  28.027  -22.601  24.777 0.4000000060
43905  30.380  -21.347  24.231 0.4000000060
42611  28.258  -21.988  24.146 0.4000000060
45897  30.682  -19.871  22.245 0.4000000060
134909  30.603  -20.971  23.841 0.4000000060
44947  31.064  -20.244  23.004 0.4000000060
122710  30.420  -19.416  21.426 0.3000000119
45913  29.544  -19.468  21.308 0.3000000119
46870  28.943  -19.112  20.929 0.3000000119
34178  30.782  -30.065  13.713 0.5000000000
122591  24.100  -32.514  24.993 0.4000000060
39137  25.258  -25.641  24.796 0.4000000060
40179  25.582  -25.025  24.920 0.4000000060
133889  29.393  -21.869  24.484 0.4000000060
42603  28.827  -22.187  24.595 0.4000000060
31112  24.767  -33.968  24.827 0.4000000060
35169  27.616  -30.057  13.819 0.5000000000
41335  33.571  -23.237  25.810 0.4000000060
134985  37.396  -19.659  21.405 0.5000000000
47969  37.351  -17.624  18.721 0.5000000000
42539  33.778  -22.733  25.803 0.4000000060
46867  37.158  -19.139  21.459 0.5000000000
49155  35.721  -16.466  15.470 0.4000000060
50322  33.128  -15.209  12.854 0.4000000060
34192  27.070  -31.157  14.143 0.6000000238
33194  29.675  -31.227  13.354 0.5000000000
38054  27.105  -26.461  26.261 0.4000000060
39107  26.617  -26.009  25.982 0.4000000060
36998  26.584  -26.803  25.978 0.4000000060
37012  25.877  -27.094  25.559 0.4000000060
43879  36.001  -21.365  25.538 0.5000000000
43865  34.280  -21.884  25.639 0.4000000060
40178  26.092  -24.669  25.235 0.4000000060
117027  35.185  -20.527  24.627 0.4000000060
45870  36.247  -20.180  24.032 0.5000000000
44923  32.288  -20.623  23.995 0.4000000060
139470  36.955  -19.241  22.032 0.5000000000
46862  36.671  -19.362  22.549 0.5000000000
116966  36.186  -19.377  23.013 0.5000000000
45869  36.463  -19.724  23.349 0.5000000000
132989  36.425  -18.109  20.849 0.5000000000
47925  36.823  -18.625  21.151 0.5000000000
132960  35.695  -18.636  21.962 0.4000000060
116988  35.701  -18.106  21.186 0.4000000060
49133  37.237  -17.004  18.305 0.4000000060
50298  35.412  -15.407  14.446 0.4000000060
50218  36.035  -15.830  19.347 0.3000000119
52829  33.632  -14.087  11.914 0.3000000119
51591  32.245  -14.452  11.959 0.4000000060
52814  36.130  -13.359  14.711 0.3000000119
136503  35.905  -14.016  14.260 0.3000000119
53981  35.949  -12.651  14.338 0.3000000119
52821  35.512  -13.489  13.181 0.3000000119
140934  35.575  -12.545  12.774 0.3000000119
41394  26.547  -23.490  24.783 0.4000000060
26098  23.736  -38.840  24.076 0.4000000060
135034  24.190  -38.416  23.573 0.4000000060
25181  22.455  -39.310  23.196 0.4000000060
26130  23.538  -38.330  22.114 0.3000000119
26116  24.298  -38.062  22.644 0.4000000060
26141  24.048  -37.724  21.527 0.3000000119
29236  28.058  -35.551  16.396 0.5000000000
27083  25.167  -37.001  21.640 0.5000000000
128247  23.856  -37.141  20.631 0.3000000119
137417  27.452  -34.790  16.216 0.5000000000
30248  27.004  -34.020  15.962 0.5000000000
29247  26.954  -35.473  16.229 0.5000000000
28130  26.114  -35.947  21.363 0.5000000000
27095  24.764  -36.360  20.816 0.4000000060
31217  27.588  -33.411  16.141 0.5000000000
126683  26.454  -34.776  15.892 0.5000000000
117187  25.981  -34.930  15.418 0.3000000119
30249  26.375  -34.034  15.479 0.4000000060
31225  26.483  -33.190  15.164 0.4000000060
30268  26.002  -34.376  14.753 0.3000000119
30258  26.024  -34.185  15.067 0.3000000119
117487  26.856  -33.966  14.226 0.3000000119
31233  26.305  -33.596  14.796 0.3000000119
32192  28.102  -32.584  13.523 0.3000000119
31249  27.540  -33.241  13.781 0.3000000119
31250  26.835  -33.087  14.329 0.4000000060
134811  26.554  -32.923  14.782 0.4000000060
28119  23.121  -36.103  21.659 0.3000000119
127426  29.279  -31.808  13.391 0.4000000060
31248  28.496  -33.334  13.471 0.4000000060
33196  27.716  -31.897  13.629 0.4000000060
28107  23.450  -35.977  23.274 0.3000000119
31113  23.954  -34.193  24.943 0.3000000119
35023  25.039  -29.387  25.033 0.3000000119
137419  25.533  -27.467  25.196 0.3000000119
35987  24.750  -28.631  24.612 0.3000000119
131511  25.292  -27.047  24.910 0.3000000119
131510  24.696  -27.166  24.336 0.3000000119
38073  24.896  -26.381  24.562 0.3000000119
40196  25.610  -24.389  24.674 0.3000000119
41393  27.066  -22.808  24.469 0.3000000119
41405  26.213  -22.975  24.176 0.3000000119
41406  25.421  -23.238  23.908 0.3000000119
40212  24.374  -24.278  23.463 0.3000000119
43925  30.025  -21.072  23.698 0.3000000119
43907  28.920  -21.617  23.934 0.3000000119
42612  27.528  -22.144  24.003 0.3000000119
42613  26.692  -22.338  23.803 0.3000000119
44940  30.428  -20.656  23.350 0.3000000119
44941  29.589  -20.720  23.151 0.3000000119
43927  28.030  -21.499  23.500 0.3000000119
43928  27.093  -21.704  23.424 0.3000000119
43929  26.377  -21.923  23.320 0.3000000119
43936  28.170  -20.837  22.887 0.3000000119
43937  27.366  -21.042  22.970 0.3000000119
44952  26.802  -20.722  22.417 0.3000000119
44948  30.157  -20.291  22.705 0.3000000119
44949  29.442  -20.347  22.525 0.3000000119
44950  28.872  -20.599  22.722 0.3000000119
44967  27.122  -20.119  21.964 0.3000000119
129080  28.539  -31.888  13.458 0.4000000060
120998  23.419  -35.405  24.529 0.3000000119
41407  24.718  -23.496  23.527 0.3000000119
43926  28.834  -21.080  23.297 0.3000000119
27108  23.944  -36.314  20.366 0.3000000119
28143  23.991  -35.858  20.411 0.3000000119
28133  22.915  -36.242  20.515 0.3000000119
22385  27.089  -42.008  25.248 0.4000000060
22387  25.463  -42.646  25.727 0.4000000060
121948  24.767  -42.899  25.806 0.4000000060
21361  22.639  -43.809  25.810 0.4000000060
22378  22.946  -43.066  25.700 0.3000000119
123868  24.998  -42.235  25.963 0.4000000060
22388  23.654  -42.897  25.725 0.4000000060
23384  23.275  -42.338  25.648 0.4000000060
26176  30.901  -38.735  18.176 0.3000000119
24289  24.855  -40.733  26.299 0.4000000060
23385  22.045  -41.780  25.296 0.3000000119
23393  21.689  -41.169  24.875 0.3000000119
136899  22.746  -41.711  25.438 0.4000000060
24308  21.366  -40.567  24.220 0.3000000119
23394  20.834  -41.283  24.650 0.3000000119
24323  21.120  -40.182  23.435 0.3000000119
24300  22.869  -40.919  25.284 0.4000000060
24307  22.238  -40.491  24.628 0.3000000119
24322  21.806  -39.855  23.628 0.3000000119
21372  24.463  -43.639  25.691 0.4000000060
21373  24.159  -43.078  25.755 0.4000000060
25182  21.801  -39.358  22.566 0.3000000119
22384  28.016  -41.708  24.974 0.3000000119
135806  20.487  -40.067  22.582 0.3000000119
21360  23.577  -43.651  25.766 0.4000000060
21371  25.245  -43.424  25.547 0.4000000060
21374  22.042  -43.173  25.660 0.3000000119
22386  26.238  -42.322  25.560 0.4000000060
22390  21.684  -42.401  25.414 0.3000000119
23368  27.652  -40.655  25.983 0.5000000000
23376  30.739  -41.455  25.553 0.4000000060
23378  28.254  -41.013  25.558 0.5000000000
23381  25.633  -41.764  26.042 0.5000000000
23382  24.893  -41.550  26.159 0.4000000060
23383  24.209  -42.231  25.885 0.4000000060
23390  32.372  -41.524  24.408 0.4000000060
23392  22.305  -41.193  25.148 0.3000000119
24287  26.383  -40.052  26.623 0.5000000000
24298  24.270  -40.321  25.922 0.5000000000
24330  21.254  -39.760  22.842 0.3000000119
25139  30.538  -39.726  26.356 0.5000000000
25141  28.771  -39.178  27.085 0.6000000238
25144  25.644  -39.632  26.499 0.5000000000
25152  24.437  -39.562  25.664 0.5000000000
25165  23.364  -39.485  24.523 0.4000000060
25166  22.646  -39.710  24.133 0.4000000060
25180  23.124  -39.132  23.637 0.4000000060
25194  22.954  -38.761  22.735 0.4000000060
26061  27.166  -38.436  26.976 0.5000000000
26062  26.411  -38.581  26.603 0.6000000238
26063  25.759  -38.863  26.279 0.6000000238
26076  25.316  -38.465  25.636 0.6000000238
26077  24.669  -38.827  25.279 0.5000000000
26096  24.999  -38.145  24.775 0.6000000238
26115  32.900  -38.520  23.634 0.5000000000
26117  23.635  -38.595  23.138 0.4000000060
26128  33.370  -38.218  22.104 0.5000000000
26131  22.775  -38.531  21.702 0.3000000119
26142  23.293  -37.788  20.863 0.3000000119
27011  30.978  -38.276  26.468 0.6000000238
27012  29.272  -37.752  27.230 0.6000000238
27013  28.022  -36.926  27.013 0.6000000238
27031  26.841  -36.924  26.000 0.6999999881
27055  26.040  -37.091  23.757 0.5000000000
27056  25.517  -37.598  24.217 0.5000000000
27071  33.256  -37.765  23.627 0.6000000238
27072  25.514  -37.373  23.245 0.5000000000
27084  25.021  -37.547  22.592 0.5000000000
27096  24.450  -37.050  21.049 0.3000000119
27122  33.192  -37.872  18.948 0.6000000238
27132  32.189  -37.775  17.972 0.6000000238
28036  29.130  -36.212  27.025 0.6000000238
28057  32.015  -37.018  25.964 0.6000000238
28058  27.883  -35.848  25.949 0.6999999881
28084  33.571  -36.324  24.352 0.6000000238
28086  26.904  -36.383  24.164 0.6000000238
28104  27.105  -36.168  23.266 0.6000000238
28117  26.708  -36.132  22.231 0.6000000238
28128  34.517  -36.482  21.848 0.8000000119
28129  34.131  -37.119  21.952 0.6000000238
28131  25.464  -36.258  21.176 0.4000000060
28132  23.598  -35.901  20.632 0.3000000119
28141  25.025  -35.788  20.772 0.5000000000
28142  24.409  -35.844  20.547 0.3000000119
28154  34.286  -36.766  19.357 0.6999999881
28176  28.163  -36.362  16.495 0.5000000000
28185  30.654  -36.071  16.613 0.6000000238
29100  31.084  -35.245  26.547 0.6999999881
29117  29.004  -34.927  26.030 0.6999999881
29174  35.257  -35.310  21.494 0.8999999762
29175  34.908  -35.093  22.910 1.0000000000
29176  27.932  -34.857  21.955 0.6000000238
29178  26.603  -35.464  21.383 0.5000000000
29180  23.832  -35.585  21.649 0.4000000060
29187  26.750  -34.761  21.136 0.5000000000
29189  25.593  -35.694  21.036 0.4000000060
29190  24.720  -35.319  21.013 0.5000000000
29200  25.672  -35.003  21.091 0.5000000000
29202  24.637  -35.542  20.782 0.3000000119
29235  31.929  -35.821  16.948 0.8000000119
29244  31.184  -35.578  16.659 0.6000000238
29246  28.931  -35.187  16.388 0.6000000238
29255  25.728  -34.985  15.033 0.3000000119
30100  30.685  -34.680  26.369 0.8999999762
30111  33.114  -34.596  25.442 0.8999999762
30114  30.214  -34.117  25.897 0.8999999762
30115  29.471  -34.340  25.545 0.6999999881
30129  24.573  -34.732  24.407 0.4000000060
30153  24.750  -35.041  23.499 0.4000000060
30169  28.800  -33.627  21.676 0.6999999881
30171  25.677  -34.410  22.039 0.5000000000
30182  25.727  -34.752  21.257 0.5000000000
30190  35.525  -34.030  20.918 1.0000000000
30243  31.956  -34.439  16.804 0.8000000119
31086  31.025  -34.043  25.971 0.8999999762
31096  33.076  -33.815  25.479 0.8999999762
31108  30.306  -32.998  24.628 0.8999999762
31109  29.701  -33.336  23.966 0.8000000119
31110  26.418  -33.516  23.819 0.5000000000
31125  29.715  -33.025  22.870 0.6999999881
31138  35.399  -33.647  22.432 1.0000000000
31154  28.259  -33.456  21.265 0.6999999881
31186  34.893  -33.790  18.818 0.8999999762
32082  30.471  -31.972  22.927 0.6999999881
32096  29.605  -32.187  21.807 0.6000000238
32109  28.124  -33.118  21.260 0.6000000238
32182  26.527  -32.339  15.023 0.6000000238
32193  27.273  -32.495  13.868 0.4000000060
33048  34.291  -31.406  24.706 0.8999999762
33054  27.657  -31.571  24.587 0.6000000238
33056  26.015  -31.653  25.363 0.4000000060
33069  30.421  -31.306  22.549 0.8000000119
33071  28.015  -31.812  23.676 0.5000000000
33081  29.587  -31.824  21.897 0.6999999881
34064  29.357  -30.845  22.655 0.6999999881
34077  30.156  -30.991  22.276 0.6999999881
34078  29.790  -31.215  22.188 0.6999999881
34129  34.327  -30.787  18.477 0.8999999762
34139  31.601  -30.681  17.349 0.8999999762
35004  26.524  -29.459  25.734 0.4000000060
35019  30.365  -29.306  23.598 0.6000000238
35021  28.769  -29.986  24.560 0.6999999881
35104  33.544  -29.235  18.266 0.8999999762
35167  28.987  -29.605  13.499 0.5000000000
35969  28.672  -28.614  25.531 0.6000000238
35972  26.124  -28.646  25.706 0.4000000060
35982  32.573  -28.814  24.880 0.8999999762
36995  29.054  -27.406  26.256 0.4000000060
37007  30.436  -27.284  25.526 0.6000000238
37008  29.796  -27.718  25.420 0.6000000238
37024  25.138  -27.823  24.821 0.3000000119
37025  24.470  -27.918  24.168 0.3000000119
37043  36.467  -27.272  22.578 1.0000000000
37055  36.494  -27.860  21.792 1.0000000000
37098  31.752  -27.413  18.272 1.0000000000
37110  27.306  -27.638  17.191 0.8999999762
37119  25.702  -26.968  15.977 0.8999999762
38053  27.755  -26.528  26.584 0.4000000060
38061  33.667  -26.314  25.380 0.6999999881
38069  36.008  -26.345  24.096 0.8000000119
38070  35.559  -26.347  24.598 0.6999999881
39106  27.321  -25.797  26.373 0.4000000060
39120  31.664  -25.597  26.154 0.5000000000
39214  35.199  -25.662  20.126 1.0000000000
40139  33.830  -23.532  25.718 0.5000000000
40140  33.272  -23.722  25.815 0.4000000060
40141  32.647  -23.781  25.981 0.4000000060
40149  34.282  -23.650  25.628 0.5000000000
40172  34.963  -24.717  25.463 0.6000000238
40175  30.374  -24.237  26.575 0.4000000060
40282  30.741  -24.636  18.535 1.0000000000
41333  34.759  -22.706  25.570 0.5000000000
41336  33.025  -23.413  25.911 0.4000000060
41337  32.422  -23.362  26.064 0.4000000060
41343  35.131  -22.927  25.486 0.5000000000
41369  29.223  -23.217  25.971 0.4000000060
41392  36.000  -23.845  24.920 0.6999999881
41520  29.664  -23.631  14.127 0.6000000238
42538  34.498  -22.374  25.632 0.4000000060
42551  35.752  -21.793  25.418 0.4000000060
42553  33.851  -22.305  25.782 0.4000000060
42554  33.126  -22.461  25.878 0.4000000060
42555  32.313  -22.783  26.044 0.4000000060
42575  36.000  -22.080  25.132 0.5000000000
42580  29.529  -22.326  25.152 0.4000000060
42707  27.514  -21.997  16.399 1.0000000000
42718  24.824  -22.042  14.950 0.8999999762
43846  36.310  -20.898  26.294 0.5000000000
43862  36.206  -20.971  26.073 0.4000000060
43881  34.924  -21.498  25.322 0.4000000060
43903  36.563  -21.351  24.316 0.6999999881
43906  29.698  -21.489  24.090 0.4000000060
43938  26.535  -21.306  22.962 0.3000000119
44886  36.289  -20.907  26.169 0.5000000000
44887  36.184  -20.942  26.134 0.5000000000
44904  36.187  -21.038  25.036 0.5000000000
44905  35.458  -21.110  24.947 0.4000000060
44908  32.392  -20.930  24.664 0.4000000060
44909  31.714  -20.864  24.158 0.4000000060
44921  36.684  -20.769  24.024 0.5000000000
44924  31.109  -20.711  23.683 0.4000000060
44951  27.638  -20.532  22.375 0.3000000119
45019  27.791  -20.735  15.781 0.8999999762
45825  36.310  -20.896  26.225 0.5000000000
45896  31.391  -19.825  22.507 0.3000000119
45900  28.315  -20.429  22.371 0.3000000119
45943  37.604  -19.634  19.466 0.6999999881
45998  23.762  -19.291  14.010 0.8000000119
46034  23.713  -18.644  12.844 0.6999999881
46869  29.750  -19.015  20.795 0.3000000119
47999  31.111  -17.947  14.872 0.6999999881
48066  29.600  -17.572  11.461 0.5000000000
49212  25.083  -16.275  11.084 0.6000000238
49232  25.099  -15.973  10.289 0.6000000238
50310  31.643  -15.875  13.413 0.5000000000
50329  25.170  -15.816  11.318 0.6999999881
50382  28.828  -15.010  8.336 0.4000000060
50384  27.056  -14.920  8.724 0.6000000238
51652  28.657  -14.067  7.591 0.6000000238
51662  29.902  -13.521  6.571 0.4000000060
52841  30.610  -13.783  10.742 0.4000000060
52876  28.199  -13.861  8.629 0.4000000060
116881  35.089  -19.173  22.959 0.4000000060
116969  35.006  -18.447  21.634 0.4000000060
117054  36.089  -20.713  24.822 0.4000000060
117494  29.012  -40.017  26.541 0.5000000000
117665  28.650  -32.241  21.707 0.6000000238
118245  29.834  -22.769  25.881 0.4000000060
118494  24.068  -33.329  24.981 0.4000000060
119063  35.464  -31.916  22.900 1.0000000000
119104  36.285  -20.611  24.581 0.5000000000
119497  26.338  -32.409  25.122 0.4000000060
121838  33.604  -34.087  17.658 0.8000000119
122140  24.999  -20.205  12.675 0.6999999881
122202  23.482  -41.514  25.678 0.4000000060
122735  28.577  -32.662  21.374 0.6000000238
123933  24.396  -20.850  14.005 0.6999999881
124263  34.839  -26.161  19.681 1.0000000000
125313  30.398  -35.358  26.746 0.6999999881
125819  31.099  -36.015  26.715 0.6999999881
126292  25.796  -23.669  24.459 0.3000000119
126877  28.389  -13.741  8.871 0.4000000060
126888  25.549  -37.105  22.438 0.5000000000
126896  25.643  -24.903  15.142 0.8000000119
128348  30.388  -25.865  18.483 1.0000000000
128564  30.520  -22.888  26.140 0.4000000060
128750  34.513  -26.316  25.214 0.8000000119
129585  29.073  -24.460  26.676 0.4000000060
129777  24.471  -35.271  21.499 0.4000000060
130225  30.231  -28.177  24.657 0.6000000238
131248  30.362  -20.714  16.065 0.8000000119
131539  25.767  -27.904  25.467 0.4000000060
132632  29.117  -26.046  26.901 0.4000000060
132640  29.579  -35.491  16.426 0.6000000238
132906  35.825  -20.024  23.992 0.4000000060
132908  33.255  -19.004  22.111 0.4000000060
132928  34.321  -18.412  21.385 0.4000000060
132929  31.994  -19.576  22.374 0.3000000119
132978  35.830  -20.971  25.111 0.5000000000
132985  32.675  -19.270  22.239 0.4000000060
133083  36.157  -19.725  23.630 0.5000000000
133845  26.928  -29.898  16.012 0.8999999762
134492  29.416  -21.203  23.616 0.3000000119
134755  26.344  -28.070  16.205 0.8999999762
137039  31.971  -37.721  25.697 0.6000000238
137285  35.406  -34.265  22.114 1.0000000000
137330  36.929  -22.946  22.552 0.6999999881
138629  24.882  -16.136  11.823 0.6000000238
139725  32.688  -35.021  25.716 0.6999999881
139901  22.357  -38.942  22.364 0.3000000119
140144  27.897  -24.695  17.708 0.8999999762
140742  32.015  -21.668  25.554 0.4000000060
140996  30.860  -37.708  26.644 0.6000000238
141146  33.605  -32.655  25.151 0.8999999762
141206  35.502  -17.016  20.051 0.3000000119
141228  27.432  -31.364  13.759 0.5000000000
141319  24.970  -34.739  23.915 0.4000000060
141498  33.489  -36.676  18.168 0.6999999881
141501  27.794  -15.704  9.186 0.6000000238
