#!ascii label  , from subject sub-v2s16x51231_ses-1 vox2ras=TkReg
777
55146  22.094  -11.281  13.363 0.1428571492
53991  20.661  -12.196  14.056 0.1428571492
56370  21.101  -10.717  12.169 0.1428571492
55145  22.778  -11.285  13.887 0.1428571492
55156  22.150  -10.862  12.777 0.2857142985
138681  20.865  -11.500  13.067 0.1428571492
56355  22.910  -10.771  13.203 0.1428571492
57466  21.299  -9.759  11.225 0.5714285970
56379  22.323  -10.238  11.564 0.1428571492
57463  24.411  -9.189  11.407 0.2857142985
57464  23.612  -9.570  11.136 0.2857142985
58507  24.649  -8.773  10.550 0.1428571492
58494  25.203  -8.719  11.376 0.2857142985
59616  25.062  -7.577  8.061 0.2857142985
120622  25.353  -7.864  8.834 0.1428571492
58539  24.677  -8.030  8.580 0.2857142985
135461  25.783  -6.471  6.501 0.2857142985
60679  26.256  -6.899  7.818 0.2857142985
61806  26.460  -5.806  5.608 0.2857142985
60711  25.976  -6.064  5.971 0.2857142985
64135  26.689  -4.159  4.253 0.2857142985
66433  27.648  -1.914  4.084 0.8571428657
65329  27.198  -3.486  3.731 0.4285714328
62948  26.743  -5.224  4.420 0.2857142985
67475  28.608  -0.474  1.998 0.7142857313
119761  28.465  -1.181  2.168 0.7142857313
66432  28.070  -2.104  2.948 0.7142857313
130465  29.936  0.517  1.405 0.8571428657
133194  29.054  -0.566  1.635 0.5714285970
68479  28.530  0.436  2.371 0.8571428657
67457  28.148  -0.910  3.631 0.7142857313
69529  31.762  1.985  0.852 0.4285714328
129716  30.001  1.269  1.197 0.7142857313
68491  28.834  0.316  1.816 0.8571428657
71652  33.369  3.091  -1.811 0.2857142985
71653  32.551  3.256  -1.872 0.5714285970
70585  31.376  2.707  0.309 0.8571428657
69531  29.476  1.918  0.952 0.8571428657
71671  33.351  3.618  -4.111 0.1428571492
71662  33.544  3.219  -3.036 0.1428571492
122626  31.449  3.408  -1.305 0.5714285970
70598  30.900  3.258  -0.279 0.8571428657
74600  31.669  5.720  -5.583 0.1428571492
73614  33.556  4.176  -5.063 0.1428571492
72716  33.184  3.906  -5.553 0.1428571492
135136  32.312  3.333  -4.070 0.4285714328
71654  30.332  3.574  -0.861 0.8571428657
74601  30.419  6.762  -5.681 0.1428571492
75580  30.888  6.673  -5.077 0.1428571492
120808  30.978  5.867  -6.232 0.1428571492
120604  32.565  4.211  -5.899 0.1428571492
72717  31.382  4.253  -6.158 0.4285714328
71676  31.755  3.387  -4.664 0.5714285970
71672  30.995  3.486  -3.237 0.7142857313
71655  29.331  3.666  -0.619 0.8571428657
141028  29.475  7.655  -6.565 0.1428571492
74605  30.398  6.292  -6.774 0.1428571492
73620  30.700  4.743  -6.897 0.5714285970
72709  30.612  3.567  -4.106 0.8571428657
71664  30.732  3.594  -1.878 0.8571428657
71673  29.866  3.906  -2.186 0.8571428657
76559  29.307  8.259  -5.736 0.1428571492
76563  29.077  8.293  -6.672 0.2857142985
75585  29.839  6.814  -7.176 0.1428571492
75587  29.514  6.479  -7.950 0.8571428657
72713  31.033  3.616  -5.223 0.7142857313
72719  29.562  4.316  -5.889 0.8571428657
133481  28.567  9.986  -6.995 0.1428571492
79529  28.382  11.497  -6.815 0.1428571492
135094  28.933  8.226  -7.618 0.4285714328
75591  28.615  7.352  -8.401 0.8571428657
73625  29.501  5.833  -7.873 0.8571428657
135113  29.653  4.714  -6.735 0.8571428657
124754  29.072  4.379  -4.803 0.8571428657
118043  28.411  9.583  -7.920 0.4285714328
73626  28.570  5.907  -7.718 0.8571428657
73624  29.154  5.349  -7.304 0.8571428657
127247  28.003  5.684  -6.649 0.8571428657
79534  28.122  11.359  -7.861 0.1428571492
80506  28.070  12.070  -7.590 0.2857142985
117622  28.324  10.594  -7.630 0.5714285970
78540  28.126  10.004  -8.805 0.8571428657
77543  28.289  9.068  -9.031 0.8571428657
76569  28.335  8.192  -8.881 0.8571428657
74614  28.299  7.029  -8.331 0.8571428657
76570  27.708  8.285  -9.108 0.8571428657
138146  27.666  6.217  -7.135 0.8571428657
80507  27.749  12.428  -8.476 0.2857142985
79535  27.818  11.611  -8.706 0.7142857313
78534  27.982  10.851  -8.756 0.5714285970
76573  27.352  9.132  -9.582 0.8571428657
77537  26.378  8.868  -8.485 0.8571428657
75590  26.987  7.531  -7.873 0.8571428657
80516  27.106  11.675  -9.684 0.8571428657
77549  26.970  9.571  -9.733 0.8571428657
78543  25.637  10.193  -9.176 0.7142857313
124353  26.110  9.535  -9.078 0.7142857313
81486  27.276  12.636  -9.331 0.8571428657
139368  26.616  11.943  -10.162 0.8571428657
79541  26.291  10.740  -10.091 0.8571428657
80523  25.870  11.624  -10.717 0.8571428657
81493  26.001  12.380  -10.970 0.8571428657
79536  25.183  10.767  -9.226 0.7142857313
82399  26.181  14.182  -10.686 0.7142857313
82404  25.958  13.170  -11.092 0.8571428657
82405  25.222  13.370  -11.517 0.8571428657
83350  24.249  14.512  -11.689 0.7142857313
132183  25.953  11.112  -10.372 0.8571428657
81494  25.120  12.256  -11.545 0.8571428657
137329  25.459  18.633  -9.665 0.1428571492
83349  25.302  14.422  -11.248 0.8571428657
84323  24.386  15.665  -11.298 0.7142857313
82406  23.890  13.396  -11.849 0.8571428657
88150  24.657  19.876  -10.785 0.1428571492
85271  24.406  16.849  -11.005 0.5714285970
86240  24.226  17.911  -11.019 0.5714285970
86247  23.103  17.754  -12.093 0.5714285970
87175  23.969  18.911  -11.329 0.1428571492
136322  25.513  20.821  -11.935 0.1428571492
87182  22.590  18.730  -12.645 0.5714285970
89100  25.746  21.194  -13.950 0.1428571492
89106  26.365  21.870  -14.582 0.1428571492
136469  24.027  20.465  -12.272 0.1428571492
137121  26.744  22.639  -14.394 0.1428571492
89107  25.303  21.896  -14.726 0.1428571492
90880  24.763  22.864  -14.744 0.1428571492
89991  27.231  23.435  -13.109 0.1428571492
90879  25.154  23.684  -14.322 0.1428571492
53984  21.479  -12.206  14.361 0.1428571492
56368  22.640  -10.479  12.329 0.2857142985
56367  23.542  -10.173  12.635 0.1428571492
57449  24.610  -9.542  12.562 0.2857142985
56378  23.142  -10.052  11.720 0.2857142985
134286  26.080  -7.545  9.199 0.2857142985
59597  25.780  -7.901  9.802 0.2857142985
58520  24.790  -8.399  9.443 0.1428571492
64119  26.181  -4.345  5.791 0.2857142985
65345  27.671  -2.952  3.067 0.4285714328
65303  26.798  -3.213  4.815 0.5714285970
69518  30.677  0.963  1.329 0.2857142985
67445  27.335  -1.141  5.359 0.7142857313
70584  32.442  2.673  0.194 0.1428571492
70572  28.732  1.819  1.495 0.8571428657
126664  29.595  8.142  -5.017 0.1428571492
74608  30.111  5.902  -7.632 0.8571428657
73621  28.583  5.132  -6.360 0.8571428657
82398  26.612  13.611  -10.011 0.8571428657
121870  23.843  19.860  -11.730 0.1428571492
89094  24.941  20.779  -12.895 0.1428571492
89990  28.240  22.896  -13.780 0.1428571492
120106  20.846  -12.591  14.761 0.1428571492
56391  22.054  -9.906  10.988 0.4285714328
57477  24.021  -9.229  10.596 0.2857142985
57465  22.818  -9.835  10.933 0.4285714328
60701  26.688  -6.488  7.166 0.2857142985
60703  25.432  -6.773  6.979 0.2857142985
59632  24.968  -7.210  7.556 0.2857142985
60702  25.851  -6.739  6.848 0.2857142985
66418  27.186  -2.294  5.070 0.7142857313
74593  32.144  5.895  -4.689 0.1428571492
75581  30.133  7.569  -4.707 0.1428571492
77532  28.692  9.857  -6.137 0.1428571492
76564  28.742  9.099  -7.026 0.2857142985
117740  28.556  10.653  -6.479 0.1428571492
75588  29.097  7.021  -8.235 0.8571428657
72710  29.817  3.895  -3.184 0.8571428657
72701  29.045  4.265  -2.365 1.0000000000
80498  28.010  12.909  -7.357 0.1428571492
82397  27.229  13.515  -9.065 0.2857142985
77538  25.956  9.314  -8.022 0.8571428657
135386  26.821  14.759  -9.498 0.5714285970
83343  26.296  15.389  -9.969 0.5714285970
84322  25.327  15.577  -10.660 0.7142857313
86239  25.075  17.874  -10.220 0.4285714328
84315  26.041  16.444  -9.574 0.2857142985
85270  25.329  16.819  -10.163 0.2857142985
87174  24.900  18.970  -10.256 0.1428571492
89102  23.336  21.476  -14.100 0.2857142985
88167  24.731  20.485  -11.585 0.1428571492
89101  24.600  21.319  -14.107 0.1428571492
89108  24.173  22.077  -14.666 0.1428571492
90001  23.672  23.042  -14.717 0.1428571492
89093  26.147  20.759  -12.999 0.1428571492
89992  26.161  23.642  -12.577 0.1428571492
90875  25.244  24.012  -13.384 0.1428571492
89979  26.902  23.459  -11.737 0.1428571492
82391  27.262  14.502  -8.749 0.4285714328
55157  21.369  -11.164  12.798 0.1428571492
55147  21.266  -11.751  13.538 0.1428571492
53992  19.925  -12.117  14.046 0.1428571492
56369  21.828  -10.647  12.170 0.4285714328
55158  20.542  -11.139  12.715 0.2857142985
56380  21.574  -10.275  11.606 0.5714285970
57492  24.059  -8.979  9.824 0.1428571492
60680  25.450  -7.118  7.462 0.2857142985
123855  28.112  -0.089  4.264 0.7142857313
69530  30.695  1.836  0.880 0.8571428657
69519  29.222  1.055  1.472 0.8571428657
70597  32.175  3.165  -0.709 0.5714285970
71663  32.165  3.273  -2.794 0.5714285970
129776  31.544  4.837  -6.352 0.2857142985
73617  33.145  4.256  -5.572 0.1428571492
71677  32.303  3.756  -5.572 0.1428571492
75586  29.308  7.422  -7.620 0.5714285970
72714  29.706  3.968  -4.237 0.8571428657
73623  30.076  5.272  -7.396 0.8571428657
120904  28.607  8.625  -8.219 0.8571428657
78541  27.553  10.250  -9.510 0.8571428657
76572  27.860  8.838  -9.343 0.8571428657
135651  26.969  8.422  -8.974 0.8571428657
79540  27.322  10.925  -9.636 0.8571428657
81487  26.661  12.612  -10.143 0.8571428657
85276  23.354  16.847  -11.745 0.5714285970
89092  27.145  20.651  -13.102 0.1428571492
87190  23.037  19.960  -12.862 0.4285714328
89105  27.294  21.931  -14.468 0.1428571492
127482  27.581  21.170  -13.978 0.1428571492
88171  23.693  20.761  -13.297 0.1428571492
90000  25.843  22.789  -14.539 0.1428571492
59596  26.637  -7.534  9.942 0.1428571492
57479  22.514  -9.456  10.388 0.4285714328
61797  24.886  -5.660  7.655 0.5714285970
89109  22.947  22.259  -14.482 0.1428571492
61768  24.509  -6.060  8.144 0.5714285970
124616  22.731  -5.274  9.059 0.5714285970
60684  21.271  -5.689  9.213 0.2857142985
64079  23.862  -4.151  8.303 0.5714285970
62890  22.269  -4.524  8.600 0.5714285970
140684  21.755  -6.296  9.525 0.4285714328
62889  23.293  -4.743  8.689 0.5714285970
61771  20.840  -5.049  8.716 0.2857142985
62891  21.339  -4.518  8.369 0.4285714328
64120  25.797  -3.733  6.807 0.4285714328
64097  24.495  -3.630  7.880 0.5714285970
64099  22.533  -3.409  7.786 0.5714285970
64121  21.926  -3.256  7.242 0.4285714328
65279  25.754  -2.658  6.953 0.5714285970
66386  24.990  -2.174  7.351 0.5714285970
64098  23.443  -3.259  7.922 0.4285714328
66400  25.639  -1.826  6.955 0.7142857313
66387  24.016  -1.929  7.342 0.4285714328
125202  20.637  -4.520  8.263 0.2857142985
62892  19.987  -4.764  8.498 0.2857142985
67446  26.628  -0.510  6.184 0.7142857313
67429  24.745  -0.119  6.487 0.4285714328
69462  25.902  0.806  6.185 0.7142857313
69463  25.140  1.005  6.118 0.5714285970
69472  25.726  1.524  5.940 0.7142857313
69473  24.862  1.636  5.687 0.2857142985
68436  26.065  0.179  6.364 0.7142857313
127269  27.948  1.271  4.845 0.7142857313
70527  27.159  2.694  5.352 0.7142857313
70538  27.850  2.890  4.789 0.7142857313
71585  26.639  3.364  5.266 0.7142857313
70528  26.346  2.740  5.488 0.4285714328
72619  27.041  4.023  5.003 0.4285714328
120967  28.282  -0.022  3.650 0.5714285970
68459  27.827  0.378  4.901 0.5714285970
68470  28.390  0.599  3.278 0.5714285970
137017  28.368  2.512  4.108 0.5714285970
131124  28.506  2.932  3.534 0.7142857313
71610  28.511  3.623  3.402 0.7142857313
72677  28.453  4.182  1.680 0.7142857313
72635  28.279  4.128  4.053 0.7142857313
73533  28.088  4.950  3.878 0.5714285970
119049  28.486  5.017  1.723 0.5714285970
70586  30.229  2.644  0.423 0.7142857313
134567  28.493  2.534  1.651 0.5714285970
70549  28.489  2.210  3.218 0.5714285970
70573  28.584  2.983  1.022 0.7142857313
71620  28.515  2.924  2.612 0.7142857313
124700  28.404  4.123  0.069 0.8571428657
72636  27.565  4.538  4.500 0.4285714328
72695  28.324  4.353  -0.804 0.7142857313
73596  28.078  4.872  -0.207 0.7142857313
72703  27.984  4.909  -1.228 0.7142857313
73577  28.460  5.800  1.579 0.5714285970
73590  28.151  5.864  -0.018 0.7142857313
70587  29.186  2.748  0.632 0.5714285970
71635  28.428  3.315  1.676 0.7142857313
71665  28.975  4.038  -1.344 0.8571428657
72702  28.446  4.585  -1.710 0.8571428657
133328  28.073  4.974  -2.025 0.7142857313
73604  27.787  5.549  -1.828 0.5714285970
75566  27.140  6.678  -2.667 0.2857142985
133018  29.824  3.808  -1.340 0.7142857313
72711  28.394  4.665  -2.718 0.7142857313
134709  26.505  7.142  -5.098 0.7142857313
138333  29.047  4.257  -3.213 0.7142857313
137165  28.059  4.896  -3.382 0.8571428657
73616  27.585  5.471  -3.620 0.8571428657
74613  27.133  6.940  -7.300 0.8571428657
74595  26.791  6.717  -4.065 0.5714285970
74603  26.747  6.494  -4.885 0.8571428657
74610  26.641  7.265  -6.333 0.8571428657
75582  26.304  7.712  -4.991 0.7142857313
73615  28.151  4.847  -4.225 0.8571428657
139627  27.447  6.145  -6.420 0.8571428657
76565  26.276  8.009  -6.333 0.8571428657
118683  26.579  7.742  -7.155 0.8571428657
76566  26.120  8.594  -7.333 0.8571428657
80517  24.751  11.240  -9.864 0.7142857313
80508  24.621  11.407  -8.592 0.7142857313
80524  24.861  11.397  -10.841 0.5714285970
80509  24.320  11.923  -8.729 0.7142857313
80518  23.842  11.640  -9.793 0.7142857313
80525  23.884  11.647  -10.771 0.7142857313
81495  23.797  12.422  -11.437 0.8571428657
82401  22.599  13.665  -10.868 0.7142857313
81488  23.102  12.308  -9.909 0.7142857313
83351  21.618  14.371  -10.758 0.7142857313
84324  20.781  15.004  -10.832 0.7142857313
123704  21.723  15.026  -10.096 0.5714285970
82410  23.152  13.786  -12.048 0.7142857313
83352  21.175  14.765  -11.515 0.7142857313
140238  21.207  15.645  -10.329 0.5714285970
83361  20.949  15.224  -12.184 0.4285714328
140116  19.927  16.006  -11.726 0.5714285970
85273  21.480  16.809  -10.192 0.5714285970
83357  22.071  14.761  -12.252 0.5714285970
85272  22.504  16.372  -9.312 0.5714285970
84331  20.188  15.945  -12.219 0.5714285970
85278  20.026  16.626  -11.358 0.5714285970
86242  21.117  17.898  -10.611 0.5714285970
124621  23.126  17.646  -8.721 0.5714285970
85265  23.593  17.091  -8.247 0.4285714328
87177  22.124  19.101  -9.843 0.5714285970
86253  19.746  17.590  -12.922 0.5714285970
87176  22.994  19.330  -8.896 0.4285714328
85259  24.324  17.512  -7.441 0.4285714328
135322  22.631  19.936  -9.259 0.5714285970
86241  22.530  18.143  -9.428 0.5714285970
88138  22.490  21.084  -8.060 0.4285714328
65344  28.205  -3.157  2.465 0.2857142985
70561  28.463  1.999  2.234 0.5714285970
89068  22.002  21.353  -8.827 0.2857142985
88126  22.616  21.086  -7.038 0.2857142985
137489  23.015  -6.058  9.227 0.5714285970
60665  22.621  -6.756  9.414 0.5714285970
62917  25.284  -5.143  7.297 0.2857142985
62918  24.721  -4.607  7.906 0.4285714328
60683  22.197  -5.812  9.312 0.5714285970
62939  25.742  -5.187  6.345 0.2857142985
64096  25.273  -4.201  7.390 0.5714285970
62919  21.816  -3.889  7.916 0.4285714328
65263  22.736  -2.826  7.394 0.4285714328
65280  23.068  -2.133  7.025 0.5714285970
62921  20.258  -4.228  7.959 0.2857142985
64100  21.120  -3.629  7.190 0.2857142985
67430  23.861  -0.522  6.414 0.5714285970
66450  29.060  -2.369  1.748 0.2857142985
68452  22.659  0.258  5.115 0.2857142985
70529  25.524  2.361  5.521 0.7142857313
72715  28.648  4.492  -3.722 0.8571428657
74586  27.128  6.279  -3.455 0.7142857313
124073  25.217  10.496  -7.941 0.7142857313
82400  22.597  13.270  -9.738 0.7142857313
84317  22.580  15.328  -9.216 0.5714285970
86235  23.421  18.669  -8.411 0.2857142985
84328  23.367  15.741  -11.876 0.5714285970
84329  22.212  15.815  -12.386 0.5714285970
84334  21.018  15.957  -12.595 0.5714285970
87183  20.801  18.893  -11.058 0.5714285970
88160  20.572  19.795  -11.522 0.2857142985
61796  25.479  -6.183  6.770 0.2857142985
121947  28.621  1.187  1.958 0.7142857313
67458  27.807  -0.595  4.704 0.5714285970
71642  29.771  3.266  -0.030 0.7142857313
71656  28.694  3.917  -0.470 0.7142857313
71643  28.791  3.455  0.221 0.7142857313
73622  27.772  5.468  -5.583 0.7142857313
65304  26.725  -2.621  5.779 0.5714285970
66419  26.804  -1.633  6.005 0.5714285970
77533  25.736  9.361  -7.164 0.7142857313
68458  28.223  0.620  4.188 0.5714285970
62888  24.235  -5.125  8.375 0.5714285970
61769  23.762  -5.822  8.840 0.4285714328
61770  21.757  -5.092  8.941 0.5714285970
64080  22.859  -3.941  8.292 0.5714285970
60666  21.711  -7.097  9.774 0.5714285970
62920  20.879  -4.133  7.777 0.4285714328
65260  25.161  -3.148  7.430 0.5714285970
65261  24.262  -2.736  7.648 0.5714285970
64122  21.362  -3.090  6.727 0.4285714328
66401  24.815  -1.125  6.924 0.5714285970
66402  23.521  -1.353  6.734 0.4285714328
66399  26.020  -1.237  6.595 0.5714285970
67428  25.621  -0.381  6.537 0.7142857313
68437  25.374  0.359  6.381 0.5714285970
68439  24.060  0.266  6.049 0.4285714328
67447  23.225  -0.120  5.737 0.4285714328
68449  26.620  0.452  6.000 0.7142857313
122001  27.232  1.029  5.547 0.7142857313
68451  23.447  0.805  5.450 0.2857142985
117696  26.600  1.960  5.742 0.7142857313
69483  28.373  1.532  3.930 0.7142857313
69484  28.013  2.103  4.731 0.7142857313
71598  27.772  3.720  4.621 0.7142857313
69505  28.481  1.335  2.802 0.5714285970
72653  28.478  4.464  3.309 0.7142857313
72664  28.564  4.763  2.532 0.7142857313
117489  28.409  3.716  0.885 0.5714285970
72688  28.354  4.591  0.829 0.7142857313
74513  28.362  6.193  3.160 0.2857142985
74574  27.483  6.359  -1.938 0.5714285970
128570  27.539  6.819  -1.191 0.2857142985
74602  27.128  5.808  -4.990 0.8571428657
81489  22.993  12.892  -10.662 0.7142857313
82407  22.259  14.239  -11.628 0.8571428657
86249  19.632  17.712  -11.945 0.7142857313
88151  21.797  20.131  -10.133 0.5714285970
88137  23.039  20.260  -8.492 0.4285714328
126442  20.620  -3.210  6.663 0.1428571492
65305  21.821  -2.121  5.973 0.4285714328
56382  20.175  -9.947  12.065 0.4285714328
61794  27.192  -6.050  6.633 0.1428571492
61795  26.247  -6.281  6.187 0.1428571492
61805  26.848  -5.906  5.654 0.1428571492
64153  27.049  -4.607  3.632 0.1428571492
64169  27.570  -4.348  3.143 0.1428571492
62937  27.341  -5.526  5.191 0.1428571492
61804  27.736  -5.533  6.223 0.1428571492
64152  28.054  -4.523  3.213 0.1428571492
62957  27.027  -5.055  3.854 0.1428571492
62947  27.109  -5.334  4.380 0.1428571492
141456  27.707  -3.713  2.868 0.1428571492
66463  29.564  -1.540  1.538 0.2857142985
68490  30.701  -0.093  1.524 0.1428571492
78535  25.588  9.835  -8.092 0.5714285970
89951  26.336  22.679  -9.426 0.1428571492
77525  25.960  8.980  -5.526 0.4285714328
120996  26.170  22.583  -8.475 0.1428571492
90876  24.032  24.218  -13.879 0.1428571492
120988  25.033  11.420  -7.507 0.4285714328
131602  24.860  12.192  -7.648 0.4285714328
90868  21.447  25.206  -11.597 0.2857142985
89095  20.790  21.829  -13.084 0.2857142985
86258  19.949  18.608  -13.352 0.2857142985
125352  20.723  20.700  -13.896 0.2857142985
81455  26.141  13.086  -4.191 0.1428571492
81481  24.609  12.901  -7.718 0.5714285970
126653  20.495  22.479  -11.091 0.2857142985
85283  20.399  16.734  -12.997 0.4285714328
82385  25.230  13.874  -6.774 0.4285714328
83337  23.651  14.500  -8.217 0.5714285970
89083  20.570  21.555  -12.145 0.2857142985
124378  25.391  14.823  -6.167 0.4285714328
84309  24.839  15.877  -7.093 0.2857142985
89069  21.183  21.895  -9.215 0.1428571492
88152  21.010  21.075  -10.910 0.1428571492
89074  21.042  21.874  -10.138 0.1428571492
84303  25.185  16.270  -6.308 0.1428571492
123877  24.073  16.663  -7.804 0.4285714328
89955  20.410  22.769  -8.672 0.1428571492
89983  19.986  24.165  -10.019 0.1428571492
84304  24.725  16.752  -7.033 0.2857142985
89064  21.359  21.870  -8.106 0.2857142985
89055  21.790  21.248  -5.705 0.1428571492
89971  19.794  23.883  -9.135 0.1428571492
89060  21.086  22.201  -7.073 0.1428571492
89930  20.279  23.125  -6.760 0.1428571492
89942  19.986  23.754  -7.286 0.1428571492
90828  20.007  24.176  -5.359 0.1428571492
57467  20.545  -9.498  11.518 0.4285714328
58511  19.882  -8.182  11.117 0.2857142985
62956  27.521  -4.974  3.849 0.1428571492
64178  28.749  -3.513  2.273 0.1428571492
79530  25.427  10.910  -6.678 0.2857142985
87197  20.855  19.893  -14.094 0.2857142985
89982  20.162  24.041  -11.076 0.2857142985
89999  20.898  23.432  -13.176 0.2857142985
91695  20.234  25.119  -9.011 0.2857142985
58496  19.437  -8.342  11.584 0.2857142985
58506  25.478  -8.348  10.554 0.1428571492
60678  27.220  -6.556  8.307 0.1428571492
61767  27.677  -6.092  7.721 0.1428571492
137685  29.776  -0.433  1.472 0.1428571492
66451  28.468  -2.141  2.125 0.1428571492
83326  25.454  15.680  -5.731 0.1428571492
78529  25.520  10.109  -7.003 0.4285714328
119525  26.014  13.812  -4.412 0.2857142985
125676  23.080  14.955  -8.697 0.5714285970
86248  21.683  17.451  -13.098 0.4285714328
91693  21.061  25.370  -10.365 0.2857142985
90874  21.118  24.846  -12.615 0.2857142985
88173  21.206  20.935  -14.215 0.2857142985
89998  21.380  23.091  -14.059 0.2857142985
119554  21.941  25.005  -12.453 0.2857142985
90867  22.681  24.662  -11.639 0.1428571492
90866  23.569  23.797  -10.464 0.1428571492
90871  24.304  24.193  -12.826 0.1428571492
90846  19.834  24.699  -7.553 0.2857142985
91697  20.157  25.168  -9.807 0.2857142985
119800  23.927  23.981  -11.713 0.1428571492
89981  24.787  23.377  -10.828 0.1428571492
90877  23.418  23.814  -14.352 0.1428571492
119247  22.677  24.332  -13.871 0.1428571492
128554  31.319  0.667  1.442 0.2857142985
87191  21.559  19.288  -13.635 0.4285714328
90861  21.932  24.897  -9.543 0.2857142985
89103  21.811  22.165  -14.264 0.2857142985
89997  22.442  23.329  -14.306 0.1428571492
57481  20.939  -8.996  11.020 0.4285714328
56381  20.866  -10.208  11.741 0.4285714328
66464  28.788  -1.414  1.800 0.4285714328
85277  22.038  16.704  -12.624 0.4285714328
86252  20.612  18.048  -13.568 0.2857142985
136516  22.223  21.469  -14.259 0.2857142985
132553  23.777  12.590  -8.732 0.5714285970
82393  23.269  13.374  -8.855 0.5714285970
83345  22.187  14.201  -9.678 0.5714285970
87198  20.501  19.001  -13.864 0.2857142985
121809  22.446  20.688  -9.064 0.4285714328
89063  21.933  21.575  -7.351 0.2857142985
89073  21.771  21.171  -9.689 0.2857142985
83344  22.820  13.991  -9.019 0.5714285970
84310  24.115  15.735  -7.830 0.5714285970
87184  19.689  18.732  -12.120 0.2857142985
139890  20.356  20.449  -12.187 0.2857142985
129318  27.396  -4.786  3.476 0.1428571492
62936  28.276  -4.937  5.833 0.1428571492
64167  28.801  -3.967  2.663 0.1428571492
128565  25.521  11.738  -6.279 0.2857142985
89994  20.481  24.290  -12.147 0.2857142985
130850  20.602  23.022  -12.113 0.2857142985
88168  20.272  20.487  -13.137 0.2857142985
88174  20.345  19.644  -13.778 0.2857142985
81465  25.564  13.442  -6.037 0.2857142985
89970  20.268  22.975  -9.920 0.1428571492
122559  25.004  14.650  -6.979 0.4285714328
82392  24.355  13.884  -7.811 0.5714285970
83336  24.559  15.049  -7.419 0.5714285970
57468  19.801  -9.164  11.838 0.2857142985
65343  29.378  -3.379  2.277 0.1428571492
78517  25.988  10.332  -5.156 0.2857142985
90878  21.603  24.128  -13.668 0.2857142985
90872  23.032  24.464  -12.836 0.2857142985
73552  28.441  5.330  3.240 0.4285714328
74556  28.060  6.769  0.218 0.2857142985
90837  21.712  25.364  -6.236 0.1428571492
91688  21.110  25.364  -9.123 0.1428571492
90836  22.923  24.292  -5.961 0.1428571492
91671  20.485  24.922  -5.017 0.1428571492
90827  21.893  25.294  -5.447 0.1428571492
90845  21.552  25.470  -7.351 0.1428571492
90853  21.822  24.978  -8.446 0.1428571492
91670  20.799  25.520  -5.624 0.1428571492
91665  21.008  25.535  -4.761 0.1428571492
91677  20.554  25.827  -6.611 0.1428571492
90820  21.985  25.616  -4.786 0.1428571492
91669  23.439  24.958  -5.055 0.1428571492
91685  20.503  25.756  -7.583 0.1428571492
92405  21.894  27.143  -3.274 0.1428571492
91664  22.328  26.218  -4.307 0.1428571492
74555  28.276  6.281  0.876 0.2857142985
131519  21.311  25.768  -3.876 0.1428571492
92404  22.514  27.307  -4.249 0.1428571492
90825  24.437  23.736  -5.623 0.1428571492
133891  26.488  -3.673  5.290 0.2857142985
91684  21.039  25.474  -8.174 0.1428571492
90860  22.776  24.045  -8.789 0.1428571492
90844  22.747  24.263  -6.736 0.1428571492
90852  22.708  24.159  -7.714 0.1428571492
135686  21.794  26.144  -3.802 0.1428571492
92406  21.705  26.293  -3.163 0.1428571492
65278  26.288  -3.136  6.305 0.4285714328
59599  22.589  -7.736  9.531 0.4285714328
58541  23.754  -8.156  8.795 0.2857142985
139333  24.371  -8.315  8.857 0.1428571492
60682  23.545  -6.831  8.933 0.2857142985
58540  24.199  -8.131  8.578 0.1428571492
60681  24.395  -6.958  8.227 0.2857142985
58523  22.585  -8.464  9.691 0.2857142985
84316  23.384  16.063  -8.498 0.4285714328
127006  24.964  -6.652  7.378 0.2857142985
59617  24.561  -7.635  8.242 0.1428571492
59618  23.967  -7.671  8.547 0.1428571492
58521  23.993  -8.599  9.053 0.1428571492
59598  23.299  -7.638  9.040 0.2857142985
81474  25.224  12.917  -6.778 0.2857142985
58522  23.237  -8.421  9.284 0.2857142985
58509  21.325  -8.399  10.464 0.2857142985
58510  20.475  -8.281  10.851 0.2857142985
59600  21.969  -8.021  9.976 0.2857142985
59584  20.601  -7.686  10.416 0.2857142985
59583  21.278  -7.642  10.130 0.2857142985
67431  22.945  -0.976  5.988 0.2857142985
70530  24.518  2.244  5.112 0.1428571492
71587  24.980  2.936  4.851 0.1428571492
71586  25.809  3.217  5.222 0.2857142985
72637  26.541  4.852  4.700 0.1428571492
74542  28.170  7.250  1.199 0.1428571492
75554  27.211  7.174  -1.889 0.1428571492
75575  26.583  7.417  -3.849 0.1428571492
75547  26.873  7.971  -1.861 0.1428571492
124070  26.377  7.916  -4.324 0.1428571492
119018  26.423  8.973  -3.183 0.1428571492
79520  26.045  11.138  -4.772 0.1428571492
80499  25.266  12.228  -6.775 0.1428571492
123453  25.993  12.605  -4.953 0.1428571492
80487  25.852  11.860  -5.285 0.1428571492
86227  23.939  19.018  -7.528 0.1428571492
85248  25.070  18.073  -5.601 0.1428571492
87168  23.490  19.634  -8.004 0.1428571492
87161  23.700  19.830  -7.083 0.1428571492
88125  23.186  20.459  -7.545 0.1428571492
58508  22.179  -8.873  10.085 0.1428571492
76561  26.164  8.219  -5.578 0.2857142985
77509  26.354  9.685  -3.747 0.1428571492
80492  25.660  12.622  -5.879 0.1428571492
57451  19.467  -9.580  12.472 0.2857142985
65281  22.103  -2.572  6.645 0.2857142985
66403  22.572  -1.759  6.311 0.2857142985
134804  21.991  -1.443  5.534 0.2857142985
140759  24.611  3.408  4.391 0.1428571492
73535  26.522  5.807  4.378 0.1428571492
74514  27.763  6.674  3.635 0.1428571492
74528  28.439  6.444  2.386 0.1428571492
75524  28.075  8.042  1.890 0.1428571492
128571  27.589  7.937  -0.186 0.1428571492
76522  27.312  8.570  -0.384 0.1428571492
76523  26.998  8.610  -1.218 0.1428571492
77518  25.924  9.698  -5.522 0.1428571492
135824  26.139  11.995  -4.287 0.1428571492
86219  24.614  18.635  -6.114 0.1428571492
86226  24.415  18.440  -7.058 0.1428571492
65306  21.191  -1.998  5.524 0.2857142985
57480  21.732  -9.295  10.659 0.2857142985
71599  25.308  3.674  4.633 0.1428571492
74587  26.804  7.004  -3.321 0.1428571492
85253  25.170  17.192  -5.982 0.1428571492
65282  21.120  -2.635  6.115 0.1428571492
76558  26.167  8.463  -4.866 0.1428571492
79525  25.755  11.059  -5.681 0.1428571492
59585  19.881  -7.720  10.741 0.2857142985
67449  21.619  -0.910  4.881 0.1428571492
76541  26.575  8.270  -2.643 0.1428571492
76493  27.690  8.661  1.495 0.1428571492
57452  18.806  -9.078  12.928 0.1428571492
58480  19.121  -8.771  12.221 0.1428571492
58461  18.374  -8.443  13.493 0.1428571492
58497  18.816  -8.102  11.999 0.1428571492
59601  20.727  -7.051  9.973 0.1428571492
137154  31.314  1.337  1.180 0.1428571492
69517  32.072  1.124  1.368 0.1428571492
139881  27.184  15.088  -8.801 0.1428571492
56371  19.827  -10.524  12.674 0.1428571492
59570  18.870  -7.618  11.508 0.1428571492
59602  19.892  -7.091  10.294 0.1428571492
60685  20.202  -5.618  9.197 0.1428571492
82390  27.549  14.095  -8.180 0.1428571492
83342  26.964  15.550  -8.866 0.1428571492
61772  19.304  -5.163  9.076 0.1428571492
81480  27.706  13.370  -8.127 0.1428571492
131149  20.508  -10.555  12.243 0.1428571492
69528  32.737  2.035  0.882 0.1428571492
60667  20.936  -6.329  9.618 0.1428571492
126556  20.226  -3.771  7.322 0.1428571492
58495  20.190  -8.736  11.331 0.1428571492
58481  18.584  -8.231  12.658 0.1428571492
121893  20.017  -6.399  9.808 0.1428571492
53985  20.225  -12.453  14.497 0.1428571492
57450  23.962  -9.630  12.032 0.2857142985
57494  22.892  -9.047  9.761 0.2857142985
59569  19.432  -7.804  11.145 0.1428571492
61812  26.773  -5.587  4.988 0.1428571492
62946  27.866  -5.056  4.733 0.1428571492
62958  26.753  -4.860  4.043 0.1428571492
64168  28.164  -4.016  2.640 0.1428571492
65262  23.489  -2.546  7.509 0.5714285970
67469  28.368  -0.407  2.752 0.7142857313
68438  24.729  0.524  6.235 0.5714285970
68448  27.298  -0.043  5.517 0.7142857313
68450  24.362  0.984  5.846 0.5714285970
69470  27.487  1.933  5.318 0.7142857313
69471  26.429  1.162  5.916 0.7142857313
71584  27.307  3.366  5.085 0.7142857313
71597  28.324  3.316  4.132 0.7142857313
71675  32.880  3.531  -5.005 0.4285714328
72620  26.141  3.975  4.986 0.1428571492
72712  33.443  3.896  -4.955 0.1428571492
72718  30.198  3.956  -5.606 0.8571428657
72720  30.376  4.337  -6.428 0.8571428657
73534  27.359  5.393  4.323 0.1428571492
73553  27.974  5.814  3.765 0.1428571492
73565  28.533  5.611  2.480 0.5714285970
73597  27.884  5.539  -0.878 0.5714285970
73612  27.855  5.203  -2.709 0.8571428657
73618  28.540  4.801  -5.454 0.8571428657
73619  27.614  5.356  -4.654 0.8571428657
74495  27.237  6.240  4.154 0.1428571492
74496  26.571  6.542  4.216 0.1428571492
74541  28.394  6.625  1.669 0.1428571492
74565  27.865  6.369  -0.607 0.2857142985
74594  27.114  5.996  -4.276 0.8571428657
74599  32.525  4.830  -5.673 0.1428571492
74604  30.609  5.378  -7.018 0.8571428657
74606  27.207  6.136  -5.729 0.8571428657
74607  26.730  6.859  -5.608 0.8571428657
74609  27.091  6.587  -6.361 0.8571428657
74611  28.882  6.522  -8.173 0.8571428657
74612  28.027  6.534  -7.966 0.8571428657
75536  27.848  7.615  0.406 0.1428571492
75546  27.319  7.759  -1.022 0.1428571492
75567  26.818  7.435  -2.600 0.1428571492
75583  29.839  7.355  -5.877 0.1428571492
75584  26.416  7.529  -5.607 0.7142857313
75589  27.646  7.204  -8.200 0.8571428657
75592  28.063  7.643  -8.716 0.8571428657
75593  27.315  7.825  -8.595 0.8571428657
76479  27.543  8.725  2.285 0.1428571492
76509  27.592  8.470  0.540 0.1428571492
76552  26.445  8.130  -3.546 0.1428571492
76560  28.851  9.019  -5.856 0.1428571492
76562  25.950  8.751  -6.336 0.7142857313
76567  28.881  7.740  -8.334 0.8571428657
76568  26.637  8.140  -8.077 0.8571428657
76571  26.771  9.001  -9.364 0.8571428657
77517  26.135  9.449  -4.732 0.1428571492
77526  25.800  9.520  -6.258 0.4285714328
77548  27.752  9.486  -9.474 0.8571428657
78524  25.741  10.297  -6.040 0.2857142985
78542  26.605  10.160  -9.892 0.8571428657
81456  25.884  13.454  -5.142 0.1428571492
83331  25.136  15.417  -6.630 0.4285714328
83356  23.251  14.596  -12.123 0.5714285970
84330  20.408  15.468  -11.552 0.5714285970
85254  24.792  17.802  -6.547 0.1428571492
85279  19.780  16.616  -12.275 0.5714285970
86234  23.876  18.094  -7.898 0.2857142985
87152  23.701  19.853  -6.173 0.1428571492
87192  19.787  19.326  -12.896 0.2857142985
88172  22.164  20.547  -13.892 0.2857142985
89099  26.772  21.147  -13.881 0.1428571492
89104  21.037  22.018  -13.959 0.2857142985
89941  20.430  22.820  -7.643 0.1428571492
89956  19.986  23.760  -8.119 0.1428571492
89993  25.095  23.862  -12.084 0.1428571492
89995  27.439  22.781  -14.183 0.1428571492
89996  26.392  23.561  -14.053 0.1428571492
90826  23.196  24.512  -5.444 0.1428571492
90854  19.875  24.704  -8.564 0.2857142985
90862  19.887  24.825  -9.513 0.1428571492
90869  20.546  25.108  -11.299 0.2857142985
90870  20.010  25.023  -10.410 0.2857142985
90873  21.969  24.705  -13.158 0.2857142985
91689  20.588  25.391  -8.531 0.1428571492
91690  20.145  25.300  -7.995 0.1428571492
91694  20.559  25.332  -9.554 0.2857142985
91696  20.390  25.231  -10.316 0.2857142985
117222  27.722  7.214  -0.407 0.2857142985
117473  26.590  7.624  -3.194 0.1428571492
118582  27.482  5.906  -2.710 0.5714285970
118725  26.329  8.747  -4.073 0.1428571492
119254  26.484  -4.705  4.706 0.2857142985
120500  26.956  22.603  -8.707 0.1428571492
120608  27.267  8.310  2.954 0.1428571492
122427  28.279  -1.356  2.665 0.7142857313
123514  19.513  18.337  -12.748 0.2857142985
125971  26.529  7.212  -4.543 0.7142857313
127989  20.173  23.409  -6.012 0.1428571492
128926  26.283  -2.154  6.493 0.5714285970
129312  28.549  3.882  2.550 0.7142857313
129676  28.313  5.413  0.686 0.5714285970
133310  25.629  14.177  -5.692 0.2857142985
134341  29.320  0.199  1.556 0.8571428657
135548  27.891  8.021  1.118 0.1428571492
136468  20.714  20.217  -14.092 0.2857142985
136817  24.236  23.633  -14.505 0.1428571492
137493  27.705  6.098  -1.292 0.5714285970
137566  20.315  15.755  -10.998 0.5714285970
138380  28.430  5.193  1.200 0.5714285970
138435  24.090  -9.823  12.583 0.1428571492
138661  22.465  17.278  -9.345 0.4285714328
138869  27.638  2.415  5.080 0.7142857313
139257  27.347  8.729  -9.398 0.8571428657
141333  28.779  2.352  1.097 0.5714285970
