#!ascii label  , from subject sub-v2s16x51294_ses-1 vox2ras=TkReg
1858
111267  -52.977  36.376  19.021 0.0000000000
122260  -40.899  50.397  2.934 0.0000000000
121459  -47.705  51.060  16.077 0.0000000000
115822  -54.601  42.380  7.213 0.0000000000
119477  -45.954  46.877  -1.417 0.0000000000
120151  -49.159  47.933  3.606 0.0000000000
114410  -52.814  39.240  -1.525 0.0000000000
116572  -48.423  42.481  6.250 0.0000000000
108848  -46.795  33.002  23.594 0.0000000000
112030  -49.407  36.676  20.813 0.0000000000
124975  -33.855  55.742  4.488 0.0000000000
126284  -42.755  57.465  5.181 0.0000000000
124420  -48.514  55.250  0.529 0.0000000000
145967  -48.400  38.598  11.294 0.0000000000
122735  -44.612  52.364  9.424 0.0000000000
118009  -49.246  45.006  11.251 0.0000000000
111379  -55.104  34.946  9.118 0.0000000000
146323  -50.328  34.840  4.656 0.0000000000
112169  -44.159  36.298  6.193 0.0000000000
110515  -50.379  34.450  17.296 0.0000000000
118141  -49.792  44.537  -4.857 0.0000000000
115914  -49.963  41.768  -2.240 0.0000000000
114436  -49.006  38.438  -4.164 0.0000000000
114417  -47.703  38.168  -1.287 0.0000000000
111969  -47.439  36.337  24.152 0.0000000000
138394  -45.927  35.291  19.859 0.0000000000
124996  -28.810  55.741  2.958 0.0000000000
126310  -45.349  57.418  3.240 0.0000000000
114999  -45.470  40.993  11.730 0.0000000000
118004  -47.838  44.507  13.049 0.0000000000
122233  -38.035  50.261  5.076 0.0000000000
136648  -43.149  50.574  5.915 0.0000000000
118726  -51.900  45.801  4.668 0.0000000000
119387  -47.330  46.705  7.603 0.0000000000
117293  -52.068  43.461  8.574 0.0000000000
115027  -54.306  40.717  12.039 0.0000000000
113648  -56.528  38.605  8.198 0.0000000000
110610  -53.679  34.475  5.812 0.0000000000
112908  -53.321  37.506  7.278 0.0000000000
114344  -46.377  39.899  7.702 0.0000000000
120938  -43.123  48.267  0.305 0.0000000000
153946  -45.153  47.389  3.557 0.0000000000
118082  -47.206  44.712  1.189 0.0000000000
117393  -51.854  44.020  -0.012 0.0000000000
116646  -52.959  42.505  2.325 0.0000000000
115818  -51.147  41.810  6.761 0.0000000000
115880  -49.700  41.692  1.588 0.0000000000
116641  -46.266  42.518  2.025 0.0000000000
109597  -50.616  33.112  25.832 0.0000000000
146322  -51.414  37.208  24.711 0.0000000000
113496  -52.786  38.599  20.291 0.0000000000
123326  -28.412  52.571  5.668 0.0000000000
123331  -32.960  52.488  4.563 0.0000000000
124401  -37.618  53.646  3.979 0.0000000000
124414  -40.744  53.821  0.723 0.0000000000
123357  -44.093  52.604  -0.293 0.0000000000
122278  -47.807  50.434  -0.654 0.0000000000
120998  -50.861  48.172  -3.501 0.0000000000
123366  -49.922  52.986  -1.809 0.0000000000
113526  -45.857  38.487  15.906 0.0000000000
112825  -48.440  38.131  16.042 0.0000000000
141357  -51.486  36.386  15.589 0.0000000000
122711  -44.613  51.558  12.903 0.0000000000
122220  -48.396  51.269  6.577 0.0000000000
121512  -47.372  49.966  10.183 0.0000000000
120759  -49.609  48.069  13.579 0.0000000000
116495  -52.023  42.518  14.126 0.0000000000
112879  -51.946  37.178  10.396 0.0000000000
141279  -53.735  34.051  13.620 0.0000000000
136449  -51.104  33.391  11.944 0.0000000000
160441  -49.007  33.470  9.982 0.0000000000
109791  -46.543  33.463  8.586 0.0000000000
113641  -49.728  38.491  7.813 0.0000000000
137153  -47.158  35.702  4.786 0.0000000000
109822  -45.492  33.009  4.988 0.0000000000
112011  -53.501  37.085  21.446 0.0000000000
111266  -51.786  35.745  19.525 0.0000000000
111292  -51.504  35.209  17.992 0.0000000000
116745  -49.900  43.060  -6.143 0.0000000000
142749  -49.667  41.260  -5.277 0.0000000000
115190  -48.119  40.027  -4.568 0.0000000000
113721  -47.221  38.110  -2.960 0.0000000000
120052  -47.145  48.125  14.513 0.0000000000
122771  -40.651  51.342  4.162 0.0000000000
118037  -52.933  44.430  6.283 0.0000000000
118035  -51.195  44.864  6.778 0.0000000000
117295  -54.104  43.312  7.912 0.0000000000
116517  -54.861  41.961  9.101 0.0000000000
115072  -55.451  40.393  8.368 0.0000000000
112910  -55.826  37.470  7.012 0.0000000000
114332  -53.954  39.540  8.215 0.0000000000
120196  -44.415  47.201  -0.382 0.0000000000
118774  -44.750  45.897  0.730 0.0000000000
118113  -45.987  44.783  -0.876 0.0000000000
115926  -51.695  40.586  -2.864 0.0000000000
116683  -50.874  42.952  -1.090 0.0000000000
115917  -53.435  41.822  -1.373 0.0000000000
153649  -53.304  43.950  0.769 0.0000000000
115900  -53.326  41.369  -0.086 0.0000000000
116662  -51.471  41.785  2.064 0.0000000000
115151  -50.621  40.525  0.246 0.0000000000
115148  -46.957  40.884  -0.080 0.0000000000
111993  -48.618  36.537  22.338 0.0000000000
111971  -49.548  36.624  24.472 0.0000000000
112744  -50.221  37.391  22.908 0.0000000000
112746  -51.926  38.234  22.501 0.0000000000
112773  -51.007  37.688  20.904 0.0000000000
124990  -31.082  55.845  3.969 0.0000000000
124392  -30.840  54.597  4.461 0.0000000000
144734  -32.866  54.228  4.465 0.0000000000
152138  -35.427  52.170  4.649 0.0000000000
123856  -35.835  53.813  4.758 0.0000000000
125642  -41.251  56.675  4.836 0.0000000000
124993  -40.041  55.570  2.870 0.0000000000
162817  -41.360  56.121  2.803 0.0000000000
123878  -42.799  52.832  -0.028 0.0000000000
125009  -43.260  55.552  1.333 0.0000000000
125012  -46.522  55.952  1.487 0.0000000000
124424  -45.961  53.972  0.034 0.0000000000
123883  -47.959  53.518  -0.235 0.0000000000
121630  -50.202  50.145  -1.678 0.0000000000
122795  -50.287  52.070  -1.402 0.0000000000
143006  -50.612  50.923  -2.208 0.0000000000
123885  -49.935  53.495  -0.895 0.0000000000
146883  -40.897  44.112  13.352 0.0000000000
115714  -41.112  41.157  14.036 0.0000000000
114971  -42.711  40.386  14.064 0.0000000000
112823  -44.312  37.895  15.793 0.0000000000
114255  -43.917  40.026  13.704 0.0000000000
114282  -46.439  39.867  11.637 0.0000000000
113564  -46.332  38.282  13.249 0.0000000000
112843  -47.758  37.188  12.920 0.0000000000
164203  -49.624  37.137  15.479 0.0000000000
112104  -49.472  36.031  13.231 0.0000000000
122725  -42.401  52.131  10.478 0.0000000000
122708  -42.861  52.280  12.467 0.0000000000
123293  -44.322  53.552  10.999 0.0000000000
120149  -46.917  47.381  3.744 0.0000000000
121589  -46.977  49.815  4.884 0.0000000000
121591  -49.268  49.981  5.076 0.0000000000
118690  -47.867  45.044  9.778 0.0000000000
120110  -46.515  48.102  8.971 0.0000000000
150801  -47.435  47.490  10.626 0.0000000000
120771  -47.937  48.683  11.631 0.0000000000
119374  -49.806  46.347  12.493 0.0000000000
117971  -51.140  45.214  14.441 0.0000000000
118007  -51.891  44.434  14.150 0.0000000000
113618  -55.479  38.314  9.825 0.0000000000
157346  -52.851  39.112  10.635 0.0000000000
112142  -53.337  36.150  9.965 0.0000000000
111361  -53.184  34.792  11.398 0.0000000000
110574  -54.318  34.173  10.647 0.0000000000
109731  -53.308  33.590  12.474 0.0000000000
159899  -53.768  33.523  10.139 0.0000000000
158612  -52.184  34.675  4.675 0.0000000000
109811  -51.555  33.601  7.828 0.0000000000
141628  -49.940  33.633  7.129 0.0000000000
136440  -47.911  33.525  8.854 0.0000000000
109825  -48.560  33.682  6.483 0.0000000000
136026  -49.896  42.387  5.983 0.0000000000
114329  -50.626  39.520  8.215 0.0000000000
114327  -49.140  40.008  8.055 0.0000000000
112914  -45.350  37.676  6.639 0.0000000000
112916  -46.972  37.651  6.369 0.0000000000
112183  -45.646  36.134  5.396 0.0000000000
109839  -46.385  33.839  5.139 0.0000000000
110617  -45.255  33.961  4.311 0.0000000000
109848  -44.836  33.012  2.362 0.0000000000
110429  -54.308  35.282  24.679 0.0000000000
109686  -48.620  33.514  15.745 0.0000000000
118802  -47.732  45.286  -3.169 0.0000000000
117411  -47.387  43.361  -1.912 0.0000000000
116706  -49.077  42.037  -4.127 0.0000000000
115191  -50.222  39.716  -4.369 0.0000000000
113717  -51.262  37.744  -3.113 0.0000000000
114419  -50.148  37.639  -1.820 0.0000000000
112964  -49.009  36.661  -2.478 0.0000000000
110427  -47.385  34.812  24.000 0.0000000000
111980  -45.646  36.386  24.126 0.0000000000
111256  -47.297  35.639  20.623 0.0000000000
125663  -31.974  56.598  2.768 0.0000000000
126294  -43.982  57.481  3.935 0.0000000000
126312  -47.258  57.713  2.652 0.0000000000
125682  -48.178  56.713  1.062 0.0000000000
116492  -44.128  42.468  12.009 0.0000000000
117272  -46.127  43.238  11.658 0.0000000000
116504  -48.392  42.196  11.790 0.0000000000
122200  -44.427  50.758  8.266 0.0000000000
120139  -51.281  47.523  3.808 0.0000000000
149925  -49.594  48.961  5.586 0.0000000000
119392  -50.277  46.298  5.681 0.0000000000
118021  -48.856  44.708  8.257 0.0000000000
117285  -50.553  43.372  10.092 0.0000000000
117281  -52.423  43.105  12.036 0.0000000000
116513  -53.450  42.190  11.758 0.0000000000
114304  -55.980  39.733  10.189 0.0000000000
112151  -56.862  36.995  8.308 0.0000000000
110591  -55.741  34.842  7.665 0.0000000000
112164  -56.236  35.949  6.478 0.0000000000
112177  -54.531  36.105  5.558 0.0000000000
112190  -52.704  35.929  4.450 0.0000000000
153783  -47.096  41.568  7.415 0.0000000000
123275  -45.844  53.022  16.124 0.0000000000
120924  -41.887  48.841  1.343 0.0000000000
120897  -42.649  48.606  3.373 0.0000000000
152130  -43.509  47.088  1.933 0.0000000000
118745  -46.383  45.667  2.195 0.0000000000
118747  -48.257  45.597  2.435 0.0000000000
116681  -48.592  43.142  -1.017 0.0000000000
118102  -49.870  44.225  0.709 0.0000000000
118749  -50.430  45.971  2.243 0.0000000000
155686  -52.296  46.023  2.180 0.0000000000
118065  -53.062  44.578  3.019 0.0000000000
116612  -53.447  42.912  4.781 0.0000000000
115820  -53.265  41.802  6.736 0.0000000000
146041  -52.163  42.347  3.932 0.0000000000
116627  -50.630  42.312  3.528 0.0000000000
151902  -48.947  42.439  3.086 0.0000000000
115165  -48.701  40.207  -0.502 0.0000000000
115879  -47.795  41.980  1.445 0.0000000000
110409  -48.756  35.154  24.328 0.0000000000
111161  -51.338  35.494  25.197 0.0000000000
160536  -53.134  35.452  25.751 0.0000000000
112734  -53.900  37.561  24.205 0.0000000000
112747  -54.139  38.130  22.571 0.0000000000
146057  -54.173  38.226  19.898 0.0000000000
122225  -31.182  50.225  5.597 0.0000000000
122762  -30.939  51.596  5.038 0.0000000000
122227  -32.628  50.315  5.322 0.0000000000
153856  -35.087  50.707  4.824 0.0000000000
122769  -37.943  51.650  4.473 0.0000000000
123341  -39.099  52.506  2.920 0.0000000000
124978  -36.461  55.589  5.167 0.0000000000
124991  -38.389  54.804  3.594 0.0000000000
123866  -39.456  53.551  1.687 0.0000000000
122783  -40.425  51.629  1.010 0.0000000000
122785  -42.152  51.223  0.126 0.0000000000
122274  -43.344  50.679  -0.287 0.0000000000
148492  -45.216  49.980  -0.493 0.0000000000
125010  -44.222  55.681  1.401 0.0000000000
123359  -45.598  52.192  -0.408 0.0000000000
120963  -47.060  48.300  -1.243 0.0000000000
120217  -49.001  47.410  -2.466 0.0000000000
119495  -50.642  47.443  -3.704 0.0000000000
120245  -49.153  47.231  -4.446 0.0000000000
121653  -49.160  49.883  -3.044 0.0000000000
125034  -48.930  55.635  -0.778 0.0000000000
112048  -45.893  35.950  17.877 0.0000000000
112050  -47.567  36.490  18.407 0.0000000000
114257  -45.034  39.391  13.311 0.0000000000
113528  -47.574  38.369  16.098 0.0000000000
159087  -49.140  37.451  18.124 0.0000000000
141477  -51.018  37.909  18.115 0.0000000000
112799  -52.314  37.785  17.575 0.0000000000
112814  -53.970  37.065  17.109 0.0000000000
141601  -46.726  52.041  15.223 0.0000000000
121587  -44.631  49.759  4.716 0.0000000000
122218  -46.227  51.176  6.339 0.0000000000
122746  -47.600  52.576  7.802 0.0000000000
120837  -47.718  49.256  6.954 0.0000000000
153234  -48.421  51.837  8.309 0.0000000000
123302  -47.412  53.541  9.757 0.0000000000
122719  -46.207  51.647  11.182 0.0000000000
121477  -47.676  49.948  13.544 0.0000000000
121471  -48.861  49.742  14.982 0.0000000000
119344  -48.790  46.367  14.386 0.0000000000
159225  -49.602  43.803  13.876 0.0000000000
115733  -49.780  41.377  11.841 0.0000000000
115726  -53.388  42.070  13.746 0.0000000000
115024  -51.310  39.992  11.199 0.0000000000
112876  -49.656  37.616  10.953 0.0000000000
111347  -50.705  35.553  12.560 0.0000000000
111314  -53.181  34.878  14.647 0.0000000000
110512  -54.101  34.997  16.501 0.0000000000
110523  -52.915  33.928  15.656 0.0000000000
109701  -50.708  33.515  14.448 0.0000000000
109715  -49.114  33.360  13.466 0.0000000000
138501  -52.849  33.539  8.809 0.0000000000
136442  -50.377  33.426  10.261 0.0000000000
136407  -48.019  33.208  12.090 0.0000000000
109742  -46.953  33.117  11.269 0.0000000000
160581  -45.398  32.886  10.433 0.0000000000
115069  -52.445  40.055  8.235 0.0000000000
112906  -51.175  37.529  7.358 0.0000000000
112173  -50.153  36.684  5.284 0.0000000000
113640  -48.277  38.889  7.634 0.0000000000
112928  -48.351  36.873  5.486 0.0000000000
111415  -48.545  35.610  4.440 0.0000000000
109824  -47.186  33.621  6.024 0.0000000000
136765  -45.828  33.380  7.003 0.0000000000
112031  -52.776  36.483  20.063 0.0000000000
111278  -51.988  35.617  18.574 0.0000000000
111279  -53.445  35.931  18.065 0.0000000000
116744  -49.167  42.690  -6.154 0.0000000000
115954  -48.857  41.359  -5.563 0.0000000000
115953  -47.503  41.511  -5.140 0.0000000000
120051  -45.950  48.133  14.275 0.0000000000
120733  -46.945  48.944  14.928 0.0000000000
122776  -40.922  51.160  3.715 0.0000000000
122772  -41.379  51.093  4.450 0.0000000000
121596  -41.655  49.930  3.340 0.0000000000
159138  -54.283  43.147  6.644 0.0000000000
118028  -52.801  44.259  7.019 0.0000000000
117308  -54.280  43.322  7.202 0.0000000000
116553  -55.172  41.815  8.163 0.0000000000
115804  -55.040  41.939  7.740 0.0000000000
114333  -55.241  39.437  8.070 0.0000000000
115803  -54.565  41.795  7.390 0.0000000000
120197  -45.190  47.229  -0.866 0.0000000000
161969  -45.115  45.861  -0.554 0.0000000000
118793  -46.094  45.345  -1.644 0.0000000000
114430  -52.987  39.334  -2.284 0.0000000000
115916  -52.991  40.578  -2.524 0.0000000000
139187  -53.485  40.881  -1.742 0.0000000000
115908  -53.484  41.095  -1.012 0.0000000000
115153  -53.129  40.511  -0.426 0.0000000000
115152  -52.044  40.327  0.081 0.0000000000
115168  -52.604  39.716  -0.796 0.0000000000
108839  -47.747  32.886  24.044 0.0000000000
141995  -48.673  36.342  21.314 0.0000000000
111994  -49.370  36.938  22.747 0.0000000000
112753  -49.966  37.160  22.119 0.0000000000
112754  -50.875  37.622  22.002 0.0000000000
112772  -50.171  37.226  20.358 0.0000000000
125636  -32.002  56.023  4.201 0.0000000000
124393  -32.266  55.085  4.429 0.0000000000
124394  -33.477  54.933  4.462 0.0000000000
144733  -34.852  53.964  4.582 0.0000000000
147558  -34.385  54.848  4.521 0.0000000000
126276  -42.410  57.667  6.194 0.0000000000
126275  -41.524  57.459  6.449 0.0000000000
125643  -42.134  56.902  4.378 0.0000000000
125653  -41.450  56.472  3.740 0.0000000000
138307  -42.040  56.471  3.044 0.0000000000
125008  -42.389  55.383  1.241 0.0000000000
125665  -42.863  56.489  2.595 0.0000000000
125022  -47.644  55.652  1.006 0.0000000000
124419  -47.517  54.853  0.519 0.0000000000
124426  -48.598  54.440  0.097 0.0000000000
142462  -49.365  52.004  -0.688 0.0000000000
123884  -49.305  53.642  -0.437 0.0000000000
123363  -50.263  52.672  -1.282 0.0000000000
141684  -49.400  54.341  -0.397 0.0000000000
118658  -40.927  45.681  13.774 0.0000000000
117260  -41.871  43.333  12.914 0.0000000000
116485  -41.625  42.554  13.282 0.0000000000
115717  -42.417  42.005  13.143 0.0000000000
154514  -43.413  40.110  13.989 0.0000000000
114283  -47.444  39.692  11.430 0.0000000000
113577  -47.082  38.244  11.935 0.0000000000
112862  -47.734  37.846  11.773 0.0000000000
112117  -48.576  36.598  12.812 0.0000000000
112863  -48.411  37.490  11.632 0.0000000000
122193  -43.130  50.922  9.313 0.0000000000
122726  -43.126  52.666  10.265 0.0000000000
123291  -42.953  52.894  10.853 0.0000000000
140557  -44.498  53.566  10.398 0.0000000000
120150  -48.005  47.603  3.720 0.0000000000
120884  -48.535  49.322  4.492 0.0000000000
120885  -49.631  49.423  4.628 0.0000000000
151846  -48.290  45.342  10.677 0.0000000000
118689  -47.408  45.877  10.153 0.0000000000
118687  -48.104  46.150  11.068 0.0000000000
119373  -48.878  46.638  11.832 0.0000000000
118681  -50.060  45.532  12.313 0.0000000000
118006  -51.316  45.375  13.541 0.0000000000
118010  -50.455  44.798  12.025 0.0000000000
112149  -55.405  36.486  9.212 0.0000000000
112888  -53.711  37.105  9.737 0.0000000000
112148  -54.348  36.222  9.545 0.0000000000
111370  -54.115  35.032  10.114 0.0000000000
111371  -54.436  34.711  9.914 0.0000000000
109747  -54.305  33.913  10.837 0.0000000000
110582  -54.824  34.489  9.191 0.0000000000
110624  -51.278  34.578  4.906 0.0000000000
156116  -51.160  34.140  5.982 0.0000000000
110608  -50.528  34.205  5.698 0.0000000000
109826  -49.377  33.738  6.462 0.0000000000
110607  -49.773  34.211  5.564 0.0000000000
116588  -49.031  42.543  5.835 0.0000000000
115799  -49.616  41.422  7.336 0.0000000000
116550  -48.373  42.053  7.009 0.0000000000
112163  -44.203  36.873  6.610 0.0000000000
112171  -45.494  37.063  6.125 0.0000000000
111403  -44.828  35.869  5.587 0.0000000000
111412  -45.424  35.319  5.217 0.0000000000
111402  -44.089  35.605  5.768 0.0000000000
110616  -44.020  34.222  4.414 0.0000000000
111401  -43.206  35.310  6.238 0.0000000000
111182  -54.167  36.387  24.478 0.0000000000
109681  -49.401  34.110  17.317 0.0000000000
155672  -49.195  33.811  16.439 0.0000000000
118131  -48.204  44.510  -3.699 0.0000000000
160636  -48.790  43.809  -4.273 0.0000000000
115203  -49.649  40.178  -5.013 0.0000000000
115204  -49.856  40.368  -4.890 0.0000000000
147794  -50.503  38.909  -4.237 0.0000000000
114438  -51.231  38.437  -3.649 0.0000000000
113725  -50.522  37.838  -3.766 0.0000000000
113716  -50.337  37.097  -3.041 0.0000000000
113723  -48.942  37.233  -3.399 0.0000000000
113715  -47.144  37.181  -2.401 0.0000000000
111989  -44.862  36.452  23.956 0.0000000000
111232  -47.451  35.814  21.388 0.0000000000
111255  -46.379  35.430  20.412 0.0000000000
125674  -31.378  56.645  1.776 0.0000000000
126297  -46.826  58.375  3.354 0.0000000000
150799  -47.191  58.609  2.680 0.0000000000
155547  -46.642  60.515  2.855 0.0000000000
118664  -46.685  45.343  12.992 0.0000000000
118680  -46.186  44.751  12.410 0.0000000000
117265  -46.843  44.101  12.206 0.0000000000
117273  -47.117  43.181  11.810 0.0000000000
117266  -47.898  43.775  12.537 0.0000000000
121571  -36.837  49.429  5.438 0.0000000000
122205  -43.836  50.298  7.562 0.0000000000
119405  -51.588  46.724  4.107 0.0000000000
119394  -50.220  47.194  5.285 0.0000000000
118713  -51.010  45.912  5.560 0.0000000000
118023  -51.417  43.964  8.059 0.0000000000
118026  -50.822  44.485  7.530 0.0000000000
117291  -50.375  43.984  8.412 0.0000000000
118022  -49.388  44.122  8.827 0.0000000000
117292  -51.002  43.406  9.177 0.0000000000
117286  -51.415  43.067  10.398 0.0000000000
117287  -52.852  42.494  9.990 0.0000000000
115051  -56.398  39.946  9.121 0.0000000000
115028  -56.009  40.314  9.833 0.0000000000
114316  -56.660  39.265  9.116 0.0000000000
113619  -56.379  38.445  9.504 0.0000000000
112896  -56.787  37.927  8.385 0.0000000000
112165  -56.608  36.237  7.270 0.0000000000
153928  -56.528  37.268  7.252 0.0000000000
112909  -54.575  37.530  7.115 0.0000000000
112923  -55.220  36.760  6.364 0.0000000000
112922  -54.025  36.862  6.340 0.0000000000
112191  -53.689  35.630  4.849 0.0000000000
112921  -52.821  36.920  6.418 0.0000000000
120937  -42.358  48.552  0.872 0.0000000000
120173  -42.852  47.625  1.770 0.0000000000
120174  -43.346  47.209  1.176 0.0000000000
118081  -45.908  45.069  0.793 0.0000000000
118759  -45.349  45.581  1.181 0.0000000000
118760  -46.816  45.159  1.746 0.0000000000
118746  -47.278  45.580  2.367 0.0000000000
118761  -47.717  45.018  1.899 0.0000000000
116694  -48.648  42.097  -2.669 0.0000000000
116693  -48.077  42.746  -1.752 0.0000000000
149967  -49.113  42.364  -1.730 0.0000000000
117402  -51.333  43.467  -0.531 0.0000000000
117401  -50.098  43.370  -0.441 0.0000000000
117392  -50.554  43.838  0.119 0.0000000000
118085  -50.417  44.838  1.196 0.0000000000
118086  -51.653  45.120  1.024 0.0000000000
140073  -51.527  46.146  2.137 0.0000000000
118104  -52.347  44.615  0.480 0.0000000000
116664  -53.299  42.871  1.398 0.0000000000
118073  -53.130  44.820  2.035 0.0000000000
153947  -53.235  43.956  2.618 0.0000000000
118056  -53.094  44.281  4.051 0.0000000000
117353  -53.205  43.414  3.415 0.0000000000
116611  -52.976  42.704  4.110 0.0000000000
116629  -52.660  42.495  3.232 0.0000000000
115881  -50.769  41.487  1.496 0.0000000000
116644  -51.035  42.083  2.794 0.0000000000
116661  -50.338  41.916  2.203 0.0000000000
116626  -49.625  42.472  3.747 0.0000000000
114418  -48.732  37.951  -1.481 0.0000000000
114407  -49.426  39.137  -1.126 0.0000000000
114406  -48.187  39.268  -1.039 0.0000000000
115894  -46.447  41.487  0.513 0.0000000000
115895  -47.398  41.550  0.634 0.0000000000
111170  -47.085  35.811  24.321 0.0000000000
110408  -48.032  35.026  24.125 0.0000000000
111171  -48.144  35.958  24.416 0.0000000000
111972  -50.461  36.918  24.656 0.0000000000
111173  -50.349  36.162  24.787 0.0000000000
111174  -51.318  36.504  24.993 0.0000000000
111162  -52.293  35.927  25.403 0.0000000000
111973  -52.354  36.874  25.101 0.0000000000
111974  -53.431  37.139  24.906 0.0000000000
112733  -52.432  37.553  24.623 0.0000000000
113480  -52.922  38.644  21.914 0.0000000000
113481  -53.673  38.503  22.211 0.0000000000
113485  -53.696  38.572  21.206 0.0000000000
112775  -54.120  38.224  20.710 0.0000000000
113498  -53.867  38.477  20.463 0.0000000000
123325  -27.698  52.927  6.045 0.0000000000
122750  -28.007  51.392  6.548 0.0000000000
122755  -28.624  51.603  5.869 0.0000000000
122213  -29.596  50.079  6.110 0.0000000000
122756  -29.528  51.425  5.500 0.0000000000
125648  -28.076  56.097  2.922 0.0000000000
156332  -29.014  55.034  4.219 0.0000000000
146073  -31.764  53.009  4.568 0.0000000000
123329  -30.829  52.714  4.731 0.0000000000
123330  -31.636  52.139  4.718 0.0000000000
122763  -31.701  51.436  4.924 0.0000000000
122243  -32.912  50.961  4.877 0.0000000000
122229  -34.083  50.271  5.133 0.0000000000
122765  -34.123  51.667  4.636 0.0000000000
123335  -36.736  52.519  4.639 0.0000000000
122767  -36.222  51.754  4.698 0.0000000000
123336  -37.482  52.373  4.399 0.0000000000
122774  -38.957  52.084  3.618 0.0000000000
123340  -38.467  52.763  3.393 0.0000000000
124979  -37.154  55.113  5.116 0.0000000000
124981  -38.889  55.528  4.222 0.0000000000
125001  -40.351  55.390  2.051 0.0000000000
125000  -39.540  55.022  2.242 0.0000000000
123867  -40.010  53.725  1.073 0.0000000000
163561  -39.868  53.104  1.102 0.0000000000
123870  -40.373  53.069  0.747 0.0000000000
164118  -40.850  51.551  0.702 0.0000000000
123352  -41.523  52.392  0.329 0.0000000000
123873  -42.814  53.658  0.259 0.0000000000
122789  -43.846  51.475  -0.361 0.0000000000
162806  -44.554  50.264  -0.442 0.0000000000
122790  -44.812  51.612  -0.425 0.0000000000
126309  -44.254  57.172  3.209 0.0000000000
125679  -43.706  56.248  1.969 0.0000000000
125680  -44.834  56.251  1.958 0.0000000000
123882  -46.634  53.349  -0.233 0.0000000000
123881  -45.481  53.121  -0.259 0.0000000000
122792  -46.979  51.086  -0.508 0.0000000000
122276  -45.974  50.544  -0.510 0.0000000000
121628  -47.207  49.771  -0.700 0.0000000000
120207  -48.115  47.838  -1.805 0.0000000000
121638  -47.873  49.172  -1.115 0.0000000000
121640  -50.573  49.804  -2.374 0.0000000000
120218  -50.622  47.814  -3.059 0.0000000000
120219  -50.887  47.906  -3.646 0.0000000000
118823  -49.989  45.549  -5.164 0.0000000000
159349  -49.868  46.600  -4.592 0.0000000000
120997  -50.492  48.130  -3.872 0.0000000000
122809  -50.244  51.586  -2.222 0.0000000000
122292  -50.201  50.293  -2.681 0.0000000000
152358  -49.882  51.035  -2.583 0.0000000000
122291  -48.431  50.650  -2.685 0.0000000000
122808  -49.024  51.657  -2.494 0.0000000000
125692  -48.384  56.499  0.400 0.0000000000
112822  -43.518  37.324  15.825 0.0000000000
159571  -45.133  38.129  16.035 0.0000000000
112806  -44.821  37.471  16.342 0.0000000000
112793  -45.955  37.314  16.911 0.0000000000
112049  -46.716  36.234  18.152 0.0000000000
112794  -46.832  37.516  17.080 0.0000000000
114986  -44.749  40.871  12.151 0.0000000000
114269  -44.835  40.000  12.590 0.0000000000
114270  -45.402  39.524  12.474 0.0000000000
112830  -47.581  37.789  14.755 0.0000000000
138770  -46.964  38.378  15.030 0.0000000000
113539  -47.629  38.218  15.553 0.0000000000
112796  -48.636  37.756  17.295 0.0000000000
112810  -49.035  37.961  16.681 0.0000000000
112788  -50.142  37.689  18.052 0.0000000000
112811  -50.008  37.809  16.690 0.0000000000
112088  -50.273  36.684  15.356 0.0000000000
112812  -51.263  37.530  16.886 0.0000000000
112075  -52.085  36.791  16.329 0.0000000000
112800  -53.573  37.679  17.671 0.0000000000
112090  -52.751  35.974  15.847 0.0000000000
122710  -43.971  52.274  12.442 0.0000000000
136292  -45.425  52.193  14.695 0.0000000000
120146  -43.757  47.682  3.286 0.0000000000
120880  -43.994  48.763  4.220 0.0000000000
120881  -45.034  48.744  4.391 0.0000000000
121577  -47.941  50.578  5.388 0.0000000000
121576  -46.683  50.487  5.356 0.0000000000
122219  -47.468  51.432  6.432 0.0000000000
122751  -47.048  51.737  7.054 0.0000000000
122752  -48.013  52.047  7.217 0.0000000000
120127  -48.939  47.650  5.947 0.0000000000
120126  -48.422  48.610  6.331 0.0000000000
120124  -47.224  47.895  7.272 0.0000000000
120795  -46.832  49.061  9.158 0.0000000000
121546  -47.450  50.156  8.334 0.0000000000
142177  -47.770  50.960  9.195 0.0000000000
122737  -48.199  52.566  9.171 0.0000000000
122186  -47.743  51.485  9.763 0.0000000000
122728  -47.027  52.922  10.434 0.0000000000
122185  -47.152  51.513  10.576 0.0000000000
160146  -49.115  48.329  12.933 0.0000000000
121485  -48.144  49.316  12.964 0.0000000000
163703  -48.712  49.090  13.386 0.0000000000
121478  -48.577  50.164  14.773 0.0000000000
120742  -49.124  48.977  14.535 0.0000000000
120054  -49.216  48.017  14.558 0.0000000000
120055  -49.707  47.741  14.256 0.0000000000
117987  -51.568  44.378  14.431 0.0000000000
117986  -50.733  44.802  14.564 0.0000000000
117268  -50.040  43.207  13.663 0.0000000000
116505  -49.489  42.029  12.216 0.0000000000
116506  -50.844  41.907  12.856 0.0000000000
116508  -53.553  41.900  13.136 0.0000000000
141633  -53.277  42.397  13.765 0.0000000000
115736  -53.612  41.590  13.029 0.0000000000
113605  -52.062  38.840  10.590 0.0000000000
114300  -51.644  39.415  10.835 0.0000000000
113604  -51.228  38.523  10.595 0.0000000000
114299  -50.774  39.179  10.787 0.0000000000
112877  -50.283  37.305  10.806 0.0000000000
112131  -50.371  36.187  11.477 0.0000000000
112132  -51.202  35.906  11.206 0.0000000000
111349  -53.268  34.550  12.494 0.0000000000
111333  -52.732  34.858  13.269 0.0000000000
155169  -53.252  34.604  13.972 0.0000000000
111311  -53.862  34.845  15.716 0.0000000000
110525  -53.679  34.223  15.157 0.0000000000
110518  -53.674  34.419  16.067 0.0000000000
109703  -53.492  33.796  14.504 0.0000000000
109744  -52.294  33.409  11.856 0.0000000000
109717  -52.294  33.493  13.538 0.0000000000
136451  -51.106  33.439  13.263 0.0000000000
109716  -50.201  33.443  13.851 0.0000000000
155888  -50.834  33.413  12.589 0.0000000000
110599  -55.139  34.592  6.812 0.0000000000
109796  -53.963  33.803  8.475 0.0000000000
109812  -53.121  33.761  7.880 0.0000000000
136438  -50.186  33.462  9.130 0.0000000000
109794  -50.882  33.493  8.460 0.0000000000
136443  -49.401  33.459  10.367 0.0000000000
136447  -49.306  33.422  11.166 0.0000000000
136448  -48.338  33.336  11.334 0.0000000000
109727  -47.148  32.955  12.080 0.0000000000
109759  -47.661  33.311  10.799 0.0000000000
161776  -47.203  33.498  8.980 0.0000000000
136406  -46.677  33.383  9.506 0.0000000000
136867  -45.882  33.299  9.156 0.0000000000
108968  -45.230  33.005  9.733 0.0000000000
109775  -45.124  33.123  8.807 0.0000000000
115819  -52.168  41.730  6.808 0.0000000000
115091  -52.908  40.854  7.808 0.0000000000
115090  -51.733  40.660  7.878 0.0000000000
113626  -50.396  38.860  8.145 0.0000000000
113627  -51.167  38.845  8.228 0.0000000000
112905  -50.187  37.665  7.291 0.0000000000
112919  -50.655  37.039  6.454 0.0000000000
112918  -49.691  37.190  6.398 0.0000000000
115085  -46.611  40.576  7.692 0.0000000000
113639  -46.890  39.201  7.478 0.0000000000
112927  -47.472  36.963  5.597 0.0000000000
112917  -47.895  37.572  6.359 0.0000000000
112185  -48.027  36.419  4.878 0.0000000000
112186  -48.872  36.364  4.595 0.0000000000
111414  -47.933  35.864  4.564 0.0000000000
110621  -47.820  34.902  4.941 0.0000000000
110620  -47.059  34.656  5.060 0.0000000000
135815  -45.802  33.606  4.668 0.0000000000
109823  -46.028  33.397  5.622 0.0000000000
109806  -45.219  33.155  6.590 0.0000000000
108993  -44.460  32.940  7.499 0.0000000000
111995  -53.639  36.879  22.575 0.0000000000
111235  -52.550  36.100  22.045 0.0000000000
111233  -50.709  34.798  20.969 0.0000000000
118142  -50.037  44.332  -5.638 0.0000000000
117437  -49.875  43.485  -5.474 0.0000000000
116738  -50.016  42.821  -5.969 0.0000000000
115202  -49.017  40.503  -5.253 0.0000000000
114445  -48.932  39.636  -4.735 0.0000000000
113722  -48.022  37.613  -3.269 0.0000000000
114435  -47.824  39.010  -3.828 0.0000000000
119343  -46.697  46.611  13.659 0.0000000000
149969  -47.164  45.894  13.495 0.0000000000
163370  -38.773  50.442  5.027 0.0000000000
122235  -40.552  50.601  5.149 0.0000000000
122237  -42.602  50.741  5.371 0.0000000000
118715  -52.381  45.105  5.237 0.0000000000
118704  -51.503  45.237  6.127 0.0000000000
118036  -52.076  44.679  6.577 0.0000000000
117306  -52.454  43.918  7.732 0.0000000000
117294  -53.138  43.495  8.215 0.0000000000
151958  -53.647  42.798  8.895 0.0000000000
155877  -54.506  42.782  8.281 0.0000000000
115777  -55.640  41.069  8.716 0.0000000000
114334  -56.088  39.494  8.329 0.0000000000
113647  -56.313  38.067  7.600 0.0000000000
114346  -56.096  38.833  7.891 0.0000000000
113646  -55.255  38.357  7.609 0.0000000000
113645  -53.853  38.161  7.760 0.0000000000
120195  -43.851  47.662  -0.104 0.0000000000
119456  -43.848  46.794  0.676 0.0000000000
119467  -44.672  46.476  -0.396 0.0000000000
118785  -45.417  45.346  -0.338 0.0000000000
149949  -46.441  44.404  -0.324 0.0000000000
146745  -50.497  41.115  -2.739 0.0000000000
116695  -50.345  42.349  -1.603 0.0000000000
143895  -52.616  41.432  -2.270 0.0000000000
116697  -53.095  42.194  -1.586 0.0000000000
116685  -53.170  42.927  -1.031 0.0000000000
117394  -52.958  44.106  -0.098 0.0000000000
116686  -53.394  42.703  -0.835 0.0000000000
116673  -53.409  42.172  0.204 0.0000000000
158690  -53.228  42.286  0.980 0.0000000000
116663  -52.609  41.945  1.751 0.0000000000
115882  -51.999  41.442  1.304 0.0000000000
115898  -51.317  41.001  0.793 0.0000000000
115897  -50.082  41.213  0.914 0.0000000000
115164  -47.551  40.149  -0.539 0.0000000000
109612  -49.671  33.310  25.022 0.0000000000
111992  -47.747  36.514  22.925 0.0000000000
111970  -48.593  36.416  24.289 0.0000000000
111983  -48.546  36.741  23.525 0.0000000000
111984  -49.568  37.149  23.693 0.0000000000
112738  -50.646  37.558  23.800 0.0000000000
145187  -51.801  38.035  23.478 0.0000000000
112745  -51.086  37.775  22.966 0.0000000000
112755  -51.905  38.260  21.462 0.0000000000
112774  -51.915  38.318  20.505 0.0000000000
123847  -28.168  53.408  5.506 0.0000000000
124989  -30.203  55.612  3.544 0.0000000000
160099  -29.810  55.270  4.091 0.0000000000
124972  -30.531  55.294  4.225 0.0000000000
144544  -32.069  53.850  4.485 0.0000000000
123854  -32.562  53.226  4.520 0.0000000000
123332  -33.803  52.474  4.573 0.0000000000
144681  -34.318  53.221  4.567 0.0000000000
144680  -35.208  53.067  4.648 0.0000000000
124396  -37.076  53.863  4.506 0.0000000000
125631  -40.831  56.849  5.860 0.0000000000
124982  -39.851  55.891  3.935 0.0000000000
135743  -40.652  56.344  4.271 0.0000000000
162234  -40.755  55.745  2.617 0.0000000000
124411  -41.149  54.619  0.867 0.0000000000
124415  -41.739  53.931  0.496 0.0000000000
125017  -42.012  54.803  0.797 0.0000000000
124416  -42.534  54.383  0.577 0.0000000000
124417  -43.336  54.435  0.549 0.0000000000
125681  -45.823  56.311  1.954 0.0000000000
125011  -45.254  55.751  1.484 0.0000000000
125021  -46.481  55.186  0.811 0.0000000000
152497  -47.276  52.691  -0.368 0.0000000000
145416  -47.856  51.941  -0.471 0.0000000000
121629  -48.604  49.884  -1.073 0.0000000000
122279  -49.273  50.563  -1.065 0.0000000000
158364  -50.490  50.781  -1.706 0.0000000000
122283  -50.686  50.596  -2.096 0.0000000000
122293  -50.526  49.971  -2.394 0.0000000000
122798  -50.635  51.319  -1.918 0.0000000000
123367  -50.371  51.958  -1.676 0.0000000000
123888  -50.036  53.276  -1.356 0.0000000000
119328  -41.042  46.335  14.287 0.0000000000
118651  -40.329  45.730  14.468 0.0000000000
117981  -40.215  44.418  13.786 0.0000000000
116484  -40.694  42.781  13.572 0.0000000000
113535  -43.123  38.534  14.967 0.0000000000
114972  -43.122  39.711  14.362 0.0000000000
113549  -44.233  39.281  14.627 0.0000000000
114236  -44.951  39.150  14.887 0.0000000000
115000  -46.157  40.773  11.568 0.0000000000
114271  -46.022  39.289  12.058 0.0000000000
113576  -46.422  38.577  12.304 0.0000000000
112842  -47.072  37.667  13.117 0.0000000000
112831  -48.378  37.202  14.578 0.0000000000
139326  -49.020  37.517  15.556 0.0000000000
112832  -49.342  36.812  14.890 0.0000000000
112103  -48.929  36.485  13.920 0.0000000000
148888  -50.018  36.086  14.299 0.0000000000
122716  -42.349  52.262  11.167 0.0000000000
123286  -43.770  53.011  11.625 0.0000000000
122717  -44.405  52.799  11.641 0.0000000000
120148  -45.932  47.314  3.656 0.0000000000
120882  -46.117  48.814  4.478 0.0000000000
120883  -47.274  49.011  4.481 0.0000000000
121590  -48.226  50.014  4.902 0.0000000000
158994  -49.051  50.565  5.961 0.0000000000
118695  -47.546  45.776  8.128 0.0000000000
120119  -46.771  47.212  8.012 0.0000000000
119383  -46.855  46.443  9.408 0.0000000000
120111  -46.759  47.318  9.641 0.0000000000
161029  -47.444  48.226  10.613 0.0000000000
157792  -47.452  49.242  11.075 0.0000000000
148701  -47.843  48.234  11.211 0.0000000000
120772  -48.598  48.178  12.067 0.0000000000
120086  -49.962  47.455  13.502 0.0000000000
120056  -50.366  46.939  14.147 0.0000000000
118682  -51.087  46.156  13.984 0.0000000000
146508  -51.350  45.270  14.212 0.0000000000
117988  -52.147  43.736  14.431 0.0000000000
114302  -54.547  39.933  11.151 0.0000000000
147791  -53.609  39.879  11.153 0.0000000000
139671  -53.694  38.923  10.464 0.0000000000
151117  -53.349  37.879  10.084 0.0000000000
112880  -52.799  37.077  10.081 0.0000000000
111368  -52.154  35.645  10.924 0.0000000000
111369  -53.172  35.352  10.581 0.0000000000
111362  -54.015  34.321  11.090 0.0000000000
110564  -54.020  34.026  12.029 0.0000000000
109719  -53.754  33.944  13.026 0.0000000000
109732  -53.953  33.942  12.170 0.0000000000
143939  -53.587  33.507  11.166 0.0000000000
109761  -53.215  33.418  10.518 0.0000000000
141371  -52.965  34.597  4.963 0.0000000000
144519  -52.357  33.800  7.333 0.0000000000
109828  -51.534  33.851  6.774 0.0000000000
109810  -50.735  33.602  7.504 0.0000000000
109793  -49.296  33.502  8.784 0.0000000000
163307  -48.635  33.487  9.457 0.0000000000
109792  -48.591  33.526  8.592 0.0000000000
164139  -48.152  33.564  8.094 0.0000000000
109808  -47.995  33.591  7.274 0.0000000000
116573  -50.967  42.189  6.069 0.0000000000
115089  -50.722  40.817  7.737 0.0000000000
151590  -50.453  41.430  7.304 0.0000000000
115067  -50.048  40.241  8.039 0.0000000000
155721  -49.001  39.184  7.948 0.0000000000
113651  -45.666  38.279  7.022 0.0000000000
113652  -46.520  38.359  7.018 0.0000000000
112915  -46.065  37.658  6.461 0.0000000000
112172  -46.456  36.899  5.683 0.0000000000
112184  -46.502  36.177  5.104 0.0000000000
111413  -46.398  35.370  5.058 0.0000000000
163402  -45.959  35.145  5.129 0.0000000000
110618  -45.924  34.414  4.905 0.0000000000
109838  -45.489  33.148  3.814 0.0000000000
109015  -45.184  32.884  3.015 0.0000000000
109837  -44.894  33.265  3.159 0.0000000000
109836  -43.553  33.744  3.607 0.0000000000
110412  -54.231  35.150  25.326 0.0000000000
119485  -46.801  46.564  -1.985 0.0000000000
118121  -46.475  44.611  -1.801 0.0000000000
118130  -47.157  44.582  -2.688 0.0000000000
116705  -48.047  42.717  -2.933 0.0000000000
115924  -49.315  41.347  -3.583 0.0000000000
115935  -49.764  41.355  -5.215 0.0000000000
147380  -49.915  40.402  -4.370 0.0000000000
115925  -49.788  41.072  -3.033 0.0000000000
115183  -51.635  39.294  -3.373 0.0000000000
114428  -52.047  38.447  -2.979 0.0000000000
113707  -51.853  38.159  -2.439 0.0000000000
114420  -51.550  38.096  -1.905 0.0000000000
113706  -50.860  37.507  -2.547 0.0000000000
113704  -47.782  37.051  -1.678 0.0000000000
112969  -48.232  36.819  -2.550 0.0000000000
112963  -48.104  36.656  -2.141 0.0000000000
109628  -47.148  33.992  23.728 0.0000000000
146556  -45.853  35.420  24.202 0.0000000000
111169  -46.063  35.913  24.376 0.0000000000
111981  -46.554  36.466  24.046 0.0000000000
111199  -44.882  36.295  22.843 0.0000000000
158453  -46.105  36.483  23.660 0.0000000000
111991  -46.849  36.479  23.323 0.0000000000
112008  -47.958  36.144  21.837 0.0000000000
112029  -48.678  36.292  20.390 0.0000000000
125660  -29.800  56.175  1.985 0.0000000000
125661  -30.666  56.209  2.221 0.0000000000
125650  -31.604  56.241  3.515 0.0000000000
125637  -32.746  56.446  4.173 0.0000000000
126293  -43.096  57.252  4.164 0.0000000000
126295  -45.553  58.008  4.072 0.0000000000
126311  -46.452  57.496  2.990 0.0000000000
125668  -46.851  56.884  2.241 0.0000000000
125013  -47.720  56.578  1.501 0.0000000000
153939  -48.459  55.988  0.812 0.0000000000
126329  -47.861  57.280  1.536 0.0000000000
126328  -47.579  57.968  2.086 0.0000000000
117264  -45.696  44.033  11.918 0.0000000000
115729  -45.910  41.625  11.525 0.0000000000
115730  -46.732  41.515  11.429 0.0000000000
115001  -47.024  40.632  11.418 0.0000000000
115002  -47.960  40.637  11.367 0.0000000000
122199  -43.551  50.413  8.554 0.0000000000
122194  -44.096  51.132  9.085 0.0000000000
120153  -50.909  47.975  3.757 0.0000000000
120886  -50.172  49.146  4.715 0.0000000000
163400  -50.403  48.654  4.944 0.0000000000
120128  -49.594  46.875  5.785 0.0000000000
119391  -48.814  46.508  6.481 0.0000000000
118703  -50.672  45.501  6.265 0.0000000000
118697  -49.312  45.146  7.329 0.0000000000
118696  -48.390  45.359  7.746 0.0000000000
118693  -47.965  45.055  8.725 0.0000000000
118018  -49.221  43.992  9.938 0.0000000000
118015  -49.636  44.335  10.871 0.0000000000
117275  -50.801  44.067  11.599 0.0000000000
117280  -51.139  43.513  11.085 0.0000000000
116514  -53.958  41.633  12.037 0.0000000000
115741  -54.527  41.630  10.646 0.0000000000
115742  -55.010  41.093  11.309 0.0000000000
151682  -54.919  40.522  11.484 0.0000000000
113607  -55.863  39.107  10.149 0.0000000000
112890  -56.004  37.511  9.331 0.0000000000
111380  -55.719  35.823  8.808 0.0000000000
111388  -55.526  34.949  8.496 0.0000000000
111389  -56.217  35.410  7.949 0.0000000000
110600  -55.906  35.032  6.687 0.0000000000
110612  -55.512  35.034  5.987 0.0000000000
112924  -56.120  36.675  6.600 0.0000000000
112178  -55.529  36.027  5.929 0.0000000000
110627  -54.001  34.899  4.911 0.0000000000
110626  -53.210  35.081  4.417 0.0000000000
111425  -52.421  35.369  4.123 0.0000000000
111424  -51.577  35.694  3.833 0.0000000000
147483  -47.693  42.458  6.542 0.0000000000
116571  -47.017  42.438  6.780 0.0000000000
115795  -46.335  41.341  7.557 0.0000000000
115084  -45.840  40.574  7.734 0.0000000000
114343  -45.537  39.730  7.702 0.0000000000
113637  -45.223  38.886  7.448 0.0000000000
112901  -44.175  37.502  7.106 0.0000000000
164261  -43.834  36.547  6.656 0.0000000000
121608  -41.351  49.465  1.531 0.0000000000
120896  -41.893  48.946  2.919 0.0000000000
120912  -42.442  48.174  2.514 0.0000000000
120163  -43.203  47.556  2.573 0.0000000000
120147  -44.532  47.192  3.174 0.0000000000
146050  -44.258  46.332  0.935 0.0000000000
141170  -45.218  46.293  2.381 0.0000000000
119417  -45.365  46.761  3.060 0.0000000000
119434  -46.813  46.113  2.836 0.0000000000
119435  -47.798  46.141  2.932 0.0000000000
119436  -48.837  46.286  2.916 0.0000000000
163206  -46.756  43.995  -1.123 0.0000000000
117399  -47.631  43.433  -0.963 0.0000000000
117390  -48.270  43.671  -0.149 0.0000000000
116682  -49.650  43.011  -1.084 0.0000000000
117400  -49.147  43.359  -0.471 0.0000000000
118101  -48.733  44.145  0.658 0.0000000000
118084  -49.271  44.638  1.292 0.0000000000
118748  -49.314  45.737  2.385 0.0000000000
119437  -49.944  46.547  2.771 0.0000000000
119438  -51.005  46.726  2.679 0.0000000000
118750  -51.724  46.550  2.746 0.0000000000
118736  -52.248  46.117  2.967 0.0000000000
118766  -52.754  45.424  1.636 0.0000000000
118751  -52.735  45.483  2.478 0.0000000000
118727  -52.534  45.185  4.406 0.0000000000
118047  -53.054  44.473  5.006 0.0000000000
118048  -53.497  43.892  5.677 0.0000000000
117322  -53.954  43.152  6.016 0.0000000000
115821  -54.195  42.088  6.760 0.0000000000
116593  -53.530  42.599  5.571 0.0000000000
147726  -52.922  42.067  6.086 0.0000000000
116591  -52.277  42.257  5.310 0.0000000000
116628  -51.667  42.240  3.347 0.0000000000
158333  -51.265  42.323  3.946 0.0000000000
116590  -50.766  42.363  5.284 0.0000000000
116609  -50.384  42.432  4.398 0.0000000000
116608  -49.366  42.575  4.513 0.0000000000
116607  -48.676  42.673  5.118 0.0000000000
114408  -50.866  38.877  -1.200 0.0000000000
115166  -49.999  40.011  -0.493 0.0000000000
115150  -49.237  40.867  0.349 0.0000000000
115149  -48.013  40.925  0.127 0.0000000000
115896  -48.378  41.507  0.842 0.0000000000
156188  -48.747  41.883  1.574 0.0000000000
109610  -47.988  33.940  23.969 0.0000000000
157788  -48.802  34.134  24.281 0.0000000000
110410  -49.590  34.537  24.568 0.0000000000
111172  -49.289  35.843  24.545 0.0000000000
110411  -50.434  35.056  24.829 0.0000000000
110399  -51.360  34.408  25.481 0.0000000000
110400  -52.367  34.758  25.794 0.0000000000
110401  -53.377  34.549  25.984 0.0000000000
111163  -53.899  35.531  25.611 0.0000000000
111975  -54.080  36.835  24.722 0.0000000000
111986  -54.127  37.271  24.000 0.0000000000
112740  -53.538  38.147  23.720 0.0000000000
112741  -54.089  37.930  23.451 0.0000000000
111996  -54.083  37.609  23.083 0.0000000000
112012  -54.105  37.784  22.059 0.0000000000
112032  -53.802  37.411  20.427 0.0000000000
112042  -54.080  37.311  19.343 0.0000000000
123848  -28.986  53.174  5.234 0.0000000000
124391  -29.888  54.650  4.469 0.0000000000
123327  -29.835  52.950  4.960 0.0000000000
122761  -30.091  52.017  5.093 0.0000000000
150342  -30.688  50.794  5.423 0.0000000000
122226  -31.889  50.300  5.448 0.0000000000
121568  -33.167  49.669  5.597 0.0000000000
121569  -34.122  49.411  5.618 0.0000000000
122230  -35.550  50.002  5.129 0.0000000000
122231  -36.383  50.074  5.093 0.0000000000
153860  -35.514  51.395  4.689 0.0000000000
122247  -36.749  50.880  4.800 0.0000000000
122248  -37.587  50.928  4.776 0.0000000000
146431  -38.772  51.618  4.239 0.0000000000
122770  -39.726  51.585  4.013 0.0000000000
122779  -40.043  51.469  2.623 0.0000000000
124976  -34.778  55.689  4.606 0.0000000000
151503  -36.297  54.748  4.915 0.0000000000
163749  -36.890  54.428  4.813 0.0000000000
124402  -37.948  54.143  3.639 0.0000000000
124992  -39.192  55.299  3.181 0.0000000000
124999  -38.912  54.765  2.766 0.0000000000
123862  -38.281  53.550  3.275 0.0000000000
123345  -39.193  52.953  2.228 0.0000000000
151179  -40.115  51.458  1.734 0.0000000000
122267  -40.494  50.948  1.344 0.0000000000
121614  -41.411  50.026  0.879 0.0000000000
122269  -41.718  50.651  0.440 0.0000000000
121615  -42.565  49.110  0.392 0.0000000000
123353  -42.304  52.081  0.045 0.0000000000
122788  -42.909  51.366  -0.182 0.0000000000
121626  -43.375  49.175  -0.145 0.0000000000
120950  -44.004  48.549  -0.306 0.0000000000
120951  -44.666  47.952  -0.519 0.0000000000
120952  -45.737  48.230  -0.839 0.0000000000
125655  -43.394  56.976  3.307 0.0000000000
125019  -43.757  55.089  0.895 0.0000000000
123874  -43.867  53.823  0.200 0.0000000000
146666  -45.428  54.695  0.535 0.0000000000
123875  -44.874  53.920  0.126 0.0000000000
123358  -44.780  52.456  -0.344 0.0000000000
155619  -45.107  50.795  -0.467 0.0000000000
147452  -46.123  49.776  -0.572 0.0000000000
120205  -46.088  47.625  -1.226 0.0000000000
120216  -47.680  47.182  -2.075 0.0000000000
119486  -48.135  46.658  -2.595 0.0000000000
118809  -49.417  45.423  -4.210 0.0000000000
120208  -49.690  48.195  -2.327 0.0000000000
119487  -49.816  46.985  -3.254 0.0000000000
119494  -50.310  46.605  -4.128 0.0000000000
118810  -50.127  45.286  -4.954 0.0000000000
118151  -50.030  44.253  -5.929 0.0000000000
121654  -50.516  49.506  -3.061 0.0000000000
163562  -49.194  48.610  -3.713 0.0000000000
124421  -48.938  55.415  0.309 0.0000000000
124427  -49.674  54.307  -1.026 0.0000000000
123896  -49.468  54.019  -1.713 0.0000000000
111274  -45.373  35.420  18.353 0.0000000000
112805  -44.039  37.054  16.252 0.0000000000
111291  -45.148  35.753  17.710 0.0000000000
111275  -46.179  35.593  18.615 0.0000000000
111276  -47.008  35.803  18.852 0.0000000000
112039  -47.830  36.073  19.143 0.0000000000
112040  -48.618  36.401  19.490 0.0000000000
114985  -43.884  41.213  12.589 0.0000000000
114256  -44.434  39.849  13.317 0.0000000000
113537  -45.585  38.806  15.288 0.0000000000
113563  -45.620  38.870  13.783 0.0000000000
113538  -46.304  38.630  15.346 0.0000000000
113527  -46.777  38.483  16.037 0.0000000000
112795  -47.721  37.675  17.209 0.0000000000
112787  -48.118  37.243  17.920 0.0000000000
112052  -49.313  36.976  18.992 0.0000000000
112782  -50.108  37.353  19.441 0.0000000000
144975  -51.010  37.807  19.917 0.0000000000
112783  -52.017  38.362  19.536 0.0000000000
161364  -50.469  37.500  16.457 0.0000000000
148103  -51.936  38.093  18.162 0.0000000000
113514  -52.590  38.399  18.831 0.0000000000
113515  -53.555  38.374  18.801 0.0000000000
112790  -54.279  37.719  18.549 0.0000000000
138088  -54.302  37.042  18.075 0.0000000000
123274  -44.847  52.606  15.477 0.0000000000
122694  -46.045  52.759  15.607 0.0000000000
122155  -47.765  51.826  15.928 0.0000000000
121597  -42.377  49.546  3.706 0.0000000000
122253  -44.176  50.467  5.054 0.0000000000
121588  -45.747  49.698  4.849 0.0000000000
121575  -45.356  50.480  5.322 0.0000000000
122217  -45.112  50.895  6.307 0.0000000000
122206  -44.767  50.718  7.285 0.0000000000
122744  -45.350  51.239  7.944 0.0000000000
122736  -45.730  52.712  9.081 0.0000000000
120871  -49.662  49.716  5.281 0.0000000000
121562  -49.165  50.456  6.012 0.0000000000
121561  -48.744  50.585  6.424 0.0000000000
120836  -47.077  49.081  7.756 0.0000000000
121547  -48.066  50.396  7.269 0.0000000000
156209  -48.345  51.839  7.440 0.0000000000
122747  -48.199  52.699  8.049 0.0000000000
123314  -47.677  53.207  8.586 0.0000000000
123308  -45.253  53.579  9.844 0.0000000000
123301  -46.044  53.809  10.224 0.0000000000
122727  -46.087  53.127  10.705 0.0000000000
122718  -45.194  52.023  11.659 0.0000000000
122179  -47.162  50.026  10.905 0.0000000000
122171  -46.447  50.277  12.413 0.0000000000
122170  -45.588  50.901  12.591 0.0000000000
122165  -46.497  50.542  13.395 0.0000000000
122159  -47.860  50.785  14.752 0.0000000000
141489  -48.572  49.851  15.212 0.0000000000
120734  -48.168  48.979  15.096 0.0000000000
119331  -48.602  47.272  14.495 0.0000000000
161434  -48.028  45.878  13.853 0.0000000000
119332  -50.360  46.310  14.404 0.0000000000
142017  -49.749  45.177  14.459 0.0000000000
118005  -48.737  44.106  13.480 0.0000000000
117267  -48.854  43.428  13.045 0.0000000000
115732  -48.677  41.428  11.589 0.0000000000
143165  -48.990  39.873  11.187 0.0000000000
117276  -52.149  43.696  12.637 0.0000000000
157010  -52.918  43.080  14.347 0.0000000000
115725  -52.400  41.946  13.651 0.0000000000
115006  -52.997  40.923  12.358 0.0000000000
150711  -51.957  40.635  11.768 0.0000000000
115734  -51.038  41.313  12.228 0.0000000000
115004  -49.968  40.542  11.432 0.0000000000
160128  -49.645  39.673  11.062 0.0000000000
113589  -48.886  38.032  11.187 0.0000000000
112864  -49.158  37.178  11.417 0.0000000000
111330  -49.950  35.805  12.664 0.0000000000
111313  -51.210  35.643  14.153 0.0000000000
111360  -52.057  35.296  11.661 0.0000000000
111332  -51.489  35.355  13.279 0.0000000000
157681  -52.213  35.638  14.946 0.0000000000
112091  -53.788  35.551  16.148 0.0000000000
111295  -54.152  35.685  16.940 0.0000000000
111294  -53.996  35.476  17.155 0.0000000000
110511  -53.406  34.828  16.803 0.0000000000
110517  -52.423  34.335  16.368 0.0000000000
110522  -51.568  33.933  15.815 0.0000000000
109702  -52.532  33.564  14.372 0.0000000000
109689  -52.079  33.661  15.126 0.0000000000
109682  -50.324  33.925  16.003 0.0000000000
109687  -49.594  33.653  15.493 0.0000000000
154507  -48.964  33.468  14.923 0.0000000000
109779  -54.538  34.011  8.822 0.0000000000
109777  -52.981  33.431  9.717 0.0000000000
136802  -52.227  33.394  10.072 0.0000000000
161801  -52.281  33.615  8.121 0.0000000000
136437  -51.257  33.431  9.468 0.0000000000
136445  -51.326  33.383  11.135 0.0000000000
136450  -49.975  33.386  12.086 0.0000000000
136408  -48.501  33.264  12.761 0.0000000000
109714  -48.062  33.166  13.556 0.0000000000
108925  -47.068  32.806  13.645 0.0000000000
108938  -46.910  32.776  12.807 0.0000000000
109776  -47.636  33.433  9.791 0.0000000000
109741  -45.981  32.897  11.016 0.0000000000
115092  -54.031  41.041  7.780 0.0000000000
114331  -53.041  39.541  8.253 0.0000000000
113644  -52.732  38.082  7.941 0.0000000000
114330  -51.496  39.697  8.249 0.0000000000
113643  -51.680  38.099  7.992 0.0000000000
112907  -52.210  37.475  7.371 0.0000000000
112175  -52.263  36.459  5.334 0.0000000000
112189  -51.684  36.171  4.194 0.0000000000
156230  -50.817  35.928  3.626 0.0000000000
115087  -48.532  40.625  7.729 0.0000000000
113653  -47.494  38.417  7.142 0.0000000000
112903  -48.422  38.086  7.127 0.0000000000
147657  -48.790  37.374  6.356 0.0000000000
112929  -49.225  36.770  5.354 0.0000000000
112187  -49.705  36.331  4.285 0.0000000000
110623  -49.360  35.019  4.636 0.0000000000
110622  -48.985  34.090  5.610 0.0000000000
147026  -47.784  33.648  6.316 0.0000000000
137665  -47.204  33.583  6.917 0.0000000000
109840  -46.923  33.876  5.342 0.0000000000
154796  -46.596  33.527  6.173 0.0000000000
109790  -45.798  33.364  8.168 0.0000000000
108937  -46.340  32.694  12.365 0.0000000000
109003  -45.312  32.778  3.916 0.0000000000
109613  -50.524  33.938  25.191 0.0000000000
109688  -50.777  33.656  15.167 0.0000000000
109690  -53.208  33.757  15.013 0.0000000000
109691  -53.722  33.959  14.910 0.0000000000
109700  -49.881  33.529  14.684 0.0000000000
109704  -53.721  33.987  14.410 0.0000000000
109718  -53.470  33.759  13.804 0.0000000000
109728  -47.631  33.009  12.820 0.0000000000
109729  -49.325  33.370  12.653 0.0000000000
109730  -53.104  33.583  13.122 0.0000000000
109743  -48.898  33.347  12.011 0.0000000000
109745  -53.491  33.543  11.741 0.0000000000
109746  -54.068  33.779  11.430 0.0000000000
109757  -46.002  33.177  10.052 0.0000000000
109758  -46.825  33.262  10.417 0.0000000000
109760  -52.523  33.372  11.009 0.0000000000
109762  -54.011  33.630  10.778 0.0000000000
109763  -54.366  33.854  10.002 0.0000000000
109778  -53.850  33.608  9.401 0.0000000000
109795  -51.782  33.503  8.676 0.0000000000
109807  -46.508  33.496  7.511 0.0000000000
109809  -48.975  33.579  7.636 0.0000000000
109827  -50.647  33.801  6.590 0.0000000000
109829  -52.591  34.188  6.289 0.0000000000
109841  -47.509  33.939  5.463 0.0000000000
109842  -48.225  33.961  5.574 0.0000000000
109847  -44.292  33.163  2.296 0.0000000000
110426  -46.616  35.124  24.066 0.0000000000
110516  -50.999  34.299  16.563 0.0000000000
110519  -53.883  34.626  15.885 0.0000000000
110524  -53.682  34.129  15.421 0.0000000000
110530  -53.641  34.173  14.365 0.0000000000
110544  -53.664  34.164  13.493 0.0000000000
110554  -53.780  34.074  12.859 0.0000000000
110565  -54.189  33.929  11.449 0.0000000000
110575  -54.493  34.257  9.962 0.0000000000
110589  -54.858  34.322  8.036 0.0000000000
110590  -55.144  34.569  8.516 0.0000000000
110597  -53.334  34.094  6.912 0.0000000000
110598  -54.118  34.132  7.478 0.0000000000
110606  -44.139  34.877  5.176 0.0000000000
110609  -51.921  34.319  5.651 0.0000000000
110611  -54.693  34.779  5.717 0.0000000000
110619  -46.505  34.494  5.061 0.0000000000
110625  -51.926  35.097  4.122 0.0000000000
110632  -51.030  35.384  3.982 0.0000000000
111168  -45.598  36.144  24.332 0.0000000000
111175  -54.204  36.033  25.117 0.0000000000
111181  -53.769  35.652  23.782 0.0000000000
111200  -46.124  36.265  22.683 0.0000000000
111201  -47.156  36.115  22.252 0.0000000000
111231  -46.717  35.695  21.466 0.0000000000
111263  -46.368  35.447  19.426 0.0000000000
111264  -47.159  35.633  19.701 0.0000000000
111290  -44.635  35.320  17.997 0.0000000000
111293  -52.741  35.335  17.637 0.0000000000
111307  -54.060  35.218  16.368 0.0000000000
111310  -53.389  35.240  15.395 0.0000000000
111315  -53.540  34.636  15.085 0.0000000000
111331  -50.404  35.667  13.358 0.0000000000
111348  -51.824  35.226  12.464 0.0000000000
111359  -50.949  35.601  11.844 0.0000000000
111378  -54.865  35.437  9.356 0.0000000000
111390  -56.562  35.920  7.667 0.0000000000
111397  -56.313  35.483  7.108 0.0000000000
111404  -55.501  35.413  5.895 0.0000000000
111405  -55.979  35.360  6.358 0.0000000000
111411  -45.050  34.957  5.162 0.0000000000
111416  -52.973  35.446  4.374 0.0000000000
111417  -53.885  35.171  4.771 0.0000000000
111418  -54.751  35.108  5.355 0.0000000000
111421  -48.585  36.075  4.358 0.0000000000
111422  -49.358  36.004  3.863 0.0000000000
111423  -50.159  35.791  3.741 0.0000000000
111964  -53.937  36.420  25.231 0.0000000000
111968  -46.277  36.234  24.235 0.0000000000
111979  -45.010  36.183  24.292 0.0000000000
111982  -47.507  36.560  23.866 0.0000000000
111990  -45.500  36.461  23.517 0.0000000000
112009  -49.363  36.738  21.745 0.0000000000
112010  -52.419  36.248  21.050 0.0000000000
112028  -48.038  35.902  20.900 0.0000000000
112033  -54.220  37.946  21.048 0.0000000000
112041  -49.411  36.722  19.897 0.0000000000
112043  -54.301  37.965  20.059 0.0000000000
112051  -48.450  36.724  18.668 0.0000000000
112053  -54.120  36.792  18.372 0.0000000000
112058  -45.380  36.493  17.262 0.0000000000
112059  -46.337  36.754  17.512 0.0000000000
112060  -47.223  36.998  17.717 0.0000000000
112061  -54.118  36.280  17.574 0.0000000000
112062  -54.136  36.563  17.412 0.0000000000
112073  -44.622  36.699  16.734 0.0000000000
112074  -45.263  37.152  16.727 0.0000000000
112076  -53.473  36.412  16.565 0.0000000000
112077  -54.102  36.037  16.772 0.0000000000
112087  -43.201  36.680  16.131 0.0000000000
112089  -50.866  37.095  16.129 0.0000000000
112118  -49.362  36.220  12.332 0.0000000000
112119  -50.086  35.877  12.038 0.0000000000
112129  -48.758  36.786  11.913 0.0000000000
112130  -49.576  36.476  11.698 0.0000000000
112139  -50.670  36.640  10.938 0.0000000000
112140  -51.499  36.446  10.720 0.0000000000
112141  -52.404  36.255  10.424 0.0000000000
112150  -56.372  36.777  8.781 0.0000000000
112157  -56.458  36.101  8.244 0.0000000000
112158  -56.772  36.457  7.812 0.0000000000
112162  -43.590  36.881  7.169 0.0000000000
112170  -44.816  36.608  6.073 0.0000000000
112174  -51.173  36.581  5.316 0.0000000000
112176  -53.419  36.294  5.323 0.0000000000
112179  -56.575  36.611  7.020 0.0000000000
112188  -50.650  36.295  4.136 0.0000000000
112192  -54.656  35.456  5.364 0.0000000000
112197  -49.369  36.073  3.943 0.0000000000
112198  -50.154  35.996  3.703 0.0000000000
112199  -51.128  35.954  3.705 0.0000000000
112200  -52.066  35.779  3.999 0.0000000000
112731  -49.918  37.125  24.289 0.0000000000
112732  -51.558  37.690  24.244 0.0000000000
112739  -52.612  38.072  23.980 0.0000000000
112756  -54.101  38.207  21.613 0.0000000000
112784  -54.359  37.887  19.246 0.0000000000
112789  -51.646  38.131  18.691 0.0000000000
112797  -49.573  37.793  17.354 0.0000000000
112798  -50.512  37.796  17.434 0.0000000000
112801  -54.168  37.394  17.862 0.0000000000
112807  -45.569  37.804  16.416 0.0000000000
112808  -46.399  38.040  16.481 0.0000000000
112809  -47.277  38.097  16.577 0.0000000000
112813  -52.881  37.234  17.015 0.0000000000
112824  -45.043  38.615  15.531 0.0000000000
112841  -46.831  38.047  12.537 0.0000000000
112853  -47.384  37.670  12.344 0.0000000000
112854  -48.036  37.207  12.159 0.0000000000
112865  -49.920  36.850  11.172 0.0000000000
112878  -51.051  37.454  10.614 0.0000000000
112889  -54.809  37.296  9.535 0.0000000000
112891  -56.714  37.729  8.912 0.0000000000
112902  -44.824  38.082  7.095 0.0000000000
112904  -49.264  37.847  7.200 0.0000000000
112913  -44.790  37.305  6.587 0.0000000000
112920  -51.694  36.944  6.489 0.0000000000
112970  -48.833  36.680  -2.565 0.0000000000
112971  -49.440  36.705  -2.812 0.0000000000
112977  -49.046  36.669  -2.914 0.0000000000
113477  -53.741  38.332  23.012 0.0000000000
113484  -52.840  38.666  20.994 0.0000000000
113497  -53.421  38.624  20.566 0.0000000000
113509  -53.461  38.530  19.712 0.0000000000
113510  -54.136  38.228  19.068 0.0000000000
113516  -53.991  38.086  18.293 0.0000000000
113521  -53.054  38.173  18.185 0.0000000000
113536  -44.143  38.743  15.155 0.0000000000
113548  -43.552  39.185  14.670 0.0000000000
113550  -45.621  38.939  14.747 0.0000000000
113551  -46.246  38.545  14.421 0.0000000000
113552  -46.883  37.903  14.058 0.0000000000
113575  -45.731  38.904  12.784 0.0000000000
113586  -46.787  38.995  11.717 0.0000000000
113587  -47.659  38.640  11.528 0.0000000000
113588  -48.191  38.100  11.479 0.0000000000
113602  -49.547  38.380  10.867 0.0000000000
113603  -50.316  38.207  10.681 0.0000000000
113606  -54.892  39.079  10.391 0.0000000000
113617  -54.278  38.118  9.963 0.0000000000
113620  -56.762  38.570  9.063 0.0000000000
113628  -52.238  38.972  8.252 0.0000000000
113629  -53.307  38.827  8.126 0.0000000000
113630  -54.279  38.854  7.990 0.0000000000
113631  -56.703  38.762  8.709 0.0000000000
113638  -46.045  39.057  7.441 0.0000000000
113642  -50.707  38.216  7.893 0.0000000000
113705  -48.940  36.867  -2.046 0.0000000000
113724  -49.702  37.095  -3.311 0.0000000000
114243  -43.823  39.659  14.267 0.0000000000
114244  -44.501  39.533  14.111 0.0000000000
114245  -45.118  39.228  14.262 0.0000000000
114284  -48.270  39.280  11.267 0.0000000000
114285  -49.056  38.979  10.995 0.0000000000
114286  -50.429  39.860  11.109 0.0000000000
114298  -49.923  39.047  10.805 0.0000000000
114301  -52.550  39.667  10.956 0.0000000000
114303  -55.317  39.837  10.761 0.0000000000
114305  -56.363  39.678  9.586 0.0000000000
114315  -56.448  39.132  9.653 0.0000000000
114328  -49.818  39.384  8.128 0.0000000000
114335  -56.468  39.391  8.686 0.0000000000
114345  -47.257  40.065  7.767 0.0000000000
114409  -52.080  38.943  -1.329 0.0000000000
114421  -52.465  38.608  -1.925 0.0000000000
114422  -53.083  39.239  -1.984 0.0000000000
114429  -52.635  38.731  -2.330 0.0000000000
114437  -49.972  38.680  -4.387 0.0000000000
114446  -49.596  39.416  -4.645 0.0000000000
114447  -49.949  39.638  -4.587 0.0000000000
114975  -42.575  41.193  13.574 0.0000000000
114976  -43.386  40.709  13.414 0.0000000000
114977  -44.151  40.417  12.900 0.0000000000
115003  -48.915  40.663  11.397 0.0000000000
115005  -51.140  40.640  11.643 0.0000000000
115007  -53.946  41.145  12.664 0.0000000000
115008  -54.604  40.939  11.984 0.0000000000
115025  -52.218  40.190  11.388 0.0000000000
115026  -53.280  40.473  11.765 0.0000000000
115050  -56.085  40.537  9.107 0.0000000000
115068  -50.908  40.195  8.108 0.0000000000
115070  -53.459  40.282  8.175 0.0000000000
115071  -54.591  40.384  8.153 0.0000000000
115073  -55.989  40.295  8.693 0.0000000000
115088  -49.336  40.751  7.716 0.0000000000
115093  -54.974  41.252  7.950 0.0000000000
115094  -55.346  41.199  8.363 0.0000000000
115167  -51.400  39.733  -0.526 0.0000000000
115169  -53.308  40.076  -1.466 0.0000000000
115176  -53.266  40.118  -2.193 0.0000000000
115182  -50.604  40.162  -3.475 0.0000000000
115184  -52.625  39.457  -2.692 0.0000000000
115201  -47.888  40.742  -4.891 0.0000000000
115716  -40.956  41.953  13.732 0.0000000000
115723  -43.678  42.026  12.367 0.0000000000
115724  -44.374  41.785  12.041 0.0000000000
115728  -45.126  41.684  11.726 0.0000000000
115731  -47.662  41.447  11.447 0.0000000000
115735  -52.462  41.340  12.740 0.0000000000
115737  -54.361  41.180  12.139 0.0000000000
115743  -55.481  40.814  10.545 0.0000000000
115756  -55.221  41.343  9.993 0.0000000000
115757  -55.745  40.984  9.483 0.0000000000
115796  -47.176  40.924  7.661 0.0000000000
115797  -47.899  41.334  7.480 0.0000000000
115798  -48.815  41.371  7.400 0.0000000000
115800  -51.398  41.355  7.355 0.0000000000
115801  -52.451  41.350  7.364 0.0000000000
115802  -53.591  41.473  7.316 0.0000000000
115883  -52.954  41.663  0.839 0.0000000000
115899  -52.613  40.996  0.493 0.0000000000
115901  -53.513  42.002  -0.634 0.0000000000
115915  -51.103  41.661  -2.237 0.0000000000
115918  -53.323  42.436  -1.209 0.0000000000
115969  -49.634  42.268  -5.872 0.0000000000
116486  -51.476  43.153  14.350 0.0000000000
116487  -52.498  43.231  14.441 0.0000000000
116491  -43.567  42.788  12.213 0.0000000000
116493  -49.159  42.704  12.607 0.0000000000
116494  -50.483  42.525  13.309 0.0000000000
116496  -53.036  42.766  14.126 0.0000000000
116501  -45.592  42.435  11.586 0.0000000000
116502  -46.450  42.376  11.505 0.0000000000
116503  -47.384  42.303  11.561 0.0000000000
116507  -53.265  42.568  12.849 0.0000000000
116512  -52.508  42.668  10.991 0.0000000000
116516  -54.338  42.301  9.222 0.0000000000
116527  -54.921  42.362  8.198 0.0000000000
116528  -55.310  41.618  8.829 0.0000000000
116548  -46.591  42.111  7.205 0.0000000000
116549  -47.454  42.047  7.146 0.0000000000
116551  -49.168  41.847  7.026 0.0000000000
116552  -54.803  42.420  7.653 0.0000000000
116574  -51.906  42.008  6.212 0.0000000000
116587  -47.864  42.732  5.681 0.0000000000
116589  -49.656  42.536  5.215 0.0000000000
116592  -53.075  42.550  4.765 0.0000000000
116610  -51.585  42.325  4.546 0.0000000000
116643  -49.957  42.282  2.927 0.0000000000
116645  -52.094  42.091  2.622 0.0000000000
116665  -53.494  43.098  0.305 0.0000000000
116674  -53.502  42.706  -0.331 0.0000000000
116684  -52.283  42.971  -1.152 0.0000000000
116696  -51.736  42.284  -1.658 0.0000000000
116720  -48.929  42.981  -4.259 0.0000000000
116721  -49.821  42.428  -5.485 0.0000000000
116737  -48.385  42.100  -5.769 0.0000000000
117251  -40.434  43.592  13.600 0.0000000000
117252  -41.196  43.423  13.240 0.0000000000
117253  -49.736  44.409  14.264 0.0000000000
117254  -50.826  43.894  14.503 0.0000000000
117255  -51.894  43.640  14.558 0.0000000000
117269  -52.529  43.586  14.113 0.0000000000
117274  -48.110  42.998  12.083 0.0000000000
117277  -53.099  43.019  13.778 0.0000000000
117279  -50.077  43.742  10.484 0.0000000000
117284  -49.980  43.644  9.472 0.0000000000
117296  -54.615  42.906  7.683 0.0000000000
117307  -53.477  43.724  7.434 0.0000000000
117323  -54.563  42.844  7.127 0.0000000000
117339  -53.674  43.182  5.363 0.0000000000
117367  -53.216  43.125  2.724 0.0000000000
117378  -53.292  43.763  1.857 0.0000000000
117391  -49.395  43.741  0.108 0.0000000000
117395  -53.313  43.826  -0.014 0.0000000000
117396  -53.426  43.225  -0.345 0.0000000000
117403  -52.620  43.544  -0.598 0.0000000000
117404  -53.234  43.420  -0.482 0.0000000000
117422  -46.936  43.997  -2.103 0.0000000000
117423  -47.660  43.689  -3.143 0.0000000000
117448  -50.075  43.608  -6.036 0.0000000000
117455  -48.996  43.487  -6.263 0.0000000000
117456  -49.934  43.734  -6.160 0.0000000000
117982  -41.048  44.892  13.394 0.0000000000
117984  -47.742  45.224  13.472 0.0000000000
117985  -48.743  44.809  13.835 0.0000000000
117998  -41.677  44.154  12.944 0.0000000000
118003  -47.068  44.815  12.812 0.0000000000
118011  -51.785  44.441  13.160 0.0000000000
118014  -48.685  44.610  10.331 0.0000000000
118017  -48.565  44.499  9.324 0.0000000000
118025  -49.813  44.538  7.848 0.0000000000
118027  -51.802  44.405  7.282 0.0000000000
118038  -53.718  43.718  6.593 0.0000000000
118057  -53.413  43.638  4.865 0.0000000000
118083  -48.187  44.584  1.273 0.0000000000
118087  -52.689  45.160  0.977 0.0000000000
118088  -53.142  44.794  1.153 0.0000000000
118098  -45.875  44.845  0.031 0.0000000000
118099  -46.618  44.553  0.460 0.0000000000
118100  -47.646  44.239  0.550 0.0000000000
118103  -51.091  44.453  0.582 0.0000000000
118105  -53.042  44.487  0.492 0.0000000000
118114  -47.169  44.006  -0.228 0.0000000000
118652  -50.564  45.596  14.495 0.0000000000
118653  -50.919  46.054  14.231 0.0000000000
118665  -49.743  45.997  14.548 0.0000000000
118684  -48.979  45.771  11.576 0.0000000000
118692  -47.279  45.658  9.146 0.0000000000
118698  -50.267  45.034  6.995 0.0000000000
118701  -48.805  45.710  6.990 0.0000000000
118702  -49.662  45.789  6.434 0.0000000000
118705  -52.242  44.934  5.937 0.0000000000
118714  -51.709  45.539  5.438 0.0000000000
118737  -52.640  45.321  3.456 0.0000000000
118762  -48.740  45.074  1.901 0.0000000000
118763  -49.838  45.248  1.811 0.0000000000
118764  -51.004  45.541  1.623 0.0000000000
118765  -52.111  45.675  1.539 0.0000000000
118775  -45.316  45.392  0.388 0.0000000000
118784  -44.829  45.801  -0.019 0.0000000000
118792  -45.566  45.581  -1.026 0.0000000000
118801  -46.737  45.290  -2.356 0.0000000000
118811  -50.097  46.269  -4.204 0.0000000000
119326  -41.295  46.976  14.809 0.0000000000
119345  -50.387  47.114  13.950 0.0000000000
119346  -50.704  46.634  14.026 0.0000000000
119363  -49.635  47.169  12.653 0.0000000000
119364  -50.434  46.790  13.528 0.0000000000
119372  -48.078  46.981  11.323 0.0000000000
119380  -47.545  46.596  10.644 0.0000000000
119382  -46.574  47.219  8.762 0.0000000000
119385  -46.936  46.422  8.504 0.0000000000
119388  -48.084  46.135  7.232 0.0000000000
119390  -47.999  47.194  6.725 0.0000000000
119395  -50.722  46.835  5.042 0.0000000000
119396  -51.319  46.352  4.855 0.0000000000
119404  -51.104  47.402  4.345 0.0000000000
119406  -52.082  46.008  3.828 0.0000000000
119418  -46.350  46.702  3.241 0.0000000000
119419  -47.344  46.763  3.333 0.0000000000
119420  -48.399  46.926  3.324 0.0000000000
119421  -49.512  47.187  3.243 0.0000000000
119422  -50.614  47.399  3.233 0.0000000000
119423  -51.698  46.752  3.431 0.0000000000
119432  -44.614  46.663  2.502 0.0000000000
119433  -45.577  45.838  1.946 0.0000000000
119447  -43.911  46.674  1.389 0.0000000000
119457  -44.356  46.346  0.300 0.0000000000
119466  -44.022  46.940  0.018 0.0000000000
119468  -45.327  46.326  -1.016 0.0000000000
119493  -48.731  46.100  -3.359 0.0000000000
119508  -50.637  47.331  -4.048 0.0000000000
120053  -48.360  48.162  14.691 0.0000000000
120069  -46.293  47.369  13.901 0.0000000000
120070  -47.411  47.326  14.218 0.0000000000
120071  -50.028  47.616  14.016 0.0000000000
120085  -49.354  47.821  12.762 0.0000000000
120094  -48.162  47.719  11.462 0.0000000000
120095  -48.829  47.481  11.994 0.0000000000
120118  -46.630  48.089  8.086 0.0000000000
120130  -50.021  48.136  5.288 0.0000000000
120131  -50.592  47.921  4.745 0.0000000000
120133  -45.505  47.955  4.056 0.0000000000
120134  -46.507  48.034  4.142 0.0000000000
120135  -47.624  48.269  4.133 0.0000000000
120136  -48.846  48.628  4.076 0.0000000000
120137  -49.797  48.773  4.055 0.0000000000
120138  -50.844  48.190  4.175 0.0000000000
120145  -43.021  47.986  3.139 0.0000000000
120152  -50.243  48.137  3.640 0.0000000000
120164  -43.912  47.081  2.611 0.0000000000
120185  -42.781  47.811  0.964 0.0000000000
120186  -43.471  47.434  0.501 0.0000000000
120206  -46.876  47.399  -1.592 0.0000000000
120232  -49.585  47.875  -4.115 0.0000000000
120246  -50.332  47.515  -4.153 0.0000000000
120247  -50.805  47.834  -3.872 0.0000000000
120735  -48.930  49.009  14.816 0.0000000000
120736  -49.258  48.447  14.459 0.0000000000
120743  -49.538  48.286  14.195 0.0000000000
120757  -48.531  48.756  12.647 0.0000000000
120758  -49.202  48.758  13.716 0.0000000000
120781  -47.486  48.847  10.689 0.0000000000
120796  -47.055  48.303  9.965 0.0000000000
120815  -46.749  48.799  8.441 0.0000000000
120857  -48.897  49.881  6.316 0.0000000000
120858  -49.366  49.849  5.834 0.0000000000
120872  -50.209  49.207  5.018 0.0000000000
120887  -50.437  48.729  4.602 0.0000000000
120898  -43.397  48.339  3.659 0.0000000000
120899  -44.528  47.914  3.819 0.0000000000
120900  -50.496  48.576  4.200 0.0000000000
120911  -41.743  48.764  2.051 0.0000000000
120925  -42.301  48.269  1.569 0.0000000000
120936  -41.877  49.258  0.865 0.0000000000
120953  -46.498  49.062  -0.753 0.0000000000
120964  -48.770  48.630  -1.649 0.0000000000
120965  -50.353  48.988  -2.394 0.0000000000
120978  -50.938  48.238  -3.255 0.0000000000
121460  -48.014  51.268  15.848 0.0000000000
121469  -48.106  50.507  15.540 0.0000000000
121470  -48.273  50.514  15.361 0.0000000000
121479  -48.804  49.468  14.169 0.0000000000
121498  -47.213  49.635  12.180 0.0000000000
121499  -47.716  49.119  11.920 0.0000000000
121528  -47.288  49.869  9.409 0.0000000000
121572  -37.639  49.489  5.434 0.0000000000
121578  -48.866  50.424  5.530 0.0000000000
121579  -49.371  50.153  5.579 0.0000000000
121580  -49.809  49.695  5.121 0.0000000000
121598  -43.126  49.154  4.048 0.0000000000
121602  -40.768  49.915  2.044 0.0000000000
121603  -41.289  49.482  2.446 0.0000000000
121607  -40.844  50.278  1.411 0.0000000000
121625  -42.894  49.869  -0.046 0.0000000000
121627  -45.207  49.009  -0.559 0.0000000000
121639  -49.537  49.408  -1.636 0.0000000000
121655  -50.903  48.941  -3.021 0.0000000000
121664  -50.557  48.821  -3.457 0.0000000000
122177  -45.861  50.805  11.929 0.0000000000
122178  -46.595  50.416  11.501 0.0000000000
122198  -42.725  50.169  8.859 0.0000000000
122201  -48.455  52.308  7.913 0.0000000000
122207  -45.815  51.223  7.081 0.0000000000
122208  -48.551  51.244  6.698 0.0000000000
122214  -30.419  50.104  5.796 0.0000000000
122216  -44.037  50.630  6.329 0.0000000000
122221  -48.636  50.845  5.962 0.0000000000
122223  -29.123  50.775  5.952 0.0000000000
122224  -29.915  50.711  5.623 0.0000000000
122228  -33.359  50.345  5.196 0.0000000000
122232  -37.208  50.158  5.081 0.0000000000
122238  -43.485  50.645  5.363 0.0000000000
122239  -44.585  50.724  5.650 0.0000000000
122240  -46.458  50.974  5.803 0.0000000000
122241  -47.712  51.065  5.863 0.0000000000
122244  -33.692  50.950  4.802 0.0000000000
122245  -34.405  50.915  4.773 0.0000000000
122246  -35.922  50.782  4.798 0.0000000000
122249  -39.258  51.038  4.649 0.0000000000
122250  -40.146  51.041  4.618 0.0000000000
122251  -40.870  51.072  4.674 0.0000000000
122256  -41.552  50.824  3.876 0.0000000000
122263  -40.389  50.691  2.104 0.0000000000
122268  -40.935  50.897  0.808 0.0000000000
122273  -42.502  50.585  0.055 0.0000000000
122275  -44.262  50.835  -0.415 0.0000000000
122277  -46.763  50.307  -0.565 0.0000000000
122693  -44.685  52.301  14.767 0.0000000000
122695  -47.544  51.433  15.292 0.0000000000
122703  -46.603  51.156  14.291 0.0000000000
122709  -43.536  52.069  12.977 0.0000000000
122724  -41.746  51.599  10.779 0.0000000000
122729  -47.790  52.704  9.813 0.0000000000
122734  -43.537  52.008  9.652 0.0000000000
122739  -44.989  51.577  8.731 0.0000000000
122740  -46.812  52.835  8.473 0.0000000000
122741  -48.332  52.708  8.498 0.0000000000
122745  -46.413  51.875  7.778 0.0000000000
122757  -30.234  51.299  5.324 0.0000000000
122758  -31.424  50.877  5.245 0.0000000000
122759  -32.150  50.920  5.057 0.0000000000
122764  -33.310  51.700  4.649 0.0000000000
122766  -34.874  51.546  4.652 0.0000000000
122768  -37.128  51.695  4.656 0.0000000000
122775  -39.610  51.894  3.172 0.0000000000
122778  -39.623  52.125  2.209 0.0000000000
122784  -41.431  51.550  0.421 0.0000000000
122791  -45.809  51.378  -0.471 0.0000000000
122793  -48.515  51.179  -0.639 0.0000000000
122794  -49.938  51.311  -1.236 0.0000000000
122810  -50.555  51.519  -1.934 0.0000000000
123276  -46.826  53.200  16.559 0.0000000000
123285  -42.991  52.749  11.592 0.0000000000
123292  -43.512  53.291  11.140 0.0000000000
123294  -45.204  53.443  10.891 0.0000000000
123299  -43.703  53.335  10.668 0.0000000000
123300  -45.254  53.685  10.360 0.0000000000
123303  -48.058  53.253  9.105 0.0000000000
123307  -44.036  53.136  10.023 0.0000000000
123309  -46.657  53.573  9.382 0.0000000000
123310  -47.535  53.465  9.197 0.0000000000
123315  -48.055  53.215  8.620 0.0000000000
123322  -27.916  52.122  6.231 0.0000000000
123333  -34.640  52.377  4.595 0.0000000000
123334  -36.003  52.795  4.751 0.0000000000
123337  -38.229  52.255  4.031 0.0000000000
123339  -37.823  52.975  3.896 0.0000000000
123344  -38.730  53.124  2.803 0.0000000000
123347  -39.660  52.700  1.554 0.0000000000
123348  -40.140  52.471  1.001 0.0000000000
123351  -40.792  52.235  0.626 0.0000000000
123356  -43.405  52.222  -0.234 0.0000000000
123360  -46.574  51.980  -0.432 0.0000000000
123361  -48.686  52.765  -0.425 0.0000000000
123362  -49.940  52.820  -0.805 0.0000000000
123375  -49.384  52.450  -2.206 0.0000000000
123376  -50.276  52.106  -1.872 0.0000000000
123830  -46.029  53.894  9.945 0.0000000000
123831  -46.767  53.838  9.831 0.0000000000
123850  -28.708  53.941  5.060 0.0000000000
123851  -29.493  53.817  4.826 0.0000000000
123852  -30.355  53.749  4.647 0.0000000000
123853  -31.253  53.738  4.534 0.0000000000
123855  -33.413  53.294  4.524 0.0000000000
123857  -36.523  53.361  4.685 0.0000000000
123858  -37.181  53.117  4.419 0.0000000000
123863  -38.867  53.642  2.476 0.0000000000
123871  -41.145  53.076  0.438 0.0000000000
123872  -42.013  53.012  0.166 0.0000000000
123879  -43.552  53.086  -0.109 0.0000000000
123880  -44.440  53.177  -0.171 0.0000000000
124384  -27.883  54.150  5.258 0.0000000000
124395  -33.898  54.076  4.508 0.0000000000
124397  -37.547  54.472  4.364 0.0000000000
124405  -38.546  54.229  2.923 0.0000000000
124406  -39.128  54.294  2.230 0.0000000000
124409  -39.710  54.360  1.609 0.0000000000
124410  -40.367  54.454  1.164 0.0000000000
124418  -44.296  54.556  0.530 0.0000000000
124425  -47.159  54.118  0.027 0.0000000000
124973  -31.370  55.334  4.328 0.0000000000
124974  -32.912  55.756  4.410 0.0000000000
124977  -35.684  55.653  4.873 0.0000000000
124980  -38.046  55.202  4.676 0.0000000000
124987  -28.439  55.520  3.575 0.0000000000
124988  -29.303  55.461  3.554 0.0000000000
124997  -29.536  55.762  2.786 0.0000000000
124998  -30.207  55.860  2.649 0.0000000000
125002  -41.249  55.653  1.967 0.0000000000
125005  -40.093  54.925  1.636 0.0000000000
125006  -40.742  55.120  1.394 0.0000000000
125007  -41.566  55.254  1.243 0.0000000000
125018  -42.866  54.954  0.876 0.0000000000
125020  -44.719  55.195  0.959 0.0000000000
125023  -48.874  55.840  0.024 0.0000000000
125649  -30.871  55.942  3.107 0.0000000000
125651  -32.379  56.553  3.680 0.0000000000
125652  -40.694  56.027  3.364 0.0000000000
125654  -42.589  56.773  3.498 0.0000000000
125659  -28.928  56.165  2.393 0.0000000000
125662  -31.310  56.305  2.672 0.0000000000
125664  -42.013  56.119  2.255 0.0000000000
125666  -43.730  56.715  2.692 0.0000000000
125667  -45.652  56.825  2.508 0.0000000000
125677  -41.974  55.702  1.655 0.0000000000
125678  -42.688  55.949  1.788 0.0000000000
126283  -41.793  57.182  5.486 0.0000000000
126296  -46.191  57.962  3.622 0.0000000000
135741  -47.596  37.379  13.824 0.0000000000
136143  -45.483  50.887  5.830 0.0000000000
136435  -47.332  33.553  8.059 0.0000000000
136436  -52.165  33.448  9.345 0.0000000000
136439  -49.471  33.470  9.666 0.0000000000
136441  -51.499  33.394  10.383 0.0000000000
136444  -48.561  33.430  10.417 0.0000000000
136446  -50.307  33.408  11.240 0.0000000000
136452  -50.083  33.400  12.974 0.0000000000
136881  -49.976  33.535  8.119 0.0000000000
136913  -50.846  37.805  18.887 0.0000000000
136923  -45.550  35.203  19.285 0.0000000000
137162  -52.403  35.193  14.041 0.0000000000
137552  -47.628  39.308  7.629 0.0000000000
138596  -53.772  42.132  10.397 0.0000000000
138673  -47.022  36.802  -1.828 0.0000000000
138947  -42.414  52.157  11.930 0.0000000000
139197  -49.347  55.060  -1.033 0.0000000000
139328  -47.279  49.184  9.925 0.0000000000
139604  -51.361  33.468  14.000 0.0000000000
140630  -55.460  40.357  10.760 0.0000000000
140817  -48.192  36.909  13.601 0.0000000000
141113  -48.149  38.083  16.609 0.0000000000
141173  -49.288  55.081  -0.360 0.0000000000
141229  -46.223  32.606  13.180 0.0000000000
141849  -56.689  37.759  7.807 0.0000000000
141994  -50.106  37.177  21.300 0.0000000000
142296  -51.941  42.913  9.601 0.0000000000
142730  -50.990  36.049  14.902 0.0000000000
142772  -29.236  52.276  5.349 0.0000000000
142950  -52.462  42.392  4.505 0.0000000000
142958  -44.557  56.757  2.570 0.0000000000
143279  -53.375  41.187  -2.062 0.0000000000
143418  -45.923  46.171  2.654 0.0000000000
143676  -47.982  35.860  20.011 0.0000000000
143938  -49.087  54.907  0.176 0.0000000000
144027  -53.901  41.396  12.680 0.0000000000
144442  -53.779  42.251  6.217 0.0000000000
144781  -43.773  50.038  -0.339 0.0000000000
144844  -51.733  38.033  10.450 0.0000000000
145510  -51.266  47.209  3.295 0.0000000000
145729  -32.405  51.715  4.716 0.0000000000
145788  -40.399  45.176  13.881 0.0000000000
146129  -48.278  40.019  11.294 0.0000000000
146488  -40.237  51.450  3.500 0.0000000000
146697  -43.399  37.935  15.436 0.0000000000
146735  -56.831  37.021  7.667 0.0000000000
147025  -49.133  42.246  6.511 0.0000000000
147115  -48.429  51.626  7.482 0.0000000000
148094  -47.053  38.474  15.678 0.0000000000
148293  -54.286  37.418  18.686 0.0000000000
148709  -47.083  46.671  10.098 0.0000000000
148780  -46.756  53.736  10.175 0.0000000000
148923  -52.582  38.166  10.339 0.0000000000
149020  -48.769  45.531  14.172 0.0000000000
149221  -48.797  50.816  6.227 0.0000000000
149668  -48.608  42.659  4.050 0.0000000000
149869  -49.766  36.953  -2.537 0.0000000000
150328  -49.924  37.450  15.994 0.0000000000
150445  -46.050  45.334  1.517 0.0000000000
150645  -47.302  45.921  -2.558 0.0000000000
150646  -51.462  33.546  14.613 0.0000000000
150872  -49.695  37.809  -3.897 0.0000000000
151333  -28.505  50.905  6.366 0.0000000000
151363  -42.123  49.872  0.445 0.0000000000
151765  -49.985  44.724  -5.518 0.0000000000
152047  -46.265  52.652  -0.371 0.0000000000
152057  -44.209  52.073  -0.374 0.0000000000
152273  -35.334  54.774  4.668 0.0000000000
152312  -46.460  54.555  0.360 0.0000000000
152671  -39.985  52.066  1.459 0.0000000000
153249  -38.406  50.997  4.711 0.0000000000
153255  -31.673  54.531  4.462 0.0000000000
153502  -32.259  52.502  4.593 0.0000000000
153641  -48.296  52.010  8.974 0.0000000000
153828  -45.628  55.351  1.044 0.0000000000
153930  -34.758  49.995  5.185 0.0000000000
154000  -54.201  42.640  6.483 0.0000000000
154326  -52.008  33.442  12.689 0.0000000000
154585  -49.722  42.204  -5.655 0.0000000000
154927  -47.746  46.535  13.995 0.0000000000
155396  -47.628  33.200  11.522 0.0000000000
155441  -49.019  36.820  24.151 0.0000000000
155524  -50.851  48.443  -2.898 0.0000000000
155563  -47.206  36.406  5.066 0.0000000000
155818  -43.422  52.517  12.207 0.0000000000
155847  -46.445  32.826  11.710 0.0000000000
156075  -45.937  46.090  -1.579 0.0000000000
156347  -50.052  33.838  6.309 0.0000000000
156513  -52.677  43.016  8.961 0.0000000000
156730  -51.331  37.830  17.628 0.0000000000
156746  -50.023  41.939  6.725 0.0000000000
156789  -48.194  37.782  15.339 0.0000000000
156978  -49.906  37.479  18.660 0.0000000000
157067  -46.455  45.849  -2.066 0.0000000000
157205  -34.584  50.464  4.970 0.0000000000
157772  -50.671  46.109  13.261 0.0000000000
157835  -50.733  37.320  24.401 0.0000000000
158091  -53.267  36.300  25.447 0.0000000000
158139  -53.259  37.785  24.350 0.0000000000
158162  -53.290  43.331  4.241 0.0000000000
158452  -48.576  34.686  5.023 0.0000000000
158688  -45.838  51.963  8.417 0.0000000000
158716  -52.855  44.601  5.673 0.0000000000
158868  -50.231  52.528  -1.556 0.0000000000
158977  -45.544  40.146  11.932 0.0000000000
159201  -52.963  38.525  23.038 0.0000000000
159323  -50.006  40.949  7.660 0.0000000000
159580  -44.334  49.493  -0.409 0.0000000000
159683  -44.685  46.197  1.646 0.0000000000
159719  -47.599  57.283  2.063 0.0000000000
159954  -47.925  49.649  15.404 0.0000000000
160280  -49.280  37.820  16.230 0.0000000000
160380  -49.817  33.442  10.747 0.0000000000
160461  -47.036  48.506  7.549 0.0000000000
160485  -37.513  54.036  4.090 0.0000000000
160504  -53.142  36.766  20.730 0.0000000000
160600  -48.016  51.192  15.679 0.0000000000
161038  -36.496  54.042  4.747 0.0000000000
161117  -49.296  33.428  14.235 0.0000000000
161215  -33.682  49.908  5.392 0.0000000000
161400  -49.762  49.320  -3.408 0.0000000000
161834  -47.787  36.116  4.672 0.0000000000
161894  -48.484  42.615  5.727 0.0000000000
162130  -50.005  34.147  16.707 0.0000000000
162177  -54.219  34.390  6.534 0.0000000000
162423  -49.198  41.478  1.040 0.0000000000
162437  -44.083  46.682  2.030 0.0000000000
162465  -40.456  51.065  2.991 0.0000000000
162607  -55.068  40.759  11.351 0.0000000000
163082  -49.244  41.738  -2.545 0.0000000000
163147  -48.213  36.575  24.086 0.0000000000
163184  -46.485  44.940  1.144 0.0000000000
163317  -55.835  35.431  8.471 0.0000000000
163352  -49.668  46.982  14.442 0.0000000000
163404  -43.910  48.129  3.770 0.0000000000
163586  -42.055  56.634  3.649 0.0000000000
163611  -50.929  39.253  -3.984 0.0000000000
163685  -54.698  42.408  8.532 0.0000000000
163887  -44.187  36.392  23.772 0.0000000000
164000  -32.232  54.420  4.468 0.0000000000
164014  -32.890  54.998  4.436 0.0000000000
164101  -52.607  34.952  4.303 0.0000000000
164298  -54.201  41.148  12.485 0.0000000000
164316  -44.747  57.600  3.764 0.0000000000
