#!ascii label  , from subject sub-v2s16x51294_ses-1 vox2ras=TkReg
1791
72052  -38.398  -4.764  60.347 0.0000000000
79271  -51.966  1.971  39.520 0.0000000000
73391  -39.796  -3.422  44.937 0.0000000000
57514  -8.379  -17.940  57.708 0.0000000000
57506  -26.725  -17.647  58.693 0.0000000000
66534  -8.728  -9.169  54.628 0.0000000000
65287  -7.784  -10.132  62.555 0.0000000000
78133  -45.172  1.166  41.534 0.0000000000
144015  -7.232  -5.273  47.140 0.0000000000
60705  -6.807  -14.880  68.696 0.0000000000
71100  -37.685  -5.708  53.341 0.0000000000
68987  -32.964  -7.512  58.728 0.0000000000
67744  -29.075  -7.840  62.484 0.0000000000
81514  -53.952  4.309  36.988 0.0000000000
74640  -41.926  -2.033  42.861 0.0000000000
56426  -21.088  -18.860  55.992 0.0000000000
75690  -5.862  -0.800  51.772 0.0000000000
159141  -11.760  -14.417  55.390 0.0000000000
61969  -12.099  -13.142  50.707 0.0000000000
55441  -10.133  -19.462  52.828 0.0000000000
58489  -16.641  -15.785  67.748 0.0000000000
65210  -12.764  -11.245  69.449 0.0000000000
137156  -38.449  -2.597  48.931 0.0000000000
65248  -25.991  -10.097  65.071 0.0000000000
61867  -25.424  -12.951  57.601 0.0000000000
64098  -7.068  -10.730  57.891 0.0000000000
147008  -11.393  -14.660  59.988 0.0000000000
79256  -48.673  1.325  40.413 0.0000000000
162642  -17.239  -19.437  64.819 0.0000000000
55333  -18.333  -19.993  60.383 0.0000000000
71119  -10.648  -5.570  50.838 0.0000000000
64179  -6.023  -11.389  49.267 0.0000000000
67722  -11.291  -9.013  62.695 0.0000000000
61793  -11.742  -13.459  64.037 0.0000000000
143557  -7.139  -16.466  62.939 0.0000000000
161830  -39.754  -2.938  59.048 0.0000000000
69997  -38.168  -6.906  58.712 0.0000000000
71069  -39.475  -5.430  56.642 0.0000000000
138253  -35.582  -6.471  60.020 0.0000000000
67813  -35.801  -8.071  57.209 0.0000000000
69963  -34.071  -6.178  61.579 0.0000000000
81500  -53.246  3.252  38.074 0.0000000000
78166  -49.339  0.836  37.881 0.0000000000
80369  -50.831  2.633  36.388 0.0000000000
81524  -52.008  3.522  35.924 0.0000000000
73393  -41.147  -2.841  44.285 0.0000000000
144757  -37.090  -3.407  45.450 0.0000000000
73411  -38.649  -3.476  43.637 0.0000000000
73424  -40.127  -3.179  42.347 0.0000000000
160575  -10.766  -16.772  56.619 0.0000000000
141023  -11.733  -17.190  53.973 0.0000000000
56441  -9.667  -18.689  55.931 0.0000000000
54374  -7.961  -21.430  55.001 0.0000000000
55390  -7.393  -19.944  57.153 0.0000000000
137516  -14.518  -16.402  67.038 0.0000000000
58477  -13.933  -15.480  68.970 0.0000000000
75699  -38.067  -1.418  51.520 0.0000000000
75636  -36.618  -1.887  55.214 0.0000000000
72172  -35.776  -4.903  53.007 0.0000000000
75665  -35.706  -1.833  53.085 0.0000000000
74535  -35.919  -2.052  50.252 0.0000000000
67696  -28.073  -7.691  67.047 0.0000000000
67784  -28.262  -8.194  59.369 0.0000000000
66459  -26.621  -9.628  60.764 0.0000000000
155798  -54.226  6.682  34.397 0.0000000000
87156  -55.532  8.618  33.663 0.0000000000
64063  -7.474  -11.094  59.946 0.0000000000
143383  -9.879  -12.417  58.680 0.0000000000
62904  -10.489  -12.472  60.473 0.0000000000
79254  -46.800  1.458  40.596 0.0000000000
75833  -42.935  -1.245  40.274 0.0000000000
75841  -44.522  -1.197  39.267 0.0000000000
77028  -46.586  -0.572  38.666 0.0000000000
57414  -19.084  -17.659  65.276 0.0000000000
55277  -19.455  -19.919  64.502 0.0000000000
71081  -6.705  -5.523  54.809 0.0000000000
72160  -7.927  -4.211  52.856 0.0000000000
69073  -9.774  -7.150  53.301 0.0000000000
58690  -8.387  -16.335  50.639 0.0000000000
63067  -9.621  -12.212  49.605 0.0000000000
161833  -6.599  -15.019  49.784 0.0000000000
67738  -13.868  -8.852  63.044 0.0000000000
62813  -9.594  -12.611  69.951 0.0000000000
62839  -12.230  -12.251  66.378 0.0000000000
60726  -8.654  -14.145  66.763 0.0000000000
59617  -9.119  -15.285  64.306 0.0000000000
59597  -6.307  -15.794  65.894 0.0000000000
140560  -38.328  -3.771  56.145 0.0000000000
68889  -30.177  -6.735  65.512 0.0000000000
68902  -31.448  -6.656  63.447 0.0000000000
68945  -30.709  -7.394  60.426 0.0000000000
151042  -55.382  5.926  36.685 0.0000000000
82701  -53.169  5.057  34.998 0.0000000000
77001  -43.584  -0.375  41.698 0.0000000000
74646  -41.348  -2.473  41.272 0.0000000000
56428  -25.749  -18.283  55.883 0.0000000000
55398  -23.852  -19.298  56.759 0.0000000000
74564  -8.615  -2.338  48.504 0.0000000000
64132  -10.522  -11.608  54.602 0.0000000000
65384  -11.642  -10.548  52.547 0.0000000000
61926  -12.505  -13.890  53.347 0.0000000000
57580  -11.113  -17.235  51.791 0.0000000000
56508  -8.083  -18.739  50.775 0.0000000000
147568  -16.655  -12.480  66.013 0.0000000000
66388  -14.849  -10.127  66.049 0.0000000000
62811  -15.397  -12.811  70.062 0.0000000000
60692  -12.450  -14.070  71.282 0.0000000000
141891  -39.462  -3.349  47.151 0.0000000000
74587  -36.529  -2.717  47.772 0.0000000000
61820  -25.899  -13.884  61.804 0.0000000000
66408  -27.119  -9.082  63.762 0.0000000000
152049  -25.662  -11.944  61.430 0.0000000000
59722  -26.228  -15.109  58.283 0.0000000000
70016  -6.195  -6.925  56.577 0.0000000000
150182  -5.334  -7.408  58.834 0.0000000000
65356  -7.311  -10.184  56.501 0.0000000000
62973  -9.286  -12.113  56.488 0.0000000000
60834  -11.306  -14.283  57.485 0.0000000000
58619  -10.427  -16.280  58.414 0.0000000000
78144  -50.399  1.315  40.011 0.0000000000
77030  -48.052  -0.095  38.517 0.0000000000
59600  -18.105  -15.336  65.973 0.0000000000
57388  -16.800  -17.703  66.517 0.0000000000
135782  -15.110  -17.601  65.329 0.0000000000
54345  -22.319  -20.255  58.671 0.0000000000
54317  -21.141  -21.387  61.108 0.0000000000
54281  -19.871  -21.122  63.035 0.0000000000
55301  -17.515  -20.103  62.940 0.0000000000
56305  -15.476  -18.196  63.102 0.0000000000
74491  -5.711  -2.364  53.720 0.0000000000
74517  -8.424  -2.632  51.132 0.0000000000
71147  -9.525  -5.614  48.492 0.0000000000
66598  -11.679  -9.504  50.489 0.0000000000
67929  -9.454  -8.322  48.860 0.0000000000
69112  -6.375  -8.110  47.995 0.0000000000
66418  -9.416  -9.405  62.659 0.0000000000
65232  -13.600  -10.203  66.035 0.0000000000
64021  -12.484  -10.575  64.049 0.0000000000
64037  -11.346  -11.730  62.844 0.0000000000
60783  -11.360  -14.525  62.262 0.0000000000
59671  -9.929  -16.169  61.814 0.0000000000
58599  -7.709  -17.097  59.619 0.0000000000
57375  -4.720  -17.558  67.784 0.0000000000
57408  -5.201  -17.468  64.361 0.0000000000
56379  -6.723  -18.792  58.794 0.0000000000
72053  -39.098  -4.045  59.775 0.0000000000
74393  -38.667  -2.142  61.082 0.0000000000
157488  -38.602  -5.497  60.048 0.0000000000
71033  -39.553  -5.188  58.961 0.0000000000
71016  -37.353  -5.743  60.605 0.0000000000
68991  -36.897  -6.888  58.882 0.0000000000
73155  -37.175  -3.664  61.726 0.0000000000
71006  -35.824  -5.391  61.385 0.0000000000
79279  -52.069  2.212  38.659 0.0000000000
135956  -50.804  1.629  38.173 0.0000000000
79294  -49.592  1.562  36.958 0.0000000000
79286  -51.332  2.234  37.547 0.0000000000
80360  -51.846  2.741  37.118 0.0000000000
73392  -40.466  -3.211  44.542 0.0000000000
74625  -41.768  -2.620  44.930 0.0000000000
73375  -40.671  -3.277  45.534 0.0000000000
73389  -37.236  -3.504  44.566 0.0000000000
155156  -39.032  -3.487  44.458 0.0000000000
73412  -39.596  -3.400  43.965 0.0000000000
57515  -9.224  -17.609  57.343 0.0000000000
145013  -10.230  -17.588  56.405 0.0000000000
56420  -9.159  -18.363  56.660 0.0000000000
56440  -8.899  -19.032  56.349 0.0000000000
56418  -7.753  -19.022  57.440 0.0000000000
57399  -13.606  -16.876  65.675 0.0000000000
58495  -12.763  -16.507  67.170 0.0000000000
76851  -37.608  -0.650  54.684 0.0000000000
75650  -35.755  -2.033  54.007 0.0000000000
140521  -37.055  -0.911  53.223 0.0000000000
75683  -37.407  -1.076  52.348 0.0000000000
84973  -55.288  7.014  35.254 0.0000000000
86071  -55.113  7.955  34.139 0.0000000000
87143  -56.728  8.608  34.597 0.0000000000
64049  -7.880  -10.741  61.648 0.0000000000
64065  -9.079  -11.564  60.788 0.0000000000
64050  -9.359  -11.352  61.625 0.0000000000
79253  -45.984  1.457  41.096 0.0000000000
80283  -47.172  2.523  42.913 0.0000000000
77008  -43.760  -0.358  40.728 0.0000000000
75840  -43.630  -1.340  39.574 0.0000000000
77010  -45.121  0.245  39.914 0.0000000000
78148  -45.919  0.305  39.610 0.0000000000
57429  -19.541  -18.277  63.688 0.0000000000
56319  -20.155  -19.192  63.462 0.0000000000
58590  -26.487  -16.853  60.412 0.0000000000
56368  -26.205  -19.094  59.731 0.0000000000
73352  -6.959  -3.682  46.556 0.0000000000
70035  -7.758  -7.022  54.670 0.0000000000
70044  -8.486  -6.874  54.141 0.0000000000
67871  -9.572  -8.220  53.787 0.0000000000
58688  -7.061  -16.715  50.265 0.0000000000
150226  -7.163  -15.356  50.304 0.0000000000
58695  -6.519  -16.411  49.526 0.0000000000
146656  -13.871  -8.719  61.830 0.0000000000
66433  -14.394  -9.144  63.308 0.0000000000
157181  -8.262  -13.718  69.449 0.0000000000
62825  -9.250  -13.193  68.314 0.0000000000
61756  -7.595  -14.425  67.716 0.0000000000
60739  -7.396  -14.917  66.314 0.0000000000
60723  -6.694  -15.109  67.329 0.0000000000
73197  -39.789  -3.362  57.942 0.0000000000
73228  -39.071  -4.401  56.520 0.0000000000
74458  -39.340  -2.813  57.458 0.0000000000
74456  -37.690  -1.751  56.324 0.0000000000
68948  -33.638  -6.809  60.804 0.0000000000
157465  -32.799  -6.668  61.684 0.0000000000
137681  -31.608  -7.346  59.937 0.0000000000
139897  -30.144  -7.489  58.889 0.0000000000
83820  -54.990  5.302  37.008 0.0000000000
81513  -53.302  4.001  36.642 0.0000000000
82688  -52.835  4.481  35.428 0.0000000000
82682  -53.708  4.574  36.327 0.0000000000
155086  -54.716  5.585  36.313 0.0000000000
75823  -42.472  -1.466  42.409 0.0000000000
142793  -43.994  -0.233  43.165 0.0000000000
76987  -43.621  -0.690  43.535 0.0000000000
74633  -40.777  -2.870  42.644 0.0000000000
74645  -40.730  -2.848  41.829 0.0000000000
74647  -41.933  -2.002  41.847 0.0000000000
75832  -42.503  -1.422  41.247 0.0000000000
76898  -6.064  -0.316  50.700 0.0000000000
75723  -6.814  -0.743  48.977 0.0000000000
75707  -7.658  -1.574  50.064 0.0000000000
62989  -11.143  -13.027  55.254 0.0000000000
63018  -12.005  -12.550  53.663 0.0000000000
61913  -12.400  -14.277  54.049 0.0000000000
57558  -10.829  -18.678  53.931 0.0000000000
58669  -12.029  -17.050  53.127 0.0000000000
56490  -10.445  -18.781  52.432 0.0000000000
57578  -8.993  -17.735  50.993 0.0000000000
55451  -8.749  -19.436  51.465 0.0000000000
55439  -8.573  -20.307  51.899 0.0000000000
61760  -16.996  -13.974  67.880 0.0000000000
62828  -16.430  -12.274  67.925 0.0000000000
149506  -16.001  -14.707  68.784 0.0000000000
58475  -12.162  -15.923  69.223 0.0000000000
59558  -13.313  -14.931  70.092 0.0000000000
59556  -11.667  -15.244  70.465 0.0000000000
59551  -10.350  -14.631  71.136 0.0000000000
73330  -39.150  -2.813  48.476 0.0000000000
74536  -37.164  -2.129  49.968 0.0000000000
148907  -36.196  -2.371  49.239 0.0000000000
73329  -37.888  -2.703  48.279 0.0000000000
73343  -37.522  -2.889  47.449 0.0000000000
64000  -25.197  -10.847  65.956 0.0000000000
61806  -26.018  -13.619  63.660 0.0000000000
136259  -25.713  -11.927  64.168 0.0000000000
68900  -29.831  -7.405  64.037 0.0000000000
67710  -28.380  -8.148  64.747 0.0000000000
67743  -28.391  -8.247  62.911 0.0000000000
64092  -25.668  -10.940  58.878 0.0000000000
65291  -26.269  -10.265  61.276 0.0000000000
64067  -25.543  -12.030  59.848 0.0000000000
61838  -25.709  -13.344  59.683 0.0000000000
60840  -25.595  -13.743  58.126 0.0000000000
59746  -26.013  -15.335  56.576 0.0000000000
66468  -6.035  -9.674  59.197 0.0000000000
66491  -6.137  -9.286  58.310 0.0000000000
153817  -6.255  -8.912  57.733 0.0000000000
65346  -7.083  -10.276  57.025 0.0000000000
64111  -8.698  -11.629  56.211 0.0000000000
64099  -7.751  -11.313  57.315 0.0000000000
61833  -10.750  -13.045  59.134 0.0000000000
61846  -10.605  -13.027  58.245 0.0000000000
60811  -11.423  -14.565  59.020 0.0000000000
59717  -11.311  -15.196  58.435 0.0000000000
59701  -11.243  -15.341  59.256 0.0000000000
79257  -49.432  1.359  40.418 0.0000000000
159496  -50.545  1.983  41.157 0.0000000000
80311  -49.503  2.204  41.556 0.0000000000
78150  -47.683  0.288  39.423 0.0000000000
77029  -47.361  -0.341  38.598 0.0000000000
78151  -48.456  0.422  39.437 0.0000000000
78152  -49.156  0.613  39.422 0.0000000000
149876  -18.033  -14.892  64.137 0.0000000000
56286  -18.648  -18.770  65.560 0.0000000000
57390  -18.158  -17.698  66.332 0.0000000000
56276  -17.209  -18.423  66.009 0.0000000000
57401  -15.898  -17.952  65.862 0.0000000000
56283  -15.830  -18.314  65.142 0.0000000000
156019  -22.287  -19.207  56.436 0.0000000000
143844  -22.897  -19.903  57.920 0.0000000000
55380  -21.378  -19.564  57.356 0.0000000000
55350  -19.164  -20.072  59.297 0.0000000000
54342  -19.897  -20.289  59.174 0.0000000000
54316  -19.645  -20.954  60.991 0.0000000000
140561  -20.471  -21.404  61.745 0.0000000000
54315  -18.855  -20.653  61.258 0.0000000000
54280  -19.106  -20.761  63.269 0.0000000000
159990  -17.788  -19.913  61.316 0.0000000000
56352  -15.735  -17.962  61.027 0.0000000000
74479  -5.488  -2.500  54.635 0.0000000000
72162  -9.688  -4.572  51.959 0.0000000000
73262  -8.433  -3.668  52.186 0.0000000000
72178  -9.915  -4.143  51.079 0.0000000000
73306  -9.745  -3.497  49.643 0.0000000000
71130  -10.530  -5.538  49.792 0.0000000000
64154  -12.359  -11.784  51.481 0.0000000000
65397  -11.918  -10.332  51.570 0.0000000000
63069  -11.735  -11.972  50.233 0.0000000000
151583  -7.785  -11.563  49.585 0.0000000000
157895  -9.587  -10.552  49.381 0.0000000000
150878  -7.997  -10.118  49.380 0.0000000000
67943  -8.383  -7.961  48.605 0.0000000000
66611  -6.092  -9.981  49.035 0.0000000000
67940  -5.656  -9.120  48.010 0.0000000000
66419  -10.742  -9.460  62.844 0.0000000000
66372  -14.342  -10.504  67.707 0.0000000000
66386  -14.388  -10.159  66.383 0.0000000000
65216  -13.686  -10.585  67.834 0.0000000000
61769  -11.646  -13.128  65.873 0.0000000000
62852  -12.643  -11.683  65.533 0.0000000000
62862  -12.157  -12.663  64.399 0.0000000000
64020  -11.876  -11.240  63.499 0.0000000000
61802  -11.626  -13.256  63.232 0.0000000000
62882  -11.412  -12.664  62.552 0.0000000000
163438  -11.543  -13.819  63.578 0.0000000000
59634  -8.211  -15.723  63.796 0.0000000000
59653  -9.672  -15.937  62.669 0.0000000000
58553  -8.881  -16.366  62.099 0.0000000000
163854  -8.307  -16.621  60.749 0.0000000000
58569  -7.084  -16.905  61.593 0.0000000000
141639  -4.887  -19.071  67.004 0.0000000000
57395  -4.795  -17.212  65.783 0.0000000000
74444  -39.857  -2.511  58.487 0.0000000000
67816  -37.926  -7.477  56.898 0.0000000000
69028  -38.839  -6.743  56.120 0.0000000000
69999  -39.583  -6.003  57.645 0.0000000000
72075  -39.855  -3.934  58.170 0.0000000000
137951  -34.359  -7.119  59.695 0.0000000000
143120  -35.605  -7.345  58.657 0.0000000000
67799  -36.809  -7.336  57.984 0.0000000000
156657  -34.983  -6.141  60.826 0.0000000000
135894  -53.823  3.660  38.059 0.0000000000
80383  -49.690  2.447  35.774 0.0000000000
80384  -50.346  2.893  35.726 0.0000000000
81522  -50.795  3.432  35.342 0.0000000000
81523  -51.172  3.186  35.856 0.0000000000
81512  -52.279  3.246  36.663 0.0000000000
74634  -41.338  -2.599  43.359 0.0000000000
74635  -42.151  -2.215  43.843 0.0000000000
151279  -41.773  -2.531  44.251 0.0000000000
75795  -42.701  -1.910  44.947 0.0000000000
73371  -36.320  -3.362  45.630 0.0000000000
159581  -36.577  -3.476  44.990 0.0000000000
73409  -36.812  -3.549  43.678 0.0000000000
137442  -37.271  -3.570  42.969 0.0000000000
73422  -38.581  -3.515  42.325 0.0000000000
162792  -38.653  -3.448  42.971 0.0000000000
158544  -40.398  -3.138  43.420 0.0000000000
162962  -11.500  -15.742  55.964 0.0000000000
59757  -12.013  -15.743  54.786 0.0000000000
155782  -11.217  -17.004  55.455 0.0000000000
57546  -10.793  -18.170  54.815 0.0000000000
55418  -9.794  -19.836  54.394 0.0000000000
54376  -9.382  -20.479  54.001 0.0000000000
55417  -9.111  -20.261  54.908 0.0000000000
55406  -7.882  -20.284  56.281 0.0000000000
149558  -15.872  -16.438  67.392 0.0000000000
59572  -15.404  -15.310  68.522 0.0000000000
58486  -14.431  -15.729  68.164 0.0000000000
74537  -38.532  -2.181  50.175 0.0000000000
72133  -36.692  -4.271  54.373 0.0000000000
71099  -36.692  -5.238  53.215 0.0000000000
73256  -35.862  -3.715  54.068 0.0000000000
73255  -35.412  -3.290  53.660 0.0000000000
74512  -35.214  -2.421  52.512 0.0000000000
75697  -35.804  -1.806  51.161 0.0000000000
75713  -37.598  -1.749  50.796 0.0000000000
66391  -26.968  -8.985  66.222 0.0000000000
67773  -28.215  -8.270  60.342 0.0000000000
67772  -27.808  -8.564  61.089 0.0000000000
66460  -27.230  -8.910  60.240 0.0000000000
65327  -25.858  -10.213  58.369 0.0000000000
155617  -53.641  7.216  33.395 0.0000000000
87155  -54.715  8.233  33.399 0.0000000000
87168  -55.116  8.971  32.970 0.0000000000
88235  -55.558  9.681  32.523 0.0000000000
64078  -6.965  -10.733  59.241 0.0000000000
64088  -7.750  -11.375  58.153 0.0000000000
64079  -8.613  -11.600  59.808 0.0000000000
62922  -10.241  -12.498  59.640 0.0000000000
160000  -10.907  -13.103  60.003 0.0000000000
79255  -47.779  1.406  40.444 0.0000000000
80297  -48.035  2.584  42.339 0.0000000000
74667  -44.123  -1.676  39.045 0.0000000000
75847  -44.747  -1.428  38.812 0.0000000000
75848  -45.412  -1.172  38.569 0.0000000000
75842  -45.381  -0.970  39.051 0.0000000000
78149  -46.801  0.244  39.453 0.0000000000
158998  -18.243  -15.359  63.742 0.0000000000
58554  -18.690  -16.689  63.079 0.0000000000
56293  -19.112  -18.681  65.409 0.0000000000
55268  -18.447  -19.496  65.086 0.0000000000
56385  -17.896  -18.761  57.789 0.0000000000
56354  -17.067  -18.782  60.087 0.0000000000
72122  -5.880  -4.280  55.127 0.0000000000
73233  -6.053  -3.935  54.388 0.0000000000
72124  -6.852  -5.006  54.278 0.0000000000
71093  -8.690  -5.570  53.303 0.0000000000
70056  -10.560  -6.365  52.198 0.0000000000
59788  -10.086  -15.348  50.672 0.0000000000
163626  -10.956  -13.176  50.015 0.0000000000
160951  -8.672  -14.616  50.411 0.0000000000
63050  -7.528  -13.157  49.939 0.0000000000
63064  -6.280  -12.939  49.410 0.0000000000
68962  -12.219  -8.212  59.926 0.0000000000
68925  -12.427  -8.408  61.902 0.0000000000
67723  -13.364  -9.043  63.694 0.0000000000
63960  -11.422  -11.632  70.404 0.0000000000
63972  -12.306  -11.430  68.144 0.0000000000
62819  -10.455  -12.401  68.944 0.0000000000
61758  -10.042  -13.226  67.468 0.0000000000
61780  -10.275  -13.975  65.851 0.0000000000
60755  -10.700  -14.607  64.346 0.0000000000
60753  -8.721  -14.900  65.149 0.0000000000
59616  -8.197  -15.314  64.622 0.0000000000
59632  -6.461  -16.383  64.063 0.0000000000
70050  -38.512  -6.562  53.972 0.0000000000
71088  -38.873  -6.088  55.320 0.0000000000
72135  -38.793  -5.443  55.309 0.0000000000
144962  -38.234  -4.821  55.102 0.0000000000
73226  -37.292  -3.246  55.643 0.0000000000
75637  -37.302  -1.321  55.583 0.0000000000
153034  -30.929  -6.986  62.826 0.0000000000
69955  -33.034  -6.127  62.954 0.0000000000
68911  -31.418  -6.972  62.130 0.0000000000
68944  -29.972  -7.484  61.263 0.0000000000
67785  -29.059  -7.832  59.930 0.0000000000
82712  -52.048  5.165  34.234 0.0000000000
83840  -54.013  6.104  34.902 0.0000000000
83831  -55.089  6.369  35.909 0.0000000000
78119  -44.510  0.631  42.019 0.0000000000
78120  -45.035  1.146  42.664 0.0000000000
78103  -44.521  0.299  43.203 0.0000000000
73433  -38.788  -3.552  41.540 0.0000000000
74656  -42.326  -1.916  40.238 0.0000000000
158708  -43.178  -0.799  41.021 0.0000000000
56407  -26.436  -18.251  57.463 0.0000000000
55384  -25.121  -19.123  57.539 0.0000000000
55399  -24.360  -18.956  56.336 0.0000000000
55412  -23.601  -19.044  56.097 0.0000000000
75747  -7.562  -2.249  47.201 0.0000000000
73336  -8.444  -3.772  47.511 0.0000000000
65367  -9.492  -10.443  54.658 0.0000000000
163138  -9.911  -9.467  53.963 0.0000000000
64143  -11.124  -11.304  53.881 0.0000000000
63030  -12.241  -12.269  52.925 0.0000000000
138391  -12.485  -14.318  51.657 0.0000000000
59762  -12.214  -16.295  53.791 0.0000000000
59768  -12.319  -15.889  52.045 0.0000000000
59776  -11.700  -15.540  51.324 0.0000000000
59774  -9.535  -16.149  50.805 0.0000000000
65245  -15.214  -10.033  64.976 0.0000000000
65225  -15.770  -10.807  66.572 0.0000000000
63966  -15.423  -11.310  68.660 0.0000000000
63961  -14.366  -11.592  69.903 0.0000000000
59559  -14.541  -14.360  69.934 0.0000000000
60694  -14.265  -13.598  70.652 0.0000000000
63952  -12.225  -11.568  71.112 0.0000000000
61727  -10.584  -12.763  71.297 0.0000000000
61731  -8.864  -13.729  70.653 0.0000000000
159371  -7.536  -15.098  70.170 0.0000000000
159857  -39.584  -3.445  46.339 0.0000000000
158911  -40.909  -3.374  46.372 0.0000000000
73360  -40.622  -3.477  46.914 0.0000000000
71125  -36.228  -5.771  51.829 0.0000000000
73341  -35.250  -3.013  47.251 0.0000000000
73359  -38.207  -3.192  46.885 0.0000000000
59641  -26.103  -15.103  62.908 0.0000000000
59691  -26.137  -15.415  60.615 0.0000000000
68887  -28.877  -7.451  66.124 0.0000000000
67709  -27.729  -8.584  65.104 0.0000000000
66407  -26.480  -9.678  64.221 0.0000000000
66437  -27.127  -9.105  62.025 0.0000000000
65279  -26.210  -10.246  62.662 0.0000000000
64040  -25.904  -11.081  62.972 0.0000000000
154558  -25.667  -13.024  61.202 0.0000000000
137627  -26.067  -14.574  60.138 0.0000000000
59723  -26.453  -15.758  58.903 0.0000000000
58633  -26.476  -16.861  56.874 0.0000000000
88250  -56.011  10.340  32.055 0.0000000000
145753  -57.127  11.089  31.437 0.0000000000
89244  -57.635  11.468  30.956 0.0000000000
70025  -6.461  -6.705  55.905 0.0000000000
69035  -6.987  -7.762  55.567 0.0000000000
147659  -5.528  -7.340  58.078 0.0000000000
67839  -6.700  -8.370  56.293 0.0000000000
66520  -7.939  -9.440  55.335 0.0000000000
65358  -8.781  -10.813  55.332 0.0000000000
62987  -9.512  -12.040  55.879 0.0000000000
61894  -10.831  -13.094  55.924 0.0000000000
62938  -9.922  -12.560  57.741 0.0000000000
61862  -10.576  -13.057  57.395 0.0000000000
60844  -11.417  -14.592  56.823 0.0000000000
59745  -11.272  -15.598  56.987 0.0000000000
58632  -10.214  -16.700  57.728 0.0000000000
58631  -9.366  -17.205  57.755 0.0000000000
79270  -51.188  1.574  39.770 0.0000000000
75849  -46.060  -0.888  38.322 0.0000000000
77036  -46.866  -0.626  38.045 0.0000000000
77037  -47.411  -0.238  37.538 0.0000000000
78157  -48.670  0.278  38.301 0.0000000000
78153  -49.854  0.919  39.352 0.0000000000
139253  -17.406  -13.884  66.131 0.0000000000
59581  -17.357  -15.773  67.358 0.0000000000
59601  -18.525  -15.923  65.439 0.0000000000
58507  -17.848  -16.447  66.780 0.0000000000
58499  -16.540  -16.525  67.307 0.0000000000
164010  -14.534  -17.045  65.702 0.0000000000
142420  -24.522  -19.639  58.081 0.0000000000
54334  -24.145  -20.287  59.677 0.0000000000
54333  -23.420  -20.629  60.325 0.0000000000
55366  -21.186  -19.956  58.292 0.0000000000
144347  -21.163  -20.797  59.909 0.0000000000
137658  -21.947  -21.281  61.574 0.0000000000
54301  -21.752  -21.324  62.397 0.0000000000
54282  -21.150  -21.088  62.888 0.0000000000
56320  -20.854  -19.913  63.318 0.0000000000
55287  -19.802  -20.285  63.949 0.0000000000
54259  -18.204  -20.327  64.184 0.0000000000
55285  -17.041  -19.516  64.217 0.0000000000
55331  -17.117  -19.241  61.196 0.0000000000
151329  -16.236  -18.872  62.780 0.0000000000
56306  -16.289  -18.963  63.763 0.0000000000
57427  -14.849  -17.736  63.772 0.0000000000
75672  -5.920  -1.512  52.493 0.0000000000
73260  -6.730  -3.222  52.958 0.0000000000
74504  -7.208  -2.757  52.271 0.0000000000
75692  -7.111  -1.600  51.036 0.0000000000
74546  -8.789  -2.354  49.552 0.0000000000
73323  -9.584  -3.745  48.784 0.0000000000
72222  -8.236  -4.785  47.511 0.0000000000
157107  -10.892  -8.995  52.819 0.0000000000
67905  -11.221  -7.826  51.967 0.0000000000
69086  -11.404  -7.727  51.006 0.0000000000
65434  -11.203  -10.819  49.695 0.0000000000
161641  -10.923  -8.904  49.486 0.0000000000
69105  -10.809  -7.120  49.585 0.0000000000
141981  -10.014  -6.889  48.826 0.0000000000
69114  -7.844  -7.221  48.261 0.0000000000
69126  -6.607  -6.877  47.495 0.0000000000
67955  -5.830  -8.357  47.593 0.0000000000
66404  -14.583  -9.467  64.345 0.0000000000
66403  -13.869  -9.440  64.701 0.0000000000
66402  -13.534  -9.401  64.422 0.0000000000
62840  -12.788  -11.258  66.453 0.0000000000
64009  -12.715  -10.987  64.827 0.0000000000
65261  -12.705  -9.557  63.938 0.0000000000
150295  -11.653  -10.068  63.437 0.0000000000
160585  -10.329  -10.631  63.087 0.0000000000
64035  -9.559  -10.943  62.399 0.0000000000
64051  -10.210  -11.669  61.821 0.0000000000
61816  -11.255  -13.065  61.674 0.0000000000
60801  -11.424  -14.375  60.899 0.0000000000
60769  -10.901  -14.836  63.572 0.0000000000
59655  -11.153  -15.179  62.079 0.0000000000
59687  -11.267  -15.230  60.730 0.0000000000
58587  -10.055  -16.315  60.133 0.0000000000
58600  -8.465  -16.870  59.026 0.0000000000
58616  -7.801  -17.359  58.771 0.0000000000
59554  -6.491  -15.962  69.625 0.0000000000
57364  -5.060  -17.720  69.589 0.0000000000
58493  -5.195  -15.936  67.909 0.0000000000
58504  -5.379  -16.145  66.150 0.0000000000
58513  -5.492  -16.409  65.198 0.0000000000
58536  -5.826  -17.101  63.405 0.0000000000
57423  -5.704  -17.693  62.821 0.0000000000
58567  -6.237  -17.499  61.951 0.0000000000
57478  -6.657  -17.681  60.619 0.0000000000
57492  -6.768  -17.876  59.776 0.0000000000
56380  -7.163  -18.386  58.463 0.0000000000
55374  -7.190  -19.299  57.829 0.0000000000
54349  -6.719  -20.791  57.758 0.0000000000
73165  -38.486  -3.670  60.482 0.0000000000
73157  -38.614  -2.825  60.716 0.0000000000
71018  -39.123  -4.994  59.678 0.0000000000
71008  -37.521  -5.063  60.829 0.0000000000
163999  -37.797  -5.990  60.373 0.0000000000
72042  -37.717  -4.150  61.017 0.0000000000
73156  -37.939  -3.315  61.202 0.0000000000
80340  -52.766  2.496  39.190 0.0000000000
79278  -51.379  1.732  38.924 0.0000000000
156098  -51.526  2.041  38.221 0.0000000000
145810  -39.023  -3.472  45.365 0.0000000000
57524  -9.525  -17.827  56.805 0.0000000000
57523  -8.750  -18.115  57.221 0.0000000000
56419  -8.425  -18.666  57.053 0.0000000000
56400  -8.050  -18.390  57.600 0.0000000000
57398  -12.561  -17.139  65.691 0.0000000000
76867  -37.572  -0.637  53.774 0.0000000000
152069  -8.620  -11.171  61.405 0.0000000000
64034  -8.676  -10.728  62.128 0.0000000000
79232  -45.751  1.665  42.131 0.0000000000
78132  -44.741  0.595  40.884 0.0000000000
77009  -44.385  -0.012  40.308 0.0000000000
149491  -45.613  0.901  40.434 0.0000000000
57465  -19.834  -18.021  61.611 0.0000000000
57447  -19.657  -18.236  62.616 0.0000000000
56336  -20.448  -18.826  62.466 0.0000000000
57497  -26.681  -17.487  59.623 0.0000000000
56358  -26.479  -18.489  60.126 0.0000000000
56369  -26.558  -18.370  59.186 0.0000000000
71172  -6.629  -4.789  46.556 0.0000000000
69049  -8.325  -7.670  54.506 0.0000000000
67856  -8.908  -8.331  54.303 0.0000000000
66423  -14.793  -9.338  63.610 0.0000000000
158094  -7.369  -14.429  69.013 0.0000000000
137904  -8.011  -14.050  68.390 0.0000000000
61747  -7.319  -14.504  68.373 0.0000000000
60713  -7.078  -14.731  67.720 0.0000000000
60712  -6.694  -14.964  67.989 0.0000000000
74443  -39.691  -2.164  58.027 0.0000000000
74442  -39.074  -1.571  57.446 0.0000000000
68968  -33.170  -7.359  59.484 0.0000000000
136797  -32.995  -7.198  60.206 0.0000000000
136796  -32.387  -7.387  59.487 0.0000000000
82673  -54.584  4.716  37.353 0.0000000000
82683  -54.361  4.917  36.647 0.0000000000
75815  -43.000  -0.993  43.021 0.0000000000
75814  -42.585  -1.641  43.426 0.0000000000
74639  -41.325  -2.459  42.299 0.0000000000
76875  -5.523  -0.195  52.242 0.0000000000
157751  -6.705  -0.902  50.033 0.0000000000
144464  -6.411  -1.010  51.083 0.0000000000
61895  -11.431  -13.759  55.641 0.0000000000
149428  -11.829  -13.788  54.816 0.0000000000
56476  -10.640  -18.971  53.181 0.0000000000
57559  -11.148  -18.309  53.052 0.0000000000
56489  -9.612  -19.150  51.946 0.0000000000
55440  -9.352  -19.910  52.424 0.0000000000
59574  -16.963  -15.228  67.861 0.0000000000
60706  -16.310  -14.311  68.798 0.0000000000
59573  -15.998  -15.287  68.389 0.0000000000
58472  -11.755  -15.673  69.916 0.0000000000
74554  -39.462  -2.603  49.322 0.0000000000
70062  -38.314  -6.845  52.412 0.0000000000
74553  -37.426  -2.446  49.066 0.0000000000
65238  -25.752  -10.069  65.875 0.0000000000
137666  -25.482  -10.755  65.447 0.0000000000
64013  -25.615  -11.203  64.721 0.0000000000
67729  -29.123  -7.822  63.444 0.0000000000
62942  -25.420  -12.296  58.370 0.0000000000
64082  -25.509  -11.742  59.071 0.0000000000
61851  -25.518  -13.045  58.449 0.0000000000
139758  -25.490  -13.927  57.270 0.0000000000
141652  -25.468  -14.152  56.444 0.0000000000
65322  -6.420  -9.918  58.650 0.0000000000
66478  -5.831  -9.340  58.884 0.0000000000
65333  -6.555  -9.911  58.024 0.0000000000
65334  -6.872  -10.270  57.595 0.0000000000
64109  -7.293  -10.753  57.122 0.0000000000
61825  -11.286  -13.783  59.540 0.0000000000
61834  -11.187  -13.724  58.664 0.0000000000
79237  -49.947  1.780  40.951 0.0000000000
79236  -49.140  1.788  40.952 0.0000000000
78141  -48.197  0.803  39.883 0.0000000000
78142  -48.966  0.854  39.934 0.0000000000
56285  -17.876  -18.982  65.549 0.0000000000
56277  -18.102  -18.304  66.071 0.0000000000
56284  -17.166  -19.045  65.329 0.0000000000
142306  -16.517  -18.540  65.606 0.0000000000
56292  -16.532  -18.957  64.789 0.0000000000
55396  -21.595  -19.220  56.555 0.0000000000
55381  -22.197  -19.537  57.183 0.0000000000
55349  -18.452  -19.724  59.475 0.0000000000
54329  -18.987  -20.423  60.195 0.0000000000
54314  -18.269  -20.424  61.764 0.0000000000
141460  -18.183  -20.156  61.057 0.0000000000
71118  -10.275  -4.949  51.420 0.0000000000
72191  -10.413  -4.807  50.516 0.0000000000
148317  -12.406  -13.046  51.130 0.0000000000
64170  -12.183  -11.630  50.730 0.0000000000
137632  -11.630  -12.798  50.289 0.0000000000
64180  -6.751  -11.474  49.503 0.0000000000
147356  -7.370  -10.717  49.466 0.0000000000
66612  -7.027  -9.807  49.207 0.0000000000
65431  -6.400  -10.653  49.295 0.0000000000
66610  -5.802  -10.131  48.787 0.0000000000
64178  -5.734  -11.259  49.031 0.0000000000
67754  -11.652  -8.651  62.530 0.0000000000
65211  -13.922  -10.683  68.462 0.0000000000
160594  -13.823  -10.581  67.951 0.0000000000
139056  -13.484  -10.841  68.610 0.0000000000
61782  -11.772  -13.331  64.923 0.0000000000
140419  -11.962  -12.672  63.751 0.0000000000
59651  -7.770  -16.196  63.141 0.0000000000
59652  -8.622  -16.096  62.947 0.0000000000
58552  -7.699  -16.473  62.348 0.0000000000
58570  -8.011  -16.585  61.421 0.0000000000
149442  -5.632  -20.649  67.912 0.0000000000
55255  -5.193  -19.800  67.479 0.0000000000
74431  -39.881  -2.597  58.861 0.0000000000
69010  -38.690  -7.029  56.870 0.0000000000
69998  -38.957  -6.597  58.279 0.0000000000
73183  -39.797  -3.913  58.626 0.0000000000
72074  -39.797  -4.523  58.411 0.0000000000
73184  -39.800  -3.377  58.673 0.0000000000
73198  -39.851  -3.247  58.442 0.0000000000
68970  -34.976  -6.801  59.894 0.0000000000
68989  -34.866  -7.357  59.010 0.0000000000
140886  -35.614  -6.966  59.403 0.0000000000
68972  -37.481  -6.855  59.010 0.0000000000
67800  -37.611  -7.166  58.090 0.0000000000
67815  -37.261  -7.617  57.087 0.0000000000
156087  -35.992  -6.095  60.440 0.0000000000
69965  -35.475  -5.882  60.917 0.0000000000
69973  -35.502  -6.191  60.469 0.0000000000
137521  -34.355  -6.738  60.375 0.0000000000
81489  -53.746  3.348  38.657 0.0000000000
78176  -48.930  1.063  37.119 0.0000000000
78175  -48.338  0.890  36.746 0.0000000000
79295  -50.562  2.028  37.124 0.0000000000
80368  -50.074  2.233  36.327 0.0000000000
80361  -52.625  3.100  37.442 0.0000000000
144078  -53.445  3.696  37.373 0.0000000000
74616  -42.107  -2.295  45.189 0.0000000000
73390  -38.243  -3.497  44.499 0.0000000000
73410  -37.707  -3.514  43.720 0.0000000000
137778  -38.089  -3.505  42.988 0.0000000000
58644  -11.213  -16.180  56.397 0.0000000000
135848  -11.492  -16.230  55.608 0.0000000000
57525  -10.867  -16.995  56.188 0.0000000000
57536  -9.927  -18.079  56.256 0.0000000000
57537  -10.653  -17.648  55.680 0.0000000000
56442  -10.277  -18.307  55.561 0.0000000000
56460  -10.228  -18.965  54.848 0.0000000000
55408  -9.422  -19.443  55.426 0.0000000000
55391  -8.123  -19.413  56.729 0.0000000000
55407  -8.635  -19.837  55.888 0.0000000000
143839  -7.295  -20.889  56.514 0.0000000000
58497  -15.074  -16.263  67.378 0.0000000000
75714  -39.000  -1.869  50.825 0.0000000000
73241  -36.454  -3.292  54.798 0.0000000000
74487  -36.175  -2.365  54.709 0.0000000000
75666  -36.310  -1.413  53.593 0.0000000000
74499  -35.395  -2.569  53.441 0.0000000000
73272  -35.047  -3.165  53.044 0.0000000000
74525  -35.227  -2.230  51.594 0.0000000000
75681  -35.754  -1.716  52.097 0.0000000000
75698  -36.701  -1.462  51.615 0.0000000000
66385  -26.767  -8.899  66.944 0.0000000000
67698  -27.469  -8.323  66.660 0.0000000000
162277  -27.769  -8.508  59.836 0.0000000000
67783  -27.417  -8.664  59.357 0.0000000000
84993  -53.690  6.715  33.874 0.0000000000
84994  -54.324  7.388  33.815 0.0000000000
87167  -54.319  8.546  32.639 0.0000000000
65300  -6.664  -10.501  60.017 0.0000000000
150377  -7.691  -11.333  59.043 0.0000000000
62903  -9.698  -11.977  60.165 0.0000000000
79234  -47.446  1.925  41.162 0.0000000000
80309  -47.938  2.252  41.585 0.0000000000
74657  -42.953  -1.748  39.660 0.0000000000
163496  -46.191  1.210  40.487 0.0000000000
141362  -46.424  0.880  39.986 0.0000000000
78140  -47.301  0.869  39.866 0.0000000000
57415  -19.406  -18.452  64.706 0.0000000000
56294  -19.470  -19.363  64.806 0.0000000000
55269  -19.081  -19.402  65.039 0.0000000000
55276  -18.901  -19.987  64.647 0.0000000000
55362  -17.774  -19.052  58.724 0.0000000000
72123  -6.355  -4.723  54.663 0.0000000000
71082  -7.317  -5.588  54.279 0.0000000000
70045  -9.204  -6.701  53.547 0.0000000000
142260  -8.555  -6.170  53.694 0.0000000000
71094  -9.298  -5.978  53.155 0.0000000000
71107  -10.000  -5.773  52.525 0.0000000000
70055  -9.921  -6.519  52.943 0.0000000000
59787  -8.777  -15.442  50.576 0.0000000000
60908  -9.665  -14.623  50.440 0.0000000000
161397  -6.889  -15.012  50.144 0.0000000000
60906  -7.157  -14.662  50.253 0.0000000000
61964  -6.975  -13.847  50.089 0.0000000000
61963  -6.736  -13.038  49.695 0.0000000000
158120  -6.591  -13.622  49.696 0.0000000000
60921  -6.361  -14.634  49.429 0.0000000000
67756  -13.631  -8.700  62.448 0.0000000000
68926  -13.164  -8.509  61.560 0.0000000000
67755  -13.123  -8.593  62.546 0.0000000000
67737  -12.451  -8.616  62.634 0.0000000000
141882  -13.222  -8.796  63.234 0.0000000000
63959  -10.529  -12.109  70.392 0.0000000000
63963  -11.175  -11.922  69.675 0.0000000000
62818  -9.479  -12.763  69.110 0.0000000000
135740  -9.013  -13.667  67.519 0.0000000000
61768  -9.628  -13.809  66.612 0.0000000000
146234  -10.681  -13.492  66.371 0.0000000000
60741  -9.364  -14.343  65.754 0.0000000000
59599  -7.743  -15.130  65.393 0.0000000000
59598  -6.913  -15.425  65.609 0.0000000000
59615  -7.243  -15.707  64.569 0.0000000000
59614  -6.338  -16.008  64.961 0.0000000000
137726  -38.496  -7.122  53.179 0.0000000000
69068  -38.475  -7.169  53.922 0.0000000000
70021  -39.317  -6.077  56.443 0.0000000000
163605  -39.028  -6.214  55.822 0.0000000000
71078  -39.208  -5.770  55.930 0.0000000000
72118  -39.186  -5.242  56.053 0.0000000000
72117  -38.725  -4.696  55.769 0.0000000000
71086  -38.382  -5.518  54.596 0.0000000000
159488  -38.001  -4.135  55.550 0.0000000000
161866  -37.797  -1.117  56.091 0.0000000000
67812  -34.984  -7.987  57.246 0.0000000000
69949  -32.004  -6.275  64.078 0.0000000000
68901  -30.630  -7.002  63.717 0.0000000000
69951  -34.079  -5.451  62.927 0.0000000000
69956  -33.644  -6.005  62.382 0.0000000000
68946  -31.760  -7.210  60.801 0.0000000000
68927  -32.018  -6.950  61.555 0.0000000000
140376  -31.082  -7.204  61.397 0.0000000000
138498  -30.520  -7.273  62.117 0.0000000000
139630  -29.739  -7.602  60.416 0.0000000000
67796  -29.253  -7.727  59.012 0.0000000000
84958  -55.778  6.591  36.429 0.0000000000
81534  -51.436  3.761  35.304 0.0000000000
81535  -52.165  4.151  35.337 0.0000000000
82700  -52.482  4.750  34.827 0.0000000000
155011  -52.808  5.445  34.414 0.0000000000
83839  -53.437  5.744  34.665 0.0000000000
161305  -54.388  5.863  35.590 0.0000000000
76997  -44.010  0.026  42.368 0.0000000000
76988  -44.252  -0.321  43.969 0.0000000000
140183  -44.737  0.191  44.156 0.0000000000
75807  -42.745  -1.853  44.345 0.0000000000
75808  -43.218  -1.319  43.956 0.0000000000
73423  -39.387  -3.405  41.916 0.0000000000
143687  -40.743  -2.915  41.083 0.0000000000
73446  -41.182  -2.870  40.349 0.0000000000
74655  -41.726  -2.363  40.533 0.0000000000
75824  -43.038  -0.907  42.012 0.0000000000
56427  -25.220  -18.733  56.693 0.0000000000
147626  -24.932  -18.597  55.787 0.0000000000
56449  -23.403  -18.745  55.247 0.0000000000
75734  -6.431  -0.397  48.214 0.0000000000
75736  -7.879  -1.670  48.403 0.0000000000
75735  -7.142  -1.102  48.282 0.0000000000
75748  -8.060  -2.068  47.801 0.0000000000
74581  -8.294  -2.776  47.518 0.0000000000
64131  -9.643  -11.222  54.971 0.0000000000
65368  -10.354  -10.844  54.274 0.0000000000
61925  -12.236  -13.389  53.920 0.0000000000
63019  -12.469  -13.105  52.932 0.0000000000
63031  -12.447  -12.422  52.188 0.0000000000
139300  -12.616  -14.044  52.551 0.0000000000
58661  -11.677  -16.650  54.749 0.0000000000
58674  -11.890  -16.791  52.291 0.0000000000
58670  -12.329  -16.374  52.823 0.0000000000
60895  -12.287  -15.094  51.616 0.0000000000
58682  -11.460  -16.406  51.586 0.0000000000
59775  -10.725  -15.938  51.048 0.0000000000
58681  -10.392  -16.739  51.213 0.0000000000
56509  -8.860  -18.563  51.180 0.0000000000
54375  -8.691  -21.040  54.235 0.0000000000
54383  -8.393  -21.325  53.267 0.0000000000
53291  -8.000  -21.668  53.938 0.0000000000
147229  -15.959  -10.902  65.890 0.0000000000
140265  -16.284  -11.567  66.322 0.0000000000
62816  -15.869  -12.812  69.607 0.0000000000
139966  -16.078  -11.876  68.620 0.0000000000
63967  -15.829  -12.075  69.299 0.0000000000
65207  -14.534  -11.085  69.056 0.0000000000
62809  -14.867  -12.165  70.173 0.0000000000
59564  -14.931  -14.820  69.279 0.0000000000
135749  -14.157  -14.959  69.603 0.0000000000
59553  -13.049  -14.471  70.795 0.0000000000
60693  -13.661  -13.963  70.893 0.0000000000
61733  -13.099  -13.632  71.299 0.0000000000
141930  -13.615  -12.325  71.097 0.0000000000
61728  -11.855  -12.868  71.487 0.0000000000
163742  -11.198  -11.971  71.287 0.0000000000
155365  -11.145  -12.953  71.461 0.0000000000
145668  -9.586  -15.015  70.995 0.0000000000
60684  -9.433  -14.016  71.174 0.0000000000
60690  -8.955  -14.407  70.975 0.0000000000
61730  -8.238  -14.023  70.351 0.0000000000
71114  -36.388  -5.484  52.546 0.0000000000
145508  -36.045  -2.563  48.432 0.0000000000
74571  -35.299  -2.577  48.763 0.0000000000
74586  -35.595  -2.750  47.936 0.0000000000
148133  -35.996  -2.893  47.272 0.0000000000
73344  -38.676  -2.998  47.698 0.0000000000
73373  -38.628  -3.374  46.201 0.0000000000
61812  -26.012  -13.665  62.754 0.0000000000
60786  -26.074  -14.366  62.569 0.0000000000
59677  -25.994  -15.536  61.504 0.0000000000
137420  -25.926  -14.666  61.132 0.0000000000
146121  -27.757  -8.621  64.246 0.0000000000
153599  -27.155  -9.068  64.647 0.0000000000
66447  -27.128  -9.045  61.234 0.0000000000
67760  -27.596  -8.721  61.724 0.0000000000
137616  -25.892  -10.999  61.003 0.0000000000
142087  -26.337  -10.107  61.968 0.0000000000
64054  -25.955  -10.914  61.976 0.0000000000
138207  -25.735  -11.925  62.498 0.0000000000
60827  -25.913  -14.324  58.618 0.0000000000
160717  -25.871  -13.801  60.092 0.0000000000
60828  -26.186  -14.883  59.185 0.0000000000
59738  -26.483  -16.058  57.933 0.0000000000
161658  -26.553  -16.514  57.395 0.0000000000
140114  -26.403  -16.006  57.036 0.0000000000
58655  -25.927  -16.581  55.225 0.0000000000
58645  -26.136  -16.247  56.226 0.0000000000
88236  -56.434  9.967  32.751 0.0000000000
89231  -57.966  11.128  31.843 0.0000000000
147769  -5.788  -6.120  56.980 0.0000000000
70026  -6.807  -6.946  55.449 0.0000000000
69034  -6.545  -7.465  56.100 0.0000000000
68957  -5.214  -8.313  59.187 0.0000000000
66505  -6.951  -9.835  56.855 0.0000000000
67805  -6.530  -8.842  57.009 0.0000000000
67821  -6.848  -9.208  56.541 0.0000000000
66519  -7.303  -9.682  56.119 0.0000000000
65357  -7.882  -10.331  55.791 0.0000000000
62988  -10.360  -12.459  55.597 0.0000000000
62974  -10.083  -12.535  56.192 0.0000000000
62920  -8.718  -11.830  58.657 0.0000000000
157527  -9.225  -12.171  57.983 0.0000000000
61847  -11.054  -13.666  57.838 0.0000000000
61863  -11.097  -13.708  57.064 0.0000000000
59733  -11.383  -15.039  57.613 0.0000000000
59716  -10.993  -15.745  58.658 0.0000000000
59732  -10.992  -15.881  57.816 0.0000000000
58618  -9.624  -16.782  58.257 0.0000000000
79259  -51.018  1.669  40.488 0.0000000000
153932  -50.471  1.669  40.690 0.0000000000
75843  -45.918  -0.816  38.749 0.0000000000
163524  -47.586  -0.348  38.131 0.0000000000
77038  -48.075  -0.058  37.864 0.0000000000
78143  -49.643  1.057  39.939 0.0000000000
78158  -49.310  0.524  38.811 0.0000000000
79277  -50.616  1.280  39.168 0.0000000000
61783  -17.372  -13.657  65.138 0.0000000000
60743  -17.790  -14.471  65.574 0.0000000000
60727  -17.687  -14.683  66.551 0.0000000000
59587  -17.871  -15.579  66.809 0.0000000000
58524  -18.829  -16.520  64.825 0.0000000000
59620  -18.415  -15.602  64.459 0.0000000000
58514  -18.791  -16.926  65.875 0.0000000000
57389  -17.537  -17.790  66.445 0.0000000000
58508  -18.317  -17.130  66.359 0.0000000000
146661  -17.721  -17.171  66.645 0.0000000000
58500  -17.230  -16.551  67.138 0.0000000000
57379  -17.071  -17.186  66.874 0.0000000000
57378  -16.382  -17.062  66.952 0.0000000000
57387  -15.993  -17.463  66.515 0.0000000000
136024  -15.264  -17.315  66.146 0.0000000000
57412  -14.471  -17.488  64.490 0.0000000000
55368  -25.531  -19.265  58.321 0.0000000000
161153  -23.719  -19.955  58.287 0.0000000000
148771  -23.242  -20.360  59.132 0.0000000000
157270  -22.393  -20.554  59.445 0.0000000000
55379  -20.540  -19.496  57.486 0.0000000000
55365  -20.238  -19.856  58.360 0.0000000000
54331  -20.451  -20.777  59.992 0.0000000000
54318  -21.958  -20.911  60.307 0.0000000000
162191  -21.521  -21.532  61.961 0.0000000000
138485  -20.550  -21.452  62.758 0.0000000000
54270  -20.297  -20.838  63.336 0.0000000000
55302  -20.803  -20.569  63.300 0.0000000000
55288  -20.281  -20.135  63.889 0.0000000000
54269  -19.617  -20.634  63.588 0.0000000000
54297  -18.285  -20.527  62.667 0.0000000000
54279  -18.267  -20.490  63.540 0.0000000000
55286  -17.570  -20.082  63.828 0.0000000000
56353  -16.360  -18.363  60.557 0.0000000000
56334  -15.731  -18.229  62.018 0.0000000000
160899  -16.306  -18.769  62.162 0.0000000000
56291  -15.685  -18.405  64.234 0.0000000000
75643  -5.518  -1.691  54.049 0.0000000000
75656  -5.670  -1.651  53.237 0.0000000000
144200  -5.520  -1.006  53.513 0.0000000000
73247  -7.056  -3.953  53.282 0.0000000000
73246  -6.340  -3.597  53.676 0.0000000000
73277  -8.807  -3.252  51.483 0.0000000000
73276  -8.017  -3.000  51.865 0.0000000000
74515  -6.805  -2.118  51.942 0.0000000000
74528  -7.986  -2.082  50.684 0.0000000000
74529  -8.697  -2.454  50.374 0.0000000000
72197  -10.011  -4.295  49.312 0.0000000000
147952  -9.638  -4.698  48.559 0.0000000000
151307  -9.104  -4.227  48.005 0.0000000000
72210  -8.880  -5.260  47.991 0.0000000000
66550  -11.024  -9.791  53.115 0.0000000000
155733  -10.331  -9.286  53.536 0.0000000000
158835  -11.801  -9.722  51.229 0.0000000000
67891  -11.344  -8.629  52.076 0.0000000000
66586  -11.640  -9.032  51.305 0.0000000000
67918  -11.499  -8.580  50.464 0.0000000000
63052  -10.047  -13.123  49.840 0.0000000000
63068  -10.906  -12.358  49.773 0.0000000000
64183  -10.573  -11.486  49.578 0.0000000000
66614  -9.522  -9.193  49.110 0.0000000000
148807  -10.081  -9.965  49.315 0.0000000000
67930  -10.429  -8.566  49.223 0.0000000000
148882  -10.839  -7.937  49.471 0.0000000000
69104  -10.220  -7.761  49.006 0.0000000000
67944  -9.427  -7.616  48.705 0.0000000000
67942  -7.214  -8.003  48.374 0.0000000000
70095  -7.391  -6.648  47.798 0.0000000000
69113  -6.864  -7.388  47.909 0.0000000000
69125  -6.072  -7.460  47.345 0.0000000000
65259  -9.038  -9.814  62.796 0.0000000000
66395  -14.971  -9.952  65.189 0.0000000000
153794  -15.150  -9.886  64.823 0.0000000000
151922  -14.618  -9.944  65.596 0.0000000000
65233  -13.991  -9.877  65.925 0.0000000000
66393  -14.251  -9.625  65.092 0.0000000000
66392  -13.772  -9.610  65.153 0.0000000000
62827  -11.730  -12.058  67.528 0.0000000000
63982  -12.450  -11.547  67.173 0.0000000000
62863  -12.471  -11.968  64.739 0.0000000000
64019  -10.983  -10.793  63.222 0.0000000000
64036  -10.475  -11.235  62.694 0.0000000000
62881  -10.939  -12.120  62.095 0.0000000000
61809  -11.465  -13.637  62.405 0.0000000000
60794  -11.459  -14.042  61.641 0.0000000000
136299  -11.349  -13.652  61.081 0.0000000000
59618  -10.116  -15.191  63.987 0.0000000000
59654  -10.564  -15.595  62.335 0.0000000000
59672  -10.823  -15.661  61.423 0.0000000000
59686  -10.697  -15.858  60.447 0.0000000000
58572  -10.047  -16.274  60.921 0.0000000000
58585  -8.157  -16.750  60.185 0.0000000000
144328  -8.524  -16.706  59.695 0.0000000000
57354  -6.539  -16.881  69.905 0.0000000000
56256  -4.682  -18.366  68.272 0.0000000000
56250  -4.837  -18.398  69.174 0.0000000000
57371  -4.779  -17.596  68.818 0.0000000000
58481  -5.116  -16.893  69.282 0.0000000000
58492  -4.907  -16.729  68.349 0.0000000000
59579  -5.210  -15.946  67.021 0.0000000000
146979  -4.806  -16.621  67.328 0.0000000000
57396  -4.910  -17.789  65.195 0.0000000000
57407  -5.076  -16.881  64.985 0.0000000000
58522  -5.513  -16.873  64.303 0.0000000000
58523  -5.853  -16.636  64.413 0.0000000000
135895  -5.508  -17.327  63.658 0.0000000000
58549  -6.030  -17.404  62.517 0.0000000000
159088  -6.183  -17.778  61.507 0.0000000000
57460  -6.437  -17.602  61.349 0.0000000000
57477  -6.303  -17.913  60.956 0.0000000000
157856  -6.629  -18.366  59.519 0.0000000000
57503  -6.866  -18.104  59.030 0.0000000000
56398  -7.023  -18.861  58.259 0.0000000000
73175  -39.587  -3.485  59.162 0.0000000000
74407  -39.655  -2.251  59.774 0.0000000000
73166  -39.207  -3.019  59.909 0.0000000000
74394  -39.249  -2.199  60.389 0.0000000000
69987  -38.620  -6.442  59.175 0.0000000000
71046  -39.382  -5.983  58.697 0.0000000000
71032  -38.984  -5.789  59.488 0.0000000000
72063  -39.570  -4.369  59.093 0.0000000000
69974  -36.529  -6.195  60.186 0.0000000000
68971  -36.227  -6.664  59.522 0.0000000000
69975  -37.303  -6.176  60.157 0.0000000000
69986  -37.788  -6.632  59.494 0.0000000000
70995  -36.102  -4.752  61.911 0.0000000000
72041  -36.898  -4.475  61.484 0.0000000000
69966  -36.460  -5.858  60.659 0.0000000000
73146  -37.509  -2.928  61.796 0.0000000000
80353  -52.661  2.735  38.302 0.0000000000
80354  -53.195  2.942  38.684 0.0000000000
79285  -50.049  1.432  37.746 0.0000000000
79296  -51.224  2.523  36.910 0.0000000000
80352  -52.012  2.502  37.863 0.0000000000
73376  -41.217  -2.949  45.237 0.0000000000
144756  -37.954  -3.442  45.340 0.0000000000
58643  -10.178  -17.260  56.834 0.0000000000
57386  -14.355  -16.669  66.359 0.0000000000
144955  -13.746  -16.397  66.914 0.0000000000
58505  -13.161  -16.691  66.353 0.0000000000
57385  -12.106  -17.083  66.404 0.0000000000
75652  -36.882  -1.258  54.834 0.0000000000
75667  -36.884  -0.989  54.096 0.0000000000
75682  -36.417  -1.321  52.652 0.0000000000
68879  -28.590  -7.068  67.278 0.0000000000
159961  -26.938  -8.833  58.790 0.0000000000
84984  -54.866  7.202  34.565 0.0000000000
86063  -55.570  7.652  34.787 0.0000000000
87125  -56.965  8.313  35.221 0.0000000000
64048  -7.216  -10.766  60.873 0.0000000000
64064  -8.122  -11.250  60.751 0.0000000000
62891  -9.967  -11.888  60.998 0.0000000000
79233  -46.586  1.898  41.579 0.0000000000
79218  -46.424  2.157  42.573 0.0000000000
163712  -43.460  -0.799  40.238 0.0000000000
75834  -44.057  -0.635  39.866 0.0000000000
77017  -44.811  -0.459  39.543 0.0000000000
77018  -45.504  -0.306  39.354 0.0000000000
57446  -19.090  -17.424  62.896 0.0000000000
57464  -19.222  -17.532  62.022 0.0000000000
56307  -19.836  -19.308  64.299 0.0000000000
58575  -26.022  -16.434  61.924 0.0000000000
74596  -6.879  -2.676  46.526 0.0000000000
73351  -6.091  -3.357  45.865 0.0000000000
70034  -7.153  -6.385  54.842 0.0000000000
70043  -7.846  -6.270  54.231 0.0000000000
69062  -10.000  -7.802  53.305 0.0000000000
58689  -7.563  -16.527  50.454 0.0000000000
59786  -7.701  -15.817  50.481 0.0000000000
59785  -7.086  -16.015  50.303 0.0000000000
58687  -6.741  -16.184  50.030 0.0000000000
59798  -6.512  -15.532  49.606 0.0000000000
67757  -14.070  -8.885  62.855 0.0000000000
67739  -14.216  -9.142  63.628 0.0000000000
62812  -8.676  -13.274  69.700 0.0000000000
157117  -8.908  -13.203  68.906 0.0000000000
61749  -8.457  -13.523  69.073 0.0000000000
61757  -8.615  -13.591  68.329 0.0000000000
61767  -8.238  -14.059  67.633 0.0000000000
60725  -7.823  -14.450  66.949 0.0000000000
60724  -7.205  -14.784  67.125 0.0000000000
60738  -6.770  -15.247  66.552 0.0000000000
72090  -39.622  -4.326  57.562 0.0000000000
152032  -39.425  -4.782  56.863 0.0000000000
73213  -39.427  -3.919  57.237 0.0000000000
73227  -38.851  -3.328  56.817 0.0000000000
74475  -37.869  -2.728  56.363 0.0000000000
74457  -38.438  -2.164  56.952 0.0000000000
67832  -36.306  -8.382  56.305 0.0000000000
68928  -33.784  -6.499  61.281 0.0000000000
68914  -33.443  -6.412  61.731 0.0000000000
155495  -32.722  -6.988  61.007 0.0000000000
68947  -32.304  -7.241  60.305 0.0000000000
68966  -30.852  -7.440  59.443 0.0000000000
137578  -52.692  3.742  36.312 0.0000000000
154583  -52.558  4.016  35.804 0.0000000000
81525  -53.098  4.250  36.028 0.0000000000
82689  -53.455  4.811  35.661 0.0000000000
154603  -53.754  5.462  35.301 0.0000000000
83830  -54.083  5.183  35.975 0.0000000000
76996  -43.529  -0.502  42.643 0.0000000000
135712  -41.937  -2.004  41.017 0.0000000000
56451  -25.346  -18.290  55.134 0.0000000000
76908  -6.269  -0.198  49.232 0.0000000000
160473  -6.245  -0.294  49.966 0.0000000000
75724  -7.399  -1.276  49.176 0.0000000000
75725  -8.172  -1.817  49.294 0.0000000000
63002  -10.764  -12.335  54.927 0.0000000000
64133  -11.348  -12.035  54.207 0.0000000000
63003  -11.554  -12.862  54.472 0.0000000000
147761  -11.312  -17.939  53.986 0.0000000000
160734  -11.583  -17.615  53.345 0.0000000000
135770  -11.493  -17.539  52.588 0.0000000000
57569  -10.808  -18.055  52.046 0.0000000000
57579  -10.117  -17.570  51.347 0.0000000000
56510  -9.871  -18.385  51.572 0.0000000000
62841  -16.954  -13.222  66.566 0.0000000000
148309  -16.584  -12.343  66.919 0.0000000000
140727  -16.687  -13.221  68.192 0.0000000000
61744  -16.146  -13.543  69.258 0.0000000000
61741  -15.641  -13.423  69.786 0.0000000000
58476  -13.054  -15.661  69.074 0.0000000000
59563  -13.451  -15.296  69.511 0.0000000000
59562  -12.701  -15.433  69.709 0.0000000000
59557  -12.442  -15.102  70.346 0.0000000000
59552  -12.044  -14.717  70.842 0.0000000000
60691  -11.382  -14.352  71.205 0.0000000000
58468  -11.084  -14.987  70.786 0.0000000000
58467  -10.112  -15.426  70.689 0.0000000000
147017  -39.722  -3.085  47.976 0.0000000000
72171  -35.045  -4.530  52.594 0.0000000000
74572  -36.836  -2.550  48.457 0.0000000000
154590  -37.196  -2.683  47.967 0.0000000000
62867  -25.529  -12.303  64.813 0.0000000000
136079  -25.825  -12.815  64.073 0.0000000000
62886  -25.806  -12.824  63.077 0.0000000000
68893  -29.658  -7.249  64.963 0.0000000000
67704  -28.977  -7.623  65.294 0.0000000000
67711  -29.073  -7.773  64.390 0.0000000000
67728  -28.421  -8.224  63.848 0.0000000000
140821  -27.742  -8.628  63.345 0.0000000000
65317  -25.935  -10.302  59.406 0.0000000000
65304  -26.084  -10.402  60.361 0.0000000000
64083  -25.697  -11.110  59.786 0.0000000000
163870  -25.817  -10.994  60.414 0.0000000000
64068  -25.675  -11.570  60.514 0.0000000000
62908  -25.585  -12.412  60.567 0.0000000000
62907  -25.577  -12.734  59.945 0.0000000000
60815  -25.709  -13.539  58.941 0.0000000000
154745  -25.832  -14.508  57.775 0.0000000000
59737  -26.159  -15.240  57.412 0.0000000000
60848  -25.734  -14.658  56.962 0.0000000000
149517  -25.700  -14.774  56.257 0.0000000000
87166  -53.572  8.109  32.400 0.0000000000
67790  -5.714  -8.766  58.500 0.0000000000
66492  -6.437  -9.556  57.899 0.0000000000
65345  -6.744  -9.904  57.461 0.0000000000
65347  -7.557  -10.661  56.508 0.0000000000
64110  -7.932  -11.228  56.620 0.0000000000
62972  -8.511  -11.716  56.861 0.0000000000
60823  -11.338  -14.426  58.184 0.0000000000
79258  -49.989  1.416  40.417 0.0000000000
80312  -50.267  2.210  41.616 0.0000000000
77020  -47.126  -0.221  39.062 0.0000000000
77021  -47.911  -0.002  39.031 0.0000000000
77022  -48.627  0.199  38.979 0.0000000000
59619  -18.174  -15.055  65.025 0.0000000000
57403  -18.698  -17.948  66.005 0.0000000000
57402  -16.490  -18.073  66.132 0.0000000000
55397  -23.055  -19.407  56.812 0.0000000000
55382  -23.752  -19.606  57.486 0.0000000000
143625  -21.963  -19.904  57.989 0.0000000000
55364  -19.388  -19.680  58.449 0.0000000000
54330  -19.694  -20.626  60.036 0.0000000000
139946  -20.256  -21.108  60.755 0.0000000000
54299  -19.799  -21.172  62.125 0.0000000000
54298  -19.074  -20.862  62.427 0.0000000000
55315  -17.601  -20.000  62.004 0.0000000000
57445  -14.923  -17.707  62.197 0.0000000000
145357  -14.703  -17.681  62.904 0.0000000000
72161  -8.862  -4.381  52.454 0.0000000000
72177  -9.240  -3.882  51.748 0.0000000000
73278  -9.414  -3.502  51.128 0.0000000000
73293  -9.155  -2.951  50.781 0.0000000000
73294  -9.671  -3.470  50.466 0.0000000000
72198  -10.327  -4.755  49.761 0.0000000000
71137  -10.152  -5.124  49.074 0.0000000000
64163  -12.118  -11.018  51.815 0.0000000000
65408  -12.205  -10.991  51.035 0.0000000000
64169  -11.763  -11.053  50.287 0.0000000000
63066  -8.246  -12.364  49.687 0.0000000000
64182  -9.648  -11.247  49.458 0.0000000000
64181  -8.621  -10.832  49.458 0.0000000000
65432  -9.019  -10.008  49.298 0.0000000000
66613  -8.214  -9.416  49.147 0.0000000000
67928  -8.581  -8.726  48.885 0.0000000000
67927  -7.435  -8.815  48.783 0.0000000000
157722  -6.626  -8.601  48.447 0.0000000000
67941  -6.039  -8.836  48.243 0.0000000000
66629  -5.902  -9.549  48.549 0.0000000000
65217  -14.676  -10.482  67.491 0.0000000000
66387  -14.617  -10.153  66.178 0.0000000000
66379  -14.558  -10.361  66.913 0.0000000000
65223  -13.911  -10.239  66.763 0.0000000000
62851  -12.234  -12.574  65.267 0.0000000000
62873  -12.316  -11.803  64.020 0.0000000000
62872  -11.822  -12.233  63.272 0.0000000000
60770  -11.404  -14.220  63.108 0.0000000000
59635  -9.395  -15.629  63.493 0.0000000000
58571  -9.081  -16.461  61.241 0.0000000000
58584  -7.431  -17.020  60.653 0.0000000000
56265  -4.727  -19.141  67.922 0.0000000000
56264  -4.671  -18.375  67.370 0.0000000000
57383  -4.639  -17.564  66.733 0.0000000000
153629  -4.698  -18.428  66.644 0.0000000000
56272  -4.663  -18.132  65.980 0.0000000000
141382  -5.174  -18.392  64.671 0.0000000000
56348  -6.306  -18.436  60.602 0.0000000000
67834  -37.584  -7.909  55.910 0.0000000000
67853  -37.698  -7.974  55.235 0.0000000000
69027  -38.190  -7.417  56.105 0.0000000000
69011  -39.132  -6.526  56.765 0.0000000000
71058  -39.647  -5.796  56.917 0.0000000000
71047  -39.716  -5.261  58.107 0.0000000000
160296  -39.608  -4.928  57.190 0.0000000000
68988  -33.855  -7.470  59.000 0.0000000000
67797  -35.270  -7.648  58.006 0.0000000000
68990  -36.236  -7.113  58.808 0.0000000000
67798  -36.060  -7.577  57.970 0.0000000000
144170  -37.402  -7.883  56.317 0.0000000000
69957  -34.384  -5.713  62.039 0.0000000000
69958  -35.044  -5.522  61.707 0.0000000000
69964  -34.713  -5.974  61.291 0.0000000000
68929  -34.370  -6.383  60.978 0.0000000000
68969  -33.721  -7.124  59.965 0.0000000000
81501  -54.182  4.126  37.721 0.0000000000
82659  -54.814  4.549  38.120 0.0000000000
81490  -54.458  3.890  38.590 0.0000000000
79306  -49.334  1.923  36.121 0.0000000000
80382  -49.036  2.322  35.519 0.0000000000
80370  -51.562  2.970  36.462 0.0000000000
148916  -52.878  3.537  36.864 0.0000000000
74626  -42.277  -2.281  44.665 0.0000000000
73388  -36.323  -3.514  44.350 0.0000000000
73421  -37.714  -3.617  42.294 0.0000000000
144793  -39.334  -3.366  42.934 0.0000000000
160124  -11.746  -15.244  55.573 0.0000000000
57547  -11.268  -17.445  54.803 0.0000000000
55419  -10.329  -19.402  53.744 0.0000000000
55428  -9.742  -20.031  53.405 0.0000000000
54366  -8.372  -20.693  55.406 0.0000000000
54365  -7.714  -21.003  55.807 0.0000000000
58488  -15.951  -15.886  67.848 0.0000000000
58487  -15.268  -15.779  67.939 0.0000000000
58485  -13.468  -15.826  68.401 0.0000000000
58496  -13.877  -16.097  67.579 0.0000000000
58484  -12.544  -16.076  68.544 0.0000000000
152907  -38.347  -2.405  49.543 0.0000000000
160740  -39.088  -2.427  49.809 0.0000000000
74538  -39.822  -2.312  50.123 0.0000000000
72156  -37.111  -5.044  53.882 0.0000000000
164192  -37.157  -5.704  52.740 0.0000000000
72155  -36.178  -4.558  53.693 0.0000000000
73240  -35.727  -2.862  54.187 0.0000000000
72154  -35.352  -4.019  53.307 0.0000000000
73271  -34.800  -3.724  52.598 0.0000000000
74511  -34.801  -3.057  52.416 0.0000000000
74524  -34.845  -2.734  51.927 0.0000000000
75712  -36.546  -1.782  50.761 0.0000000000
66390  -26.221  -9.495  66.428 0.0000000000
66397  -26.465  -9.501  65.711 0.0000000000
67762  -29.069  -7.829  61.606 0.0000000000
67761  -28.296  -8.297  61.905 0.0000000000
66473  -26.455  -9.680  59.878 0.0000000000
157554  -26.225  -9.725  59.124 0.0000000000
64091  -25.489  -11.477  58.307 0.0000000000
64103  -25.375  -11.928  57.601 0.0000000000
86080  -53.953  7.839  33.096 0.0000000000
88234  -54.710  9.338  32.207 0.0000000000
88224  -55.958  9.309  33.232 0.0000000000
87157  -56.361  8.940  33.903 0.0000000000
65312  -6.303  -10.045  59.472 0.0000000000
64077  -6.690  -10.344  58.719 0.0000000000
143238  -7.152  -10.915  58.569 0.0000000000
62921  -9.462  -12.060  59.385 0.0000000000
160478  -11.319  -13.750  60.387 0.0000000000
79235  -48.296  1.854  40.990 0.0000000000
80310  -48.663  2.253  41.575 0.0000000000
80296  -47.246  2.293  42.013 0.0000000000
74666  -43.393  -2.047  39.079 0.0000000000
138440  -44.775  -1.487  38.304 0.0000000000
77019  -46.212  -0.421  39.094 0.0000000000
59638  -18.205  -15.468  63.180 0.0000000000
58539  -18.545  -16.088  63.703 0.0000000000
57428  -19.069  -17.254  64.028 0.0000000000
55267  -17.742  -19.540  64.997 0.0000000000
56425  -20.287  -18.648  55.792 0.0000000000
55394  -19.957  -18.914  56.702 0.0000000000
55378  -19.653  -19.329  57.569 0.0000000000
55377  -18.777  -19.082  57.660 0.0000000000
55363  -18.587  -19.410  58.559 0.0000000000
55332  -17.719  -19.583  60.617 0.0000000000
55348  -17.727  -19.309  59.702 0.0000000000
73232  -5.638  -3.438  54.877 0.0000000000
72141  -6.607  -4.366  53.963 0.0000000000
72142  -7.413  -4.812  53.653 0.0000000000
71092  -8.001  -5.563  53.732 0.0000000000
72143  -8.362  -4.947  53.140 0.0000000000
71106  -9.307  -5.182  52.679 0.0000000000
71108  -10.468  -5.650  51.770 0.0000000000
60909  -10.815  -14.568  50.544 0.0000000000
61968  -11.508  -13.706  50.469 0.0000000000
61967  -10.412  -13.847  50.211 0.0000000000
63051  -8.756  -13.155  49.912 0.0000000000
60907  -7.840  -15.013  50.435 0.0000000000
61965  -7.942  -14.057  50.267 0.0000000000
63065  -7.120  -12.321  49.688 0.0000000000
137418  -6.356  -12.217  49.448 0.0000000000
63063  -5.854  -12.094  49.184 0.0000000000
68942  -12.365  -8.325  60.949 0.0000000000
68924  -11.737  -8.237  61.419 0.0000000000
156756  -11.853  -8.402  62.131 0.0000000000
138450  -12.475  -8.894  63.170 0.0000000000
65203  -12.085  -11.491  70.014 0.0000000000
163087  -12.515  -11.318  69.398 0.0000000000
63964  -12.003  -11.563  69.011 0.0000000000
62820  -11.430  -11.973  68.632 0.0000000000
62826  -10.756  -12.536  67.974 0.0000000000
137946  -9.911  -12.811  68.380 0.0000000000
62838  -11.233  -12.818  66.924 0.0000000000
61781  -11.088  -13.776  65.464 0.0000000000
61792  -11.258  -14.010  64.638 0.0000000000
60742  -10.470  -14.309  65.146 0.0000000000
60754  -9.790  -14.812  64.786 0.0000000000
60740  -8.229  -14.613  66.059 0.0000000000
59633  -7.191  -16.186  63.621 0.0000000000
58538  -6.544  -16.662  63.190 0.0000000000
71101  -38.265  -6.450  53.234 0.0000000000
69045  -38.291  -7.263  55.371 0.0000000000
69056  -38.373  -7.162  54.621 0.0000000000
72136  -38.967  -5.738  55.490 0.0000000000
156155  -38.565  -6.530  54.645 0.0000000000
71087  -38.712  -6.015  54.756 0.0000000000
157941  -38.373  -5.983  53.963 0.0000000000
164037  -37.910  -5.449  54.035 0.0000000000
149795  -37.649  -4.870  54.493 0.0000000000
72134  -37.336  -4.103  55.026 0.0000000000
74473  -36.663  -2.597  55.289 0.0000000000
74474  -37.087  -2.263  55.863 0.0000000000
68894  -30.393  -6.897  64.649 0.0000000000
68910  -29.965  -7.394  62.957 0.0000000000
68903  -32.300  -6.403  63.048 0.0000000000
68912  -32.204  -6.672  62.218 0.0000000000
155333  -31.659  -6.723  62.707 0.0000000000
159379  -29.711  -7.544  62.087 0.0000000000
67774  -29.056  -7.828  60.780 0.0000000000
68965  -29.949  -7.553  59.688 0.0000000000
82699  -51.690  4.425  34.730 0.0000000000
82711  -51.238  4.826  34.058 0.0000000000
84983  -53.695  6.292  34.382 0.0000000000
84972  -54.646  6.527  35.083 0.0000000000
158686  -55.643  6.931  35.837 0.0000000000
77002  -44.108  0.136  41.338 0.0000000000
158764  -26.246  -18.808  57.989 0.0000000000
56406  -25.853  -18.781  57.429 0.0000000000
55383  -24.476  -19.251  57.141 0.0000000000
56450  -24.200  -18.766  55.542 0.0000000000
74580  -7.583  -2.927  46.920 0.0000000000
73335  -7.811  -3.477  47.092 0.0000000000
72221  -7.567  -4.306  47.058 0.0000000000
66549  -9.600  -8.951  54.006 0.0000000000
138973  -9.441  -9.668  54.369 0.0000000000
65382  -10.230  -10.001  53.921 0.0000000000
65383  -11.036  -10.572  53.512 0.0000000000
64144  -11.766  -11.787  53.395 0.0000000000
64153  -12.102  -11.548  52.492 0.0000000000
61939  -12.578  -13.316  51.833 0.0000000000
61951  -12.298  -13.720  51.018 0.0000000000
60860  -12.125  -14.776  54.817 0.0000000000
59758  -12.449  -15.220  53.967 0.0000000000
60869  -12.596  -14.665  53.216 0.0000000000
59763  -12.571  -15.597  52.999 0.0000000000
60881  -12.597  -14.967  52.310 0.0000000000
156357  -11.841  -14.629  50.964 0.0000000000
60894  -11.087  -15.215  50.854 0.0000000000
58680  -9.221  -16.947  50.868 0.0000000000
57589  -7.506  -17.239  50.419 0.0000000000
54395  -9.019  -20.736  53.046 0.0000000000
65234  -15.334  -10.300  65.843 0.0000000000
65224  -15.162  -10.394  66.668 0.0000000000
63984  -16.139  -11.437  67.194 0.0000000000
65219  -15.556  -10.777  67.305 0.0000000000
65218  -15.041  -10.481  67.375 0.0000000000
63973  -15.058  -10.756  68.131 0.0000000000
137403  -13.867  -10.915  69.067 0.0000000000
65205  -13.231  -11.266  69.749 0.0000000000
59565  -15.518  -14.750  69.006 0.0000000000
60701  -15.134  -14.258  69.637 0.0000000000
60699  -15.301  -13.800  69.865 0.0000000000
60696  -13.867  -14.439  70.333 0.0000000000
60697  -14.253  -14.037  70.421 0.0000000000
61736  -14.709  -13.360  70.442 0.0000000000
62805  -14.309  -12.283  70.641 0.0000000000
65199  -13.296  -11.533  70.621 0.0000000000
65201  -12.655  -11.419  70.385 0.0000000000
63951  -11.620  -11.495  70.952 0.0000000000
63956  -10.650  -12.000  70.761 0.0000000000
63955  -9.878  -12.547  70.521 0.0000000000
149805  -10.618  -13.449  71.407 0.0000000000
61732  -9.385  -13.217  70.822 0.0000000000
62808  -9.346  -12.905  70.407 0.0000000000
62806  -8.419  -13.666  69.873 0.0000000000
61737  -7.650  -14.507  69.796 0.0000000000
61742  -7.246  -14.677  69.351 0.0000000000
73374  -40.118  -3.426  45.918 0.0000000000
73345  -40.557  -3.183  47.766 0.0000000000
141364  -36.959  -6.345  51.441 0.0000000000
70071  -36.158  -6.114  51.207 0.0000000000
73357  -35.956  -3.170  46.493 0.0000000000
137443  -36.853  -3.231  46.203 0.0000000000
73358  -37.393  -3.127  46.715 0.0000000000
73372  -37.663  -3.296  46.103 0.0000000000
61798  -25.869  -13.637  64.382 0.0000000000
60760  -25.936  -14.309  64.291 0.0000000000
59659  -26.029  -15.720  62.429 0.0000000000
139272  -26.197  -16.241  60.997 0.0000000000
58608  -26.564  -16.376  59.604 0.0000000000
68883  -28.753  -7.244  66.801 0.0000000000
67703  -28.282  -7.995  65.604 0.0000000000
67699  -28.188  -7.836  66.400 0.0000000000
67702  -27.606  -8.456  65.902 0.0000000000
160164  -26.661  -9.449  65.040 0.0000000000
67742  -27.696  -8.656  62.449 0.0000000000
66426  -27.113  -9.074  62.855 0.0000000000
66446  -26.685  -9.617  61.597 0.0000000000
66436  -26.650  -9.609  62.376 0.0000000000
66425  -26.574  -9.633  63.222 0.0000000000
65265  -26.090  -10.333  63.509 0.0000000000
161628  -25.940  -10.460  64.265 0.0000000000
62877  -25.760  -11.968  63.430 0.0000000000
62896  -25.739  -12.881  62.129 0.0000000000
61829  -25.672  -13.196  60.392 0.0000000000
60805  -25.799  -13.852  60.790 0.0000000000
59707  -26.348  -15.495  59.771 0.0000000000
58622  -26.669  -16.744  58.741 0.0000000000
58634  -26.662  -17.261  57.759 0.0000000000
57516  -26.451  -17.657  56.943 0.0000000000
57526  -26.152  -17.430  56.119 0.0000000000
88249  -55.212  10.055  31.774 0.0000000000
144958  -55.702  10.500  31.389 0.0000000000
89230  -56.390  10.794  31.431 0.0000000000
89229  -55.865  10.839  30.761 0.0000000000
90230  -58.172  11.890  30.230 0.0000000000
71063  -5.823  -5.259  56.270 0.0000000000
70033  -6.582  -6.139  55.413 0.0000000000
147234  -7.245  -7.179  55.110 0.0000000000
69048  -7.601  -7.809  55.073 0.0000000000
67841  -8.083  -8.535  54.902 0.0000000000
69017  -5.850  -7.186  57.361 0.0000000000
68999  -5.791  -8.084  57.830 0.0000000000
69018  -6.301  -7.997  57.024 0.0000000000
67840  -7.297  -8.716  55.666 0.0000000000
65366  -8.655  -10.015  54.994 0.0000000000
64119  -8.227  -11.095  55.981 0.0000000000
64120  -9.077  -11.494  55.619 0.0000000000
64121  -9.941  -11.872  55.301 0.0000000000
62956  -8.505  -11.784  57.669 0.0000000000
62957  -9.207  -12.175  57.232 0.0000000000
62958  -9.948  -12.579  56.904 0.0000000000
61878  -10.667  -13.086  56.602 0.0000000000
61879  -11.258  -13.761  56.355 0.0000000000
60853  -11.544  -14.517  56.024 0.0000000000
137172  -11.501  -15.307  56.305 0.0000000000
59744  -10.695  -16.539  57.081 0.0000000000
138105  -9.937  -17.139  57.324 0.0000000000
58630  -8.704  -17.567  57.837 0.0000000000
79260  -51.712  1.872  40.326 0.0000000000
79217  -45.748  1.656  43.282 0.0000000000
73362  -41.259  -3.106  46.165 0.0000000000
75858  -45.436  -1.195  37.929 0.0000000000
77035  -46.145  -0.803  37.751 0.0000000000
77047  -46.572  -0.310  37.097 0.0000000000
77048  -47.246  0.174  36.856 0.0000000000
78164  -47.855  0.351  37.108 0.0000000000
78165  -48.547  0.536  37.515 0.0000000000
78159  -49.999  1.045  38.569 0.0000000000
158814  -17.030  -13.231  65.785 0.0000000000
61770  -17.310  -13.985  67.068 0.0000000000
60714  -17.354  -14.829  67.434 0.0000000000
59588  -18.356  -16.262  66.310 0.0000000000
58498  -15.777  -16.855  67.017 0.0000000000
58506  -15.257  -16.848  66.772 0.0000000000
56386  -26.179  -18.970  58.787 0.0000000000
55352  -25.610  -19.504  59.404 0.0000000000
55367  -24.824  -19.811  59.066 0.0000000000
54346  -24.113  -20.085  58.832 0.0000000000
55351  -24.918  -19.967  60.060 0.0000000000
54320  -23.389  -20.652  61.390 0.0000000000
161060  -21.782  -20.171  58.508 0.0000000000
54343  -20.727  -20.391  59.108 0.0000000000
54344  -21.640  -20.463  59.144 0.0000000000
54332  -22.772  -20.739  60.030 0.0000000000
54319  -22.685  -20.889  61.003 0.0000000000
54303  -23.351  -20.459  62.126 0.0000000000
54302  -22.583  -20.925  62.118 0.0000000000
54283  -22.028  -20.745  62.623 0.0000000000
54300  -21.156  -21.523  62.304 0.0000000000
55303  -21.575  -20.389  62.950 0.0000000000
158782  -19.801  -19.895  64.343 0.0000000000
54268  -18.881  -20.525  63.877 0.0000000000
159441  -18.695  -20.282  64.303 0.0000000000
55275  -18.260  -20.011  64.628 0.0000000000
149966  -17.670  -19.890  64.485 0.0000000000
55314  -16.840  -19.354  62.273 0.0000000000
56335  -16.367  -18.633  61.540 0.0000000000
57413  -15.228  -17.918  64.635 0.0000000000
146476  -5.599  -0.957  52.704 0.0000000000
75691  -6.377  -1.493  51.790 0.0000000000
73245  -5.803  -3.146  54.091 0.0000000000
74492  -6.126  -2.856  53.357 0.0000000000
73261  -7.551  -3.468  52.560 0.0000000000
74503  -6.485  -2.520  52.671 0.0000000000
75673  -6.295  -1.949  52.401 0.0000000000
75708  -8.308  -2.005  50.014 0.0000000000
74530  -9.361  -2.839  49.983 0.0000000000
74547  -9.328  -2.899  49.095 0.0000000000
73322  -9.080  -3.197  48.158 0.0000000000
67872  -10.224  -8.562  53.383 0.0000000000
66567  -11.529  -9.557  52.117 0.0000000000
67890  -10.747  -8.171  52.714 0.0000000000
69074  -10.521  -7.241  52.647 0.0000000000
69085  -11.095  -7.012  51.663 0.0000000000
69097  -11.173  -7.002  50.591 0.0000000000
64184  -11.306  -11.547  49.824 0.0000000000
143718  -11.566  -10.151  49.958 0.0000000000
65433  -10.404  -10.686  49.448 0.0000000000
149559  -11.002  -10.025  49.499 0.0000000000
66616  -11.285  -9.280  49.758 0.0000000000
67931  -11.130  -8.498  49.673 0.0000000000
69098  -11.266  -7.786  50.063 0.0000000000
70076  -10.844  -6.293  50.226 0.0000000000
70084  -10.507  -6.361  49.421 0.0000000000
142369  -10.121  -5.969  48.943 0.0000000000
70097  -9.448  -6.353  48.549 0.0000000000
69115  -8.941  -7.053  48.475 0.0000000000
70096  -8.552  -6.296  48.144 0.0000000000
70114  -7.869  -5.763  47.637 0.0000000000
70113  -6.861  -6.176  47.316 0.0000000000
70112  -6.127  -6.635  46.965 0.0000000000
69136  -5.541  -7.835  46.751 0.0000000000
67970  -5.567  -8.779  47.197 0.0000000000
65274  -8.798  -10.264  62.693 0.0000000000
66405  -15.095  -9.568  63.963 0.0000000000
66422  -14.578  -9.323  63.820 0.0000000000
67725  -14.379  -9.336  64.095 0.0000000000
66394  -14.519  -9.682  64.933 0.0000000000
67700  -14.214  -9.422  64.742 0.0000000000
67724  -13.941  -9.101  63.820 0.0000000000
66421  -12.955  -9.258  63.864 0.0000000000
63983  -13.081  -10.806  67.420 0.0000000000
141611  -13.343  -10.522  66.505 0.0000000000
63995  -13.033  -10.749  65.749 0.0000000000
141174  -13.186  -10.167  65.288 0.0000000000
65244  -12.840  -10.097  64.635 0.0000000000
66420  -12.061  -9.296  63.223 0.0000000000
65260  -10.218  -10.068  63.106 0.0000000000
65275  -9.723  -10.456  62.915 0.0000000000
62892  -10.702  -12.369  61.279 0.0000000000
61824  -11.090  -13.052  60.807 0.0000000000
60756  -11.335  -14.202  63.884 0.0000000000
60782  -11.073  -15.027  62.780 0.0000000000
59636  -10.349  -15.423  63.168 0.0000000000
59673  -11.355  -14.881  61.518 0.0000000000
146371  -11.104  -15.470  59.982 0.0000000000
58602  -10.573  -16.057  59.405 0.0000000000
58586  -9.102  -16.521  60.343 0.0000000000
58601  -9.419  -16.533  59.451 0.0000000000
148713  -9.867  -16.508  58.831 0.0000000000
138764  -9.193  -16.754  58.736 0.0000000000
58617  -8.680  -17.183  58.311 0.0000000000
57505  -8.049  -17.686  58.185 0.0000000000
59555  -6.968  -15.611  69.888 0.0000000000
59561  -6.741  -15.475  69.550 0.0000000000
56251  -5.248  -18.466  69.723 0.0000000000
57359  -5.981  -17.470  69.788 0.0000000000
57365  -5.606  -17.167  69.671 0.0000000000
59560  -6.227  -15.702  69.092 0.0000000000
60711  -6.293  -15.324  68.170 0.0000000000
60722  -6.225  -15.412  67.529 0.0000000000
59585  -5.729  -15.729  66.888 0.0000000000
59596  -5.824  -16.065  66.051 0.0000000000
58512  -5.087  -16.489  65.598 0.0000000000
59613  -5.863  -16.252  65.296 0.0000000000
58537  -6.072  -16.854  63.552 0.0000000000
56289  -5.362  -18.166  63.669 0.0000000000
58550  -6.222  -17.119  62.663 0.0000000000
58551  -6.741  -16.810  62.387 0.0000000000
58568  -6.529  -17.252  61.834 0.0000000000
58583  -6.789  -17.346  61.122 0.0000000000
58598  -7.059  -17.459  60.083 0.0000000000
56349  -6.520  -18.092  60.246 0.0000000000
57493  -7.162  -17.605  59.266 0.0000000000
57504  -7.387  -17.893  58.617 0.0000000000
57513  -7.712  -18.158  58.089 0.0000000000
56399  -7.445  -18.640  57.955 0.0000000000
54358  -6.950  -20.806  57.214 0.0000000000
54260  -19.263  -20.312  64.156 0.0000000000
56280  -5.008  -18.657  65.460 0.0000000000
56387  -26.583  -18.286  58.266 0.0000000000
57441  -5.963  -17.754  61.976 0.0000000000
58473  -5.871  -16.412  69.388 0.0000000000
58482  -5.466  -16.146  68.774 0.0000000000
58503  -4.893  -16.568  66.386 0.0000000000
59547  -9.530  -14.517  71.131 0.0000000000
59550  -9.059  -15.066  71.016 0.0000000000
59570  -5.883  -15.622  68.374 0.0000000000
59580  -5.745  -15.589  67.667 0.0000000000
59586  -6.238  -15.566  66.750 0.0000000000
59784  -6.784  -15.388  50.057 0.0000000000
60683  -9.099  -13.829  70.950 0.0000000000
60685  -10.057  -14.025  71.342 0.0000000000
60686  -11.520  -13.611  71.461 0.0000000000
60687  -12.381  -13.401  71.448 0.0000000000
60688  -8.104  -14.680  70.484 0.0000000000
60689  -8.605  -14.271  70.713 0.0000000000
60695  -7.826  -14.587  70.167 0.0000000000
60698  -14.795  -13.839  70.182 0.0000000000
60700  -7.235  -15.018  69.773 0.0000000000
60702  -15.748  -14.127  69.372 0.0000000000
60704  -6.737  -15.145  69.213 0.0000000000
60707  -16.811  -14.549  68.191 0.0000000000
60773  -26.121  -14.496  63.435 0.0000000000
60797  -25.967  -14.851  62.048 0.0000000000
60816  -25.945  -14.065  59.447 0.0000000000
60905  -6.683  -14.504  49.909 0.0000000000
61726  -9.808  -13.380  71.183 0.0000000000
61729  -12.831  -12.792  71.424 0.0000000000
61734  -13.720  -13.251  71.137 0.0000000000
61735  -14.319  -12.966  70.799 0.0000000000
61738  -8.068  -14.002  69.959 0.0000000000
61739  -8.661  -13.688  70.319 0.0000000000
61740  -15.162  -13.373  70.157 0.0000000000
61743  -7.845  -14.157  69.516 0.0000000000
61748  -7.853  -14.046  68.993 0.0000000000
61750  -16.591  -13.762  68.588 0.0000000000
61759  -16.853  -13.206  67.457 0.0000000000
61966  -9.240  -13.906  50.204 0.0000000000
62800  -10.022  -12.662  71.003 0.0000000000
62801  -11.283  -12.357  71.387 0.0000000000
62802  -12.787  -12.011  71.264 0.0000000000
62803  -9.138  -13.220  70.532 0.0000000000
62804  -9.671  -12.782  70.676 0.0000000000
62807  -8.881  -13.206  70.170 0.0000000000
62810  -14.847  -12.836  70.415 0.0000000000
62814  -10.179  -12.361  69.701 0.0000000000
62815  -15.476  -12.312  69.788 0.0000000000
62817  -8.981  -13.038  69.490 0.0000000000
62821  -16.318  -12.771  68.871 0.0000000000
62856  -25.218  -11.693  65.453 0.0000000000
62866  -25.590  -13.258  64.891 0.0000000000
62925  -25.522  -12.678  59.195 0.0000000000
63041  -12.467  -12.592  51.480 0.0000000000
63053  -12.257  -12.423  50.800 0.0000000000
63948  -11.267  -11.734  71.131 0.0000000000
63949  -11.590  -11.839  71.276 0.0000000000
63950  -10.300  -12.265  70.843 0.0000000000
63953  -13.101  -11.634  70.981 0.0000000000
63954  -13.727  -11.798  70.703 0.0000000000
63957  -11.223  -11.650  70.774 0.0000000000
63958  -14.202  -11.852  70.385 0.0000000000
63962  -15.131  -11.717  69.548 0.0000000000
63965  -12.922  -11.030  68.684 0.0000000000
63974  -15.871  -11.313  67.965 0.0000000000
64025  -25.801  -11.163  63.828 0.0000000000
65197  -12.248  -11.444  70.784 0.0000000000
65198  -13.078  -11.572  71.037 0.0000000000
65200  -13.744  -11.577  70.295 0.0000000000
65202  -13.224  -11.413  70.286 0.0000000000
65204  -12.778  -11.340  70.051 0.0000000000
65206  -13.796  -11.303  69.726 0.0000000000
65209  -12.058  -11.480  69.824 0.0000000000
65212  -14.381  -10.662  68.294 0.0000000000
65313  -6.599  -10.336  59.325 0.0000000000
65323  -6.681  -10.195  58.141 0.0000000000
65430  -5.857  -10.660  49.052 0.0000000000
66380  -14.801  -10.325  66.747 0.0000000000
66398  -27.121  -9.029  65.444 0.0000000000
66434  -14.877  -9.401  62.704 0.0000000000
66474  -26.745  -9.190  59.341 0.0000000000
66479  -6.269  -9.612  58.488 0.0000000000
66504  -6.620  -9.435  57.284 0.0000000000
66513  -37.110  -8.325  55.626 0.0000000000
66615  -10.609  -9.315  49.373 0.0000000000
66630  -6.428  -9.275  48.728 0.0000000000
67705  -13.858  -9.251  64.233 0.0000000000
67706  -14.394  -9.474  64.459 0.0000000000
67833  -36.940  -8.164  56.263 0.0000000000
67906  -11.484  -8.344  51.376 0.0000000000
68913  -32.928  -6.392  62.307 0.0000000000
68949  -34.968  -6.391  60.496 0.0000000000
68950  -36.099  -6.315  60.056 0.0000000000
68951  -36.896  -6.515  59.632 0.0000000000
68977  -5.479  -8.020  58.456 0.0000000000
68992  -38.436  -7.024  57.749 0.0000000000
69061  -9.183  -7.521  53.877 0.0000000000
70010  -39.138  -6.630  57.367 0.0000000000
70011  -39.470  -6.214  56.986 0.0000000000
70030  -38.664  -6.607  55.330 0.0000000000
70067  -10.870  -6.286  51.232 0.0000000000
71007  -36.682  -5.259  61.096 0.0000000000
71017  -38.029  -5.607  60.424 0.0000000000
71031  -38.207  -6.123  59.959 0.0000000000
71126  -37.077  -5.998  52.144 0.0000000000
72190  -10.100  -4.123  50.136 0.0000000000
73288  -34.484  -3.422  51.866 0.0000000000
74419  -39.607  -2.794  59.386 0.0000000000
74502  -5.967  -2.172  52.978 0.0000000000
74516  -7.593  -2.345  51.492 0.0000000000
75651  -36.367  -1.629  54.442 0.0000000000
135775  -9.161  -12.901  70.067 0.0000000000
138540  -13.342  -11.070  69.187 0.0000000000
138749  -14.431  -9.899  65.625 0.0000000000
139194  -26.386  -16.061  60.257 0.0000000000
139366  -10.929  -11.778  70.958 0.0000000000
139981  -11.898  -10.287  50.685 0.0000000000
143105  -28.466  -8.154  61.138 0.0000000000
145748  -11.977  -11.484  70.529 0.0000000000
146622  -8.519  -15.121  70.931 0.0000000000
148000  -10.957  -11.788  70.675 0.0000000000
149471  -16.486  -15.024  68.334 0.0000000000
150460  -10.780  -14.044  71.385 0.0000000000
150814  -39.726  -5.296  57.268 0.0000000000
151034  -5.024  -7.457  59.635 0.0000000000
151282  -39.994  -1.874  58.828 0.0000000000
151926  -12.073  -12.184  71.398 0.0000000000
152847  -14.243  -10.372  67.258 0.0000000000
154251  -6.304  -16.589  69.720 0.0000000000
154652  -39.739  -4.648  57.715 0.0000000000
156587  -10.753  -12.137  71.163 0.0000000000
158936  -6.386  -15.325  68.693 0.0000000000
159235  -38.155  -2.700  61.330 0.0000000000
159250  -15.124  -9.677  64.435 0.0000000000
159680  -11.575  -11.127  53.177 0.0000000000
159968  -6.920  -17.402  60.628 0.0000000000
160213  -10.036  -5.180  52.113 0.0000000000
160499  -33.306  -6.667  61.321 0.0000000000
160648  -8.823  -11.650  49.532 0.0000000000
160702  -6.676  -16.052  69.827 0.0000000000
160851  -5.500  -17.865  69.803 0.0000000000
160988  -15.350  -10.788  67.892 0.0000000000
162142  -25.628  -10.905  58.295 0.0000000000
163457  -13.964  -9.029  64.140 0.0000000000
163746  -13.128  -14.049  71.140 0.0000000000
163806  -11.657  -11.590  71.113 0.0000000000
