#!ascii label  , from subject sub-v2s16x51294_ses-1 vox2ras=TkReg
676
72868  17.081  -9.699  -18.689 0.0000000000
78457  25.210  -4.563  -25.808 0.0000000000
87771  25.211  4.061  -30.778 0.0000000000
84728  15.866  1.709  -25.471 0.0000000000
67238  19.346  -14.442  -16.648 0.0000000000
70574  22.519  -11.719  -18.528 0.0000000000
75133  19.518  -7.320  -22.821 0.0000000000
80698  16.546  -2.110  -24.182 0.0000000000
83794  25.500  0.066  -27.673 0.0000000000
85816  27.361  1.810  -35.301 0.0000000000
90816  24.239  7.557  -34.935 0.0000000000
69370  18.474  -12.359  -18.114 0.0000000000
68236  20.915  -13.158  -17.910 0.0000000000
70588  19.695  -11.665  -19.628 0.0000000000
80660  15.379  -2.604  -22.731 0.0000000000
137746  12.601  -0.354  -21.483 0.0000000000
159461  20.580  2.307  -28.341 0.0000000000
83799  20.498  0.220  -27.682 0.0000000000
165442  25.480  2.015  -28.846 0.0000000000
82874  26.722  -0.724  -32.820 0.0000000000
85810  24.865  1.458  -33.903 0.0000000000
94005  21.238  10.661  -33.269 0.0000000000
91810  22.265  8.709  -31.951 0.0000000000
150039  23.536  10.184  -35.956 0.0000000000
76286  22.398  -6.191  -24.248 0.0000000000
74050  23.537  -8.281  -23.191 0.0000000000
76282  25.852  -6.175  -23.936 0.0000000000
87757  21.868  4.853  -29.041 0.0000000000
80750  28.165  -2.535  -28.374 0.0000000000
75098  15.621  -7.024  -18.986 0.0000000000
74012  18.354  -8.429  -21.090 0.0000000000
161401  16.671  -5.689  -22.146 0.0000000000
77354  18.066  -4.990  -24.056 0.0000000000
79622  20.673  -3.690  -25.686 0.0000000000
83743  15.343  0.015  -24.101 0.0000000000
81781  20.800  -1.681  -26.805 0.0000000000
80728  25.584  -2.757  -27.113 0.0000000000
80765  27.965  -2.495  -31.020 0.0000000000
89816  22.468  7.015  -30.252 0.0000000000
88843  24.673  5.342  -32.568 0.0000000000
92906  23.369  8.560  -39.907 0.0000000000
89888  23.340  6.103  -38.482 0.0000000000
86823  23.384  3.597  -36.062 0.0000000000
87832  25.851  4.269  -35.947 0.0000000000
71799  21.553  -10.333  -21.310 0.0000000000
73975  16.269  -8.644  -17.433 0.0000000000
71753  16.576  -10.384  -16.919 0.0000000000
70577  17.534  -11.161  -18.067 0.0000000000
69385  18.808  -12.124  -18.695 0.0000000000
154851  18.477  -10.575  -19.548 0.0000000000
86772  24.644  3.763  -28.815 0.0000000000
85766  23.506  2.642  -28.011 0.0000000000
149288  25.442  2.912  -30.084 0.0000000000
84789  25.557  1.496  -31.753 0.0000000000
85804  24.878  2.177  -33.182 0.0000000000
94016  22.739  11.102  -34.713 0.0000000000
92860  23.550  10.166  -34.559 0.0000000000
148891  23.240  11.161  -36.210 0.0000000000
157514  23.438  -4.988  -24.648 0.0000000000
142019  24.102  -6.414  -24.421 0.0000000000
77347  25.400  -5.635  -24.907 0.0000000000
86773  19.378  3.817  -29.119 0.0000000000
160682  20.491  5.000  -29.409 0.0000000000
68212  17.724  -13.460  -16.288 0.0000000000
66250  18.660  -15.268  -15.427 0.0000000000
66248  20.461  -15.257  -15.130 0.0000000000
156954  20.954  -14.789  -15.436 0.0000000000
69366  22.015  -12.325  -18.175 0.0000000000
68209  22.252  -13.312  -16.370 0.0000000000
76237  16.383  -6.498  -20.949 0.0000000000
77317  15.455  -5.186  -21.232 0.0000000000
80682  15.671  -2.126  -23.349 0.0000000000
79594  16.051  -3.493  -22.969 0.0000000000
79605  17.280  -3.432  -24.303 0.0000000000
78462  19.277  -4.461  -25.146 0.0000000000
153295  18.205  -3.405  -25.265 0.0000000000
84703  13.747  1.395  -23.148 0.0000000000
83775  15.885  0.785  -25.254 0.0000000000
83796  23.285  0.641  -27.253 0.0000000000
82833  20.222  -0.641  -27.523 0.0000000000
82820  22.315  -0.715  -26.703 0.0000000000
81780  22.833  -1.488  -26.395 0.0000000000
81793  25.223  -1.169  -27.118 0.0000000000
81806  26.463  -2.042  -28.712 0.0000000000
82852  26.381  -1.063  -29.697 0.0000000000
83860  26.518  -0.100  -35.209 0.0000000000
156400  28.082  -1.336  -34.378 0.0000000000
164121  24.089  8.534  -32.712 0.0000000000
90788  22.778  8.070  -31.318 0.0000000000
90786  24.208  7.560  -31.835 0.0000000000
154207  24.485  6.354  -31.343 0.0000000000
89849  24.347  6.386  -33.734 0.0000000000
88883  23.906  5.092  -37.626 0.0000000000
88882  24.317  5.072  -37.575 0.0000000000
87833  24.845  3.882  -36.921 0.0000000000
74040  18.691  -7.680  -22.017 0.0000000000
72901  19.411  -8.897  -21.346 0.0000000000
72914  20.508  -8.898  -21.989 0.0000000000
75119  24.753  -7.976  -21.840 0.0000000000
72899  23.454  -9.606  -21.525 0.0000000000
68227  17.742  -12.916  -16.843 0.0000000000
68226  18.431  -13.423  -17.082 0.0000000000
67237  20.217  -14.308  -16.605 0.0000000000
68238  19.493  -13.199  -18.131 0.0000000000
144781  20.519  -12.737  -18.755 0.0000000000
140123  21.448  -11.749  -19.792 0.0000000000
80643  13.381  -2.425  -20.622 0.0000000000
81721  14.753  -1.475  -22.844 0.0000000000
81747  14.988  -1.114  -23.256 0.0000000000
83814  17.902  1.314  -28.082 0.0000000000
165166  17.652  0.157  -27.235 0.0000000000
84754  20.815  1.032  -27.759 0.0000000000
84752  22.700  1.363  -27.599 0.0000000000
83823  25.976  0.715  -29.166 0.0000000000
83822  26.167  -0.110  -29.933 0.0000000000
83838  25.828  0.709  -31.382 0.0000000000
83855  25.605  0.364  -33.965 0.0000000000
83864  25.630  0.656  -35.415 0.0000000000
94002  19.996  10.278  -32.188 0.0000000000
92848  22.081  9.787  -32.928 0.0000000000
92859  24.018  9.458  -34.111 0.0000000000
91847  24.074  8.399  -35.393 0.0000000000
76273  20.867  -6.677  -23.798 0.0000000000
74052  21.816  -7.807  -23.137 0.0000000000
75148  22.327  -7.367  -23.527 0.0000000000
75146  24.235  -7.760  -23.503 0.0000000000
84756  16.888  2.035  -27.301 0.0000000000
85770  18.924  2.362  -28.582 0.0000000000
86757  21.042  3.386  -28.568 0.0000000000
87756  23.603  4.828  -29.019 0.0000000000
68210  21.604  -13.635  -16.525 0.0000000000
79637  26.427  -3.896  -27.137 0.0000000000
79618  27.290  -3.921  -25.978 0.0000000000
74000  16.482  -8.237  -19.306 0.0000000000
72892  17.954  -8.880  -20.370 0.0000000000
74014  17.000  -7.905  -20.226 0.0000000000
162821  17.783  -7.330  -21.708 0.0000000000
75135  18.391  -6.858  -22.621 0.0000000000
78425  16.034  -4.168  -22.642 0.0000000000
77339  17.100  -4.994  -23.157 0.0000000000
77336  18.852  -6.152  -23.633 0.0000000000
77352  20.145  -5.470  -24.660 0.0000000000
78444  21.526  -4.893  -24.902 0.0000000000
78459  22.496  -3.943  -25.192 0.0000000000
83730  13.159  0.643  -22.294 0.0000000000
151472  15.792  -1.040  -24.202 0.0000000000
82822  17.392  -0.505  -26.317 0.0000000000
81783  17.602  -1.210  -25.997 0.0000000000
80734  18.825  -2.564  -26.330 0.0000000000
79644  20.159  -3.107  -26.145 0.0000000000
80714  22.832  -2.795  -25.726 0.0000000000
79639  25.502  -3.513  -26.697 0.0000000000
152925  26.875  -3.064  -27.958 0.0000000000
80764  28.400  -2.416  -30.383 0.0000000000
82867  27.447  -1.346  -32.356 0.0000000000
89800  22.636  6.279  -29.648 0.0000000000
88821  24.001  5.835  -29.891 0.0000000000
140917  24.917  4.681  -31.985 0.0000000000
138291  23.289  9.502  -37.910 0.0000000000
91848  23.426  7.972  -36.489 0.0000000000
90861  23.507  7.078  -39.623 0.0000000000
90825  23.102  6.282  -37.116 0.0000000000
89860  23.452  5.535  -35.826 0.0000000000
88865  23.833  4.557  -34.690 0.0000000000
86806  24.561  3.480  -33.319 0.0000000000
85818  24.207  2.077  -35.176 0.0000000000
137993  25.065  2.428  -36.168 0.0000000000
86821  26.428  3.409  -35.699 0.0000000000
71774  18.761  -9.967  -20.213 0.0000000000
71784  20.347  -10.487  -20.649 0.0000000000
70600  21.803  -11.292  -20.425 0.0000000000
72912  22.429  -9.330  -22.279 0.0000000000
71782  23.101  -10.274  -21.113 0.0000000000
72869  16.502  -9.220  -18.014 0.0000000000
144283  16.405  -9.556  -17.149 0.0000000000
71764  16.727  -9.972  -17.749 0.0000000000
71752  17.053  -10.618  -17.622 0.0000000000
71763  17.348  -10.432  -18.408 0.0000000000
70590  17.978  -10.955  -18.891 0.0000000000
71775  17.796  -10.133  -19.322 0.0000000000
163809  24.906  4.015  -29.436 0.0000000000
86771  25.195  3.406  -29.251 0.0000000000
86793  25.319  3.190  -31.163 0.0000000000
85797  25.302  2.301  -32.066 0.0000000000
95088  22.548  11.597  -35.509 0.0000000000
161380  24.363  -4.919  -25.017 0.0000000000
77364  25.241  -5.197  -25.383 0.0000000000
67239  18.489  -14.206  -16.441 0.0000000000
67226  18.349  -14.706  -15.815 0.0000000000
66261  19.003  -14.901  -16.092 0.0000000000
66249  19.565  -15.295  -15.505 0.0000000000
67225  19.663  -14.770  -16.151 0.0000000000
67224  20.324  -14.802  -15.826 0.0000000000
69354  22.332  -12.508  -17.411 0.0000000000
156849  22.620  -12.008  -17.825 0.0000000000
70566  23.264  -11.520  -17.867 0.0000000000
78400  15.000  -5.122  -20.371 0.0000000000
78412  15.029  -4.554  -21.170 0.0000000000
80681  16.272  -2.469  -23.650 0.0000000000
79606  16.782  -2.942  -23.973 0.0000000000
79604  17.802  -3.811  -24.626 0.0000000000
79625  17.586  -3.015  -24.917 0.0000000000
84713  15.250  1.856  -24.660 0.0000000000
149366  15.536  1.326  -24.951 0.0000000000
83795  24.494  0.558  -27.420 0.0000000000
82831  22.782  -0.003  -26.799 0.0000000000
82830  23.809  -0.101  -26.902 0.0000000000
82818  24.381  -0.961  -26.774 0.0000000000
82828  25.669  -0.866  -27.617 0.0000000000
82842  26.277  -1.235  -28.849 0.0000000000
82843  26.008  -0.497  -28.160 0.0000000000
84810  26.639  0.790  -35.509 0.0000000000
83859  27.508  -0.112  -35.340 0.0000000000
161970  24.413  8.188  -33.822 0.0000000000
91816  24.122  8.120  -32.345 0.0000000000
90808  24.386  7.332  -33.815 0.0000000000
90798  24.444  7.300  -32.674 0.0000000000
90837  24.662  6.405  -37.709 0.0000000000
89874  24.726  5.607  -37.376 0.0000000000
74039  19.192  -7.870  -22.173 0.0000000000
72915  19.634  -8.547  -21.843 0.0000000000
74038  20.023  -8.188  -22.370 0.0000000000
75118  25.457  -7.581  -21.241 0.0000000000
74021  24.915  -8.168  -21.116 0.0000000000
69371  17.753  -11.927  -17.729 0.0000000000
69357  17.428  -12.213  -16.935 0.0000000000
69356  18.092  -12.662  -17.447 0.0000000000
68239  18.795  -13.038  -17.850 0.0000000000
142347  19.178  -13.612  -17.572 0.0000000000
69384  19.408  -12.245  -19.061 0.0000000000
69383  20.166  -12.335  -19.302 0.0000000000
69382  20.958  -12.326  -19.303 0.0000000000
70587  20.581  -11.722  -19.901 0.0000000000
163296  13.001  -0.991  -21.479 0.0000000000
81722  14.698  -0.828  -23.072 0.0000000000
84766  19.443  1.612  -28.245 0.0000000000
84765  20.325  1.670  -28.125 0.0000000000
84764  21.241  1.838  -28.051 0.0000000000
85764  25.161  2.309  -28.502 0.0000000000
85753  23.309  1.909  -27.793 0.0000000000
84762  24.805  1.991  -28.069 0.0000000000
84750  24.711  1.428  -27.724 0.0000000000
84761  25.464  1.466  -28.416 0.0000000000
83830  25.946  0.761  -30.229 0.0000000000
84775  25.725  1.638  -29.454 0.0000000000
84795  25.243  1.511  -32.848 0.0000000000
83846  25.619  0.648  -32.690 0.0000000000
84803  25.045  0.819  -34.554 0.0000000000
83861  25.597  0.375  -34.907 0.0000000000
84811  24.937  0.888  -35.275 0.0000000000
94010  21.646  11.052  -33.683 0.0000000000
94006  20.627  10.870  -33.023 0.0000000000
92849  20.817  10.065  -32.724 0.0000000000
92853  22.315  10.276  -33.482 0.0000000000
92852  23.378  9.842  -33.732 0.0000000000
92869  24.154  9.411  -34.853 0.0000000000
92870  23.760  9.164  -35.862 0.0000000000
76287  21.428  -6.167  -24.296 0.0000000000
76272  21.878  -6.757  -23.896 0.0000000000
76271  22.835  -6.811  -23.913 0.0000000000
76283  25.286  -6.299  -24.380 0.0000000000
75160  24.070  -7.326  -24.076 0.0000000000
76270  25.424  -6.691  -23.641 0.0000000000
75130  24.987  -7.311  -23.218 0.0000000000
152513  16.614  2.790  -25.981 0.0000000000
85755  17.144  2.361  -27.956 0.0000000000
84768  17.681  2.053  -28.310 0.0000000000
85771  18.076  2.596  -28.633 0.0000000000
87747  20.457  3.943  -28.844 0.0000000000
87746  21.412  4.024  -28.725 0.0000000000
87744  23.147  4.200  -28.771 0.0000000000
150941  22.766  4.686  -28.888 0.0000000000
68224  20.430  -13.650  -17.373 0.0000000000
68211  20.924  -13.870  -16.759 0.0000000000
69336  22.801  -13.225  -15.902 0.0000000000
80741  27.532  -2.917  -27.778 0.0000000000
142418  15.827  -7.201  -18.372 0.0000000000
75097  16.203  -7.492  -19.603 0.0000000000
76250  16.891  -6.312  -21.780 0.0000000000
75121  17.194  -6.969  -21.396 0.0000000000
76249  17.575  -6.798  -22.080 0.0000000000
75136  18.228  -7.295  -22.127 0.0000000000
76262  17.263  -6.080  -22.424 0.0000000000
79580  15.085  -2.978  -22.242 0.0000000000
158809  15.478  -4.264  -21.982 0.0000000000
79579  15.493  -3.460  -22.433 0.0000000000
78434  17.304  -4.610  -23.572 0.0000000000
78435  16.645  -4.159  -23.245 0.0000000000
77355  17.740  -5.007  -23.736 0.0000000000
77338  17.631  -5.384  -23.400 0.0000000000
77337  18.164  -5.683  -23.610 0.0000000000
76289  19.475  -5.872  -24.166 0.0000000000
140421  18.669  -5.492  -24.100 0.0000000000
78461  20.257  -4.379  -25.372 0.0000000000
77365  20.681  -4.970  -25.064 0.0000000000
78460  21.114  -4.318  -25.304 0.0000000000
165743  21.849  -4.289  -25.110 0.0000000000
83744  15.055  0.378  -23.785 0.0000000000
82781  15.366  -0.725  -23.857 0.0000000000
82799  15.688  -0.349  -24.458 0.0000000000
82844  18.881  0.055  -27.756 0.0000000000
82836  17.755  -0.308  -27.068 0.0000000000
82835  18.471  -0.560  -27.385 0.0000000000
81795  20.326  -1.302  -27.187 0.0000000000
81797  18.783  -1.297  -27.198 0.0000000000
80744  19.176  -1.949  -26.895 0.0000000000
81782  18.301  -1.805  -26.434 0.0000000000
80733  19.682  -2.517  -26.521 0.0000000000
80732  20.516  -2.399  -26.505 0.0000000000
81779  23.992  -1.717  -26.368 0.0000000000
146232  23.317  -2.253  -26.068 0.0000000000
165662  24.116  -2.497  -26.056 0.0000000000
79640  24.613  -3.207  -26.019 0.0000000000
80729  24.854  -2.553  -26.442 0.0000000000
154427  26.033  -3.544  -27.389 0.0000000000
80742  26.189  -2.978  -27.678 0.0000000000
81814  27.131  -2.324  -29.810 0.0000000000
152654  27.406  -2.585  -29.372 0.0000000000
80759  27.690  -2.521  -30.115 0.0000000000
81823  28.822  -2.227  -31.431 0.0000000000
82868  26.664  -0.787  -31.657 0.0000000000
91811  21.020  9.011  -32.337 0.0000000000
90789  21.491  8.183  -31.463 0.0000000000
90773  23.216  7.395  -30.784 0.0000000000
90775  21.443  7.345  -30.699 0.0000000000
89801  21.538  6.486  -30.000 0.0000000000
165180  21.241  5.911  -29.729 0.0000000000
140930  24.628  6.099  -31.915 0.0000000000
89814  24.322  6.179  -30.650 0.0000000000
88834  24.751  5.574  -31.380 0.0000000000
88820  24.616  5.385  -30.368 0.0000000000
143330  23.233  9.544  -38.992 0.0000000000
146555  23.220  8.449  -37.929 0.0000000000
92894  23.177  8.442  -39.057 0.0000000000
161345  23.767  6.589  -39.149 0.0000000000
90860  23.886  7.156  -39.801 0.0000000000
90852  23.219  6.696  -38.843 0.0000000000
90839  22.969  6.367  -38.031 0.0000000000
89868  23.173  5.587  -36.898 0.0000000000
87849  23.640  4.380  -37.094 0.0000000000
87834  23.251  4.108  -36.365 0.0000000000
87819  23.337  4.038  -35.710 0.0000000000
87804  24.243  3.959  -34.033 0.0000000000
87818  23.785  3.642  -35.164 0.0000000000
86814  24.253  2.932  -34.516 0.0000000000
86822  23.861  2.932  -35.641 0.0000000000
159416  25.297  4.447  -36.585 0.0000000000
86829  25.530  3.240  -36.379 0.0000000000
143023  26.058  2.560  -35.971 0.0000000000
72881  18.154  -9.577  -20.016 0.0000000000
72891  18.576  -9.089  -20.627 0.0000000000
140439  20.163  -9.283  -21.499 0.0000000000
71801  19.886  -9.684  -20.972 0.0000000000
71800  20.696  -10.039  -21.138 0.0000000000
70601  21.176  -10.886  -20.818 0.0000000000
142839  21.947  -10.883  -20.958 0.0000000000
74051  22.696  -8.113  -23.208 0.0000000000
74037  21.888  -8.505  -22.677 0.0000000000
74036  22.950  -8.805  -22.787 0.0000000000
72889  23.750  -9.761  -20.710 0.0000000000
142269  23.411  -10.348  -20.258 0.0000000000
70576  18.217  -11.685  -18.464 0.0000000000
70589  18.813  -11.481  -19.201 0.0000000000
71773  19.216  -10.825  -19.882 0.0000000000
157289  22.629  2.766  -28.152 0.0000000000
85767  21.959  2.393  -28.106 0.0000000000
86754  24.178  3.338  -28.338 0.0000000000
86753  24.975  3.088  -28.549 0.0000000000
85781  25.453  2.559  -29.158 0.0000000000
84782  25.712  1.520  -30.626 0.0000000000
85790  25.526  2.275  -30.950 0.0000000000
94017  21.981  11.469  -34.083 0.0000000000
94009  22.579  10.680  -34.076 0.0000000000
94027  23.378  10.727  -35.290 0.0000000000
142503  22.928  -5.527  -24.433 0.0000000000
154502  23.313  -6.250  -24.262 0.0000000000
77349  23.842  -5.652  -24.536 0.0000000000
77348  24.709  -5.844  -24.748 0.0000000000
77346  26.016  -5.663  -24.566 0.0000000000
87759  19.928  4.640  -29.391 0.0000000000
87758  20.854  4.638  -29.105 0.0000000000
68213  17.206  -12.970  -15.661 0.0000000000
68202  17.221  -13.295  -15.117 0.0000000000
157913  17.475  -13.604  -15.634 0.0000000000
67227  17.476  -14.017  -15.186 0.0000000000
66231  20.776  -15.618  -14.332 0.0000000000
66247  21.241  -15.065  -14.844 0.0000000000
69355  21.613  -12.855  -17.690 0.0000000000
68222  21.989  -13.102  -16.991 0.0000000000
76226  15.408  -6.245  -19.271 0.0000000000
75110  15.875  -6.738  -19.929 0.0000000000
76238  15.502  -5.891  -20.388 0.0000000000
76251  16.169  -5.750  -21.461 0.0000000000
77329  16.090  -4.963  -22.131 0.0000000000
163735  15.711  -3.082  -22.800 0.0000000000
148833  15.941  -2.828  -23.156 0.0000000000
78448  16.999  -3.815  -23.794 0.0000000000
78447  17.569  -4.328  -24.070 0.0000000000
78445  18.570  -4.813  -24.517 0.0000000000
78463  18.420  -4.126  -24.919 0.0000000000
79623  19.760  -3.767  -25.692 0.0000000000
84702  15.043  1.749  -24.305 0.0000000000
83758  15.619  0.418  -24.712 0.0000000000
83798  21.588  0.347  -27.378 0.0000000000
82832  21.089  -0.218  -27.376 0.0000000000
137881  21.899  -0.079  -27.028 0.0000000000
82821  21.538  -0.656  -26.947 0.0000000000
154146  21.707  -1.393  -26.636 0.0000000000
81778  25.042  -1.805  -26.786 0.0000000000
81791  26.385  -2.424  -28.151 0.0000000000
81815  26.637  -1.987  -29.417 0.0000000000
81825  26.773  -1.865  -30.304 0.0000000000
82883  26.797  -0.656  -34.008 0.0000000000
82873  27.482  -1.061  -33.636 0.0000000000
82889  27.444  -0.846  -35.258 0.0000000000
82888  28.363  -0.778  -35.359 0.0000000000
91817  23.725  8.740  -32.400 0.0000000000
91809  23.291  8.496  -31.805 0.0000000000
160817  23.834  8.150  -31.926 0.0000000000
90787  23.656  7.787  -31.436 0.0000000000
89831  24.100  6.989  -31.120 0.0000000000
89830  24.506  6.827  -31.848 0.0000000000
89840  24.565  6.275  -32.680 0.0000000000
89887  23.793  6.016  -38.546 0.0000000000
88891  23.584  5.634  -38.063 0.0000000000
89875  24.115  5.635  -38.093 0.0000000000
87848  24.229  4.419  -37.353 0.0000000000
86834  23.960  3.694  -36.998 0.0000000000
88875  24.891  4.775  -37.097 0.0000000000
74025  18.616  -8.061  -21.618 0.0000000000
72902  18.855  -8.626  -21.242 0.0000000000
74024  19.013  -8.245  -21.726 0.0000000000
155448  21.069  -9.622  -21.660 0.0000000000
74034  24.204  -8.443  -22.301 0.0000000000
74035  23.618  -8.716  -22.623 0.0000000000
74022  24.409  -8.579  -21.506 0.0000000000
72898  24.108  -9.182  -21.139 0.0000000000
69346  17.279  -12.604  -16.246 0.0000000000
67248  18.996  -14.029  -17.072 0.0000000000
67247  19.662  -13.974  -17.192 0.0000000000
68225  19.802  -13.562  -17.716 0.0000000000
68237  20.240  -13.193  -18.178 0.0000000000
69369  19.140  -12.683  -18.479 0.0000000000
69368  19.826  -12.788  -18.710 0.0000000000
163802  20.726  -12.960  -18.351 0.0000000000
69367  21.213  -12.668  -18.489 0.0000000000
70575  21.755  -12.052  -19.002 0.0000000000
80661  14.924  -2.186  -22.573 0.0000000000
81720  15.100  -1.814  -23.025 0.0000000000
81746  15.476  -1.406  -23.601 0.0000000000
83802  17.025  1.115  -27.022 0.0000000000
83787  16.625  0.695  -26.262 0.0000000000
83813  18.386  0.774  -27.882 0.0000000000
83811  19.983  0.909  -27.865 0.0000000000
85754  22.674  2.129  -27.953 0.0000000000
84753  21.685  1.064  -27.608 0.0000000000
144180  21.133  0.454  -27.564 0.0000000000
83797  22.303  0.562  -27.294 0.0000000000
84749  25.315  0.845  -27.809 0.0000000000
83810  25.801  0.444  -28.279 0.0000000000
83809  26.082  -0.267  -29.005 0.0000000000
83829  26.160  -0.055  -30.962 0.0000000000
83837  26.151  -0.080  -32.108 0.0000000000
83845  26.100  -0.176  -33.351 0.0000000000
83854  26.209  -0.208  -34.472 0.0000000000
91818  22.856  9.116  -32.351 0.0000000000
92847  23.159  9.430  -32.992 0.0000000000
91826  24.055  8.968  -33.298 0.0000000000
91835  24.325  8.726  -34.356 0.0000000000
75150  20.408  -7.154  -23.306 0.0000000000
75132  20.815  -7.814  -22.859 0.0000000000
75149  21.353  -7.258  -23.411 0.0000000000
76285  23.696  -6.946  -24.191 0.0000000000
75147  23.333  -7.530  -23.677 0.0000000000
75131  24.580  -7.873  -22.715 0.0000000000
84743  16.539  1.577  -26.561 0.0000000000
84755  17.388  1.586  -27.730 0.0000000000
84767  18.487  1.627  -28.307 0.0000000000
85769  19.808  2.339  -28.465 0.0000000000
86759  19.250  3.026  -28.755 0.0000000000
86758  20.241  3.067  -28.628 0.0000000000
86756  21.950  3.261  -28.375 0.0000000000
86755  23.101  3.468  -28.448 0.0000000000
87743  23.901  4.036  -28.711 0.0000000000
86784  24.911  4.560  -30.016 0.0000000000
67236  21.118  -14.288  -16.059 0.0000000000
78468  26.108  -4.239  -26.644 0.0000000000
78456  25.754  -4.621  -25.974 0.0000000000
149356  27.043  -3.821  -26.886 0.0000000000
73986  16.246  -8.443  -18.365 0.0000000000
72882  16.722  -9.003  -19.034 0.0000000000
152090  17.488  -9.338  -19.576 0.0000000000
73999  17.266  -8.593  -19.879 0.0000000000
74013  17.740  -8.224  -20.762 0.0000000000
75109  16.697  -7.222  -20.564 0.0000000000
160571  17.474  -7.605  -21.088 0.0000000000
75120  18.162  -7.814  -21.515 0.0000000000
162902  18.466  -7.767  -21.770 0.0000000000
163760  18.529  -7.313  -22.286 0.0000000000
75151  18.816  -6.852  -22.864 0.0000000000
162755  15.486  -4.717  -21.644 0.0000000000
78424  16.571  -4.706  -22.808 0.0000000000
77328  16.886  -5.353  -22.654 0.0000000000
77327  17.475  -5.765  -22.956 0.0000000000
76275  18.485  -6.417  -23.150 0.0000000000
159014  19.021  -6.672  -23.175 0.0000000000
76274  19.746  -6.581  -23.593 0.0000000000
76288  20.435  -6.093  -24.249 0.0000000000
77353  19.312  -5.204  -24.610 0.0000000000
77351  21.038  -5.548  -24.671 0.0000000000
77350  21.973  -5.514  -24.548 0.0000000000
78443  22.517  -4.742  -24.754 0.0000000000
78458  23.411  -4.301  -25.018 0.0000000000
79619  24.288  -3.891  -25.492 0.0000000000
83731  12.226  1.023  -21.592 0.0000000000
83729  14.718  -0.327  -23.317 0.0000000000
82782  14.963  -0.444  -23.483 0.0000000000
81763  16.285  -1.368  -24.453 0.0000000000
83786  17.233  0.239  -26.754 0.0000000000
82823  16.820  -0.035  -25.889 0.0000000000
82813  15.961  0.009  -25.004 0.0000000000
82834  19.292  -0.669  -27.584 0.0000000000
81798  18.037  -0.983  -26.778 0.0000000000
82811  17.007  -0.725  -25.562 0.0000000000
81772  16.587  -1.044  -24.994 0.0000000000
81771  17.177  -1.440  -25.310 0.0000000000
80716  17.385  -2.194  -25.118 0.0000000000
79646  18.653  -3.099  -25.828 0.0000000000
79645  19.316  -3.151  -26.077 0.0000000000
79643  21.031  -2.960  -26.013 0.0000000000
80731  21.362  -2.235  -26.383 0.0000000000
79642  21.909  -2.791  -25.834 0.0000000000
79621  22.412  -3.314  -25.519 0.0000000000
79620  23.219  -3.515  -25.408 0.0000000000
78470  25.155  -4.003  -26.153 0.0000000000
79638  26.120  -3.910  -27.099 0.0000000000
79657  26.452  -3.544  -27.554 0.0000000000
80751  27.405  -2.704  -28.617 0.0000000000
80752  26.873  -2.601  -28.772 0.0000000000
145896  28.094  -2.550  -29.363 0.0000000000
82860  26.456  -0.939  -30.631 0.0000000000
81837  26.969  -1.747  -31.238 0.0000000000
81845  28.154  -1.540  -33.425 0.0000000000
81835  28.447  -1.937  -31.988 0.0000000000
88807  21.006  5.361  -29.484 0.0000000000
88806  22.843  5.456  -29.193 0.0000000000
89815  23.525  6.605  -30.157 0.0000000000
89799  23.381  6.006  -29.530 0.0000000000
88804  24.274  5.154  -29.560 0.0000000000
87781  25.042  4.753  -31.002 0.0000000000
86794  25.099  3.965  -31.630 0.0000000000
95099  22.985  11.480  -37.351 0.0000000000
94036  23.406  10.459  -36.958 0.0000000000
94045  23.176  10.546  -38.092 0.0000000000
92882  23.438  9.391  -36.843 0.0000000000
90824  23.528  7.272  -36.141 0.0000000000
91885  23.378  7.708  -39.803 0.0000000000
91875  23.100  7.485  -39.033 0.0000000000
164038  23.218  7.015  -37.165 0.0000000000
89859  24.022  6.431  -34.867 0.0000000000
146928  23.859  5.485  -34.765 0.0000000000
88876  23.305  4.852  -36.630 0.0000000000
88866  23.399  4.688  -35.714 0.0000000000
139691  24.348  4.743  -33.580 0.0000000000
87792  24.624  4.370  -32.966 0.0000000000
165041  24.830  3.902  -32.461 0.0000000000
85805  24.597  2.704  -33.552 0.0000000000
85811  24.415  1.998  -34.266 0.0000000000
84804  24.519  1.338  -34.882 0.0000000000
86830  24.466  3.094  -36.545 0.0000000000
85823  24.278  2.424  -35.847 0.0000000000
84815  24.565  1.523  -35.442 0.0000000000
85821  25.462  1.758  -35.830 0.0000000000
85817  26.385  1.793  -35.618 0.0000000000
148504  26.881  2.641  -35.441 0.0000000000
88864  26.305  5.342  -34.855 0.0000000000
87817  26.617  4.330  -34.862 0.0000000000
86813  27.052  3.524  -34.743 0.0000000000
86820  27.490  2.812  -34.576 0.0000000000
159496  18.297  -10.076  -19.772 0.0000000000
72890  19.188  -9.355  -20.797 0.0000000000
71785  19.564  -10.212  -20.455 0.0000000000
70603  20.010  -11.007  -20.166 0.0000000000
158858  21.123  -11.391  -20.333 0.0000000000
143912  22.372  -11.414  -19.567 0.0000000000
146459  20.927  -8.515  -22.405 0.0000000000
72913  21.479  -9.167  -22.161 0.0000000000
72900  21.987  -9.873  -21.796 0.0000000000
72911  23.187  -9.311  -22.245 0.0000000000
71797  22.785  -9.900  -21.787 0.0000000000
71798  22.382  -10.432  -21.282 0.0000000000
71783  22.629  -10.874  -20.542 0.0000000000
70586  23.185  -10.829  -19.641 0.0000000000
70573  23.172  -11.164  -18.805 0.0000000000
77363  25.810  -5.168  -25.402 0.0000000000
78442  26.462  -5.019  -25.130 0.0000000000
68223  21.264  -13.415  -17.226 0.0000000000
70602  20.672  -11.128  -20.393 0.0000000000
74023  23.832  -9.004  -21.920 0.0000000000
74049  24.077  -8.313  -22.962 0.0000000000
75134  18.795  -7.335  -22.432 0.0000000000
75145  24.702  -7.036  -24.012 0.0000000000
76261  17.853  -6.523  -22.603 0.0000000000
76276  17.968  -6.167  -23.124 0.0000000000
76284  24.623  -6.533  -24.402 0.0000000000
77366  19.942  -4.954  -25.059 0.0000000000
78446  18.029  -4.440  -24.415 0.0000000000
78455  26.193  -4.624  -25.953 0.0000000000
78467  26.585  -4.208  -26.481 0.0000000000
78469  25.751  -4.228  -26.490 0.0000000000
79593  16.464  -3.285  -23.473 0.0000000000
79624  18.908  -3.700  -25.539 0.0000000000
79641  23.759  -2.985  -25.722 0.0000000000
79656  26.847  -3.550  -27.513 0.0000000000
80697  17.064  -2.565  -24.503 0.0000000000
80699  16.029  -1.712  -23.890 0.0000000000
80715  18.071  -2.572  -25.674 0.0000000000
80717  16.831  -1.759  -24.723 0.0000000000
80730  22.301  -2.143  -26.191 0.0000000000
80743  20.028  -1.877  -26.931 0.0000000000
81792  25.728  -1.972  -27.578 0.0000000000
81794  20.929  -0.984  -27.132 0.0000000000
81796  19.636  -1.324  -27.301 0.0000000000
81807  26.139  -1.491  -28.151 0.0000000000
81824  27.348  -2.306  -30.709 0.0000000000
82812  16.432  -0.341  -25.251 0.0000000000
82819  23.328  -0.805  -26.614 0.0000000000
82829  24.884  -0.390  -27.210 0.0000000000
82845  18.125  0.115  -27.514 0.0000000000
82881  28.258  -1.177  -35.084 0.0000000000
82882  27.451  -1.066  -34.826 0.0000000000
82890  26.879  -0.696  -34.932 0.0000000000
83774  16.306  0.368  -25.540 0.0000000000
83800  19.685  0.066  -27.783 0.0000000000
83801  17.657  0.729  -27.503 0.0000000000
83812  19.147  0.832  -27.953 0.0000000000
84701  15.338  0.939  -24.364 0.0000000000
84727  16.185  1.150  -25.854 0.0000000000
84751  23.766  1.336  -27.559 0.0000000000
84763  22.047  1.773  -27.855 0.0000000000
84814  25.042  1.123  -35.634 0.0000000000
85727  16.233  2.035  -26.049 0.0000000000
85745  16.710  2.538  -26.738 0.0000000000
85752  24.099  2.027  -27.779 0.0000000000
85765  24.492  2.615  -28.121 0.0000000000
85768  21.179  2.687  -28.345 0.0000000000
85822  24.778  1.777  -35.755 0.0000000000
86783  25.218  3.713  -30.112 0.0000000000
86805  24.928  3.090  -32.473 0.0000000000
86831  23.744  3.224  -36.356 0.0000000000
86835  23.450  3.776  -36.610 0.0000000000
87745  22.368  4.060  -28.714 0.0000000000
87755  24.415  4.449  -29.173 0.0000000000
88805  23.655  5.502  -29.355 0.0000000000
88854  24.313  5.475  -33.657 0.0000000000
88884  23.477  5.232  -37.406 0.0000000000
89867  23.517  6.426  -35.961 0.0000000000
89876  23.188  5.810  -37.766 0.0000000000
90774  22.307  7.622  -30.858 0.0000000000
90870  23.746  7.447  -39.991 0.0000000000
91863  23.036  7.388  -37.875 0.0000000000
91884  23.955  7.581  -40.116 0.0000000000
140051  24.322  8.149  -33.020 0.0000000000
140170  16.107  -0.675  -24.714 0.0000000000
142584  23.350  8.490  -36.931 0.0000000000
146417  21.863  5.727  -29.493 0.0000000000
146491  18.526  3.004  -28.811 0.0000000000
150877  25.607  2.196  -30.032 0.0000000000
151148  25.275  0.967  -33.598 0.0000000000
152098  21.638  -3.599  -25.505 0.0000000000
159207  25.692  1.098  -35.674 0.0000000000
163156  17.841  -14.184  -15.805 0.0000000000
163444  26.645  -2.965  -27.960 0.0000000000
163975  17.696  -1.851  -25.712 0.0000000000
164055  24.244  -6.920  -24.290 0.0000000000
164195  23.820  10.009  -35.198 0.0000000000
