#Insight Transform File V1.0
#Transform 0
Transform: AffineTransform_float_3_3
Parameters: 0.999999 0.000685122 -0.000265447 -0.00068576 0.999998 -0.00200498 0.000263598 0.00200534 0.999998 -0.0583436 -0.0960328 -0.286764
FixedParameters: 0 0 0

#Transform 1
Transform: AffineTransform_float_3_3
Parameters: 0.999999 0.0006568 -0.00031079 -0.00065728 0.999998 -0.00214133 0.00030978 0.00214097 0.999998 -0.0771071 -0.110154 -0.33828
FixedParameters: 0 0 0

#Transform 2
Transform: AffineTransform_float_3_3
Parameters: 0.999999 0.000834304 -0.0003951 -0.000835388 0.999996 -0.00245113 0.000392808 0.00245179 0.999997 -0.0929492 -0.104167 -0.318984
FixedParameters: 0 0 0

#Transform 3
Transform: AffineTransform_float_3_3
Parameters: 0.999999 0.000820752 -0.000389182 -0.000821767 0.999995 -0.0029465 0.000387045 0.00294637 0.999995 -0.0930469 -0.148401 -0.278694
FixedParameters: 0 0 0

#Transform 4
Transform: AffineTransform_float_3_3
Parameters: 1 0.000565449 -0.000408052 -0.000565851 0.999998 -0.00212524 0.000406121 0.00212493 0.999998 -0.115399 -0.101848 -0.276071
FixedParameters: 0 0 0

#Transform 5
Transform: AffineTransform_float_3_3
Parameters: 1 0.00047318 0.000278366 -0.000472485 0.999997 -0.00211162 -0.000279038 0.00211136 0.999997 -0.123821 -0.106788 -0.230861
FixedParameters: 0 0 0

#Transform 6
Transform: AffineTransform_float_3_3
Parameters: 1 0.0004825 -1.93044e-05 -0.000482164 0.999997 -0.0023027 1.79793e-05 0.00230272 0.999998 -0.114679 -0.100642 -0.246374
FixedParameters: 0 0 0

#Transform 7
Transform: AffineTransform_float_3_3
Parameters: 1 0.000382592 -2.6059e-05 -0.000383597 0.999999 -0.00189274 2.50292e-05 0.0018934 0.999998 -0.0894384 -0.0874321 -0.254122
FixedParameters: 0 0 0

#Transform 8
Transform: AffineTransform_float_3_3
Parameters: 1 0.000554748 -0.000262464 -0.000555418 0.999997 -0.00208682 0.000261046 0.00208712 0.999998 -0.109293 -0.107824 -0.273673
FixedParameters: 0 0 0

#Transform 9
Transform: AffineTransform_float_3_3
Parameters: 0.999999 0.000744974 -0.000352723 -0.000745795 0.999997 -0.00237004 0.000350991 0.00237057 0.999997 -0.128848 -0.0996892 -0.250249
FixedParameters: 0 0 0

#Transform 10
Transform: AffineTransform_float_3_3
Parameters: 1 0.000323739 -0.000152842 -0.000324126 0.999999 -0.00126352 0.00015202 0.00126362 0.999999 -0.108728 -0.0727678 -0.186988
FixedParameters: 0 0 0

#Transform 11
Transform: AffineTransform_float_3_3
Parameters: 1 0.000323582 -0.000152807 -0.000323999 0.999999 -0.00136252 0.000151922 0.00136262 0.999999 -0.0914721 -0.0828474 -0.209636
FixedParameters: 0 0 0

#Transform 12
Transform: AffineTransform_float_3_3
Parameters: 1 0.000312026 -0.000176215 -0.000312181 0.999998 -0.00164551 0.00017609 0.00164562 0.999998 -0.0514764 -0.07071 -0.0837423
FixedParameters: 0 0 0

#Transform 13
Transform: AffineTransform_float_3_3
Parameters: 1 0.000292837 -0.000218916 -0.000293321 1 -0.0011035 0.000218266 0.00110363 1 -0.0451544 -0.0545627 -0.142419
FixedParameters: 0 0 0

#Transform 14
Transform: AffineTransform_float_3_3
Parameters: 1 0.00046802 -0.000127791 -0.00046821 0.999999 -0.000743695 0.000127095 0.000743815 0.999999 -0.0568474 -0.0280579 -0.18546
FixedParameters: 0 0 0

#Transform 15
Transform: AffineTransform_float_3_3
Parameters: 1 0.00040404 1.51867e-05 -0.000404927 1 -0.000630756 -1.52707e-05 0.00063138 0.999999 -0.0547913 -0.0632259 -0.169122
FixedParameters: 0 0 0

#Transform 16
Transform: AffineTransform_float_3_3
Parameters: 1 0.000149879 -3.29879e-05 -0.000149893 1 -0.000220232 3.29218e-05 0.000220242 1 -0.0259444 -0.0294729 -0.164031
FixedParameters: 0 0 0

#Transform 17
Transform: AffineTransform_float_3_3
Parameters: 1 6.19617e-05 -7.78334e-05 -6.20379e-05 1 -0.000490137 7.77726e-05 0.000490146 1 -0.00990248 -0.0465137 -0.155202
FixedParameters: 0 0 0

#Transform 18
Transform: AffineTransform_float_3_3
Parameters: 1 0.000339646 -0.000122395 -0.000339735 1 -0.000366526 0.000122146 0.00036661 1 -0.00973537 -0.045978 -0.131214
FixedParameters: 0 0 0

#Transform 19
Transform: AffineTransform_float_3_3
Parameters: 1 0.000174701 -4.46228e-05 -0.000174697 1 4.77282e-05 4.46394e-05 -4.77126e-05 1 -0.00930311 -0.0330336 -0.106516
FixedParameters: 0 0 0

#Transform 20
Transform: AffineTransform_float_3_3
Parameters: 1 0.000266903 -8.80231e-05 -0.000266905 1 -1.34171e-05 8.8016e-05 1.34641e-05 1 -0.009815 0.017962 0.0266153
FixedParameters: 0 0 0

#Transform 21
Transform: AffineTransform_float_3_3
Parameters: 1 -5.63531e-06 -2.60788e-05 5.66795e-06 1 0.000625991 2.60718e-05 -0.000625991 1 0.0316577 0.0209787 -0.0258754
FixedParameters: 0 0 0

#Transform 22
Transform: AffineTransform_float_3_3
Parameters: 1 -0.000217545 0.000276654 0.000217012 1 0.000961173 -0.000277071 -0.000961823 0.999999 0.0345842 0.00531954 -0.0183093
FixedParameters: 0 0 0

#Transform 23
Transform: AffineTransform_float_3_3
Parameters: 0.999999 -0.000441999 -0.00061693 0.000443756 0.999996 0.00290033 0.000615199 -0.00290011 0.999996 0.0144911 0.10678 -0.0375612
FixedParameters: 0 0 0

#Transform 24
Transform: AffineTransform_float_3_3
Parameters: 1 -3.81719e-05 7.75722e-05 3.80262e-05 0.999999 0.00093911 -7.76437e-05 -0.000939104 0.999999 0.0269842 0.0578565 -0.0554793
FixedParameters: 0 0 0

#Transform 25
Transform: AffineTransform_float_3_3
Parameters: 1 -5.21701e-05 0.000476338 5.22768e-05 0.999999 0.000837421 -0.000476851 -0.00083737 0.999999 0.0118693 0.00153883 -0.0321282
FixedParameters: 0 0 0

#Transform 26
Transform: AffineTransform_float_3_3
Parameters: 1 -9.55488e-05 0.000535145 9.48571e-05 0.999999 0.00148955 -0.000535857 -0.00148945 0.999998 0.00678689 0.0203485 -0.0739691
FixedParameters: 0 0 0

#Transform 27
Transform: AffineTransform_float_3_3
Parameters: 1 -4.83147e-05 0.000260159 4.77378e-05 0.999999 0.00110844 -0.000260269 -0.00110905 1 0.00980144 0.0352375 -0.0818278
FixedParameters: 0 0 0

#Transform 28
Transform: AffineTransform_float_3_3
Parameters: 1 5.02454e-05 -8.87255e-05 -5.00038e-05 0.999999 0.00136787 8.88598e-05 -0.00136787 0.999999 -0.00528001 0.0335612 -0.0495573
FixedParameters: 0 0 0

#Transform 29
Transform: AffineTransform_float_3_3
Parameters: 1 9.77792e-05 0.000155155 -9.80938e-05 1 0.00100995 -0.00015496 -0.00100998 1 0.00661154 0.0236917 -0.077953
FixedParameters: 0 0 0

#Transform 30
Transform: AffineTransform_float_3_3
Parameters: 1 -3.25422e-05 4.61906e-05 3.24283e-05 1 0.00121708 -4.62725e-05 -0.00121708 1 0.0132045 0.0272621 -0.0311204
FixedParameters: 0 0 0

#Transform 31
Transform: AffineTransform_float_3_3
Parameters: 1 2.2986e-05 0.000277501 -2.27734e-05 0.999999 0.00124633 -0.000277873 -0.00124698 1 0.0143416 0.044687 -0.0193856
FixedParameters: 0 0 0

#Transform 32
Transform: AffineTransform_float_3_3
Parameters: 1 0.000123907 -2.72131e-05 -0.000123849 1 0.00109681 2.7482e-05 -0.0010968 1 0.0284069 0.0181444 -0.0383427
FixedParameters: 0 0 0

#Transform 33
Transform: AffineTransform_float_3_3
Parameters: 1 4.96595e-05 -0.000129335 -4.97785e-05 1 0.00119485 0.000128547 -0.00119484 1 0.0228519 0.0235097 -0.0543389
FixedParameters: 0 0 0

#Transform 34
Transform: AffineTransform_float_3_3
Parameters: 1 5.39683e-05 -0.000209693 -5.32225e-05 0.999999 0.0017838 0.000209878 -0.00178377 0.999999 0.0410161 0.0118866 -0.0449371
FixedParameters: 0 0 0

#Transform 35
Transform: AffineTransform_float_3_3
Parameters: 1 0.00010788 -0.000237451 -0.000107686 1 0.000408712 0.000237539 -0.000408661 1 0.00572765 -0.00974123 -0.109453
FixedParameters: 0 0 0

#Transform 36
Transform: AffineTransform_float_3_3
Parameters: 0.999999 0.000469136 -0.00064509 -0.000469035 0.999999 7.73799e-05 0.000645162 -7.74121e-05 1 -0.0107998 0.00939407 -0.101803
FixedParameters: 0 0 0

#Transform 37
Transform: AffineTransform_float_3_3
Parameters: 1 0.000354914 -0.000371123 -0.000354855 0.999999 0.000653375 0.000370682 -0.000653113 0.999999 0.00312444 0.0284822 -0.0924128
FixedParameters: 0 0 0

#Transform 38
Transform: AffineTransform_float_3_3
Parameters: 1 0.000273135 -0.000547849 -0.000272218 0.999999 0.00122557 0.000547609 -0.00122591 1 0.00672857 0.0478042 -0.0196465
FixedParameters: 0 0 0

#Transform 39
Transform: AffineTransform_float_3_3
Parameters: 1 0.000273606 -0.000547943 -0.000272428 0.999999 0.00146439 0.000547835 -0.00146409 0.999999 0.000658077 0.0256891 0.023043
FixedParameters: 0 0 0

#Transform 40
Transform: AffineTransform_float_3_3
Parameters: 1 0.000797748 -0.000709269 -0.000797461 1 -9.92549e-05 0.000710018 9.89802e-05 1 -0.0155524 -0.00127617 -0.0543506
FixedParameters: 0 0 0

#Transform 41
Transform: AffineTransform_float_3_3
Parameters: 1 0.000272421 -0.000547462 -0.0002714 0.999999 0.00132339 0.000547274 -0.0013231 0.999999 -0.0206629 0.0560668 -0.00597318
FixedParameters: 0 0 0

#Transform 42
Transform: AffineTransform_float_3_3
Parameters: 1 0.000312033 -0.000565841 -0.000310577 0.999998 0.00166435 0.00056597 -0.001664 0.999998 -0.0188182 0.0589914 -0.03673
FixedParameters: 0 0 0

#Transform 43
Transform: AffineTransform_float_3_3
Parameters: 1 0.000492844 -0.000470452 -0.000491997 0.999998 0.00180821 0.000470418 -0.00180775 0.999999 -0.0138543 0.0616741 -0.00980856
FixedParameters: 0 0 0

#Transform 44
Transform: AffineTransform_float_3_3
Parameters: 1 0.000511105 -0.000180008 -0.000511035 0.999999 0.00138024 0.000180511 -0.00138006 0.999999 -0.00816212 0.0499796 -0.045176
FixedParameters: 0 0 0

#Transform 45
Transform: AffineTransform_float_3_3
Parameters: 1 0.000379692 -0.00059792 -0.000378815 1 0.00109128 0.00059784 -0.00109083 0.999999 0.00372955 0.0581115 -0.037286
FixedParameters: 0 0 0

#Transform 46
Transform: AffineTransform_float_3_3
Parameters: 1 0.000269594 -0.000545927 -0.000269042 0.999999 0.0017254 0.000546372 -0.00172511 0.999999 0.0296014 0.0617489 0.000767053
FixedParameters: 0 0 0

#Transform 47
Transform: AffineTransform_float_3_3
Parameters: 1 4.92365e-05 -0.000665565 -4.75321e-05 0.999998 0.00228352 0.000665299 -0.00228346 0.999997 0.0472881 0.0612727 0.0210067
FixedParameters: 0 0 0

#Transform 48
Transform: AffineTransform_float_3_3
Parameters: 1 0.000269568 -0.000545922 -0.00026903 0.999999 0.00171158 0.000546359 -0.00171192 0.999999 0.0425153 0.052584 -0.0256799
FixedParameters: 0 0 0

#Transform 49
Transform: AffineTransform_float_3_3
Parameters: 1 0.000338886 -0.000578518 -0.000338472 0.999999 0.00150832 0.000579058 -0.00150793 0.999998 0.0456242 0.0622352 -0.00995482
FixedParameters: 0 0 0

#Transform 50
Transform: AffineTransform_float_3_3
Parameters: 0.999999 0.000165302 -0.00076871 -0.000163936 0.999999 0.00175538 0.000768803 -0.00175513 0.999998 0.0396983 0.0499139 -0.0463582
FixedParameters: 0 0 0

#Transform 51
Transform: AffineTransform_float_3_3
Parameters: 1 0.000270773 -0.000546167 -0.000269569 0.999998 0.0023224 0.000546934 -0.0023221 0.999997 0.0425863 0.0272858 -0.0533823
FixedParameters: 0 0 0

#Transform 52
Transform: AffineTransform_float_3_3
Parameters: 1 0.0002697 -0.000545949 -0.00026909 0.999999 0.0017794 0.000546422 -0.00177911 0.999999 0.0306301 0.0524236 -0.0670616
FixedParameters: 0 0 0

#Transform 53
Transform: AffineTransform_float_3_3
Parameters: 1 3.54376e-06 -0.00111573 -1.24455e-06 0.999998 0.00203282 0.00111568 -0.00203268 0.999998 0.0620567 0.0441254 -0.0453106
FixedParameters: 0 0 0

#Transform 54
Transform: AffineTransform_float_3_3
Parameters: 0.999999 0.000336916 -0.000940342 -0.000334377 0.999997 0.00228539 0.000940483 -0.0022854 0.999997 0.0578007 0.0478105 -0.0475089
FixedParameters: 0 0 0

#Transform 55
Transform: AffineTransform_float_3_3
Parameters: 0.999999 6.25192e-05 -0.000990864 -6.0342e-05 0.999998 0.00222749 0.000991075 -0.00222801 0.999997 0.0686582 0.0631383 -0.0630561
FixedParameters: 0 0 0

#Transform 56
Transform: AffineTransform_float_3_3
Parameters: 0.999999 0.000136621 -0.00128405 -0.000134652 0.999998 0.0019905 0.00128496 -0.00198939 0.999997 0.0782211 0.0595597 -0.00330258
FixedParameters: 0 0 0

#Transform 57
Transform: AffineTransform_float_3_3
Parameters: 0.999999 6.33683e-05 -0.000991078 -6.0496e-05 0.999997 0.00257969 0.000991332 -0.0025788 0.999996 0.0761273 0.060258 -0.00283087
FixedParameters: 0 0 0

#Transform 58
Transform: AffineTransform_float_3_3
Parameters: 1 -0.000138124 -0.000406787 0.000139331 0.999996 0.00260426 0.000406479 -0.0026036 0.999997 0.121162 0.0683163 -0.0316097
FixedParameters: 0 0 0

#Transform 59
Transform: AffineTransform_float_3_3
Parameters: 0.999999 -0.00026973 -0.000762545 0.000271509 0.999997 0.00235485 0.000762112 -0.0023559 0.999997 0.111156 0.0666772 -0.0117837
FixedParameters: 0 0 0

#Transform 60
Transform: AffineTransform_float_3_3
Parameters: 0.999999 7.57361e-05 -0.000966851 -7.26639e-05 0.999996 0.00296932 0.000966319 -0.00296918 0.999995 0.0762732 0.0525028 -0.0217512
FixedParameters: 0 0 0

#Transform 61
Transform: AffineTransform_float_3_3
Parameters: 0.999999 7.91144e-05 -0.000958588 -7.60067e-05 0.999996 0.00278932 0.000958956 -0.00278917 0.999995 0.0849311 0.0494342 -0.0234265
FixedParameters: 0 0 0

#Transform 62
Transform: AffineTransform_float_3_3
Parameters: 0.999999 7.84174e-05 -0.000958414 -7.58693e-05 0.999997 0.00249732 0.000958738 -0.00249717 0.999996 0.0931183 0.0584754 0.00653132
FixedParameters: 0 0 0

#Transform 63
Transform: AffineTransform_float_3_3
Parameters: 0.999999 -9.12717e-05 -0.000878874 9.41029e-05 0.999995 0.00315746 0.000879552 -0.00315763 0.999994 0.0988046 0.0550617 0.0149884
FixedParameters: 0 0 0

#Transform 64
Transform: AffineTransform_float_3_3
Parameters: 1 -0.000195962 -0.00106487 0.000200084 0.999992 0.00384074 0.00106413 -0.0038404 0.999992 0.111114 0.0620355 0.0348055
FixedParameters: 0 0 0

#Transform 65
Transform: AffineTransform_float_3_3
Parameters: 0.999999 -0.000162687 -0.000845617 0.000164762 0.999996 0.00283453 0.000845955 -0.00283481 0.999995 0.1169 0.0538988 0.0124494
FixedParameters: 0 0 0

#Transform 66
Transform: AffineTransform_float_3_3
Parameters: 1 -0.000115996 -0.00106262 0.000119809 0.999994 0.0032749 0.00106221 -0.00327502 0.999994 0.116936 0.0580301 -0.0241611
FixedParameters: 0 0 0

#Transform 67
Transform: AffineTransform_float_3_3
Parameters: 0.999999 -0.00026797 -0.000983987 0.000271288 0.999995 0.00328664 0.000982569 -0.00328782 0.999995 0.119235 0.0686507 0.0471679
FixedParameters: 0 0 0

#Transform 68
Transform: AffineTransform_float_3_3
Parameters: 0.999999 -0.000494755 -0.00119156 0.000499162 0.999995 0.00337371 0.0011899 -0.00337412 0.999994 0.114283 0.0599505 0.0583773
FixedParameters: 0 0 0

#Transform 69
Transform: AffineTransform_float_3_3
Parameters: 0.999999 -0.00044524 -0.00121463 0.000449429 0.999993 0.00359166 0.00121353 -0.00359199 0.999992 0.113402 0.0598075 0.0523981
FixedParameters: 0 0 0

#Transform 70
Transform: AffineTransform_float_3_3
Parameters: 1 -0.000446934 -0.000968907 0.000449997 0.999994 0.00345494 0.000967494 -0.00345505 0.999994 0.0998099 0.0463389 0.00361815
FixedParameters: 0 0 0

#Transform 71
Transform: AffineTransform_float_3_3
Parameters: 1 -0.000351681 -0.00110498 0.000355652 0.999996 0.00302837 0.0011041 -0.00302916 0.999995 0.125377 0.0613052 -0.0417071
FixedParameters: 0 0 0

#Transform 72
Transform: AffineTransform_float_3_3
Parameters: 0.999999 -0.000347298 -0.00126045 0.000351081 0.999995 0.0029386 0.00126009 -0.00293871 0.999995 0.0960416 0.0455493 -0.0311656
FixedParameters: 0 0 0

#Transform 73
Transform: AffineTransform_float_3_3
Parameters: 0.999999 -0.000523133 -0.00117834 0.000526379 0.999995 0.00291673 0.00117697 -0.0029172 0.999995 0.0987289 0.0479338 -0.0104409
FixedParameters: 0 0 0

#Transform 74
Transform: AffineTransform_float_3_3
Parameters: 0.999999 -0.000473991 -0.00120125 0.000478391 0.999995 0.0033423 0.00119975 -0.00334345 0.999993 0.121493 0.0672086 -0.0477704
FixedParameters: 0 0 0

#Transform 75
Transform: AffineTransform_float_3_3
Parameters: 0.999999 -0.000748285 -0.00138342 0.000753773 0.999992 0.00379749 0.00138115 -0.0037988 0.999991 0.0916227 0.0660051 0.0634918
FixedParameters: 0 0 0

#Transform 76
Transform: AffineTransform_float_3_3
Parameters: 0.999998 -0.000533624 -0.00227158 0.000539784 0.999995 0.00293936 0.00226958 -0.00294013 0.999993 0.107897 0.110684 0.206617
FixedParameters: 0 0 0

#Transform 77
Transform: AffineTransform_float_3_3
Parameters: 0.999999 -0.000579547 -0.00168726 0.000584185 0.999995 0.00298549 0.00168633 -0.00298591 0.999994 0.11498 0.0497569 0.158493
FixedParameters: 0 0 0

#Transform 78
Transform: AffineTransform_float_3_3
Parameters: 0.999998 -0.000759708 -0.001474 0.000763548 0.999996 0.00284036 0.00147179 -0.00284184 0.999995 0.116848 0.0833275 0.134287
FixedParameters: 0 0 0

#Transform 79
Transform: AffineTransform_float_3_3
Parameters: 0.999998 -0.00070191 -0.00141714 0.00070659 0.999994 0.00325283 0.00141467 -0.00325329 0.999994 0.107003 0.091989 0.117246
FixedParameters: 0 0 0

#Transform 80
Transform: AffineTransform_float_3_3
Parameters: 0.999998 -0.000829583 -0.00169304 0.000835187 0.999993 0.00353041 0.00169012 -0.0035317 0.999992 0.104676 0.0983531 0.105991
FixedParameters: 0 0 0

#Transform 81
Transform: AffineTransform_float_3_3
Parameters: 0.999999 -0.000676552 -0.00136387 0.000681286 0.999994 0.00339952 0.00136136 -0.0034006 0.999993 0.116711 0.090293 0.0894141
FixedParameters: 0 0 0

#Transform 82
Transform: AffineTransform_float_3_3
Parameters: 0.999998 -0.000805152 -0.00152352 0.000810946 0.999992 0.00398811 0.00152004 -0.00398916 0.99999 0.130865 0.0855504 0.0856803
FixedParameters: 0 0 0

#Transform 83
Transform: AffineTransform_float_3_3
Parameters: 0.999999 -0.000924936 -0.00158576 0.000931363 0.999992 0.00389518 0.00158239 -0.00389735 0.999991 0.129972 0.0749033 0.0863286
FixedParameters: 0 0 0

#Transform 84
Transform: AffineTransform_float_3_3
Parameters: 0.999999 -0.000805478 -0.00164139 0.000810737 0.999993 0.0035365 0.00163863 -0.00353761 0.999992 0.116118 0.0794536 0.0610406
FixedParameters: 0 0 0

#Transform 85
Transform: AffineTransform_float_3_3
Parameters: 0.999999 -0.000804526 -0.00164185 0.000810802 0.999992 0.0038465 0.00163859 -0.00384761 0.999991 0.101801 0.065142 0.0142496
FixedParameters: 0 0 0

#Transform 86
Transform: AffineTransform_float_3_3
Parameters: 0.999998 -0.000678333 -0.0017812 0.000684908 0.999994 0.00362695 0.00177922 -0.00362861 0.999991 0.067715 0.054603 0.0570475
FixedParameters: 0 0 0

#Transform 87
Transform: AffineTransform_float_3_3
Parameters: 0.999999 -0.000554744 -0.00139416 0.000559864 0.999992 0.00378765 0.00139247 -0.00378908 0.999992 0.0638788 0.0551431 0.048296
FixedParameters: 0 0 0

#Transform 88
Transform: AffineTransform_float_3_3
Parameters: 0.999999 -0.000688353 -0.00138926 0.000693293 0.999994 0.00341148 0.00138666 -0.00341263 0.999993 0.0676413 0.0558659 0.0258578
FixedParameters: 0 0 0

#Transform 89
Transform: AffineTransform_float_3_3
Parameters: 0.999999 -0.000517356 -0.00146903 0.000522124 0.999994 0.00331276 0.00146679 -0.00331275 0.999994 0.0617736 0.0640403 0.0153686
FixedParameters: 0 0 0

#Transform 90
Transform: AffineTransform_float_3_3
Parameters: 0.999999 -0.000494256 -0.00175681 0.000499617 0.999995 0.00319461 0.00175527 -0.00319546 0.999994 0.120211 0.0664581 0.0493444
FixedParameters: 0 0 0

#Transform 91
Transform: AffineTransform_float_3_3
Parameters: 0.999998 -0.000767576 -0.00155532 0.000772143 0.999995 0.00292663 0.00155292 -0.00292749 0.999995 0.106042 0.0666899 0.0677278
FixedParameters: 0 0 0

#Transform 92
Transform: AffineTransform_float_3_3
Parameters: 0.999999 -0.000655392 -0.00131634 0.000659019 0.999996 0.0031014 0.00131438 -0.00310172 0.999994 0.106672 0.0721013 0.0246943
FixedParameters: 0 0 0

#Transform 93
Transform: AffineTransform_float_3_3
Parameters: 0.999998 -0.000964209 -0.00175591 0.00096869 0.999996 0.00256709 0.00175306 -0.00256831 0.999995 0.0782456 0.0464367 0.0432442
FixedParameters: 0 0 0

#Transform 94
Transform: AffineTransform_float_3_3
Parameters: 0.999999 -0.000858912 -0.00120127 0.000862408 0.999997 0.00241078 0.00119929 -0.00241207 0.999997 0.104979 0.0761458 0.0682323
FixedParameters: 0 0 0

#Transform 95
Transform: AffineTransform_float_3_3
Parameters: 0.999998 -0.000880054 -0.00179526 0.000884734 0.999996 0.00281824 0.00179282 -0.00281987 0.999994 0.127354 0.0717666 0.0750802
FixedParameters: 0 0 0

#Transform 96
Transform: AffineTransform_float_3_3
Parameters: 0.999998 -0.000935884 -0.00176919 0.000940795 0.999995 0.00292526 0.00176624 -0.00292705 0.999994 0.130105 0.0780552 0.0575121
FixedParameters: 0 0 0

#Transform 97
Transform: AffineTransform_float_3_3
Parameters: 0.999999 -0.00078109 -0.00158543 0.000785402 0.999995 0.0030752 0.00158316 -0.00307692 0.999994 0.123277 0.0788505 0.0424662
FixedParameters: 0 0 0

#Transform 98
Transform: AffineTransform_float_3_3
Parameters: 0.999997 -0.000974882 -0.0019993 0.00098027 0.999995 0.00293426 0.00199653 -0.00293586 0.999994 0.126085 0.094409 0.0686005
FixedParameters: 0 0 0

#Transform 99
Transform: AffineTransform_float_3_3
Parameters: 0.999997 -0.000935382 -0.00191178 0.000939883 0.999996 0.00259942 0.00190945 -0.0026007 0.999995 0.124693 0.0969782 0.0184051
FixedParameters: 0 0 0

#Transform 100
Transform: AffineTransform_float_3_3
Parameters: 0.999999 -0.000785885 -0.00159644 0.00079056 0.999995 0.00316857 0.00159399 -0.00316955 0.999994 0.123165 0.0842283 0.0487194
FixedParameters: 0 0 0

#Transform 101
Transform: AffineTransform_float_3_3
Parameters: 0.999998 -0.000896104 -0.00183303 0.000901552 0.999994 0.00321718 0.00183021 -0.00321894 0.999993 0.119904 0.0857273 0.0830906
FixedParameters: 0 0 0

#Transform 102
Transform: AffineTransform_float_3_3
Parameters: 0.999998 -0.000881701 -0.0017989 0.000886453 0.999996 0.00283224 0.00179644 -0.00283388 0.999994 0.131666 0.0981248 0.0335556
FixedParameters: 0 0 0

#Transform 103
Transform: AffineTransform_float_3_3
Parameters: 0.999997 -0.000782648 -0.00231419 0.000789937 0.999995 0.00303709 0.00231147 -0.00303906 0.999993 0.114651 0.0892001 0.0637209
FixedParameters: 0 0 0

#Transform 104
Transform: AffineTransform_float_3_3
Parameters: 0.999999 -0.000821637 -0.00167134 0.000826087 0.999995 0.00295845 0.00166901 -0.00295967 0.999994 0.107409 0.0903579 0.0680949
FixedParameters: 0 0 0

#Transform 105
Transform: AffineTransform_float_3_3
Parameters: 0.999999 -0.000903707 -0.00153931 0.000908521 0.999993 0.00348764 0.00153686 -0.00348889 0.999993 0.13797 0.0817984 0.0242483
FixedParameters: 0 0 0

#Transform 106
Transform: AffineTransform_float_3_3
Parameters: 0.999998 -0.000908724 -0.00186024 0.000914421 0.999994 0.00323713 0.00185731 -0.00323898 0.999993 0.132726 0.0962291 0.0367393
FixedParameters: 0 0 0

#Transform 107
Transform: AffineTransform_float_3_3
Parameters: 0.999997 -0.000963059 -0.00197392 0.00096827 0.999995 0.00292731 0.00197123 -0.00292881 0.999994 0.117906 0.1078 0.106156
FixedParameters: 0 0 0

#Transform 108
Transform: AffineTransform_float_3_3
Parameters: 0.999997 -0.000824867 -0.00199979 0.000831468 0.999994 0.00323695 0.0019974 -0.00323873 0.999992 0.135874 0.106453 0.0692297
FixedParameters: 0 0 0

#Transform 109
Transform: AffineTransform_float_3_3
Parameters: 0.999999 -0.000806073 -0.00164221 0.000812058 0.999994 0.0034805 0.00163912 -0.00348162 0.999993 0.122483 0.125959 0.0412715
FixedParameters: 0 0 0

#Transform 110
Transform: AffineTransform_float_3_3
Parameters: 0.999998 -0.000889677 -0.00181948 0.000895561 0.999994 0.0032432 0.00181755 -0.00324491 0.999993 0.120124 0.115856 0.0638996
FixedParameters: 0 0 0

#Transform 111
Transform: AffineTransform_float_3_3
Parameters: 0.999998 -0.000825196 -0.00167961 0.000829963 0.999995 0.00303805 0.00167713 -0.00304006 0.999994 0.121897 0.0908012 0.074577
FixedParameters: 0 0 0

#Transform 112
Transform: AffineTransform_float_3_3
Parameters: 0.999999 -0.000984397 -0.0015479 0.000988387 0.999995 0.00304623 0.00154443 -0.00304852 0.999994 0.133704 0.100147 0.0589067
FixedParameters: 0 0 0

#Transform 113
Transform: AffineTransform_float_3_3
Parameters: 0.999998 -0.000907271 -0.0018554 0.000913096 0.999995 0.00303614 0.00185241 -0.00303798 0.999994 0.136039 0.0941085 0.0533371
FixedParameters: 0 0 0

#Transform 114
Transform: AffineTransform_float_3_3
Parameters: 0.999998 -0.000916254 -0.00187438 0.000922082 0.999995 0.00300611 0.00187139 -0.00300801 0.999994 0.135784 0.0897196 0.0594913
FixedParameters: 0 0 0

#Transform 115
Transform: AffineTransform_float_3_3
Parameters: 0.999998 -0.000962961 -0.00185261 0.000969234 0.999994 0.00340712 0.00184899 -0.00340916 0.999993 0.135988 0.0758031 0.0536726
FixedParameters: 0 0 0

#Transform 116
Transform: AffineTransform_float_3_3
Parameters: 0.999998 -0.000913831 -0.00187554 0.0009206 0.999993 0.0037391 0.00187207 -0.00374101 0.999991 0.135886 0.0679661 0.0402549
FixedParameters: 0 0 0

#Transform 117
Transform: AffineTransform_float_3_3
Parameters: 0.999997 -0.000939547 -0.00193307 0.000946866 0.999991 0.004005 0.00192933 -0.00400711 0.99999 0.148733 0.0839593 0.0844056
FixedParameters: 0 0 0

#Transform 118
Transform: AffineTransform_float_3_3
Parameters: 0.999998 -0.000984733 -0.00203007 0.000992811 0.999992 0.0040012 0.00202596 -0.00400291 0.99999 0.179294 0.0846443 0.078261
FixedParameters: 0 0 0

#Transform 119
Transform: AffineTransform_float_3_3
Parameters: 0.999997 -0.00067375 -0.00228408 0.000683182 0.999991 0.00403822 0.0022806 -0.00403966 0.999989 0.171396 0.0904669 0.0443116
FixedParameters: 0 0 0
