#!ascii label  , from subject sub-v2s16x51300_ses-1 vox2ras=TkReg
618
125548  -48.493  -57.232  1.747 0.0000000000
12534  -40.667  -54.207  -2.167 0.0000000000
14453  -44.214  -51.153  4.203 0.0000000000
11093  -43.355  -56.297  2.407 0.0000000000
15944  -39.509  -49.624  -0.604 0.0000000000
13761  -46.383  -52.567  5.515 0.0000000000
17379  -42.992  -46.877  6.428 0.0000000000
18139  -41.741  -46.334  12.231 0.0000000000
16630  -39.369  -48.935  4.492 0.0000000000
134299  -42.132  -50.729  2.108 0.0000000000
16652  -37.547  -48.315  1.836 0.0000000000
115878  -47.742  -48.489  5.768 0.0000000000
15843  -45.590  -49.832  8.360 0.0000000000
127373  -40.268  -43.169  12.678 0.0000000000
19690  -38.261  -44.410  10.664 0.0000000000
7888  -45.291  -61.164  0.938 0.0000000000
12477  -40.201  -55.086  1.263 0.0000000000
9752  -39.560  -58.526  1.428 0.0000000000
10440  -38.172  -57.291  -0.491 0.0000000000
13784  -48.680  -52.819  2.056 0.0000000000
11105  -46.550  -56.435  1.458 0.0000000000
13809  -42.683  -51.550  0.187 0.0000000000
13826  -39.945  -51.879  -1.939 0.0000000000
15908  -49.613  -49.537  3.959 0.0000000000
16634  -43.823  -47.572  4.474 0.0000000000
18213  -39.744  -46.146  5.459 0.0000000000
15802  -44.712  -49.243  11.328 0.0000000000
17343  -41.479  -47.713  9.259 0.0000000000
18967  -38.682  -45.131  7.676 0.0000000000
112568  -36.345  -42.719  5.123 0.0000000000
9110  -42.666  -60.178  1.222 0.0000000000
17537  -44.362  -47.442  -5.540 0.0000000000
14610  -42.879  -52.194  -5.560 0.0000000000
12580  -45.230  -54.329  -5.229 0.0000000000
17405  -37.424  -47.294  3.965 0.0000000000
121192  -38.149  -49.140  3.139 0.0000000000
9114  -47.004  -59.483  0.829 0.0000000000
11853  -40.206  -54.934  -0.141 0.0000000000
11116  -39.185  -56.223  0.420 0.0000000000
11872  -40.080  -55.675  -0.833 0.0000000000
11163  -39.861  -56.893  -1.891 0.0000000000
11888  -41.575  -55.593  -2.337 0.0000000000
13777  -47.650  -52.107  2.609 0.0000000000
114753  -45.676  -52.093  2.873 0.0000000000
15228  -41.760  -50.434  0.477 0.0000000000
15233  -43.092  -50.909  0.278 0.0000000000
15231  -41.291  -50.633  -0.357 0.0000000000
13808  -41.763  -51.915  0.132 0.0000000000
15266  -40.052  -50.592  -1.475 0.0000000000
13769  -50.916  -52.515  3.806 0.0000000000
14456  -50.065  -51.079  4.636 0.0000000000
17381  -44.866  -47.391  6.092 0.0000000000
17395  -45.987  -47.617  5.079 0.0000000000
135550  -43.632  -46.636  5.080 0.0000000000
17393  -42.380  -46.787  4.846 0.0000000000
128411  -40.902  -46.190  6.011 0.0000000000
17323  -43.325  -47.736  11.763 0.0000000000
16569  -43.315  -48.623  10.575 0.0000000000
17321  -41.926  -47.299  11.127 0.0000000000
20478  -36.996  -42.950  9.368 0.0000000000
19706  -37.991  -44.539  9.120 0.0000000000
20519  -36.868  -43.305  7.826 0.0000000000
19749  -37.669  -44.387  6.387 0.0000000000
134461  -44.664  -57.036  2.060 0.0000000000
9756  -44.470  -58.961  1.331 0.0000000000
9746  -42.736  -57.973  1.952 0.0000000000
8461  -39.018  -60.775  1.248 0.0000000000
131290  -46.386  -47.330  -5.402 0.0000000000
16011  -43.895  -49.684  -6.108 0.0000000000
13880  -45.377  -52.200  -6.239 0.0000000000
15197  -42.337  -50.567  4.591 0.0000000000
14468  -42.943  -51.283  3.570 0.0000000000
15210  -40.805  -50.635  3.545 0.0000000000
15221  -39.868  -50.281  2.197 0.0000000000
120511  -39.058  -49.537  0.904 0.0000000000
14442  -48.891  -50.681  5.405 0.0000000000
16599  -46.389  -48.751  6.875 0.0000000000
17367  -44.099  -47.971  6.960 0.0000000000
18913  -40.546  -45.231  12.484 0.0000000000
121371  -40.195  -45.666  11.711 0.0000000000
20457  -38.872  -43.671  11.752 0.0000000000
21334  -37.680  -42.722  10.455 0.0000000000
23012  -37.597  -40.912  9.125 0.0000000000
11810  -41.071  -55.642  2.264 0.0000000000
9745  -41.823  -58.045  1.909 0.0000000000
10418  -40.264  -57.154  1.854 0.0000000000
10432  -38.322  -57.661  0.563 0.0000000000
9127  -36.961  -59.106  -0.439 0.0000000000
9805  -38.060  -58.562  -2.218 0.0000000000
9807  -39.792  -58.346  -2.959 0.0000000000
9827  -41.435  -58.506  -3.695 0.0000000000
11829  -49.254  -54.759  1.618 0.0000000000
113503  -48.053  -57.364  0.943 0.0000000000
12482  -46.415  -54.477  1.259 0.0000000000
12468  -44.100  -54.581  2.125 0.0000000000
14499  -44.222  -51.274  1.202 0.0000000000
13122  -44.144  -52.429  0.697 0.0000000000
12467  -43.038  -54.555  2.340 0.0000000000
13104  -41.058  -53.316  1.313 0.0000000000
116523  -40.396  -53.315  -0.154 0.0000000000
117421  -40.078  -52.784  -2.187 0.0000000000
13094  -50.178  -53.701  2.408 0.0000000000
14491  -49.534  -51.806  2.623 0.0000000000
15212  -47.643  -50.411  3.428 0.0000000000
16638  -48.880  -48.821  4.843 0.0000000000
127988  -47.552  -48.747  4.242 0.0000000000
116421  -44.492  -49.477  4.476 0.0000000000
16632  -41.632  -47.974  4.860 0.0000000000
17407  -39.373  -47.289  4.861 0.0000000000
116402  -37.616  -46.022  4.677 0.0000000000
15832  -44.423  -49.648  9.523 0.0000000000
16588  -43.178  -48.816  8.650 0.0000000000
16586  -42.059  -47.762  8.002 0.0000000000
18166  -39.555  -46.184  9.760 0.0000000000
18180  -39.688  -46.199  8.676 0.0000000000
18188  -40.674  -46.199  7.085 0.0000000000
18976  -39.457  -45.558  6.387 0.0000000000
18984  -37.713  -45.038  5.338 0.0000000000
9113  -46.009  -59.337  0.815 0.0000000000
8476  -44.072  -61.322  0.692 0.0000000000
9108  -40.873  -59.549  1.519 0.0000000000
7865  -40.749  -61.715  1.064 0.0000000000
15279  -39.580  -50.007  -3.193 0.0000000000
14567  -39.830  -51.528  -3.455 0.0000000000
13850  -40.608  -52.511  -4.296 0.0000000000
15316  -41.889  -50.950  -5.473 0.0000000000
13176  -41.345  -53.235  -4.490 0.0000000000
12563  -42.618  -54.490  -4.298 0.0000000000
11902  -43.486  -55.656  -3.735 0.0000000000
18240  -37.044  -46.674  3.761 0.0000000000
17416  -36.934  -47.087  3.050 0.0000000000
9097  -47.317  -59.397  1.478 0.0000000000
10413  -48.097  -57.994  1.182 0.0000000000
12522  -40.508  -54.305  -1.315 0.0000000000
113250  -40.594  -55.048  -1.014 0.0000000000
11887  -40.980  -55.028  -1.831 0.0000000000
11148  -40.872  -55.775  -1.758 0.0000000000
12535  -41.306  -54.786  -2.605 0.0000000000
14471  -45.808  -51.530  3.474 0.0000000000
131743  -46.407  -52.064  3.044 0.0000000000
14470  -44.817  -51.600  3.471 0.0000000000
15916  -40.741  -50.191  0.229 0.0000000000
15945  -40.377  -50.193  -0.445 0.0000000000
15249  -40.546  -50.509  -0.832 0.0000000000
15957  -39.920  -50.093  -1.077 0.0000000000
13075  -46.283  -53.706  5.379 0.0000000000
13076  -47.417  -53.243  4.966 0.0000000000
121150  -48.910  -52.775  4.721 0.0000000000
13762  -47.834  -52.243  5.070 0.0000000000
124080  -43.840  -47.093  6.240 0.0000000000
113258  -44.181  -46.864  5.294 0.0000000000
17380  -43.449  -46.635  5.542 0.0000000000
18216  -42.396  -46.525  5.245 0.0000000000
18201  -42.697  -46.490  5.692 0.0000000000
18140  -42.485  -46.544  12.529 0.0000000000
18141  -43.257  -46.804  12.811 0.0000000000
17305  -42.934  -47.189  12.158 0.0000000000
17306  -43.659  -47.437  12.430 0.0000000000
18149  -42.219  -46.928  11.832 0.0000000000
17322  -42.633  -47.496  11.478 0.0000000000
18148  -41.467  -46.691  11.513 0.0000000000
22209  -36.525  -41.846  8.349 0.0000000000
20502  -37.103  -43.497  8.684 0.0000000000
20529  -36.671  -43.119  6.965 0.0000000000
22231  -36.310  -41.581  7.503 0.0000000000
11094  -44.267  -56.257  2.302 0.0000000000
10412  -43.910  -57.097  2.191 0.0000000000
10411  -43.041  -57.178  2.306 0.0000000000
15328  -44.645  -50.159  -6.448 0.0000000000
14630  -45.004  -51.486  -6.380 0.0000000000
15329  -45.568  -50.496  -6.684 0.0000000000
15896  -41.611  -49.941  4.857 0.0000000000
15196  -41.546  -50.673  4.233 0.0000000000
112634  -40.792  -50.121  4.480 0.0000000000
16645  -37.960  -49.007  2.251 0.0000000000
15906  -39.226  -49.998  2.817 0.0000000000
15911  -38.571  -49.538  2.508 0.0000000000
15912  -39.237  -49.899  1.809 0.0000000000
119595  -38.454  -49.325  1.632 0.0000000000
16598  -45.403  -48.791  7.240 0.0000000000
16597  -44.439  -48.857  7.637 0.0000000000
18894  -41.254  -45.011  13.159 0.0000000000
20440  -40.359  -43.807  12.851 0.0000000000
19656  -39.984  -44.427  12.525 0.0000000000
20439  -39.627  -43.555  12.351 0.0000000000
22196  -37.286  -41.677  9.499 0.0000000000
7296  -44.300  -62.054  0.932 0.0000000000
11090  -40.666  -56.399  2.092 0.0000000000
11103  -39.904  -56.354  1.639 0.0000000000
11125  -38.612  -56.736  -0.044 0.0000000000
11115  -38.750  -56.910  0.714 0.0000000000
10431  -37.856  -57.758  -0.073 0.0000000000
10439  -37.646  -57.854  -0.837 0.0000000000
126981  -37.221  -58.629  -1.103 0.0000000000
131665  -40.330  -57.259  -2.415 0.0000000000
10479  -39.507  -57.671  -2.399 0.0000000000
10480  -40.369  -57.862  -2.904 0.0000000000
132452  -41.010  -57.978  -3.292 0.0000000000
10490  -41.734  -57.711  -3.355 0.0000000000
128938  -49.478  -53.987  1.460 0.0000000000
12484  -49.060  -54.379  1.343 0.0000000000
12481  -45.167  -54.387  1.609 0.0000000000
120729  -44.993  -53.428  1.149 0.0000000000
14486  -42.291  -51.222  2.908 0.0000000000
14488  -44.200  -51.676  2.648 0.0000000000
14487  -43.363  -51.290  2.399 0.0000000000
13810  -43.991  -51.674  0.479 0.0000000000
13798  -43.223  -52.189  0.616 0.0000000000
13106  -43.415  -53.071  1.347 0.0000000000
13105  -42.560  -52.993  1.435 0.0000000000
12466  -42.202  -54.151  2.291 0.0000000000
13819  -40.526  -51.354  -1.256 0.0000000000
13807  -40.865  -52.075  -0.342 0.0000000000
112741  -40.213  -52.531  -1.284 0.0000000000
13134  -40.322  -53.442  -0.899 0.0000000000
14475  -50.938  -51.149  3.817 0.0000000000
121756  -51.042  -51.853  3.693 0.0000000000
14474  -50.228  -50.892  3.289 0.0000000000
14473  -48.689  -50.840  3.033 0.0000000000
15213  -48.751  -49.711  3.553 0.0000000000
15186  -48.845  -49.887  5.866 0.0000000000
15187  -49.290  -49.528  5.414 0.0000000000
16611  -48.506  -48.820  5.659 0.0000000000
124770  -45.392  -47.609  4.623 0.0000000000
115090  -46.831  -48.299  4.511 0.0000000000
15900  -45.848  -48.145  4.302 0.0000000000
15899  -45.377  -49.073  4.230 0.0000000000
16635  -44.773  -48.110  4.265 0.0000000000
15898  -43.666  -49.159  4.642 0.0000000000
114068  -43.102  -48.103  4.553 0.0000000000
18231  -40.878  -46.768  5.133 0.0000000000
17392  -41.498  -47.065  4.850 0.0000000000
18230  -40.098  -46.665  5.123 0.0000000000
18228  -38.273  -46.327  4.886 0.0000000000
18229  -39.159  -46.544  5.068 0.0000000000
15821  -44.506  -49.517  10.446 0.0000000000
17344  -42.014  -48.085  9.550 0.0000000000
16579  -43.136  -48.828  9.638 0.0000000000
16578  -42.508  -48.476  9.156 0.0000000000
16587  -42.640  -48.208  8.064 0.0000000000
16577  -41.996  -48.036  8.723 0.0000000000
18926  -39.365  -45.250  11.429 0.0000000000
18936  -39.888  -46.037  10.978 0.0000000000
120153  -38.893  -45.505  10.011 0.0000000000
18963  -38.570  -45.122  8.635 0.0000000000
18947  -39.063  -45.644  9.131 0.0000000000
18964  -39.221  -45.606  8.151 0.0000000000
18181  -40.410  -46.574  8.156 0.0000000000
18968  -39.392  -45.500  7.186 0.0000000000
18969  -40.087  -45.812  6.630 0.0000000000
18975  -38.833  -45.184  6.808 0.0000000000
20530  -37.009  -43.714  6.267 0.0000000000
19759  -37.954  -44.784  5.865 0.0000000000
20540  -36.694  -43.549  5.473 0.0000000000
19767  -37.019  -44.766  4.901 0.0000000000
10423  -47.235  -57.547  0.940 0.0000000000
132836  -47.240  -58.304  0.709 0.0000000000
10422  -46.427  -58.247  1.037 0.0000000000
114860  -43.317  -59.473  1.352 0.0000000000
9111  -44.320  -59.974  1.022 0.0000000000
114933  -43.712  -60.482  0.930 0.0000000000
7867  -42.537  -61.855  0.669 0.0000000000
7866  -41.613  -61.689  0.886 0.0000000000
9753  -40.462  -58.730  1.622 0.0000000000
9754  -41.508  -58.918  1.669 0.0000000000
9107  -39.980  -59.347  1.456 0.0000000000
120378  -38.711  -61.623  1.312 0.0000000000
8462  -40.070  -60.855  1.284 0.0000000000
15265  -39.441  -49.657  -2.290 0.0000000000
15970  -39.360  -49.079  -2.998 0.0000000000
121739  -40.159  -50.402  -4.435 0.0000000000
14586  -40.163  -51.923  -4.090 0.0000000000
15302  -40.817  -50.886  -4.931 0.0000000000
15327  -43.807  -50.506  -6.076 0.0000000000
15317  -42.944  -50.715  -5.747 0.0000000000
120031  -42.668  -51.431  -5.616 0.0000000000
14609  -41.988  -51.897  -5.367 0.0000000000
13852  -42.095  -52.794  -5.210 0.0000000000
12562  -41.807  -54.107  -4.164 0.0000000000
13177  -42.349  -53.679  -4.787 0.0000000000
13191  -44.666  -53.627  -5.467 0.0000000000
133979  -43.993  -54.752  -4.630 0.0000000000
11915  -44.249  -55.480  -4.239 0.0000000000
112759  -38.684  -48.213  4.436 0.0000000000
15894  -38.630  -49.115  3.927 0.0000000000
16643  -37.996  -48.532  3.708 0.0000000000
16644  -37.628  -48.501  2.805 0.0000000000
17422  -37.220  -47.767  2.455 0.0000000000
21278  -39.918  -42.789  12.185 0.0000000000
21305  -39.545  -42.377  11.521 0.0000000000
8479  -46.121  -60.276  0.817 0.0000000000
11839  -40.101  -55.023  0.637 0.0000000000
11838  -39.653  -55.636  0.849 0.0000000000
11852  -39.675  -55.570  0.127 0.0000000000
11126  -39.256  -56.257  -0.363 0.0000000000
125421  -39.470  -56.503  -1.169 0.0000000000
10459  -38.960  -57.157  -1.623 0.0000000000
126062  -40.246  -56.266  -1.546 0.0000000000
11164  -40.724  -56.636  -2.097 0.0000000000
11165  -41.516  -56.365  -2.372 0.0000000000
13783  -47.325  -52.860  1.649 0.0000000000
13776  -46.500  -52.320  2.203 0.0000000000
13799  -45.991  -52.567  1.105 0.0000000000
114797  -41.313  -50.469  1.590 0.0000000000
15229  -43.397  -50.816  0.849 0.0000000000
121490  -42.691  -50.634  0.575 0.0000000000
15232  -42.445  -50.886  -0.078 0.0000000000
14514  -41.525  -51.009  -0.617 0.0000000000
14513  -40.728  -50.825  -1.030 0.0000000000
115722  -40.152  -51.075  -1.719 0.0000000000
13768  -50.378  -52.164  4.405 0.0000000000
115770  -50.584  -50.605  4.221 0.0000000000
115354  -46.685  -48.076  5.962 0.0000000000
17383  -46.359  -47.796  5.413 0.0000000000
17382  -45.815  -47.609  5.654 0.0000000000
17394  -45.134  -47.291  5.170 0.0000000000
125602  -43.718  -46.873  4.743 0.0000000000
17409  -42.990  -47.130  4.557 0.0000000000
18202  -43.092  -46.607  4.996 0.0000000000
18215  -41.588  -46.597  5.299 0.0000000000
18214  -40.575  -46.394  5.482 0.0000000000
17324  -44.004  -48.011  12.065 0.0000000000
16552  -43.643  -48.326  11.386 0.0000000000
16570  -43.998  -48.963  10.954 0.0000000000
17335  -42.923  -48.094  11.102 0.0000000000
133957  -42.353  -47.771  10.851 0.0000000000
17334  -41.749  -47.678  10.241 0.0000000000
19689  -37.789  -43.808  10.379 0.0000000000
124303  -37.992  -44.431  9.955 0.0000000000
19705  -37.477  -43.796  9.527 0.0000000000
19732  -37.564  -44.136  8.721 0.0000000000
19742  -37.429  -44.052  7.941 0.0000000000
123505  -38.081  -44.574  7.182 0.0000000000
20520  -37.269  -43.882  7.083 0.0000000000
21428  -36.166  -42.039  5.922 0.0000000000
11095  -45.333  -56.450  1.887 0.0000000000
11104  -45.387  -57.534  1.625 0.0000000000
10421  -44.543  -57.819  1.750 0.0000000000
119360  -43.314  -58.606  1.627 0.0000000000
129896  -42.325  -59.411  1.472 0.0000000000
9106  -39.335  -59.922  1.296 0.0000000000
17557  -46.020  -47.505  -6.092 0.0000000000
16766  -44.643  -48.210  -6.145 0.0000000000
16765  -43.903  -48.814  -5.951 0.0000000000
16012  -44.582  -49.150  -6.317 0.0000000000
14629  -43.599  -51.442  -5.889 0.0000000000
13863  -43.168  -53.165  -5.339 0.0000000000
13864  -44.870  -52.818  -5.852 0.0000000000
13865  -45.809  -52.927  -6.037 0.0000000000
14452  -43.170  -51.085  4.323 0.0000000000
14469  -43.769  -51.426  3.610 0.0000000000
14451  -42.276  -51.139  3.948 0.0000000000
15211  -41.654  -50.968  3.524 0.0000000000
15895  -39.378  -49.759  3.827 0.0000000000
15209  -39.951  -50.310  3.182 0.0000000000
15222  -40.623  -50.509  2.409 0.0000000000
129742  -39.873  -50.165  1.584 0.0000000000
15915  -39.885  -50.004  0.970 0.0000000000
15925  -38.908  -49.262  0.067 0.0000000000
14441  -47.413  -51.494  5.592 0.0000000000
15172  -48.344  -49.714  6.382 0.0000000000
15858  -47.877  -49.609  6.846 0.0000000000
15869  -47.424  -48.828  6.558 0.0000000000
16610  -45.685  -48.071  6.431 0.0000000000
16609  -44.864  -48.228  6.870 0.0000000000
17366  -43.232  -47.689  7.135 0.0000000000
18914  -41.944  -45.839  12.932 0.0000000000
128487  -41.311  -45.704  12.554 0.0000000000
18927  -40.993  -46.040  11.963 0.0000000000
19676  -39.321  -44.402  12.008 0.0000000000
19675  -38.719  -44.441  11.367 0.0000000000
122945  -39.140  -42.968  11.846 0.0000000000
21335  -38.079  -42.987  11.046 0.0000000000
20470  -37.788  -43.291  10.646 0.0000000000
21348  -37.241  -42.459  9.811 0.0000000000
22195  -36.759  -42.158  9.147 0.0000000000
23035  -36.563  -40.987  8.059 0.0000000000
11092  -42.464  -56.394  2.448 0.0000000000
10410  -42.137  -57.252  2.257 0.0000000000
11091  -41.559  -56.437  2.366 0.0000000000
116126  -39.919  -57.883  1.621 0.0000000000
9751  -38.699  -58.289  1.064 0.0000000000
9128  -37.300  -58.960  0.095 0.0000000000
127628  -38.490  -57.835  -2.029 0.0000000000
9806  -38.979  -58.545  -2.683 0.0000000000
9149  -39.051  -59.286  -3.097 0.0000000000
9826  -39.650  -59.005  -3.279 0.0000000000
11097  -49.187  -55.435  1.940 0.0000000000
10424  -48.267  -57.066  1.245 0.0000000000
11828  -48.829  -55.438  1.508 0.0000000000
11826  -47.975  -55.615  1.091 0.0000000000
11825  -47.039  -55.505  1.319 0.0000000000
12483  -47.673  -54.588  1.097 0.0000000000
11815  -45.839  -55.426  1.703 0.0000000000
11814  -44.712  -55.388  2.121 0.0000000000
11813  -43.704  -55.404  2.381 0.0000000000
14489  -44.918  -51.860  2.184 0.0000000000
14505  -44.424  -51.521  0.745 0.0000000000
131390  -44.402  -53.934  1.644 0.0000000000
117050  -42.768  -55.513  2.483 0.0000000000
11812  -42.143  -54.855  2.458 0.0000000000
12465  -41.526  -54.347  2.209 0.0000000000
12478  -40.794  -54.797  1.931 0.0000000000
13121  -41.119  -52.650  0.609 0.0000000000
13120  -40.664  -53.265  0.614 0.0000000000
13103  -40.533  -54.147  1.273 0.0000000000
12493  -40.310  -54.217  0.469 0.0000000000
13146  -40.314  -53.476  -1.709 0.0000000000
13155  -40.381  -53.494  -2.443 0.0000000000
11809  -49.577  -55.021  2.614 0.0000000000
12469  -49.745  -54.525  2.073 0.0000000000
118659  -50.026  -53.563  2.072 0.0000000000
13786  -50.673  -52.733  3.043 0.0000000000
14472  -46.967  -51.426  3.265 0.0000000000
122089  -46.404  -50.574  3.797 0.0000000000
14455  -48.623  -51.494  5.126 0.0000000000
118059  -49.770  -49.998  5.023 0.0000000000
15902  -49.396  -49.240  4.519 0.0000000000
16619  -47.005  -48.065  5.125 0.0000000000
16637  -47.912  -48.525  4.691 0.0000000000
15907  -48.643  -48.989  4.198 0.0000000000
15201  -47.619  -49.458  3.822 0.0000000000
15200  -45.613  -50.155  4.147 0.0000000000
15199  -44.743  -50.403  4.350 0.0000000000
134458  -43.080  -50.304  4.723 0.0000000000
15897  -42.547  -49.429  4.894 0.0000000000
112929  -40.944  -49.100  4.958 0.0000000000
112512  -42.242  -47.229  4.668 0.0000000000
114034  -40.883  -48.001  4.964 0.0000000000
133373  -39.555  -48.096  4.794 0.0000000000
124072  -38.301  -47.206  4.613 0.0000000000
18227  -37.550  -46.621  4.378 0.0000000000
15820  -43.791  -49.219  10.035 0.0000000000
15831  -43.740  -49.299  9.102 0.0000000000
15842  -44.559  -49.520  8.543 0.0000000000
16596  -43.517  -48.517  7.769 0.0000000000
17365  -42.459  -47.424  7.334 0.0000000000
18147  -40.645  -46.430  11.236 0.0000000000
18159  -40.303  -46.616  10.317 0.0000000000
17342  -40.917  -47.284  9.791 0.0000000000
18167  -40.240  -46.761  9.229 0.0000000000
17353  -40.900  -47.218  8.717 0.0000000000
18182  -41.231  -46.861  7.585 0.0000000000
18189  -42.074  -46.725  6.675 0.0000000000
114911  -41.353  -46.406  6.581 0.0000000000
18977  -40.063  -45.884  5.917 0.0000000000
18986  -39.299  -45.683  5.825 0.0000000000
19750  -38.386  -44.908  6.336 0.0000000000
18985  -38.502  -45.328  5.720 0.0000000000
18212  -38.887  -45.916  5.345 0.0000000000
18999  -38.077  -45.669  5.129 0.0000000000
18997  -36.738  -45.140  4.252 0.0000000000
120401  -47.597  -58.225  0.830 0.0000000000
9757  -47.047  -58.953  0.609 0.0000000000
9122  -45.945  -60.059  0.666 0.0000000000
119190  -45.370  -58.403  1.332 0.0000000000
9112  -45.232  -60.019  0.776 0.0000000000
8477  -44.863  -61.233  0.782 0.0000000000
7887  -43.930  -61.995  0.721 0.0000000000
9755  -42.490  -58.731  1.654 0.0000000000
9109  -41.731  -59.837  1.394 0.0000000000
121433  -40.406  -60.149  1.366 0.0000000000
8463  -40.988  -60.908  1.232 0.0000000000
8464  -41.946  -60.818  1.113 0.0000000000
18251  -36.966  -46.263  1.658 0.0000000000
16664  -37.954  -48.161  0.483 0.0000000000
16665  -38.390  -48.547  -0.089 0.0000000000
15943  -38.832  -48.948  -0.754 0.0000000000
15956  -39.301  -49.406  -1.441 0.0000000000
133294  -39.672  -50.060  -1.708 0.0000000000
15280  -39.681  -50.485  -2.286 0.0000000000
134354  -39.891  -50.864  -1.955 0.0000000000
15980  -39.650  -49.272  -3.849 0.0000000000
125616  -39.663  -50.808  -3.046 0.0000000000
14529  -39.813  -51.260  -2.472 0.0000000000
13835  -39.886  -52.179  -2.768 0.0000000000
118362  -40.223  -53.026  -2.990 0.0000000000
13175  -40.595  -53.197  -3.763 0.0000000000
119886  -43.150  -49.344  -5.771 0.0000000000
16004  -42.357  -49.963  -5.640 0.0000000000
15315  -41.358  -50.132  -5.303 0.0000000000
14608  -41.284  -51.579  -5.126 0.0000000000
13851  -41.270  -52.325  -4.931 0.0000000000
13165  -41.142  -53.810  -3.830 0.0000000000
12547  -41.538  -54.454  -3.421 0.0000000000
11900  -42.120  -55.268  -3.053 0.0000000000
11166  -42.263  -56.089  -2.695 0.0000000000
12564  -43.406  -54.964  -4.247 0.0000000000
11901  -42.869  -55.836  -3.220 0.0000000000
11183  -43.383  -56.336  -3.525 0.0000000000
7295  -43.794  -62.471  0.939 0.0000000000
7864  -39.782  -61.670  1.236 0.0000000000
7886  -43.252  -62.385  0.683 0.0000000000
8465  -43.054  -61.080  0.787 0.0000000000
8466  -44.702  -60.695  0.757 0.0000000000
8475  -43.412  -61.771  0.647 0.0000000000
8478  -45.453  -60.627  0.824 0.0000000000
9123  -46.497  -59.706  0.793 0.0000000000
9747  -47.777  -58.764  1.748 0.0000000000
9780  -37.510  -58.729  -1.761 0.0000000000
10409  -41.202  -57.255  2.141 0.0000000000
10419  -40.868  -58.022  1.828 0.0000000000
10420  -43.650  -57.939  1.877 0.0000000000
10458  -38.212  -57.464  -1.262 0.0000000000
10481  -41.149  -57.259  -2.723 0.0000000000
10491  -42.525  -57.419  -3.492 0.0000000000
11106  -47.682  -56.510  1.090 0.0000000000
11107  -48.368  -56.246  1.209 0.0000000000
11108  -48.612  -56.282  1.577 0.0000000000
11147  -38.667  -56.826  -0.857 0.0000000000
11182  -42.747  -56.586  -3.216 0.0000000000
11811  -41.463  -55.045  2.337 0.0000000000
11823  -39.827  -55.777  1.364 0.0000000000
11824  -40.338  -55.642  1.797 0.0000000000
11827  -48.528  -55.054  1.296 0.0000000000
12433  -45.507  -54.226  5.783 0.0000000000
12479  -41.040  -53.961  1.842 0.0000000000
12480  -43.640  -53.855  1.865 0.0000000000
12506  -40.327  -54.259  -0.446 0.0000000000
12546  -40.745  -53.900  -3.076 0.0000000000
12548  -42.787  -55.182  -3.712 0.0000000000
12565  -44.770  -54.919  -4.762 0.0000000000
12579  -44.267  -54.260  -5.092 0.0000000000
13084  -50.519  -53.376  3.252 0.0000000000
13091  -41.775  -53.531  1.853 0.0000000000
13092  -42.727  -53.682  1.959 0.0000000000
13093  -49.272  -53.524  1.656 0.0000000000
13107  -44.237  -53.261  1.232 0.0000000000
13767  -49.134  -51.939  4.797 0.0000000000
13785  -50.074  -52.763  2.436 0.0000000000
13811  -44.730  -51.943  0.576 0.0000000000
13841  -40.144  -52.419  -3.576 0.0000000000
14454  -45.198  -51.091  4.082 0.0000000000
14457  -51.051  -51.500  4.067 0.0000000000
14490  -45.489  -52.053  1.424 0.0000000000
14492  -50.805  -51.802  3.161 0.0000000000
14500  -44.883  -51.545  1.011 0.0000000000
14503  -42.245  -51.160  -0.245 0.0000000000
14587  -40.647  -51.763  -4.643 0.0000000000
14611  -43.854  -52.421  -5.747 0.0000000000
15195  -40.131  -50.190  3.991 0.0000000000
15198  -43.859  -50.434  4.539 0.0000000000
15202  -49.935  -49.819  4.439 0.0000000000
15214  -50.410  -50.262  3.898 0.0000000000
15223  -42.055  -50.524  1.391 0.0000000000
15224  -42.696  -50.744  1.600 0.0000000000
15227  -40.598  -50.277  1.315 0.0000000000
15230  -43.626  -51.182  0.535 0.0000000000
15290  -39.761  -50.680  -3.782 0.0000000000
15301  -40.101  -51.227  -4.279 0.0000000000
15841  -43.829  -49.091  8.322 0.0000000000
15855  -45.145  -49.359  7.862 0.0000000000
15870  -48.271  -49.069  6.248 0.0000000000
15871  -48.891  -49.273  5.723 0.0000000000
15884  -49.437  -49.251  5.062 0.0000000000
15901  -46.494  -49.053  4.077 0.0000000000
15926  -39.767  -49.823  0.165 0.0000000000
16005  -43.235  -50.043  -5.879 0.0000000000
16568  -42.532  -48.264  10.190 0.0000000000
16612  -48.897  -48.899  5.304 0.0000000000
16620  -48.239  -48.546  5.203 0.0000000000
16631  -40.171  -48.541  4.834 0.0000000000
16633  -42.380  -48.074  4.690 0.0000000000
16636  -46.184  -47.860  4.706 0.0000000000
16653  -38.293  -48.904  0.799 0.0000000000
16722  -39.510  -48.431  -3.627 0.0000000000
17333  -41.155  -47.056  10.730 0.0000000000
17354  -41.546  -47.531  8.307 0.0000000000
17364  -41.858  -47.278  7.606 0.0000000000
17406  -37.910  -47.894  4.122 0.0000000000
17408  -40.380  -47.359  4.930 0.0000000000
17410  -44.512  -47.252  4.636 0.0000000000
17421  -36.992  -47.018  2.055 0.0000000000
18187  -39.910  -45.972  7.638 0.0000000000
18200  -41.891  -46.393  5.807 0.0000000000
18893  -40.601  -44.507  12.897 0.0000000000
18912  -39.821  -45.022  12.100 0.0000000000
18925  -38.765  -45.106  10.763 0.0000000000
18935  -39.348  -45.740  10.566 0.0000000000
18946  -38.464  -45.039  9.533 0.0000000000
18998  -37.307  -45.454  4.769 0.0000000000
19733  -38.064  -44.594  8.199 0.0000000000
19757  -36.748  -44.071  4.909 0.0000000000
19758  -37.272  -44.326  5.592 0.0000000000
20471  -38.214  -43.689  11.104 0.0000000000
20479  -37.395  -43.195  10.088 0.0000000000
21304  -38.726  -42.630  11.289 0.0000000000
21370  -36.694  -42.671  8.569 0.0000000000
22210  -36.885  -41.347  8.805 0.0000000000
112801  -36.475  -42.925  6.100 0.0000000000
113386  -45.809  -51.543  -6.578 0.0000000000
114392  -39.184  -59.056  1.295 0.0000000000
115715  -40.092  -49.502  4.519 0.0000000000
116849  -41.503  -50.768  2.521 0.0000000000
118749  -41.907  -55.644  2.484 0.0000000000
120976  -40.495  -58.654  -3.455 0.0000000000
124937  -37.428  -47.904  3.370 0.0000000000
125829  -37.969  -48.816  1.527 0.0000000000
126979  -47.072  -47.493  -4.734 0.0000000000
128460  -44.437  -61.674  0.822 0.0000000000
128586  -38.551  -43.181  11.459 0.0000000000
128680  -46.559  -59.969  0.901 0.0000000000
128908  -49.732  -54.123  1.690 0.0000000000
128940  -41.784  -48.991  4.947 0.0000000000
130393  -47.516  -58.806  0.930 0.0000000000
130638  -38.919  -45.341  6.199 0.0000000000
130831  -45.039  -50.918  -6.558 0.0000000000
130995  -49.691  -50.085  3.491 0.0000000000
131871  -48.929  -54.880  1.462 0.0000000000
132108  -38.737  -49.560  3.287 0.0000000000
132179  -38.429  -44.911  10.209 0.0000000000
133200  -46.169  -57.248  1.435 0.0000000000
133463  -40.247  -54.596  0.972 0.0000000000
134281  -40.354  -52.837  -0.654 0.0000000000
134715  -41.175  -60.246  1.352 0.0000000000
135296  -38.297  -57.246  0.139 0.0000000000
135325  -39.750  -46.185  10.404 0.0000000000
135594  -42.193  -54.700  -3.717 0.0000000000
