#!ascii label  , from subject sub-v2s16x51300_ses-1 vox2ras=TkReg
640
50787  20.396  -6.671  -19.509 0.1428571492
49748  19.091  -7.227  -19.177 0.1428571492
51724  18.785  -5.590  -20.619 0.1428571492
50778  21.726  -6.769  -18.650 0.1428571492
51713  20.782  -5.917  -19.812 0.2857142985
50788  19.565  -6.758  -19.647 0.1428571492
51712  21.648  -5.486  -19.401 0.1428571492
52741  19.709  -4.758  -21.648 0.5714285970
52726  21.491  -4.606  -20.530 0.1428571492
53838  22.358  -3.391  -21.287 0.2857142985
53825  22.735  -3.723  -20.525 0.2857142985
54937  23.655  -2.512  -21.438 0.1428571492
53837  23.224  -3.147  -21.022 0.2857142985
56975  23.849  -0.748  -22.801 0.2857142985
55963  23.515  -1.448  -22.466 0.2857142985
58856  24.533  1.511  -24.520 0.2857142985
57910  24.582  0.514  -23.525 0.2857142985
59814  24.836  2.241  -24.787 0.2857142985
58864  24.187  1.824  -25.270 0.2857142985
60799  25.087  3.889  -26.108 0.2857142985
62736  25.467  5.673  -27.488 0.8571428657
61727  25.181  4.949  -27.093 0.4285714328
60789  25.219  3.391  -25.438 0.2857142985
117703  26.442  7.744  -28.295 0.7142857313
63745  26.052  7.088  -28.215 0.7142857313
63735  25.757  6.363  -27.829 0.7142857313
65740  27.147  8.884  -28.376 0.8571428657
65741  26.557  8.358  -28.775 0.5714285970
64762  26.110  7.662  -28.915 0.8571428657
63746  25.554  6.600  -28.494 0.7142857313
62744  25.238  5.997  -28.313 0.7142857313
67751  27.859  10.669  -29.124 0.4285714328
65757  26.818  9.142  -29.036 0.7142857313
65758  26.320  8.787  -29.384 0.8571428657
68702  29.407  12.585  -29.142 0.2857142985
69677  28.504  12.335  -29.364 0.5714285970
67752  27.398  10.133  -29.269 0.8571428657
66738  26.967  9.683  -29.353 0.8571428657
70564  29.655  13.291  -29.717 0.1428571492
70563  30.481  13.269  -29.692 0.1428571492
70565  28.907  13.006  -29.509 0.4285714328
68703  27.955  11.435  -29.347 0.5714285970
67753  27.144  10.634  -29.476 0.8571428657
71536  29.478  14.544  -31.652 0.1428571492
70602  30.893  13.886  -31.292 0.1428571492
70585  29.565  13.746  -30.387 0.1428571492
70586  28.788  13.623  -30.009 0.4285714328
68704  26.995  11.498  -29.524 0.8571428657
71558  29.518  14.674  -33.560 0.1428571492
71548  29.626  14.754  -32.560 0.1428571492
71519  29.138  14.168  -30.812 0.1428571492
71520  28.375  14.316  -30.475 0.4285714328
70566  27.361  13.173  -29.477 0.5714285970
69679  26.778  12.427  -29.451 0.7142857313
68721  26.356  10.791  -29.791 0.8571428657
71559  28.973  15.136  -32.961 0.1428571492
72397  28.417  15.532  -32.438 0.1428571492
72376  28.070  15.031  -30.811 0.1428571492
71521  27.665  14.600  -30.138 0.5714285970
72407  28.346  15.500  -33.308 0.1428571492
72398  27.942  16.015  -32.813 0.2857142985
72388  28.319  15.351  -31.586 0.1428571492
119001  27.792  15.740  -31.107 0.8571428657
71504  27.097  14.021  -29.649 0.8571428657
70587  27.901  13.805  -29.844 0.7142857313
71505  26.183  14.238  -29.452 0.8571428657
73298  27.515  16.514  -33.238 0.1428571492
73309  27.213  16.214  -34.102 0.1428571492
73276  27.532  16.422  -31.401 0.4285714328
73264  26.899  16.546  -30.284 0.8571428657
72363  26.777  15.770  -29.973 0.8571428657
72362  26.946  14.891  -29.808 0.8571428657
71506  25.301  13.979  -29.484 0.8571428657
73287  27.567  16.557  -32.291 0.4285714328
120477  25.891  15.674  -29.591 0.8571428657
111909  26.253  15.105  -29.602 0.8571428657
72365  24.551  15.077  -29.755 0.8571428657
74256  27.228  17.324  -32.710 0.1428571492
74257  26.851  17.855  -33.432 0.2857142985
74245  27.280  17.159  -31.673 0.5714285970
74233  26.886  17.672  -31.096 0.8571428657
74219  27.213  16.940  -30.821 0.8571428657
73252  25.436  16.246  -29.655 0.8571428657
74209  25.811  16.947  -29.775 0.8571428657
121814  25.136  15.560  -29.624 0.8571428657
75215  26.613  18.724  -33.040 0.2857142985
75203  26.670  18.561  -32.097 0.7142857313
74246  26.924  17.855  -31.944 0.5714285970
75190  26.645  18.287  -31.418 0.8571428657
74221  25.601  17.729  -30.001 0.8571428657
74222  24.493  17.661  -29.954 0.8571428657
73253  24.511  15.956  -29.785 0.8571428657
76102  26.395  19.010  -31.342 0.8571428657
76091  26.038  18.999  -30.738 0.8571428657
132767  25.134  18.190  -30.058 0.8571428657
75179  23.628  18.180  -30.381 0.7142857313
76113  26.422  19.288  -32.246 0.8571428657
124671  25.952  19.611  -31.037 0.8571428657
75178  24.731  18.675  -30.217 0.8571428657
76093  24.693  19.567  -30.485 0.8571428657
77053  24.558  20.389  -30.706 0.8571428657
132466  24.009  19.048  -30.381 0.7142857313
121375  25.801  20.733  -33.024 0.7142857313
77064  25.243  21.020  -31.219 0.8571428657
77072  25.722  20.982  -32.045 0.8571428657
77951  24.290  21.173  -30.936 0.8571428657
111612  24.590  22.392  -31.821 0.7142857313
76092  25.474  19.292  -30.562 0.8571428657
77990  24.115  21.441  -36.523 0.1428571492
77969  25.218  21.708  -31.896 0.8571428657
77970  25.016  22.243  -32.625 0.7142857313
77960  24.670  21.729  -31.426 0.8571428657
78931  23.490  22.681  -36.427 0.1428571492
78906  24.741  22.534  -34.423 0.5714285970
79855  24.443  23.275  -34.145 0.5714285970
79856  24.089  24.039  -33.961 0.5714285970
78916  23.805  22.981  -35.682 0.1428571492
78944  22.177  22.711  -38.135 0.1428571492
80744  21.448  24.517  -38.004 0.1428571492
80750  20.156  24.746  -39.458 0.1428571492
115176  23.448  23.752  -35.695 0.1428571492
80745  20.216  25.908  -38.934 0.1428571492
79863  23.914  23.651  -34.929 0.5714285970
81511  21.845  25.818  -36.828 0.1428571492
49740  19.992  -7.430  -19.067 0.1428571492
49741  19.271  -7.761  -18.619 0.1428571492
51721  21.144  -5.240  -20.176 0.2857142985
52720  21.739  -4.844  -19.884 0.1428571492
52718  23.134  -4.181  -19.670 0.2857142985
52725  22.212  -4.324  -20.131 0.2857142985
55962  24.347  -1.153  -22.204 0.2857142985
55948  24.019  -1.832  -21.821 0.1428571492
60790  24.686  3.319  -26.074 0.2857142985
59821  24.552  2.676  -25.602 0.2857142985
62724  25.866  5.456  -26.551 0.4285714328
61718  24.863  4.246  -26.799 0.5714285970
66719  27.442  9.615  -28.795 0.2857142985
62737  24.804  5.175  -28.034 0.7142857313
68684  28.547  11.235  -28.834 0.1428571492
66739  26.475  9.718  -29.656 0.8571428657
69678  27.674  12.283  -29.472 0.7142857313
112886  28.748  14.923  -33.861 0.1428571492
70568  25.688  13.321  -29.433 0.8571428657
72364  25.389  14.840  -29.541 0.8571428657
76114  26.084  20.091  -32.406 0.8571428657
77977  25.436  21.479  -32.767 0.8571428657
77978  25.223  21.922  -33.725 0.7142857313
78915  24.425  22.364  -35.320 0.2857142985
79878  22.124  23.460  -37.738 0.1428571492
80751  18.929  25.731  -41.084 0.1428571492
48606  19.261  -8.239  -18.128 0.1428571492
52740  20.435  -4.636  -21.535 0.4285714328
53849  21.959  -3.059  -22.003 0.2857142985
52739  21.182  -4.348  -21.257 0.4285714328
52752  20.084  -4.284  -22.121 0.2857142985
54951  23.167  -2.133  -22.105 0.1428571492
57896  25.009  0.185  -22.858 0.2857142985
58845  24.912  1.204  -23.825 0.2857142985
57911  23.845  0.151  -23.899 0.2857142985
56987  23.479  -0.486  -23.549 0.2857142985
57920  24.201  0.805  -24.222 0.2857142985
61728  24.688  4.508  -27.471 0.7142857313
71535  30.403  14.359  -32.064 0.1428571492
133988  29.166  14.589  -34.105 0.1428571492
72418  28.060  15.278  -34.108 0.1428571492
72408  27.742  15.852  -33.670 0.2857142985
72419  27.394  15.527  -34.427 0.1428571492
73263  27.316  16.156  -30.650 0.8571428657
69680  26.064  12.643  -29.456 0.8571428657
69697  25.107  11.608  -30.125 1.0000000000
73310  26.696  16.594  -34.600 0.1428571492
74267  26.603  17.479  -34.353 0.1428571492
75225  26.461  18.374  -34.059 0.2857142985
74223  23.530  17.160  -30.226 0.8571428657
76127  26.332  19.484  -32.988 0.5714285970
76128  26.050  19.983  -33.436 0.5714285970
77079  25.741  20.533  -33.981 0.5714285970
77983  24.979  21.797  -34.870 0.4285714328
77986  25.060  20.984  -35.371 0.2857142985
77987  24.550  21.617  -35.739 0.2857142985
78930  24.033  22.214  -36.123 0.1428571492
81503  23.000  25.162  -35.251 0.2857142985
79877  22.854  22.830  -37.130 0.1428571492
80739  22.171  24.778  -36.967 0.1428571492
80732  22.669  25.005  -36.138 0.1428571492
120778  22.374  25.925  -35.915 0.1428571492
79885  21.264  23.573  -38.706 0.1428571492
134419  20.189  26.977  -38.664 0.1428571492
81512  20.784  27.025  -37.790 0.1428571492
81524  19.552  27.324  -39.712 0.1428571492
76141  26.282  19.224  -33.780 0.4285714328
76142  25.899  19.746  -34.376 0.4285714328
77088  25.518  20.338  -34.938 0.4285714328
77982  25.391  21.140  -34.425 0.5714285970
129548  21.218  -6.334  -19.193 0.1428571492
50793  19.991  -6.226  -20.148 0.1428571492
133907  18.643  -7.439  -18.678 0.1428571492
51723  19.595  -5.701  -20.665 0.4285714328
50794  19.176  -6.197  -20.175 0.2857142985
51735  20.040  -5.222  -21.149 0.5714285970
52719  22.363  -4.806  -19.432 0.1428571492
53839  21.575  -3.712  -21.624 0.1428571492
54938  22.776  -2.766  -21.700 0.1428571492
56986  24.232  -0.128  -23.188 0.2857142985
63747  25.123  6.478  -29.100 0.7142857313
67731  27.808  10.195  -28.859 0.8571428657
130257  26.522  9.342  -29.448 0.8571428657
132440  28.756  11.870  -29.080 0.5714285970
71537  28.714  14.716  -31.261 0.2857142985
70603  29.991  14.100  -31.084 0.1428571492
72389  27.910  15.934  -31.936 0.5714285970
70567  26.531  13.322  -29.425 0.8571428657
72377  27.462  15.398  -30.394 0.8571428657
75176  26.305  18.254  -30.714 0.8571428657
74220  26.536  17.277  -30.290 0.8571428657
74211  24.072  16.678  -29.890 0.8571428657
75177  25.603  18.550  -30.366 0.8571428657
126655  26.163  19.686  -31.674 0.8571428657
76103  25.803  20.285  -31.499 0.8571428657
77991  23.493  22.021  -36.848 0.1428571492
79845  24.395  23.518  -33.215 0.5714285970
80723  23.559  24.487  -34.710 0.4285714328
79871  22.496  23.811  -37.040 0.1428571492
79886  20.161  23.671  -40.089 0.1428571492
79870  23.191  23.354  -36.372 0.1428571492
80738  22.903  24.152  -36.288 0.1428571492
81517  21.225  25.757  -37.794 0.1428571492
55961  25.147  -0.882  -21.945 0.1428571492
52751  20.821  -4.044  -21.939 0.4285714328
57921  23.518  0.394  -24.636 0.5714285970
57008  22.875  -0.028  -25.044 0.5714285970
56003  21.293  -1.103  -25.300 0.5714285970
119470  20.131  -1.235  -25.376 0.2857142985
57944  22.930  0.808  -26.167 0.5714285970
57025  21.692  -0.248  -26.392 0.5714285970
55992  19.635  -1.716  -24.593 0.4285714328
57024  22.120  -0.218  -26.018 0.5714285970
56005  19.176  -1.017  -25.121 0.2857142985
120412  20.296  -0.722  -26.018 0.4285714328
58875  23.831  2.076  -26.102 0.4285714328
58877  22.574  1.060  -26.922 0.5714285970
57961  21.841  0.631  -27.372 0.5714285970
57962  21.021  0.321  -27.713 0.4285714328
59847  23.310  2.463  -27.472 0.5714285970
60810  23.673  3.188  -27.746 0.7142857313
59862  23.084  2.713  -28.338 0.4285714328
121876  20.943  -0.541  -26.488 0.4285714328
57012  19.506  -0.628  -25.896 0.2857142985
57013  18.636  -0.410  -25.596 0.2857142985
58892  21.415  0.920  -28.124 0.4285714328
133624  24.046  2.919  -26.712 0.7142857313
61737  23.823  4.076  -28.793 0.7142857313
60832  22.698  3.366  -29.893 0.4285714328
116895  23.869  5.079  -29.732 0.7142857313
61765  23.341  4.921  -30.234 0.5714285970
62761  23.733  5.670  -30.192 0.7142857313
62776  23.029  5.658  -30.726 0.2857142985
61749  24.215  4.906  -28.970 0.5714285970
61750  23.628  4.438  -29.557 0.7142857313
63759  24.226  6.293  -30.024 0.7142857313
64783  23.909  7.306  -30.713 0.7142857313
63787  23.182  7.171  -31.090 0.7142857313
63776  22.697  6.420  -31.113 0.4285714328
64800  22.879  7.841  -31.462 0.4285714328
63757  25.605  7.109  -28.989 0.5714285970
115627  24.601  6.183  -29.480 0.5714285970
64771  25.617  7.713  -29.609 0.5714285970
64782  24.596  7.840  -30.602 0.5714285970
65789  24.408  8.644  -30.790 0.7142857313
67788  24.425  10.070  -30.752 0.7142857313
65790  23.482  8.593  -31.243 0.7142857313
66773  23.217  9.315  -31.426 0.5714285970
67790  22.984  10.080  -31.469 0.5714285970
67775  26.454  10.165  -29.768 0.7142857313
65772  25.496  8.939  -30.217 0.5714285970
65773  25.005  8.499  -30.551 0.5714285970
66757  25.385  9.550  -30.362 0.7142857313
122233  25.046  8.999  -30.568 0.7142857313
68723  24.786  10.815  -30.494 0.8571428657
65791  22.564  8.545  -31.842 0.4285714328
68732  24.029  10.763  -30.828 0.7142857313
120389  23.421  10.659  -31.171 0.7142857313
68724  24.298  11.559  -30.501 0.7142857313
68734  22.800  10.927  -31.429 0.5714285970
68733  23.475  11.512  -30.959 0.7142857313
66756  25.930  9.649  -29.975 0.5714285970
66758  24.766  9.436  -30.658 0.7142857313
69699  23.861  12.330  -30.537 0.7142857313
69706  23.311  12.403  -30.981 0.5714285970
69708  22.274  12.897  -31.691 0.2857142985
68705  26.020  11.721  -29.681 0.7142857313
69698  24.571  12.373  -30.110 0.7142857313
71524  22.811  14.563  -31.049 0.7142857313
69681  25.345  12.461  -29.684 0.7142857313
70588  24.129  13.080  -30.177 0.8571428657
70589  23.554  13.094  -30.689 0.8571428657
72366  23.867  15.306  -30.089 0.8571428657
71522  23.872  13.862  -30.268 0.8571428657
70605  22.605  13.733  -31.392 0.5714285970
71523  23.458  14.628  -30.464 0.8571428657
72378  23.096  15.594  -30.612 0.8571428657
72390  22.216  15.233  -31.383 0.7142857313
133277  24.324  13.599  -29.963 0.8571428657
71508  24.039  14.614  -30.044 0.8571428657
73254  23.780  15.982  -30.120 0.8571428657
73265  23.465  16.396  -30.286 0.8571428657
73266  22.921  16.584  -30.631 0.7142857313
126600  23.845  19.716  -30.587 0.7142857313
76095  22.465  18.947  -31.146 0.7142857313
122056  22.998  19.687  -31.004 0.5714285970
116355  21.681  18.953  -31.476 0.7142857313
77054  23.621  20.462  -30.805 0.7142857313
77962  22.325  21.305  -31.234 0.7142857313
77065  21.704  20.562  -31.416 0.7142857313
120400  22.051  22.007  -31.444 0.7142857313
78877  22.266  22.731  -31.514 0.7142857313
77963  21.310  21.536  -31.708 0.5714285970
130075  23.858  22.443  -31.461 0.7142857313
78876  23.156  22.976  -31.477 0.7142857313
78878  21.418  22.465  -31.767 0.5714285970
117107  21.565  23.233  -31.879 0.5714285970
127597  20.948  22.961  -32.337 0.5714285970
123745  20.608  22.343  -32.363 0.5714285970
79818  22.449  23.624  -31.701 0.5714285970
79820  20.877  23.655  -32.639 0.5714285970
78879  19.891  23.353  -33.216 0.5714285970
77965  19.464  22.407  -33.188 0.4285714328
79832  19.737  24.423  -33.536 0.5714285970
80686  22.947  24.252  -31.870 0.5714285970
78880  18.105  23.576  -33.855 0.4285714328
78888  17.872  22.965  -33.997 0.4285714328
79821  17.957  24.555  -33.789 0.5714285970
80681  17.078  25.039  -31.659 0.4285714328
62735  25.986  6.092  -27.139 0.2857142985
80688  18.014  25.557  -33.349 0.2857142985
56002  21.842  -0.936  -25.046 0.5714285970
54973  20.936  -2.207  -24.202 0.5714285970
58865  23.545  1.319  -25.739 0.2857142985
57933  23.233  0.610  -25.403 0.4285714328
56004  20.845  -1.368  -25.200 0.5714285970
58876  23.221  1.528  -26.499 0.5714285970
57947  20.527  -0.026  -27.168 0.4285714328
58891  22.237  1.297  -27.738 0.4285714328
59848  22.631  2.022  -28.051 0.5714285970
57027  18.926  0.060  -26.465 0.2857142985
57963  20.218  0.411  -27.661 0.2857142985
60817  22.893  3.018  -29.152 0.5714285970
64744  26.619  7.460  -27.603 0.2857142985
122008  21.928  4.264  -31.006 0.2857142985
63775  23.598  6.503  -30.618 0.7142857313
70569  24.801  13.272  -29.704 0.8571428657
70590  23.208  13.822  -30.856 0.7142857313
75180  22.717  18.230  -30.839 0.7142857313
76094  23.261  18.971  -30.734 0.7142857313
75191  21.962  18.220  -31.189 0.7142857313
78887  24.551  22.991  -32.493 0.5714285970
78875  23.929  23.174  -31.847 0.5714285970
79829  23.588  23.943  -32.103 0.5714285970
79831  20.840  24.446  -32.897 0.2857142985
58907  21.834  1.566  -28.550 0.4285714328
57932  23.855  1.085  -24.952 0.2857142985
65759  25.805  8.496  -29.781 0.7142857313
62745  24.687  5.740  -28.903 0.5714285970
68722  25.571  10.838  -30.149 0.7142857313
67776  25.831  10.170  -30.119 0.7142857313
71507  24.573  14.179  -29.760 0.7142857313
77961  23.940  21.812  -31.222 0.8571428657
122828  24.309  3.789  -27.369 0.5714285970
61736  24.296  4.359  -28.125 0.5714285970
73277  22.251  16.877  -30.995 0.7142857313
130983  25.242  7.089  -29.561 0.5714285970
57010  21.597  -0.668  -25.797 0.5714285970
57011  20.872  -0.979  -25.732 0.5714285970
55991  20.514  -1.756  -24.739 0.5714285970
57945  22.216  0.295  -26.543 0.5714285970
57946  21.399  0.062  -26.979 0.4285714328
54974  20.174  -2.282  -24.195 0.5714285970
57026  19.949  -0.316  -26.597 0.4285714328
59834  23.460  2.158  -26.797 0.5714285970
58890  22.914  1.759  -27.242 0.5714285970
58893  20.476  0.807  -28.184 0.4285714328
60816  23.457  3.404  -28.581 0.5714285970
60831  23.301  3.702  -29.375 0.7142857313
61751  23.060  4.105  -30.162 0.4285714328
60833  22.026  3.067  -30.258 0.4285714328
59880  22.336  2.801  -29.656 0.4285714328
62760  24.227  5.644  -29.563 0.7142857313
61766  22.532  4.785  -30.794 0.2857142985
64772  25.016  7.419  -30.093 0.7142857313
63774  24.370  7.030  -30.336 0.7142857313
64799  23.765  7.900  -30.992 0.7142857313
64781  25.286  8.141  -30.227 0.5714285970
66772  23.997  9.329  -30.939 0.7142857313
67789  23.694  10.027  -31.094 0.7142857313
67777  25.170  10.130  -30.476 0.5714285970
67797  22.257  10.215  -31.834 0.2857142985
70604  22.968  13.009  -31.217 0.5714285970
77055  22.668  20.465  -31.100 0.7142857313
77952  23.324  21.229  -31.021 0.7142857313
116166  23.002  22.095  -31.217 0.8571428657
79819  21.620  23.946  -32.178 0.7142857313
58894  19.525  0.985  -27.764 0.1428571492
58908  20.852  1.314  -28.764 0.4285714328
52728  18.442  -4.903  -21.007 0.4285714328
59804  26.091  2.121  -23.911 0.1428571492
58855  25.301  1.831  -24.197 0.1428571492
59813  25.591  2.515  -24.496 0.1428571492
61717  25.467  4.590  -26.292 0.1428571492
60779  25.707  3.188  -24.818 0.1428571492
62710  26.552  5.592  -25.787 0.1428571492
60788  25.703  4.118  -25.469 0.1428571492
60778  26.255  3.766  -24.777 0.1428571492
64743  27.286  7.879  -27.108 0.2857142985
66705  27.740  9.304  -27.986 0.1428571492
74224  22.862  17.438  -30.666 0.5714285970
83036  20.460  29.053  -38.337 0.1428571492
73278  21.725  16.228  -31.554 0.4285714328
83028  20.326  29.327  -37.746 0.1428571492
82279  21.376  26.968  -36.762 0.1428571492
74235  20.955  17.617  -32.071 0.4285714328
116352  21.081  18.922  -31.828 0.4285714328
82247  21.604  27.035  -33.688 0.2857142985
81468  22.328  25.486  -32.775 0.2857142985
80687  22.237  24.368  -32.086 0.2857142985
75216  18.943  18.455  -33.960 0.1428571492
115649  21.128  19.773  -31.694 0.5714285970
81470  20.309  26.365  -33.416 0.2857142985
76115  19.675  19.593  -32.743 0.4285714328
77067  20.199  20.381  -32.398 0.5714285970
80700  20.878  25.303  -33.130 0.2857142985
76117  18.157  20.323  -33.738 0.4285714328
77074  17.910  21.337  -33.901 0.2857142985
80701  19.597  25.431  -33.567 0.1428571492
129301  18.297  26.355  -32.865 0.1428571492
127868  19.384  26.789  -33.234 0.1428571492
77973  17.266  22.256  -34.021 0.2857142985
122614  17.518  25.985  -32.017 0.2857142985
80669  16.750  24.764  -29.739 0.1428571492
115726  18.668  27.203  -32.369 0.1428571492
80680  17.316  25.766  -30.500 0.1428571492
81460  17.830  26.639  -31.351 0.1428571492
81451  17.500  26.728  -29.768 0.1428571492
52742  18.971  -4.593  -21.603 0.4285714328
112009  18.258  -3.540  -21.976 0.2857142985
58844  25.723  1.470  -23.575 0.1428571492
131424  26.338  4.450  -25.135 0.1428571492
63721  26.524  6.286  -26.475 0.1428571492
116361  21.609  17.360  -31.438 0.2857142985
78898  24.786  22.769  -33.420 0.4285714328
81482  23.216  25.384  -33.514 0.2857142985
82235  21.981  26.217  -33.232 0.2857142985
82237  19.623  27.213  -33.172 0.2857142985
53840  17.563  -3.346  -21.654 0.2857142985
54936  24.667  -2.319  -21.242 0.1428571492
57895  25.799  0.448  -22.602 0.1428571492
57908  26.147  1.108  -22.965 0.1428571492
65721  26.868  8.190  -27.932 0.1428571492
63734  26.312  6.715  -27.351 0.1428571492
113946  17.330  20.791  -33.974 0.1428571492
76129  18.470  19.361  -33.815 0.2857142985
77964  20.399  21.441  -32.396 0.5714285970
79846  23.871  24.226  -32.956 0.4285714328
82236  20.865  26.812  -33.446 0.2857142985
81493  22.823  25.969  -34.038 0.2857142985
83002  21.777  27.306  -34.371 0.2857142985
83003  21.074  28.299  -35.200 0.1428571492
83016  21.501  27.670  -35.407 0.1428571492
82272  20.866  28.065  -36.687 0.1428571492
82271  21.885  26.803  -35.621 0.1428571492
66718  28.054  9.955  -28.284 0.2857142985
80713  23.647  24.767  -33.736 0.4285714328
82248  20.714  27.593  -33.536 0.2857142985
81504  22.698  25.987  -34.908 0.2857142985
52753  19.461  -4.294  -21.997 0.4285714328
51736  19.253  -5.194  -21.180 0.4285714328
79828  24.121  23.594  -32.460 0.4285714328
130671  23.437  24.867  -33.056 0.2857142985
81492  23.267  25.351  -34.319 0.2857142985
75192  21.328  18.242  -31.666 0.4285714328
76104  22.079  19.707  -31.270 0.5714285970
80697  23.277  24.604  -32.419 0.2857142985
74234  22.238  17.621  -30.968 0.5714285970
77066  20.940  20.718  -31.887 0.5714285970
77971  19.596  21.346  -32.920 0.5714285970
79830  21.588  24.534  -32.497 0.2857142985
80699  21.928  25.003  -32.527 0.2857142985
61716  26.096  4.878  -25.731 0.1428571492
59812  26.453  2.869  -24.310 0.1428571492
63707  27.001  6.179  -25.742 0.1428571492
74247  20.379  17.833  -32.655 0.2857142985
81469  21.517  25.775  -33.061 0.2857142985
81467  23.001  25.235  -32.816 0.2857142985
75205  19.381  18.968  -33.308 0.2857142985
81471  19.416  26.303  -33.376 0.1428571492
77073  19.047  20.652  -33.211 0.4285714328
76116  18.941  19.753  -33.262 0.2857142985
77972  18.620  21.861  -33.578 0.4285714328
52743  18.123  -4.095  -21.427 0.2857142985
63720  27.235  6.800  -26.064 0.1428571492
73279  21.093  16.761  -32.058 0.2857142985
82246  22.277  26.502  -33.805 0.2857142985
82256  22.284  26.705  -34.598 0.2857142985
66774  22.458  9.398  -31.884 0.4285714328
69707  22.665  11.992  -31.426 0.2857142985
82972  19.677  28.211  -32.403 0.1428571492
83732  19.993  28.766  -32.635 0.1428571492
125372  18.805  28.156  -30.376 0.1428571492
83733  19.769  28.526  -31.890 0.1428571492
82971  20.116  28.156  -33.069 0.1428571492
82220  18.910  27.948  -31.364 0.1428571492
82949  19.388  28.323  -30.809 0.1428571492
82957  19.419  28.322  -31.682 0.1428571492
83724  19.846  28.547  -31.198 0.1428571492
125815  19.268  27.843  -32.373 0.1428571492
83717  20.476  28.874  -30.803 0.1428571492
83723  20.059  28.970  -31.736 0.1428571492
68743  22.057  11.107  -31.854 0.2857142985
83711  19.941  28.388  -30.368 0.1428571492
84408  20.554  29.598  -31.530 0.1428571492
84427  19.749  29.682  -33.850 0.1428571492
60800  24.597  3.638  -26.600 0.2857142985
124027  19.896  27.728  -33.078 0.1428571492
83748  20.561  28.317  -33.828 0.1428571492
83710  20.573  28.420  -29.924 0.1428571492
54962  21.268  -2.539  -23.523 0.4285714328
54961  22.001  -2.210  -23.217 0.2857142985
55964  22.730  -1.804  -22.815 0.1428571492
55989  22.091  -1.275  -24.355 0.2857142985
55977  22.385  -1.564  -23.607 0.1428571492
55988  22.762  -0.880  -23.947 0.2857142985
53862  20.853  -3.112  -23.045 0.2857142985
56996  23.170  -0.267  -24.315 0.2857142985
54963  20.518  -2.701  -23.647 0.4285714328
55976  23.105  -1.145  -23.189 0.1428571492
54952  22.359  -2.451  -22.427 0.1428571492
55990  21.337  -1.546  -24.715 0.4285714328
55978  21.684  -1.954  -23.994 0.2857142985
76105  20.467  19.278  -32.183 0.2857142985
54953  21.603  -2.810  -22.776 0.2857142985
53852  19.562  -3.747  -22.530 0.2857142985
53853  18.723  -3.363  -22.493 0.2857142985
53863  20.079  -3.245  -23.149 0.2857142985
53864  19.280  -3.056  -23.056 0.2857142985
54964  19.773  -2.691  -23.637 0.2857142985
59863  22.284  2.332  -28.985 0.2857142985
126344  22.007  6.397  -31.460 0.1428571492
63788  22.289  7.072  -31.620 0.2857142985
69717  21.849  12.026  -32.024 0.1428571492
69718  21.528  12.873  -32.245 0.1428571492
71538  22.282  14.350  -31.534 0.1428571492
70615  21.306  13.755  -32.287 0.1428571492
71550  21.045  14.575  -32.374 0.1428571492
73290  19.952  17.075  -33.093 0.1428571492
75193  20.731  18.418  -32.180 0.1428571492
74248  19.738  18.091  -33.297 0.1428571492
78881  16.915  23.302  -32.534 0.1428571492
78889  16.847  22.702  -32.725 0.1428571492
78865  16.689  23.175  -30.919 0.1428571492
79822  16.804  24.042  -32.248 0.1428571492
53851  20.441  -3.691  -22.566 0.1428571492
122840  22.421  16.094  -31.017 0.2857142985
72400  20.778  15.391  -32.511 0.1428571492
75204  20.092  18.677  -32.719 0.1428571492
52729  17.555  -4.522  -20.710 0.2857142985
59864  21.279  1.941  -29.253 0.2857142985
59881  21.659  2.525  -29.760 0.2857142985
63805  21.690  7.284  -32.078 0.1428571492
66781  21.810  9.550  -32.350 0.1428571492
115398  21.225  12.059  -32.590 0.1428571492
69719  20.929  13.057  -32.689 0.1428571492
70616  20.651  13.823  -32.783 0.1428571492
73288  21.159  16.001  -32.190 0.1428571492
74258  19.269  17.497  -33.871 0.1428571492
59865  20.268  1.932  -29.203 0.2857142985
64815  22.131  7.754  -32.035 0.1428571492
70606  21.956  13.689  -31.833 0.1428571492
77979  16.884  21.671  -33.725 0.1428571492
72399  21.451  15.321  -31.985 0.1428571492
115918  20.586  17.110  -32.495 0.1428571492
60834  21.136  2.991  -30.323 0.1428571492
71539  21.711  14.490  -31.890 0.1428571492
69728  20.777  12.336  -33.032 0.1428571492
52730  16.630  -4.121  -20.325 0.1428571492
53827  17.129  -3.764  -21.012 0.1428571492
53811  15.834  -3.672  -19.885 0.1428571492
54965  18.944  -2.360  -23.524 0.1428571492
67730  28.337  10.565  -28.553 0.1428571492
67715  28.744  10.330  -27.804 0.1428571492
75226  26.042  18.887  -34.711 0.1428571492
51715  17.495  -5.566  -19.638 0.1428571492
54939  17.163  -2.656  -21.899 0.1428571492
134104  18.012  -2.541  -22.702 0.1428571492
54975  19.557  -2.193  -24.002 0.1428571492
53854  17.953  -2.959  -22.328 0.1428571492
55993  18.755  -1.371  -24.443 0.1428571492
75238  26.115  17.957  -34.986 0.1428571492
121734  25.608  19.448  -35.349 0.1428571492
56998  18.327  -0.788  -24.866 0.1428571492
51725  17.947  -5.260  -20.359 0.1428571492
54976  19.083  -1.841  -24.040 0.1428571492
57964  19.635  0.296  -27.170 0.1428571492
52754  18.859  -3.965  -22.025 0.1428571492
51726  17.058  -4.852  -20.000 0.1428571492
53828  16.242  -3.358  -20.580 0.1428571492
55979  18.398  -1.705  -23.802 0.1428571492
51714  18.368  -5.913  -19.946 0.2857142985
51722  20.386  -5.576  -20.504 0.2857142985
52727  20.778  -4.950  -20.873 0.5714285970
53826  21.918  -3.999  -20.885 0.2857142985
56997  22.495  -0.638  -24.697 0.2857142985
57009  22.269  -0.403  -25.409 0.5714285970
57909  25.366  0.822  -23.218 0.1428571492
57934  22.622  0.158  -25.780 0.5714285970
60815  23.920  3.756  -28.120 0.5714285970
60842  22.356  3.808  -30.562 0.4285714328
63758  24.775  6.744  -29.793 0.5714285970
64770  26.125  8.166  -29.336 0.8571428657
65771  26.069  9.189  -29.759 0.8571428657
71549  28.947  15.049  -32.071 0.1428571492
71566  29.591  14.265  -34.448 0.1428571492
73251  26.290  16.438  -29.828 0.8571428657
73299  27.085  17.017  -33.764 0.1428571492
74210  24.970  16.884  -29.715 0.8571428657
77052  25.375  20.091  -30.840 0.8571428657
79817  23.248  23.633  -31.707 0.5714285970
79862  24.285  22.964  -34.918 0.1428571492
80698  22.636  24.842  -32.323 0.2857142985
81483  22.660  25.816  -33.315 0.2857142985
81534  19.102  25.898  -41.252 0.1428571492
112002  18.492  -2.743  -22.875 0.1428571492
113054  26.874  18.079  -32.648 0.7142857313
116620  20.683  -7.681  -18.569 0.1428571492
117296  23.225  24.413  -35.572 0.4285714328
120016  28.186  13.064  -29.532 0.5714285970
126871  26.926  10.068  -29.549 0.8571428657
130386  23.549  24.057  -35.243 0.4285714328
131585  25.699  3.639  -25.090 0.1428571492
132134  25.539  21.171  -33.581 0.5714285970
133376  21.106  12.581  -32.627 0.1428571492
134522  24.308  22.113  -31.472 0.7142857313
