#!ascii label  , from subject sub-v2s16x51313_ses-1 vox2ras=TkReg
1165
113024  52.533  -13.825  29.076 0.0000000000
41335  37.858  -27.077  39.939 0.0000000000
28892  41.301  -40.290  42.250 0.0000000000
33787  31.418  -35.600  44.279 0.0000000000
118569  42.265  -32.479  44.223 0.0000000000
35812  37.379  -33.975  38.734 0.0000000000
52107  50.780  -16.047  30.199 0.0000000000
126048  59.004  -12.027  24.731 0.0000000000
51167  46.997  -17.694  33.875 0.0000000000
46447  40.782  -22.832  32.184 0.0000000000
42392  34.513  -26.575  31.702 0.0000000000
30631  38.098  -38.122  46.473 0.0000000000
31640  36.682  -37.502  42.369 0.0000000000
32626  33.963  -36.873  48.342 0.0000000000
119753  42.611  -36.907  43.317 0.0000000000
53972  49.037  -14.003  36.559 0.0000000000
128986  39.087  -25.456  45.803 0.0000000000
43365  42.167  -25.452  39.626 0.0000000000
45481  43.241  -23.285  35.974 0.0000000000
43447  39.566  -25.714  35.695 0.0000000000
44574  37.615  -24.528  31.555 0.0000000000
41371  36.643  -27.660  35.743 0.0000000000
32802  38.449  -36.885  36.364 0.0000000000
36891  34.209  -33.131  34.488 0.0000000000
56095  55.887  -12.324  26.062 0.0000000000
54119  57.849  -14.625  22.851 0.0000000000
28950  42.647  -40.686  38.195 0.0000000000
29772  38.465  -39.662  39.528 0.0000000000
39612  39.913  -29.735  42.744 0.0000000000
39638  36.901  -29.912  39.727 0.0000000000
35794  41.275  -33.067  40.809 0.0000000000
32776  41.374  -36.812  39.758 0.0000000000
53027  53.465  -16.024  33.071 0.0000000000
33713  29.634  -36.013  49.968 0.0000000000
31582  26.469  -37.548  46.803 0.0000000000
58061  54.836  -9.118  29.653 0.0000000000
116478  52.679  -11.346  33.422 0.0000000000
54942  51.331  -13.314  34.369 0.0000000000
53047  47.721  -15.712  31.454 0.0000000000
50300  45.186  -18.192  29.928 0.0000000000
48275  46.104  -20.807  36.777 0.0000000000
48329  43.940  -20.874  33.081 0.0000000000
48398  42.148  -20.040  28.861 0.0000000000
47435  38.694  -22.281  28.111 0.0000000000
38835  33.879  -30.087  36.022 0.0000000000
32625  36.552  -36.548  47.963 0.0000000000
119904  36.359  -37.640  47.212 0.0000000000
32605  34.990  -36.313  49.036 0.0000000000
32663  38.569  -36.792  46.211 0.0000000000
42262  38.568  -26.677  42.480 0.0000000000
120578  39.428  -26.186  39.988 0.0000000000
43398  40.679  -25.706  37.728 0.0000000000
42322  38.673  -26.690  37.527 0.0000000000
42350  38.013  -26.701  35.633 0.0000000000
41357  37.434  -27.506  37.469 0.0000000000
30735  38.718  -38.351  36.246 0.0000000000
33891  36.845  -35.598  34.836 0.0000000000
56067  53.954  -12.373  27.740 0.0000000000
55041  54.135  -13.185  25.167 0.0000000000
54061  52.318  -14.339  25.985 0.0000000000
28918  42.360  -40.912  40.530 0.0000000000
28017  41.872  -42.065  39.540 0.0000000000
29758  39.717  -39.951  40.703 0.0000000000
117226  33.747  -36.401  43.847 0.0000000000
32739  35.084  -36.682  40.964 0.0000000000
33823  32.748  -35.744  41.483 0.0000000000
112419  29.968  -35.311  41.903 0.0000000000
39593  40.139  -29.560  45.506 0.0000000000
38753  42.293  -30.650  43.689 0.0000000000
37825  40.333  -30.884  41.545 0.0000000000
36809  42.971  -31.777  42.847 0.0000000000
30656  42.398  -38.823  42.777 0.0000000000
130514  43.160  -37.136  41.434 0.0000000000
30692  43.019  -39.103  40.503 0.0000000000
30702  42.327  -38.978  38.977 0.0000000000
52085  52.477  -16.385  32.956 0.0000000000
51190  54.058  -17.460  32.118 0.0000000000
51207  52.558  -18.077  31.691 0.0000000000
30626  24.783  -38.424  47.898 0.0000000000
129674  52.270  -13.144  34.474 0.0000000000
55964  50.606  -11.655  36.453 0.0000000000
52062  48.281  -16.205  35.878 0.0000000000
53015  48.509  -14.842  33.798 0.0000000000
51180  47.205  -16.772  32.638 0.0000000000
52109  46.692  -16.726  30.376 0.0000000000
130072  46.300  -17.909  32.246 0.0000000000
45520  42.025  -23.106  34.022 0.0000000000
46429  43.106  -22.101  33.903 0.0000000000
47372  41.944  -21.909  32.039 0.0000000000
48369  42.627  -20.547  30.457 0.0000000000
47402  41.448  -21.462  30.502 0.0000000000
47433  39.990  -21.342  28.266 0.0000000000
132049  39.713  -22.676  30.287 0.0000000000
44602  36.191  -24.253  29.452 0.0000000000
130275  37.143  -31.875  39.447 0.0000000000
38800  35.619  -30.318  38.367 0.0000000000
126147  34.941  -32.079  38.016 0.0000000000
37911  32.628  -31.305  33.380 0.0000000000
116600  60.620  -10.573  20.097 0.0000000000
127794  59.732  -12.291  22.572 0.0000000000
29730  39.884  -39.585  43.959 0.0000000000
30669  38.686  -38.975  42.850 0.0000000000
30661  37.036  -38.196  45.085 0.0000000000
31613  34.886  -37.074  45.043 0.0000000000
133658  32.341  -36.223  46.084 0.0000000000
34788  40.701  -34.424  43.924 0.0000000000
34787  42.724  -34.285  43.693 0.0000000000
33781  40.883  -35.857  44.411 0.0000000000
30647  40.277  -38.788  44.629 0.0000000000
55950  49.505  -11.963  37.514 0.0000000000
51139  48.271  -16.960  37.128 0.0000000000
44465  42.751  -24.658  37.744 0.0000000000
44495  41.422  -24.538  35.697 0.0000000000
44535  40.307  -24.282  33.847 0.0000000000
44572  39.003  -24.066  32.097 0.0000000000
114367  38.367  -25.462  33.787 0.0000000000
42370  37.220  -26.240  33.882 0.0000000000
41406  35.466  -27.289  33.773 0.0000000000
33881  37.761  -35.530  37.369 0.0000000000
35818  35.377  -33.559  37.507 0.0000000000
34852  36.165  -34.457  35.658 0.0000000000
56106  57.841  -12.085  25.761 0.0000000000
120824  58.951  -13.114  24.006 0.0000000000
55062  56.287  -12.905  24.394 0.0000000000
31661  37.046  -37.760  40.909 0.0000000000
40451  38.788  -27.936  44.591 0.0000000000
40461  37.901  -28.046  41.976 0.0000000000
128610  37.052  -28.303  39.844 0.0000000000
39623  38.440  -29.888  41.365 0.0000000000
37851  38.686  -31.730  40.197 0.0000000000
35805  38.733  -33.372  39.694 0.0000000000
122952  43.208  -34.685  41.882 0.0000000000
34816  40.687  -34.694  40.228 0.0000000000
33859  39.064  -35.165  39.169 0.0000000000
32792  39.148  -36.542  38.120 0.0000000000
31698  40.134  -38.130  37.436 0.0000000000
54026  53.003  -14.559  31.238 0.0000000000
123001  52.304  -15.412  27.957 0.0000000000
52119  53.545  -16.605  29.573 0.0000000000
32589  31.904  -36.273  49.622 0.0000000000
32648  30.400  -36.045  46.940 0.0000000000
120213  28.389  -36.739  48.928 0.0000000000
134619  28.875  -35.718  45.442 0.0000000000
132778  57.513  -10.780  26.921 0.0000000000
57111  55.720  -10.914  28.037 0.0000000000
56046  53.785  -11.388  29.625 0.0000000000
56035  52.873  -12.188  30.692 0.0000000000
54954  52.853  -13.772  33.298 0.0000000000
53014  52.502  -15.430  33.658 0.0000000000
54013  51.421  -15.043  32.469 0.0000000000
54929  49.921  -12.911  35.300 0.0000000000
53998  49.542  -14.164  32.333 0.0000000000
53058  49.751  -15.112  29.994 0.0000000000
115788  47.579  -16.064  28.985 0.0000000000
51237  46.384  -17.077  28.031 0.0000000000
49264  46.692  -19.409  36.011 0.0000000000
46398  44.328  -22.249  36.013 0.0000000000
48291  44.942  -20.873  35.247 0.0000000000
49291  45.544  -19.368  33.642 0.0000000000
49325  44.587  -19.433  31.588 0.0000000000
49357  43.722  -19.336  29.560 0.0000000000
127350  38.109  -23.437  29.831 0.0000000000
39661  36.032  -29.024  37.835 0.0000000000
122066  35.498  -28.485  35.746 0.0000000000
40561  34.272  -28.089  33.618 0.0000000000
37897  33.301  -31.583  35.806 0.0000000000
39708  32.817  -29.581  33.588 0.0000000000
31552  36.057  -36.687  48.317 0.0000000000
34742  34.774  -34.805  48.861 0.0000000000
41325  37.846  -27.187  40.926 0.0000000000
42289  39.219  -26.146  40.905 0.0000000000
42290  38.485  -26.567  40.418 0.0000000000
42307  39.553  -26.287  38.539 0.0000000000
42308  38.730  -26.619  38.295 0.0000000000
41356  38.055  -27.060  37.925 0.0000000000
41343  37.959  -27.033  38.897 0.0000000000
55009  53.113  -12.992  28.035 0.0000000000
55023  53.244  -13.231  27.043 0.0000000000
55010  52.628  -13.759  27.648 0.0000000000
28904  42.024  -40.634  41.431 0.0000000000
28919  41.721  -40.966  40.832 0.0000000000
28906  40.744  -40.252  42.056 0.0000000000
32706  32.906  -36.047  43.961 0.0000000000
124121  33.208  -35.979  43.149 0.0000000000
117171  31.840  -35.563  42.808 0.0000000000
132224  31.263  -35.481  42.467 0.0000000000
33799  30.798  -35.518  43.634 0.0000000000
36794  39.969  -32.723  44.046 0.0000000000
36777  40.827  -31.719  44.898 0.0000000000
38738  41.366  -30.560  45.148 0.0000000000
130722  42.337  -31.212  44.645 0.0000000000
37812  42.719  -31.189  43.192 0.0000000000
37801  42.941  -31.759  43.585 0.0000000000
29739  41.519  -40.085  42.676 0.0000000000
30668  42.581  -39.309  42.211 0.0000000000
29750  42.563  -40.049  41.611 0.0000000000
29757  42.958  -39.932  40.773 0.0000000000
130848  51.641  -16.328  31.582 0.0000000000
51192  52.385  -17.364  31.909 0.0000000000
52106  51.516  -16.795  30.988 0.0000000000
57016  50.541  -10.782  35.259 0.0000000000
57001  51.711  -11.225  35.480 0.0000000000
56986  50.757  -11.241  36.231 0.0000000000
121742  47.660  -17.044  34.654 0.0000000000
52073  47.927  -16.195  34.351 0.0000000000
51166  47.368  -16.976  33.557 0.0000000000
116728  46.729  -17.243  32.034 0.0000000000
50258  46.400  -18.105  33.109 0.0000000000
45536  41.104  -23.145  32.941 0.0000000000
46431  41.767  -22.781  33.262 0.0000000000
46446  41.516  -22.512  32.481 0.0000000000
47388  41.692  -21.680  31.277 0.0000000000
46481  40.976  -22.034  30.933 0.0000000000
47403  40.701  -21.803  30.139 0.0000000000
46483  39.728  -23.017  30.995 0.0000000000
35807  37.171  -33.129  39.075 0.0000000000
126146  35.731  -31.937  38.663 0.0000000000
36875  35.980  -32.803  38.610 0.0000000000
57173  59.706  -11.877  22.388 0.0000000000
56120  59.148  -12.484  24.064 0.0000000000
29709  38.977  -39.161  45.275 0.0000000000
128138  38.187  -38.869  44.526 0.0000000000
30650  37.701  -38.614  45.243 0.0000000000
31569  35.142  -37.357  47.618 0.0000000000
31597  35.225  -37.417  46.009 0.0000000000
31580  34.753  -37.253  46.736 0.0000000000
32665  33.546  -36.525  45.527 0.0000000000
32646  33.421  -36.704  47.269 0.0000000000
34776  38.813  -35.300  44.092 0.0000000000
34774  40.921  -35.157  44.237 0.0000000000
33783  39.142  -35.830  44.929 0.0000000000
31595  38.589  -37.621  46.246 0.0000000000
32662  39.277  -37.131  45.707 0.0000000000
30637  39.035  -38.802  45.605 0.0000000000
29717  40.036  -39.439  44.334 0.0000000000
43323  41.323  -25.456  41.913 0.0000000000
116896  43.124  -25.212  41.815 0.0000000000
43364  43.163  -25.211  40.191 0.0000000000
44455  43.213  -24.795  38.715 0.0000000000
43382  42.751  -25.219  39.190 0.0000000000
43421  39.894  -25.798  36.448 0.0000000000
43419  41.244  -25.261  36.917 0.0000000000
43446  40.320  -25.390  35.876 0.0000000000
44518  40.527  -24.554  34.596 0.0000000000
43459  39.944  -25.160  35.015 0.0000000000
44536  39.591  -24.573  33.583 0.0000000000
118988  39.245  -25.644  35.007 0.0000000000
118864  37.356  -27.243  35.801 0.0000000000
42360  37.470  -26.452  34.476 0.0000000000
41391  36.830  -26.785  34.426 0.0000000000
42371  36.551  -26.495  33.659 0.0000000000
41392  36.344  -27.306  34.660 0.0000000000
33885  38.179  -36.189  36.714 0.0000000000
34850  36.798  -34.891  36.169 0.0000000000
33886  37.535  -35.621  36.224 0.0000000000
117821  57.029  -11.958  26.342 0.0000000000
55061  57.549  -12.666  24.911 0.0000000000
56108  55.325  -12.784  24.969 0.0000000000
55086  54.882  -13.687  23.302 0.0000000000
131128  42.296  -40.901  37.628 0.0000000000
28038  42.642  -41.550  38.091 0.0000000000
31639  37.313  -37.875  42.884 0.0000000000
30681  38.566  -38.776  41.762 0.0000000000
31648  37.228  -37.764  41.870 0.0000000000
32760  34.602  -36.727  40.317 0.0000000000
31663  35.439  -37.140  40.248 0.0000000000
39604  40.142  -29.332  44.547 0.0000000000
40450  39.542  -28.763  45.137 0.0000000000
39605  39.130  -28.565  43.826 0.0000000000
40460  38.395  -28.298  42.785 0.0000000000
40471  38.167  -28.990  41.876 0.0000000000
39624  37.697  -29.318  41.028 0.0000000000
39622  39.121  -29.794  42.021 0.0000000000
37837  40.427  -31.695  40.990 0.0000000000
37838  39.382  -31.180  40.869 0.0000000000
36844  39.883  -32.471  40.442 0.0000000000
36845  39.092  -32.499  40.096 0.0000000000
35795  40.206  -33.290  40.365 0.0000000000
33796  42.537  -35.317  43.726 0.0000000000
34801  43.281  -34.035  43.134 0.0000000000
33809  43.335  -35.503  42.446 0.0000000000
32758  41.940  -36.477  40.341 0.0000000000
33839  42.102  -35.751  40.706 0.0000000000
32759  41.249  -35.984  40.124 0.0000000000
135084  40.095  -34.897  39.849 0.0000000000
32777  40.452  -36.309  39.416 0.0000000000
33872  39.250  -35.832  38.846 0.0000000000
112792  40.001  -36.937  38.601 0.0000000000
29789  42.366  -39.741  38.373 0.0000000000
30716  40.913  -38.559  37.958 0.0000000000
30715  41.475  -39.317  37.745 0.0000000000
54025  53.586  -15.413  31.779 0.0000000000
53055  53.123  -15.284  30.514 0.0000000000
53054  53.844  -16.137  31.206 0.0000000000
51206  54.421  -17.523  31.152 0.0000000000
33712  30.642  -35.976  50.127 0.0000000000
32609  31.275  -36.423  48.853 0.0000000000
32610  30.313  -36.421  48.817 0.0000000000
31556  26.447  -37.897  48.640 0.0000000000
31571  27.575  -37.208  47.929 0.0000000000
32650  28.617  -36.254  46.591 0.0000000000
32651  27.790  -36.516  46.377 0.0000000000
33790  27.811  -35.730  44.207 0.0000000000
32690  27.179  -36.203  44.767 0.0000000000
57125  57.850  -10.571  26.550 0.0000000000
57094  55.984  -9.919  28.445 0.0000000000
57095  55.372  -10.331  28.930 0.0000000000
56056  54.704  -11.442  28.396 0.0000000000
57078  54.939  -9.684  29.671 0.0000000000
57046  53.486  -10.102  31.889 0.0000000000
57061  53.349  -11.069  31.404 0.0000000000
56020  52.831  -12.248  31.765 0.0000000000
54968  52.855  -13.317  32.360 0.0000000000
56008  52.766  -12.419  32.871 0.0000000000
54941  52.170  -13.788  34.393 0.0000000000
54940  52.531  -14.005  33.928 0.0000000000
53996  52.177  -14.768  33.962 0.0000000000
131688  51.905  -15.196  33.540 0.0000000000
53997  51.276  -14.349  33.009 0.0000000000
54917  49.178  -13.151  37.550 0.0000000000
54916  49.807  -12.551  36.901 0.0000000000
54930  49.463  -13.390  35.811 0.0000000000
53030  48.280  -15.147  32.007 0.0000000000
53999  48.794  -14.535  32.724 0.0000000000
54016  49.011  -14.552  31.661 0.0000000000
54028  49.376  -14.736  30.789 0.0000000000
53059  48.724  -15.147  30.167 0.0000000000
53070  48.990  -15.404  29.365 0.0000000000
53060  47.840  -15.575  30.517 0.0000000000
51193  46.219  -17.362  30.729 0.0000000000
52122  46.770  -16.569  29.445 0.0000000000
51224  45.671  -17.607  29.460 0.0000000000
50314  45.087  -17.999  29.006 0.0000000000
48289  46.374  -20.077  36.355 0.0000000000
45471  43.598  -23.543  36.861 0.0000000000
45470  44.408  -23.190  37.409 0.0000000000
46389  43.973  -22.897  36.434 0.0000000000
47357  43.512  -21.472  33.487 0.0000000000
47343  44.356  -21.324  34.721 0.0000000000
48328  44.517  -20.438  33.505 0.0000000000
48327  45.117  -20.010  33.964 0.0000000000
49292  44.938  -19.811  33.146 0.0000000000
49308  44.770  -19.617  32.352 0.0000000000
48354  44.165  -20.050  31.943 0.0000000000
48383  42.412  -20.318  29.667 0.0000000000
49344  43.136  -19.977  30.031 0.0000000000
49358  42.892  -19.710  29.200 0.0000000000
49369  43.371  -19.157  28.609 0.0000000000
49385  42.376  -19.370  27.363 0.0000000000
117133  41.325  -20.070  27.721 0.0000000000
47447  39.197  -21.726  27.778 0.0000000000
48413  40.151  -20.626  27.294 0.0000000000
44573  38.344  -24.305  31.827 0.0000000000
45571  38.491  -23.490  30.367 0.0000000000
45572  37.750  -23.802  30.292 0.0000000000
114908  36.581  -23.420  28.152 0.0000000000
40486  36.798  -29.067  39.634 0.0000000000
40500  36.421  -28.981  38.711 0.0000000000
39639  36.455  -29.749  39.192 0.0000000000
39663  34.492  -30.010  36.741 0.0000000000
39674  35.184  -29.288  36.790 0.0000000000
39675  34.637  -29.379  36.079 0.0000000000
40545  35.111  -28.137  34.717 0.0000000000
39706  33.935  -29.127  34.811 0.0000000000
35823  34.734  -33.519  35.959 0.0000000000
131468  34.177  -32.980  36.480 0.0000000000
36892  33.507  -32.431  35.256 0.0000000000
38848  32.625  -30.456  33.958 0.0000000000
40562  33.098  -28.852  33.087 0.0000000000
54104  58.466  -13.871  23.301 0.0000000000
55101  59.067  -13.648  23.189 0.0000000000
53094  51.995  -15.275  27.061 0.0000000000
126247  37.450  -37.613  47.029 0.0000000000
31578  36.912  -37.998  46.667 0.0000000000
31567  36.452  -37.248  47.858 0.0000000000
134995  35.898  -37.144  48.207 0.0000000000
31554  34.822  -36.879  48.669 0.0000000000
32645  37.484  -36.782  47.183 0.0000000000
42250  38.827  -26.467  43.878 0.0000000000
134620  39.599  -25.669  44.330 0.0000000000
42261  39.339  -25.912  43.229 0.0000000000
43324  40.135  -25.674  41.396 0.0000000000
42288  40.433  -25.823  39.741 0.0000000000
43366  41.199  -25.678  39.185 0.0000000000
42299  40.338  -25.934  38.826 0.0000000000
42306  40.192  -26.003  38.038 0.0000000000
119542  39.572  -26.212  36.883 0.0000000000
42349  38.768  -26.200  35.462 0.0000000000
42337  38.524  -26.599  36.253 0.0000000000
129703  37.931  -26.990  36.258 0.0000000000
41370  37.487  -27.400  36.605 0.0000000000
31704  38.597  -37.595  36.228 0.0000000000
32803  37.949  -36.382  35.929 0.0000000000
32807  37.582  -36.647  35.588 0.0000000000
56081  54.258  -12.570  26.822 0.0000000000
56096  54.734  -12.687  25.958 0.0000000000
55042  53.634  -13.251  26.005 0.0000000000
55043  52.941  -13.819  25.398 0.0000000000
29788  42.822  -40.553  39.491 0.0000000000
28016  42.383  -41.820  39.308 0.0000000000
28002  42.120  -41.460  40.067 0.0000000000
28935  41.197  -41.319  40.229 0.0000000000
29759  38.832  -39.397  40.265 0.0000000000
119391  35.134  -36.728  42.823 0.0000000000
128495  35.925  -37.095  42.359 0.0000000000
32724  34.395  -36.429  42.402 0.0000000000
32740  34.268  -36.405  41.292 0.0000000000
33825  30.252  -35.336  41.009 0.0000000000
39592  40.913  -29.930  44.957 0.0000000000
39603  40.789  -29.783  43.729 0.0000000000
38765  40.129  -30.296  42.072 0.0000000000
37813  42.017  -30.780  42.615 0.0000000000
37823  42.405  -31.450  42.240 0.0000000000
35788  42.369  -32.992  41.414 0.0000000000
31624  42.457  -37.986  43.020 0.0000000000
32722  43.165  -36.519  42.606 0.0000000000
31638  42.974  -38.205  42.215 0.0000000000
31659  42.975  -37.590  40.831 0.0000000000
31669  42.810  -38.282  40.265 0.0000000000
133305  41.627  -37.559  39.463 0.0000000000
30701  42.805  -39.045  39.725 0.0000000000
29770  42.825  -39.793  39.213 0.0000000000
52084  53.148  -16.613  33.121 0.0000000000
52094  53.775  -16.684  32.596 0.0000000000
129917  53.428  -17.107  32.722 0.0000000000
51191  53.195  -17.694  32.335 0.0000000000
31557  25.606  -38.375  48.918 0.0000000000
31573  25.913  -38.128  47.414 0.0000000000
32672  25.882  -37.130  45.114 0.0000000000
114469  24.941  -38.046  46.358 0.0000000000
130511  52.455  -11.219  34.242 0.0000000000
132579  52.546  -11.869  34.156 0.0000000000
57000  52.178  -11.242  34.986 0.0000000000
55979  51.851  -11.837  35.370 0.0000000000
54928  50.827  -12.706  35.188 0.0000000000
53004  48.471  -15.458  35.762 0.0000000000
53003  48.656  -14.774  35.353 0.0000000000
126599  48.306  -15.431  34.443 0.0000000000
53016  48.019  -15.671  33.466 0.0000000000
53031  47.706  -15.902  32.473 0.0000000000
52108  47.188  -16.251  30.896 0.0000000000
52096  47.189  -16.509  31.779 0.0000000000
130379  46.240  -17.625  31.478 0.0000000000
51194  45.803  -17.840  30.999 0.0000000000
45500  42.266  -23.392  34.793 0.0000000000
46400  42.955  -23.032  35.138 0.0000000000
46414  42.686  -22.750  34.344 0.0000000000
47358  42.867  -21.829  33.129 0.0000000000
47370  43.303  -21.246  32.707 0.0000000000
48355  43.517  -20.431  31.569 0.0000000000
47387  42.403  -21.357  31.607 0.0000000000
47401  42.156  -21.116  30.862 0.0000000000
48384  41.678  -20.635  29.294 0.0000000000
48399  41.455  -20.343  28.477 0.0000000000
47419  40.401  -21.597  29.302 0.0000000000
47420  39.653  -22.070  29.065 0.0000000000
46515  38.839  -22.590  28.917 0.0000000000
44575  36.828  -24.781  31.312 0.0000000000
44591  36.629  -24.574  30.650 0.0000000000
43509  36.014  -25.098  30.926 0.0000000000
44603  35.447  -24.740  29.655 0.0000000000
44613  35.481  -24.313  28.789 0.0000000000
37853  37.269  -31.223  39.660 0.0000000000
38799  36.163  -30.428  38.947 0.0000000000
37871  35.825  -31.008  38.728 0.0000000000
37880  35.241  -31.107  38.235 0.0000000000
38810  34.405  -30.695  37.130 0.0000000000
36898  33.575  -32.513  34.145 0.0000000000
37916  33.159  -32.054  32.670 0.0000000000
57186  60.093  -11.347  21.583 0.0000000000
57185  60.376  -11.574  21.202 0.0000000000
56137  60.537  -12.189  20.584 0.0000000000
125579  40.290  -39.811  43.292 0.0000000000
125751  40.140  -39.893  42.648 0.0000000000
29741  39.521  -39.516  43.352 0.0000000000
30670  38.007  -38.576  43.429 0.0000000000
120833  36.547  -37.528  43.254 0.0000000000
31611  36.555  -37.943  45.625 0.0000000000
111962  36.332  -37.643  44.422 0.0000000000
32685  35.372  -37.179  44.305 0.0000000000
112952  34.604  -36.731  44.152 0.0000000000
32686  33.259  -36.302  44.667 0.0000000000
32688  32.008  -35.816  44.850 0.0000000000
35755  41.565  -33.432  43.993 0.0000000000
35754  42.524  -33.313  43.884 0.0000000000
119320  41.822  -34.293  43.979 0.0000000000
34773  41.852  -35.098  44.078 0.0000000000
33780  41.742  -35.953  44.092 0.0000000000
33768  39.188  -36.400  45.402 0.0000000000
32683  40.907  -36.731  44.504 0.0000000000
31625  41.776  -37.816  43.703 0.0000000000
30646  41.078  -38.567  44.015 0.0000000000
29728  41.162  -39.768  43.324 0.0000000000
53068  50.330  -16.128  29.402 0.0000000000
52120  50.808  -16.779  29.867 0.0000000000
52129  50.343  -16.817  29.047 0.0000000000
56988  49.436  -11.540  36.869 0.0000000000
52978  48.297  -14.252  38.089 0.0000000000
52992  48.450  -15.255  37.423 0.0000000000
117444  48.036  -17.046  35.889 0.0000000000
51154  47.391  -17.751  34.877 0.0000000000
44464  43.656  -24.354  38.216 0.0000000000
44474  42.413  -24.485  36.849 0.0000000000
43397  41.380  -25.415  37.768 0.0000000000
44475  41.674  -24.769  36.487 0.0000000000
44494  42.114  -24.254  36.028 0.0000000000
44517  41.198  -24.291  34.915 0.0000000000
45502  40.937  -23.978  34.177 0.0000000000
45537  40.408  -23.468  32.631 0.0000000000
45552  40.077  -23.212  31.846 0.0000000000
44553  39.289  -24.326  32.811 0.0000000000
44554  38.569  -24.576  32.554 0.0000000000
43485  38.113  -25.148  33.012 0.0000000000
43461  38.578  -25.817  34.597 0.0000000000
43475  37.649  -25.698  33.457 0.0000000000
43486  37.406  -25.398  32.744 0.0000000000
113559  36.681  -25.644  32.507 0.0000000000
42380  35.562  -26.516  32.745 0.0000000000
41415  35.291  -26.984  33.186 0.0000000000
34837  36.789  -34.333  37.987 0.0000000000
35817  36.095  -33.984  37.790 0.0000000000
130406  36.518  -34.526  37.227 0.0000000000
34844  35.987  -34.291  36.838 0.0000000000
35830  35.587  -34.047  35.201 0.0000000000
33887  37.135  -35.411  35.410 0.0000000000
34861  36.208  -34.578  34.543 0.0000000000
56104  58.879  -11.814  25.192 0.0000000000
55059  58.924  -12.348  24.677 0.0000000000
55060  58.450  -12.864  24.523 0.0000000000
127503  57.210  -13.283  23.937 0.0000000000
54105  57.588  -13.955  23.326 0.0000000000
114265  55.334  -13.199  24.011 0.0000000000
55085  55.931  -13.453  23.588 0.0000000000
118129  39.347  -39.422  42.272 0.0000000000
30693  38.338  -38.756  40.721 0.0000000000
30703  38.048  -38.908  39.841 0.0000000000
31662  36.256  -37.469  40.595 0.0000000000
30695  36.769  -37.967  40.026 0.0000000000
42237  38.821  -26.416  45.199 0.0000000000
41299  38.352  -27.436  42.882 0.0000000000
41312  38.010  -27.323  41.817 0.0000000000
41313  37.684  -27.795  41.295 0.0000000000
41336  37.335  -27.652  39.460 0.0000000000
40472  37.598  -28.469  41.207 0.0000000000
38776  37.949  -30.531  40.453 0.0000000000
38766  39.373  -30.469  41.455 0.0000000000
37839  38.551  -31.041  40.495 0.0000000000
37852  37.970  -31.161  40.075 0.0000000000
123841  37.845  -31.834  39.731 0.0000000000
36860  38.302  -32.527  39.728 0.0000000000
35806  37.865  -33.271  39.342 0.0000000000
35753  43.112  -33.272  43.450 0.0000000000
35787  43.256  -33.084  42.209 0.0000000000
34815  41.847  -33.834  40.933 0.0000000000
33838  42.944  -35.600  41.444 0.0000000000
33821  42.326  -34.765  41.033 0.0000000000
118357  40.871  -33.922  40.491 0.0000000000
34817  40.091  -34.220  40.105 0.0000000000
119946  38.873  -34.342  39.456 0.0000000000
118101  37.878  -34.621  38.644 0.0000000000
33874  38.056  -35.297  38.242 0.0000000000
33880  38.409  -36.015  37.687 0.0000000000
126145  38.720  -36.708  37.121 0.0000000000
31683  40.468  -37.748  38.262 0.0000000000
31684  39.695  -37.402  37.778 0.0000000000
31700  38.937  -37.370  36.710 0.0000000000
31703  39.206  -38.005  36.466 0.0000000000
117371  52.645  -14.026  30.146 0.0000000000
54044  52.423  -14.472  28.368 0.0000000000
54036  52.628  -14.805  29.404 0.0000000000
52118  54.160  -16.864  30.549 0.0000000000
52127  54.009  -17.390  29.675 0.0000000000
51208  51.893  -17.749  31.028 0.0000000000
34743  34.210  -34.398  49.087 0.0000000000
33709  33.884  -35.417  49.522 0.0000000000
32587  33.755  -36.053  49.493 0.0000000000
33710  32.564  -35.900  49.999 0.0000000000
32627  32.892  -36.633  48.085 0.0000000000
32628  32.081  -36.409  47.799 0.0000000000
112114  31.793  -36.117  46.353 0.0000000000
33760  31.016  -35.783  46.066 0.0000000000
32592  28.925  -36.364  49.376 0.0000000000
32611  29.228  -36.529  48.708 0.0000000000
32649  29.467  -36.089  46.798 0.0000000000
117593  29.970  -35.503  44.661 0.0000000000
33800  29.470  -35.445  43.574 0.0000000000
57150  58.842  -11.529  25.015 0.0000000000
115211  58.497  -11.592  25.700 0.0000000000
56094  57.857  -11.350  26.390 0.0000000000
56079  56.290  -11.720  26.852 0.0000000000
128777  56.993  -9.993  27.382 0.0000000000
57126  56.467  -11.075  27.496 0.0000000000
56065  55.776  -11.556  27.352 0.0000000000
56066  54.936  -11.849  27.510 0.0000000000
56057  53.671  -12.084  28.776 0.0000000000
55001  52.790  -12.931  28.834 0.0000000000
57079  54.322  -10.316  30.165 0.0000000000
56047  53.055  -12.287  29.646 0.0000000000
117079  52.657  -13.203  29.525 0.0000000000
54981  52.732  -13.428  31.231 0.0000000000
54012  53.253  -14.624  32.515 0.0000000000
134691  53.349  -15.395  33.098 0.0000000000
53995  53.031  -14.828  33.469 0.0000000000
53013  53.024  -15.509  33.543 0.0000000000
53029  52.159  -15.763  33.272 0.0000000000
53044  51.697  -15.891  32.155 0.0000000000
53056  51.219  -15.867  31.055 0.0000000000
55965  50.040  -11.935  37.324 0.0000000000
55981  50.560  -12.222  36.426 0.0000000000
54943  50.097  -13.315  33.956 0.0000000000
120357  48.963  -14.187  33.653 0.0000000000
54958  49.403  -13.887  33.219 0.0000000000
128389  49.989  -13.707  32.900 0.0000000000
54957  50.386  -14.115  32.376 0.0000000000
54027  50.236  -14.796  30.902 0.0000000000
128851  50.258  -15.587  29.775 0.0000000000
53069  49.739  -15.650  29.257 0.0000000000
53080  49.099  -15.816  28.692 0.0000000000
52121  47.307  -16.093  29.979 0.0000000000
52133  46.970  -16.580  28.406 0.0000000000
50218  47.618  -18.453  36.751 0.0000000000
50242  46.903  -18.428  34.896 0.0000000000
47323  45.824  -21.531  37.215 0.0000000000
46412  44.011  -21.988  35.117 0.0000000000
47333  44.635  -21.566  35.624 0.0000000000
48290  45.655  -20.497  35.778 0.0000000000
49265  45.992  -19.777  35.437 0.0000000000
49290  46.197  -18.919  34.231 0.0000000000
130174  46.588  -18.327  33.934 0.0000000000
50259  45.807  -18.521  32.509 0.0000000000
50270  45.685  -18.304  31.594 0.0000000000
50287  44.773  -18.740  30.419 0.0000000000
49326  43.954  -19.835  31.206 0.0000000000
49356  44.261  -19.181  30.153 0.0000000000
50301  44.475  -18.645  29.523 0.0000000000
50315  44.509  -18.347  28.486 0.0000000000
48412  40.902  -20.030  26.974 0.0000000000
48429  40.304  -20.318  26.324 0.0000000000
46501  38.689  -23.086  29.719 0.0000000000
45588  37.489  -23.627  29.563 0.0000000000
114868  37.219  -23.377  28.712 0.0000000000
117331  36.867  -28.274  39.032 0.0000000000
40499  36.727  -28.220  37.930 0.0000000000
115506  36.444  -28.036  36.361 0.0000000000
40515  35.769  -28.580  36.405 0.0000000000
40523  36.045  -28.119  35.754 0.0000000000
41393  35.692  -27.634  34.526 0.0000000000
41394  34.959  -27.806  34.083 0.0000000000
41407  34.043  -27.678  32.813 0.0000000000
36881  34.841  -32.872  37.668 0.0000000000
36882  34.308  -32.385  37.222 0.0000000000
38821  33.533  -30.878  36.125 0.0000000000
37903  32.972  -31.657  34.836 0.0000000000
38847  32.897  -30.574  34.764 0.0000000000
39689  33.491  -29.887  35.215 0.0000000000
39723  33.596  -28.822  33.900 0.0000000000
131123  33.673  -28.321  33.201 0.0000000000
114237  59.294  -13.072  23.600 0.0000000000
117991  59.781  -12.847  22.367 0.0000000000
55119  60.211  -12.988  21.302 0.0000000000
54052  52.303  -14.573  27.434 0.0000000000
42301  38.790  -26.548  39.328 0.0000000000
121095  52.642  -13.578  28.356 0.0000000000
28905  41.364  -40.574  41.558 0.0000000000
33786  32.189  -35.730  44.117 0.0000000000
33797  32.425  -35.721  43.362 0.0000000000
33798  31.652  -35.565  43.544 0.0000000000
130874  31.228  -35.501  43.056 0.0000000000
36793  41.206  -32.575  44.278 0.0000000000
120755  41.950  -31.724  44.674 0.0000000000
36776  41.716  -31.076  45.127 0.0000000000
36792  42.667  -31.712  44.247 0.0000000000
29738  42.133  -39.987  42.340 0.0000000000
29751  41.903  -40.324  42.096 0.0000000000
57002  50.676  -10.979  36.011 0.0000000000
57003  49.955  -11.055  36.130 0.0000000000
51181  46.796  -17.464  32.887 0.0000000000
46464  41.238  -22.256  31.709 0.0000000000
46465  40.506  -22.615  31.375 0.0000000000
35813  36.520  -33.451  38.557 0.0000000000
57162  58.948  -11.870  24.070 0.0000000000
57161  59.404  -12.190  23.316 0.0000000000
30638  38.507  -38.686  45.839 0.0000000000
30649  38.399  -38.944  45.362 0.0000000000
30639  37.982  -38.589  46.033 0.0000000000
121729  34.742  -37.155  48.143 0.0000000000
31570  34.326  -37.066  47.468 0.0000000000
115972  33.916  -36.794  46.503 0.0000000000
112625  38.613  -38.327  46.029 0.0000000000
115126  41.988  -25.480  41.265 0.0000000000
115350  42.589  -25.391  40.636 0.0000000000
43344  43.439  -25.161  41.048 0.0000000000
43460  39.218  -25.203  34.221 0.0000000000
114450  37.421  -26.815  35.054 0.0000000000
41381  36.827  -27.291  35.124 0.0000000000
56107  56.651  -12.483  25.412 0.0000000000
29803  41.995  -40.122  37.633 0.0000000000
31674  34.774  -37.219  39.595 0.0000000000
122056  39.793  -29.300  43.509 0.0000000000
39613  39.038  -29.079  42.732 0.0000000000
36843  40.689  -32.485  40.737 0.0000000000
32703  42.971  -35.855  43.236 0.0000000000
33795  43.188  -34.901  43.273 0.0000000000
31671  40.836  -37.273  39.085 0.0000000000
131499  42.840  -40.442  38.820 0.0000000000
54011  53.586  -15.558  32.578 0.0000000000
53043  53.852  -16.114  32.211 0.0000000000
32590  30.944  -36.265  49.645 0.0000000000
32591  29.955  -36.275  49.555 0.0000000000
31572  26.719  -37.707  47.770 0.0000000000
31581  27.303  -37.130  47.050 0.0000000000
32652  26.956  -36.881  46.177 0.0000000000
32670  27.466  -36.363  45.540 0.0000000000
32671  26.636  -36.687  45.350 0.0000000000
58118  57.521  -10.080  26.187 0.0000000000
59037  56.782  -9.625  26.834 0.0000000000
59016  55.259  -9.021  29.048 0.0000000000
58074  55.411  -9.425  29.062 0.0000000000
57047  52.972  -11.243  32.273 0.0000000000
54955  51.659  -14.038  34.027 0.0000000000
54956  50.713  -13.728  33.348 0.0000000000
53959  48.690  -13.747  37.964 0.0000000000
53046  48.441  -15.077  31.063 0.0000000000
51210  45.716  -17.733  30.314 0.0000000000
51209  46.206  -17.186  29.897 0.0000000000
48274  46.762  -20.344  37.370 0.0000000000
47356  44.119  -21.076  33.887 0.0000000000
48340  44.353  -20.253  32.709 0.0000000000
49370  42.623  -19.491  28.288 0.0000000000
49371  41.899  -19.788  28.006 0.0000000000
128845  39.599  -21.167  27.419 0.0000000000
44589  38.188  -23.964  31.043 0.0000000000
39688  34.156  -29.422  35.501 0.0000000000
35831  34.924  -33.586  34.829 0.0000000000
122064  34.045  -33.092  35.613 0.0000000000
54118  58.675  -14.555  22.653 0.0000000000
31566  37.034  -37.067  47.616 0.0000000000
127384  36.898  -37.587  47.367 0.0000000000
32604  35.584  -36.164  48.711 0.0000000000
31553  35.476  -36.757  48.556 0.0000000000
131689  35.366  -37.184  48.223 0.0000000000
33744  36.476  -35.780  47.911 0.0000000000
33743  36.982  -36.286  47.551 0.0000000000
42274  39.201  -26.013  42.000 0.0000000000
121466  39.995  -25.853  40.485 0.0000000000
43345  40.875  -25.607  40.740 0.0000000000
42300  39.722  -26.159  39.254 0.0000000000
42321  39.437  -26.368  37.613 0.0000000000
112296  38.946  -26.499  36.911 0.0000000000
41369  38.171  -26.981  36.980 0.0000000000
31708  38.104  -37.101  35.844 0.0000000000
55024  52.883  -13.701  26.270 0.0000000000
28934  42.594  -41.138  39.751 0.0000000000
28920  40.751  -40.585  41.108 0.0000000000
115877  40.191  -40.596  40.322 0.0000000000
32705  34.471  -36.545  43.294 0.0000000000
124343  33.867  -36.272  42.976 0.0000000000
33810  32.622  -35.696  42.487 0.0000000000
32725  33.518  -36.060  42.154 0.0000000000
33822  33.428  -36.085  41.141 0.0000000000
33840  32.844  -35.975  40.485 0.0000000000
112560  30.834  -35.395  41.795 0.0000000000
37792  39.765  -30.596  45.828 0.0000000000
38737  42.140  -30.829  44.642 0.0000000000
38744  41.620  -30.304  44.283 0.0000000000
38754  41.503  -30.304  43.153 0.0000000000
35789  41.680  -32.087  41.346 0.0000000000
36828  42.846  -32.245  42.134 0.0000000000
128249  42.970  -37.331  42.639 0.0000000000
30680  43.010  -38.990  41.365 0.0000000000
113349  43.119  -38.357  40.875 0.0000000000
31670  42.239  -38.234  39.562 0.0000000000
28917  42.749  -40.522  40.245 0.0000000000
29769  42.959  -39.875  40.006 0.0000000000
51179  52.782  -17.018  32.702 0.0000000000
128413  25.040  -38.583  48.632 0.0000000000
30625  25.400  -38.453  48.039 0.0000000000
30633  25.164  -38.332  47.201 0.0000000000
31584  24.521  -38.132  47.014 0.0000000000
55963  51.258  -11.466  35.870 0.0000000000
55980  51.342  -12.139  35.680 0.0000000000
125955  47.609  -16.316  33.256 0.0000000000
46445  42.215  -22.185  32.789 0.0000000000
46430  42.452  -22.458  33.561 0.0000000000
47371  42.638  -21.585  32.364 0.0000000000
47386  43.080  -21.015  31.952 0.0000000000
48370  41.911  -20.872  30.102 0.0000000000
47418  41.186  -21.227  29.703 0.0000000000
46499  40.041  -22.232  29.809 0.0000000000
46500  39.358  -22.628  29.675 0.0000000000
43498  36.375  -25.379  31.759 0.0000000000
43522  34.698  -24.884  29.190 0.0000000000
37870  36.476  -31.348  39.194 0.0000000000
37881  34.588  -31.296  37.609 0.0000000000
133874  60.036  -11.889  21.936 0.0000000000
56138  60.156  -12.268  21.733 0.0000000000
29731  39.348  -39.419  44.178 0.0000000000
30660  37.300  -38.172  44.112 0.0000000000
30651  37.315  -38.334  45.944 0.0000000000
31596  36.063  -37.744  46.315 0.0000000000
31612  35.726  -37.522  45.263 0.0000000000
32687  32.664  -36.192  45.348 0.0000000000
131244  32.611  -36.026  44.583 0.0000000000
34789  39.490  -34.505  43.656 0.0000000000
35757  39.170  -33.591  43.433 0.0000000000
35756  40.348  -33.576  43.755 0.0000000000
33782  39.990  -35.858  44.678 0.0000000000
31593  40.032  -37.654  45.057 0.0000000000
31609  40.981  -37.729  44.340 0.0000000000
29729  40.450  -39.661  43.642 0.0000000000
52051  48.377  -16.054  37.331 0.0000000000
123295  40.616  -25.296  44.118 0.0000000000
44473  43.212  -24.153  37.273 0.0000000000
43384  40.915  -25.681  38.363 0.0000000000
43383  41.781  -25.469  38.697 0.0000000000
43445  41.005  -25.060  36.164 0.0000000000
45483  41.844  -23.986  35.242 0.0000000000
45522  40.696  -23.724  33.409 0.0000000000
44552  40.025  -24.048  33.094 0.0000000000
44537  38.841  -24.867  33.324 0.0000000000
42359  38.026  -26.362  34.888 0.0000000000
43462  37.866  -25.994  34.180 0.0000000000
43476  36.962  -25.946  33.202 0.0000000000
42372  35.876  -26.747  33.414 0.0000000000
42379  36.272  -26.213  32.971 0.0000000000
34836  37.440  -34.836  38.082 0.0000000000
34843  37.098  -35.001  37.198 0.0000000000
33890  37.449  -35.989  35.376 0.0000000000
34860  36.458  -35.073  34.250 0.0000000000
34869  35.978  -34.621  33.813 0.0000000000
35838  35.720  -34.103  34.116 0.0000000000
56105  58.566  -12.223  25.201 0.0000000000
55063  54.438  -13.331  24.194 0.0000000000
114492  37.786  -38.231  41.304 0.0000000000
30694  37.529  -38.346  40.355 0.0000000000
32723  35.119  -36.649  41.839 0.0000000000
31649  36.480  -37.394  41.543 0.0000000000
31650  35.752  -36.997  41.242 0.0000000000
31672  36.014  -37.715  39.710 0.0000000000
38729  39.636  -29.811  45.999 0.0000000000
39581  39.379  -29.097  45.960 0.0000000000
40439  38.917  -28.272  45.666 0.0000000000
41288  38.557  -27.232  44.180 0.0000000000
41326  37.385  -27.869  40.493 0.0000000000
39630  37.953  -30.026  40.839 0.0000000000
39631  37.345  -29.733  40.314 0.0000000000
38764  41.086  -30.543  42.218 0.0000000000
125095  43.405  -34.598  42.674 0.0000000000
34808  43.351  -33.910  42.388 0.0000000000
34809  42.787  -33.859  41.611 0.0000000000
32738  43.223  -36.414  41.826 0.0000000000
111919  41.349  -35.190  40.432 0.0000000000
133901  41.388  -34.485  40.595 0.0000000000
33858  39.779  -35.503  39.403 0.0000000000
34829  39.534  -34.662  39.660 0.0000000000
34830  38.439  -34.873  38.899 0.0000000000
33873  38.695  -35.648  38.516 0.0000000000
31682  41.450  -38.164  38.787 0.0000000000
31699  39.496  -37.749  37.009 0.0000000000
30731  39.786  -38.424  36.825 0.0000000000
132841  53.590  -16.152  30.270 0.0000000000
53067  52.999  -15.757  29.537 0.0000000000
52105  54.166  -16.792  31.701 0.0000000000
122034  54.386  -17.616  30.347 0.0000000000
51222  50.729  -17.398  29.496 0.0000000000
51221  51.238  -17.515  30.215 0.0000000000
50298  51.521  -18.160  30.397 0.0000000000
34734  33.818  -34.703  49.467 0.0000000000
130213  33.440  -35.069  49.747 0.0000000000
124019  33.298  -35.673  49.770 0.0000000000
126421  32.689  -36.283  49.587 0.0000000000
32608  32.229  -36.457  48.780 0.0000000000
32629  30.774  -36.279  47.931 0.0000000000
112647  31.417  -36.207  47.135 0.0000000000
32612  27.708  -37.091  48.676 0.0000000000
32593  27.792  -36.753  49.200 0.0000000000
33714  28.493  -36.095  49.660 0.0000000000
118741  28.317  -36.801  48.246 0.0000000000
32668  29.107  -35.811  45.970 0.0000000000
33761  29.966  -35.740  46.047 0.0000000000
33774  29.465  -35.625  45.236 0.0000000000
33789  29.377  -35.511  44.373 0.0000000000
33801  28.074  -35.507  43.280 0.0000000000
58151  58.502  -11.058  24.532 0.0000000000
56093  58.682  -11.283  25.580 0.0000000000
56078  57.135  -11.271  27.011 0.0000000000
59026  56.653  -9.653  27.405 0.0000000000
59027  56.057  -9.378  27.877 0.0000000000
123319  56.382  -10.356  27.858 0.0000000000
57096  54.515  -10.891  29.301 0.0000000000
57060  53.958  -10.158  30.982 0.0000000000
56034  53.569  -11.229  30.414 0.0000000000
54991  52.655  -13.017  30.190 0.0000000000
55994  52.338  -12.141  34.712 0.0000000000
118119  52.585  -12.722  33.947 0.0000000000
53982  52.599  -14.852  33.829 0.0000000000
53028  52.804  -16.034  33.441 0.0000000000
53045  50.983  -15.125  31.371 0.0000000000
56987  50.130  -11.475  36.802 0.0000000000
53983  48.971  -14.130  34.765 0.0000000000
53057  50.520  -15.358  30.477 0.0000000000
131230  48.405  -15.723  28.945 0.0000000000
52132  48.294  -16.188  28.300 0.0000000000
134940  47.590  -16.340  28.329 0.0000000000
51223  46.245  -17.063  28.973 0.0000000000
50219  47.186  -19.056  36.554 0.0000000000
50232  47.098  -18.758  35.859 0.0000000000
49273  46.426  -19.132  35.139 0.0000000000
46388  44.736  -22.533  37.006 0.0000000000
46387  45.557  -22.208  37.677 0.0000000000
47324  45.031  -21.864  36.595 0.0000000000
46413  43.368  -22.383  34.696 0.0000000000
46399  43.625  -22.619  35.548 0.0000000000
47332  45.362  -21.205  36.161 0.0000000000
48308  45.389  -20.271  34.823 0.0000000000
49274  45.736  -19.556  34.519 0.0000000000
50251  45.944  -18.702  33.371 0.0000000000
49307  45.390  -19.184  32.806 0.0000000000
49324  45.234  -19.010  31.986 0.0000000000
50271  45.008  -18.850  31.209 0.0000000000
48356  42.848  -20.780  31.211 0.0000000000
48368  43.323  -20.222  30.814 0.0000000000
49343  43.787  -19.633  30.449 0.0000000000
50302  43.971  -18.803  28.876 0.0000000000
49384  43.150  -18.967  27.530 0.0000000000
114182  40.765  -20.538  27.946 0.0000000000
48430  39.634  -20.798  26.665 0.0000000000
45553  39.369  -23.572  31.613 0.0000000000
45587  38.076  -23.164  29.155 0.0000000000
44601  36.911  -24.152  30.033 0.0000000000
45613  37.157  -22.979  27.848 0.0000000000
40513  36.901  -27.858  36.955 0.0000000000
40514  36.277  -28.433  37.081 0.0000000000
39652  36.013  -29.677  38.531 0.0000000000
130162  35.619  -29.689  37.976 0.0000000000
40524  35.189  -28.866  36.068 0.0000000000
132386  35.725  -28.896  37.120 0.0000000000
40535  35.579  -28.138  35.208 0.0000000000
40546  34.463  -28.440  34.409 0.0000000000
115146  34.817  -27.479  33.335 0.0000000000
36886  33.680  -32.269  36.328 0.0000000000
37889  33.644  -31.391  36.399 0.0000000000
37910  32.928  -31.984  33.757 0.0000000000
39707  33.158  -29.688  34.414 0.0000000000
40594  33.032  -28.128  31.929 0.0000000000
40579  33.369  -28.238  32.595 0.0000000000
130067  33.556  -27.712  32.207 0.0000000000
55100  59.452  -13.351  22.919 0.0000000000
55120  59.747  -13.619  21.988 0.0000000000
33728  36.102  -36.015  48.370 0.0000000000
33729  35.614  -35.612  48.616 0.0000000000
33730  35.072  -35.552  49.022 0.0000000000
42275  38.432  -26.676  41.427 0.0000000000
41344  37.358  -27.605  38.455 0.0000000000
125576  52.552  -14.011  26.852 0.0000000000
29752  39.990  -39.925  41.686 0.0000000000
130574  31.822  -35.484  41.825 0.0000000000
33811  30.554  -35.439  42.730 0.0000000000
118928  40.080  -31.287  45.386 0.0000000000
37797  40.825  -30.842  45.519 0.0000000000
37802  42.695  -31.156  44.110 0.0000000000
29727  41.952  -39.602  42.870 0.0000000000
28903  42.612  -40.491  40.912 0.0000000000
52095  52.113  -16.683  32.142 0.0000000000
31574  24.181  -38.043  47.706 0.0000000000
58000  51.242  -10.675  35.196 0.0000000000
57999  51.778  -10.750  35.078 0.0000000000
56985  51.269  -10.955  35.755 0.0000000000
45521  41.370  -23.432  33.708 0.0000000000
46482  40.285  -22.413  30.585 0.0000000000
36862  36.624  -32.435  39.068 0.0000000000
36876  35.381  -32.789  38.208 0.0000000000
55083  59.475  -12.712  23.259 0.0000000000
29718  39.466  -39.343  44.599 0.0000000000
29719  38.876  -39.296  44.740 0.0000000000
31579  35.593  -37.552  46.984 0.0000000000
32664  34.388  -36.960  45.767 0.0000000000
32666  33.046  -36.446  46.260 0.0000000000
34775  39.868  -35.227  44.181 0.0000000000
31594  39.167  -38.054  45.718 0.0000000000
31610  39.595  -38.579  45.253 0.0000000000
30648  39.541  -39.164  45.007 0.0000000000
121429  41.890  -25.273  43.014 0.0000000000
43322  42.426  -25.227  42.447 0.0000000000
43363  43.998  -24.887  40.852 0.0000000000
130412  43.852  -24.787  39.851 0.0000000000
43396  42.281  -25.120  38.222 0.0000000000
43399  40.177  -25.915  37.223 0.0000000000
117840  40.804  -25.550  37.250 0.0000000000
43420  40.579  -25.501  36.646 0.0000000000
44496  40.744  -24.832  35.379 0.0000000000
44519  39.908  -24.727  34.269 0.0000000000
41405  36.122  -27.036  34.082 0.0000000000
55064  53.470  -13.673  24.566 0.0000000000
28936  40.019  -40.956  39.663 0.0000000000
30682  37.941  -38.316  42.340 0.0000000000
31673  35.349  -37.598  39.467 0.0000000000
119400  38.518  -27.860  43.599 0.0000000000
37824  41.386  -31.162  41.752 0.0000000000
112995  39.503  -31.894  40.498 0.0000000000
35796  39.449  -33.087  40.103 0.0000000000
32757  42.767  -36.591  40.950 0.0000000000
33857  40.550  -35.428  39.921 0.0000000000
32778  39.697  -36.233  38.887 0.0000000000
134349  41.720  -38.938  38.345 0.0000000000
30730  40.583  -38.952  37.170 0.0000000000
29804  41.249  -39.699  37.219 0.0000000000
33711  31.600  -35.924  50.142 0.0000000000
31555  27.095  -37.472  48.429 0.0000000000
32632  28.090  -36.700  47.296 0.0000000000
32669  28.322  -35.982  45.675 0.0000000000
33775  28.617  -35.658  44.838 0.0000000000
32689  27.859  -35.913  45.010 0.0000000000
58117  58.296  -10.724  25.899 0.0000000000
57109  57.349  -10.325  27.060 0.0000000000
58073  55.728  -9.412  28.450 0.0000000000
54904  49.225  -12.433  37.625 0.0000000000
126537  48.234  -15.228  32.847 0.0000000000
54015  49.937  -14.381  31.521 0.0000000000
53071  48.094  -15.581  29.629 0.0000000000
51238  45.708  -17.473  28.500 0.0000000000
49258  46.965  -19.602  36.917 0.0000000000
45458  44.037  -23.790  37.817 0.0000000000
47344  43.720  -21.701  34.299 0.0000000000
48309  44.702  -20.645  34.345 0.0000000000
49386  41.664  -19.665  27.146 0.0000000000
131440  38.774  -23.875  31.501 0.0000000000
45589  36.825  -23.836  29.311 0.0000000000
45599  36.351  -23.814  28.768 0.0000000000
38809  35.031  -30.167  37.595 0.0000000000
39662  35.515  -29.391  37.464 0.0000000000
40536  34.815  -28.714  35.335 0.0000000000
35822  35.381  -33.913  36.394 0.0000000000
35819  34.666  -33.307  36.964 0.0000000000
37917  32.670  -31.326  32.385 0.0000000000
55084  58.247  -13.453  23.869 0.0000000000
133777  52.116  -15.728  27.486 0.0000000000
30632  37.591  -38.137  46.511 0.0000000000
31568  35.857  -37.416  47.743 0.0000000000
33757  37.917  -36.457  46.610 0.0000000000
33758  37.416  -36.019  47.029 0.0000000000
32644  38.011  -37.240  46.751 0.0000000000
42249  39.474  -25.643  45.162 0.0000000000
43302  40.573  -25.481  42.796 0.0000000000
111986  41.536  -25.580  40.129 0.0000000000
42336  39.254  -26.227  36.264 0.0000000000
131551  36.969  -27.620  36.288 0.0000000000
31709  37.437  -37.362  35.758 0.0000000000
133029  37.248  -36.834  35.491 0.0000000000
56080  55.291  -12.110  26.742 0.0000000000
132146  53.517  -13.498  25.307 0.0000000000
28015  42.755  -41.261  38.907 0.0000000000
29771  39.389  -40.063  39.878 0.0000000000
31626  35.721  -37.162  43.453 0.0000000000
32761  33.697  -36.394  40.236 0.0000000000
33824  31.159  -35.443  40.904 0.0000000000
38739  40.520  -30.228  45.582 0.0000000000
38755  40.744  -30.120  42.715 0.0000000000
31647  43.219  -37.240  42.038 0.0000000000
123621  43.203  -37.908  41.485 0.0000000000
31660  42.273  -37.359  40.156 0.0000000000
31542  26.152  -37.901  49.391 0.0000000000
124539  26.046  -38.241  48.155 0.0000000000
31598  26.169  -37.324  45.939 0.0000000000
31583  25.650  -37.876  46.575 0.0000000000
31599  25.407  -37.617  45.740 0.0000000000
31600  24.311  -37.800  46.155 0.0000000000
54927  51.935  -12.687  34.961 0.0000000000
55995  51.733  -12.852  34.963 0.0000000000
52991  48.650  -14.589  37.215 0.0000000000
52097  46.677  -16.956  31.228 0.0000000000
47322  46.526  -21.111  37.876 0.0000000000
45482  42.529  -23.643  35.591 0.0000000000
48341  43.721  -20.640  32.322 0.0000000000
48400  40.885  -20.923  28.854 0.0000000000
47434  39.288  -22.023  28.431 0.0000000000
43497  37.118  -25.069  32.040 0.0000000000
44590  37.327  -24.292  30.811 0.0000000000
44592  36.105  -24.630  30.175 0.0000000000
38787  36.749  -30.538  39.476 0.0000000000
38820  33.967  -30.727  36.600 0.0000000000
36897  34.482  -33.176  33.327 0.0000000000
36904  33.790  -32.618  33.015 0.0000000000
58163  60.442  -10.685  20.783 0.0000000000
57204  60.603  -11.272  20.361 0.0000000000
29740  40.866  -40.042  43.051 0.0000000000
28893  40.669  -40.085  42.731 0.0000000000
30659  38.763  -39.169  43.881 0.0000000000
131960  35.068  -36.838  43.600 0.0000000000
112718  34.066  -36.629  44.818 0.0000000000
32704  42.366  -36.137  43.696 0.0000000000
32684  40.015  -36.563  44.975 0.0000000000
32682  41.795  -36.854  44.020 0.0000000000
30657  41.676  -38.922  43.426 0.0000000000
30658  40.723  -39.315  43.918 0.0000000000
55951  48.994  -12.503  37.778 0.0000000000
54905  48.750  -13.130  37.913 0.0000000000
45472  42.844  -23.918  36.409 0.0000000000
44466  41.943  -24.975  37.315 0.0000000000
45501  41.605  -23.713  34.475 0.0000000000
45538  39.683  -23.767  32.343 0.0000000000
44555  37.846  -24.806  32.302 0.0000000000
43487  35.950  -25.953  32.261 0.0000000000
42391  35.218  -26.296  32.028 0.0000000000
34851  36.770  -34.963  34.978 0.0000000000
35839  35.138  -33.657  33.655 0.0000000000
54106  56.572  -13.955  23.208 0.0000000000
28027  42.504  -42.154  38.610 0.0000000000
29753  39.140  -39.330  41.212 0.0000000000
116787  38.593  -26.425  46.078 0.0000000000
40480  37.227  -28.778  40.452 0.0000000000
38786  37.367  -30.524  39.951 0.0000000000
38775  38.634  -30.543  40.906 0.0000000000
36861  37.501  -32.511  39.411 0.0000000000
36791  42.914  -32.435  43.787 0.0000000000
36827  43.293  -32.514  43.063 0.0000000000
35772  43.401  -33.329  42.887 0.0000000000
35804  39.442  -33.836  39.926 0.0000000000
34831  38.178  -34.081  39.167 0.0000000000
130369  39.182  -37.177  37.318 0.0000000000
113348  39.392  -38.756  36.473 0.0000000000
125736  52.568  -15.366  28.799 0.0000000000
52128  53.371  -17.160  28.854 0.0000000000
50285  52.071  -18.485  30.934 0.0000000000
34733  34.404  -35.104  49.249 0.0000000000
32586  34.427  -35.833  49.317 0.0000000000
32606  34.238  -36.450  49.082 0.0000000000
33687  32.868  -35.168  50.063 0.0000000000
32588  33.163  -36.110  49.675 0.0000000000
32607  33.303  -36.502  49.121 0.0000000000
32647  32.417  -36.380  46.973 0.0000000000
122809  31.542  -36.371  48.087 0.0000000000
32667  31.844  -35.942  45.625 0.0000000000
33772  31.228  -35.669  45.104 0.0000000000
32630  29.836  -36.310  47.796 0.0000000000
32631  28.924  -36.459  47.573 0.0000000000
33773  30.372  -35.629  45.265 0.0000000000
33788  30.630  -35.537  44.479 0.0000000000
113879  30.050  -35.510  44.010 0.0000000000
133923  30.116  -35.407  43.362 0.0000000000
33812  29.677  -35.377  42.757 0.0000000000
112541  28.703  -35.510  43.890 0.0000000000
33813  28.874  -35.387  42.956 0.0000000000
32691  26.381  -36.568  44.535 0.0000000000
57138  58.404  -11.078  26.090 0.0000000000
57110  56.978  -10.467  27.410 0.0000000000
58086  56.423  -9.816  27.829 0.0000000000
58062  54.267  -9.285  30.437 0.0000000000
54944  49.451  -13.639  34.287 0.0000000000
54014  50.683  -14.582  31.836 0.0000000000
50231  47.684  -17.935  36.015 0.0000000000
133494  46.955  -18.057  34.357 0.0000000000
50286  45.377  -18.298  30.754 0.0000000000
49342  44.406  -19.299  30.843 0.0000000000
50316  43.868  -18.615  27.984 0.0000000000
45570  38.959  -23.507  30.968 0.0000000000
46484  39.173  -23.093  30.329 0.0000000000
41382  36.197  -27.695  35.167 0.0000000000
41416  34.773  -26.954  32.558 0.0000000000
35814  35.812  -33.354  38.215 0.0000000000
37888  34.012  -31.464  36.952 0.0000000000
37904  32.674  -31.241  34.181 0.0000000000
38836  33.248  -30.743  35.521 0.0000000000
41431  33.984  -27.161  32.053 0.0000000000
128712  52.181  -14.631  26.714 0.0000000000
