#!ascii label  , from subject sub-v2s16x51313_ses-1 vox2ras=TkReg
1585
26874  29.548  -43.641  -15.544 0.8999999762
26873  30.362  -43.677  -15.765 0.8000000119
25249  30.688  -45.634  -16.316 0.6999999881
25248  31.122  -45.397  -16.794 0.8000000119
26875  28.648  -43.605  -15.508 0.8999999762
119921  30.675  -42.009  -15.818 1.0000000000
134000  31.094  -42.275  -16.175 1.0000000000
119653  31.269  -43.290  -16.521 0.8999999762
26880  31.323  -43.980  -16.769 0.8000000119
26892  31.537  -44.050  -17.551 0.8000000119
120621  31.526  -43.260  -17.143 0.8999999762
26093  31.561  -44.841  -17.946 0.8000000119
114439  31.605  -44.888  -18.800 0.6999999881
134567  31.586  -45.497  -19.037 0.6999999881
27733  27.383  -42.762  -15.720 0.8000000119
130027  28.751  -42.261  -15.458 0.8999999762
122112  28.729  -41.547  -15.432 0.8999999762
131255  27.524  -41.602  -15.678 0.8999999762
131352  25.954  -42.603  -16.345 0.8999999762
29483  30.398  -41.159  -15.620 0.8999999762
28628  30.963  -41.236  -15.917 1.0000000000
120560  31.585  -41.032  -17.643 1.0000000000
28670  31.615  -41.773  -18.043 0.8999999762
26910  31.640  -43.283  -18.001 0.8999999762
26105  31.612  -44.107  -18.436 0.8000000119
128222  31.503  -45.901  -19.578 0.6999999881
123586  29.245  -40.202  -15.416 0.8999999762
29485  28.601  -40.748  -15.437 0.8999999762
125404  27.277  -41.128  -15.786 0.8999999762
125666  26.541  -41.197  -16.092 0.8999999762
28636  25.518  -42.064  -16.571 0.8999999762
29484  29.497  -40.991  -15.420 0.8999999762
29510  31.465  -40.982  -16.815 1.0000000000
27768  31.600  -42.525  -18.474 0.8000000119
26930  31.604  -43.338  -18.948 0.8000000119
26139  31.338  -44.484  -20.231 0.8000000119
130905  30.896  -43.140  -20.671 0.8000000119
26140  30.919  -44.752  -20.990 0.8000000119
26961  30.402  -44.131  -21.455 0.8000000119
30384  27.249  -39.621  -15.735 0.8999999762
29494  26.104  -40.475  -16.288 0.8999999762
28637  24.930  -41.371  -16.869 0.8999999762
123475  29.347  -38.972  -15.412 0.8999999762
30392  25.677  -39.763  -16.460 0.8999999762
30393  24.979  -39.786  -16.821 0.8000000119
28646  24.327  -41.840  -17.379 0.8000000119
120931  30.157  -40.329  -15.508 0.8999999762
31317  24.703  -39.058  -16.967 0.6999999881
117230  24.263  -41.111  -17.353 0.6999999881
29511  23.805  -40.422  -17.673 0.6999999881
31314  30.938  -38.998  -15.872 0.8999999762
30409  23.657  -39.486  -17.755 0.6999999881
30427  22.765  -39.950  -18.963 0.6999999881
31313  31.329  -38.811  -16.392 1.0000000000
30426  23.053  -39.143  -18.560 0.6000000238
29492  31.336  -40.290  -16.479 1.0000000000
117689  31.562  -40.267  -17.258 1.0000000000
112739  31.544  -41.076  -18.511 1.0000000000
29533  31.575  -40.346  -18.123 1.0000000000
29544  31.433  -40.412  -18.951 0.8999999762
28685  31.374  -41.094  -19.366 0.8000000119
27786  31.465  -42.563  -19.408 0.8000000119
27796  31.121  -42.569  -20.247 0.8000000119
27797  30.653  -42.549  -20.924 0.8000000119
117807  30.384  -43.229  -21.306 0.8000000119
27816  29.811  -42.746  -21.839 0.8000000119
28728  29.879  -41.320  -21.735 0.8000000119
28741  29.334  -42.031  -22.248 0.8000000119
30383  28.052  -39.555  -15.457 0.8999999762
29487  26.888  -40.413  -15.934 0.8999999762
129013  28.466  -38.755  -15.428 0.8999999762
124271  27.622  -38.977  -15.576 0.8999999762
30391  26.437  -39.662  -16.108 0.8999999762
121709  25.287  -39.186  -16.624 0.8999999762
31303  30.216  -38.775  -15.544 0.8999999762
30408  24.311  -39.711  -17.264 0.6999999881
32329  30.946  -38.148  -15.908 0.8999999762
31337  24.112  -39.035  -17.365 0.6000000238
31338  23.589  -38.648  -17.764 0.6000000238
120622  31.503  -37.948  -16.613 1.0000000000
31366  22.473  -38.479  -19.478 0.5000000000
31336  31.676  -38.617  -17.173 1.0000000000
32377  22.139  -37.547  -20.035 0.5000000000
131791  31.612  -39.442  -17.815 1.0000000000
30440  31.465  -39.124  -18.764 1.0000000000
126612  31.488  -39.818  -18.586 1.0000000000
29545  31.153  -40.392  -19.774 0.8999999762
28705  31.299  -41.817  -19.804 0.8000000119
30456  30.864  -39.642  -20.153 0.8999999762
29563  30.707  -40.385  -20.607 0.8000000119
120450  30.861  -41.857  -20.581 0.8000000119
30466  30.375  -39.616  -21.023 0.8999999762
31390  29.978  -38.881  -21.466 0.8999999762
29577  29.517  -40.430  -22.092 0.8000000119
121930  28.627  -40.464  -22.635 0.8000000119
30476  28.284  -39.474  -22.760 0.8000000119
29586  27.888  -40.174  -22.990 0.8000000119
31315  25.901  -38.970  -16.280 0.8999999762
31304  29.337  -38.284  -15.413 0.8999999762
123285  28.904  -37.124  -15.399 0.8999999762
31316  25.236  -38.365  -16.649 0.6999999881
32317  30.657  -37.219  -15.768 0.8999999762
33438  29.714  -36.945  -15.444 0.8999999762
32350  24.219  -37.449  -17.288 0.6999999881
32351  23.621  -37.772  -17.699 0.6000000238
31353  23.021  -38.169  -18.418 0.6000000238
33469  23.785  -36.856  -17.624 0.6999999881
32364  23.077  -37.219  -18.346 0.6000000238
32365  22.615  -37.702  -19.048 0.5000000000
33482  22.780  -36.459  -18.638 0.5000000000
119897  22.099  -36.780  -19.913 0.5000000000
32348  31.864  -37.577  -17.437 1.0000000000
31352  31.714  -38.351  -18.159 1.0000000000
32375  31.685  -37.741  -18.743 1.0000000000
31364  31.452  -38.350  -19.115 1.0000000000
125406  31.119  -38.976  -19.647 0.8999999762
33490  31.917  -36.887  -18.904 1.0000000000
32376  31.405  -37.585  -19.426 0.8999999762
31365  31.014  -38.194  -19.915 0.8999999762
31377  30.544  -38.765  -20.566 0.8999999762
123791  30.547  -37.977  -20.542 0.8999999762
31378  30.080  -38.094  -21.198 0.8999999762
31391  29.387  -38.215  -21.933 0.8999999762
122783  29.474  -39.025  -22.018 0.8999999762
32390  30.289  -37.372  -20.874 0.8999999762
32402  29.616  -37.381  -21.551 0.8999999762
31401  28.888  -38.814  -22.396 0.8999999762
32403  28.800  -37.336  -22.218 0.8999999762
31305  27.634  -38.235  -15.581 0.8999999762
31306  26.810  -38.746  -15.875 0.8999999762
124336  26.073  -38.098  -16.166 0.8999999762
32321  26.868  -37.669  -15.821 0.8999999762
33452  25.921  -36.644  -16.238 1.0000000000
32331  25.562  -37.460  -16.454 0.8000000119
33439  28.817  -36.338  -15.432 0.8999999762
32349  24.844  -37.525  -16.899 0.6999999881
128279  31.225  -37.404  -16.220 0.8999999762
33468  24.522  -36.832  -17.121 0.6999999881
34492  23.641  -36.045  -17.764 0.6999999881
33481  23.272  -36.507  -18.089 0.5000000000
32328  31.641  -37.074  -16.712 1.0000000000
34508  22.548  -35.710  -18.852 0.5000000000
34521  22.007  -35.442  -19.752 0.5000000000
33466  32.039  -36.619  -17.264 1.0000000000
32347  32.156  -36.845  -18.003 1.0000000000
34505  32.404  -35.600  -18.380 1.0000000000
126781  32.245  -36.284  -18.426 1.0000000000
115730  31.688  -36.180  -19.518 1.0000000000
34506  32.163  -35.920  -19.019 1.0000000000
34518  32.337  -35.111  -18.962 1.0000000000
33491  31.304  -36.798  -19.802 0.8999999762
33500  30.615  -36.684  -20.533 0.8999999762
33501  29.931  -36.654  -21.227 0.8999999762
31435  28.664  -38.208  -25.575 0.6999999881
32455  28.735  -37.441  -25.559 0.8000000119
122170  27.406  -37.926  -26.050 0.8000000119
32457  27.032  -37.204  -26.301 0.8000000119
126097  29.611  -36.138  -15.465 0.8999999762
34464  28.346  -35.556  -15.491 1.0000000000
33440  27.896  -36.183  -15.539 1.0000000000
34474  26.851  -35.514  -15.864 1.0000000000
34475  26.116  -35.729  -16.201 0.6999999881
125311  25.392  -36.000  -16.588 0.6999999881
33449  31.214  -36.577  -16.150 0.8999999762
33437  30.398  -36.352  -15.660 0.8999999762
34490  24.775  -35.450  -16.975 0.6999999881
34507  23.099  -35.899  -18.238 0.6000000238
34489  32.171  -35.804  -17.085 1.0000000000
33448  31.755  -36.266  -16.659 0.8999999762
34473  30.971  -35.647  -15.891 0.8999999762
33465  32.330  -36.079  -17.774 1.0000000000
35486  32.133  -34.452  -19.408 1.0000000000
34530  31.227  -35.071  -20.257 1.0000000000
35495  31.606  -34.472  -20.031 1.0000000000
117845  26.637  -37.256  -24.029 0.8999999762
32442  31.285  -37.717  -24.227 0.6000000238
32444  29.652  -37.156  -24.947 0.6000000238
33552  29.117  -36.629  -25.288 0.8000000119
32456  27.798  -37.310  -26.103 0.8000000119
31437  26.837  -37.898  -25.962 0.8999999762
117853  26.388  -37.275  -24.640 0.8999999762
35431  30.352  -34.807  -15.576 0.8999999762
35432  29.403  -34.860  -15.442 0.8999999762
35446  26.349  -34.819  -16.115 0.8000000119
34476  25.570  -35.174  -16.523 0.6999999881
35457  24.380  -34.633  -17.320 0.6999999881
35458  23.615  -34.672  -17.938 0.6000000238
35472  22.243  -34.031  -19.169 0.4000000060
34471  32.175  -35.102  -16.945 1.0000000000
34472  31.730  -35.457  -16.459 0.8999999762
34488  32.424  -35.192  -17.623 1.0000000000
35470  32.561  -34.330  -17.886 1.0000000000
35485  32.471  -34.327  -18.693 1.0000000000
36484  31.959  -33.765  -19.792 1.0000000000
36492  31.361  -33.721  -20.331 1.0000000000
123980  27.258  -36.050  -23.102 0.8999999762
34551  26.500  -35.451  -23.501 0.8999999762
124503  26.565  -36.154  -23.756 0.8999999762
33567  26.325  -36.275  -25.692 0.8999999762
126384  26.033  -36.234  -25.142 0.8999999762
32428  32.715  -37.137  -23.499 0.6000000238
32429  31.847  -37.070  -23.709 0.6000000238
32443  30.383  -37.528  -24.572 0.6000000238
33551  29.872  -36.389  -24.678 0.8000000119
33564  28.362  -36.794  -25.796 0.8000000119
32458  26.566  -37.066  -25.918 0.8999999762
35433  28.668  -34.230  -15.464 0.8999999762
34465  27.589  -35.481  -15.635 0.8999999762
35435  26.880  -34.074  -15.871 0.6999999881
36432  28.160  -33.411  -15.515 0.8999999762
35434  27.717  -34.126  -15.642 0.8999999762
35456  25.078  -34.579  -16.795 0.6000000238
35444  31.272  -34.735  -15.941 1.0000000000
125774  30.695  -33.984  -15.584 1.0000000000
125302  29.698  -34.071  -15.409 1.0000000000
36456  24.736  -33.865  -17.083 0.6000000238
36458  23.736  -33.058  -17.950 0.5000000000
120206  32.154  -33.779  -16.622 1.0000000000
35443  31.930  -34.573  -16.501 1.0000000000
124423  31.828  -33.104  -16.165 1.0000000000
115340  32.468  -33.623  -17.345 1.0000000000
36468  32.558  -33.436  -18.288 1.0000000000
37505  32.465  -32.889  -19.055 1.0000000000
126571  32.203  -33.178  -19.553 1.0000000000
125246  31.830  -33.059  -20.060 1.0000000000
37515  31.118  -32.901  -20.575 1.0000000000
36493  30.550  -33.665  -20.807 1.0000000000
36494  29.726  -33.696  -21.261 1.0000000000
35504  29.375  -34.471  -21.435 1.0000000000
36499  28.913  -33.786  -21.561 1.0000000000
35505  28.591  -34.497  -21.772 0.8999999762
125433  29.068  -35.195  -21.687 0.8999999762
34563  26.031  -35.710  -24.495 0.8999999762
34590  26.373  -35.622  -25.931 0.8999999762
33536  34.122  -36.526  -23.356 0.6000000238
33537  33.268  -36.469  -23.223 0.6000000238
32430  30.985  -36.961  -24.144 0.6000000238
33565  27.570  -36.457  -26.119 0.8000000119
36431  29.077  -33.326  -15.389 0.8999999762
36433  27.346  -33.406  -15.680 0.6999999881
35447  25.689  -34.484  -16.415 0.6000000238
36447  25.769  -33.203  -16.281 0.6000000238
36446  31.057  -33.162  -15.650 0.8999999762
37473  24.769  -32.419  -17.066 0.6000000238
36457  24.418  -33.113  -17.363 0.5000000000
36445  31.544  -33.890  -16.013 1.0000000000
36444  32.295  -33.026  -16.806 1.0000000000
37469  32.096  -32.411  -16.449 0.8999999762
37478  32.495  -32.722  -17.489 1.0000000000
37487  32.558  -32.466  -18.381 1.0000000000
38459  32.475  -32.035  -19.121 1.0000000000
37506  32.211  -32.514  -19.649 1.0000000000
38460  32.200  -31.668  -19.770 1.0000000000
38473  31.656  -31.436  -20.297 1.0000000000
37516  30.143  -32.778  -21.085 1.0000000000
37523  29.236  -33.021  -21.450 1.0000000000
36500  28.153  -33.836  -21.837 1.0000000000
35513  27.055  -34.276  -22.437 0.8999999762
34550  27.340  -35.155  -22.657 0.8999999762
35542  25.713  -34.934  -24.958 0.8999999762
34559  33.632  -35.693  -23.152 0.6000000238
122504  32.474  -36.275  -23.298 0.6000000238
33538  31.517  -36.265  -23.687 0.6000000238
34573  30.228  -35.496  -24.331 0.6999999881
34575  28.849  -35.363  -25.131 0.6999999881
34588  27.962  -35.567  -25.703 0.6999999881
34589  27.062  -35.650  -26.092 0.8000000119
33550  35.696  -36.054  -24.084 0.6000000238
35541  28.326  -34.770  -25.233 0.6999999881
35555  27.493  -35.010  -25.681 0.8000000119
35556  26.667  -34.821  -25.760 0.8999999762
36434  26.538  -33.303  -15.899 0.6999999881
37472  25.460  -32.442  -16.552 0.6000000238
37456  29.473  -32.482  -15.401 0.8999999762
124182  27.734  -32.833  -15.552 0.6999999881
37470  31.436  -32.362  -15.833 0.8999999762
37455  30.484  -32.413  -15.491 0.8000000119
38423  31.861  -31.504  -16.149 0.8000000119
38422  32.330  -31.011  -16.919 0.8999999762
115819  32.552  -32.032  -17.798 1.0000000000
38442  32.589  -31.655  -18.461 1.0000000000
112110  32.542  -31.084  -19.174 1.0000000000
39340  32.168  -30.681  -19.977 1.0000000000
133279  31.184  -31.291  -20.612 1.0000000000
132198  30.089  -32.082  -21.120 1.0000000000
124148  29.389  -32.152  -21.352 1.0000000000
124457  28.449  -33.161  -21.647 1.0000000000
36507  27.513  -33.880  -22.048 0.8999999762
35515  26.307  -33.873  -22.780 0.8999999762
35514  26.396  -34.646  -23.131 0.8999999762
35543  25.417  -34.210  -24.511 0.8999999762
34561  32.026  -35.463  -23.312 0.6000000238
124198  29.557  -35.197  -24.663 0.6999999881
35557  25.954  -34.916  -25.605 0.8999999762
126535  35.043  -35.361  -23.805 0.6000000238
124091  34.428  -35.752  -23.366 0.6000000238
35540  29.228  -34.615  -24.689 0.6999999881
125963  27.059  -32.649  -15.729 0.6999999881
37471  26.229  -32.481  -16.060 0.6000000238
123195  28.942  -31.745  -15.426 0.8000000119
38410  27.690  -31.339  -15.546 0.6999999881
38411  26.866  -31.705  -15.817 0.6999999881
38424  30.881  -31.586  -15.595 0.6999999881
117732  29.861  -31.668  -15.437 0.8000000119
39307  31.920  -30.512  -16.342 0.6999999881
39306  32.302  -30.267  -16.938 0.6999999881
39318  32.561  -30.470  -17.730 0.8000000119
39327  32.638  -30.452  -18.586 0.8000000119
116406  32.562  -30.109  -19.219 0.8000000119
116997  31.405  -30.774  -20.508 1.0000000000
124022  30.664  -31.024  -20.840 1.0000000000
131232  28.738  -32.554  -21.545 1.0000000000
117950  27.814  -31.836  -21.781 1.0000000000
39357  29.746  -30.483  -21.205 1.0000000000
38484  29.066  -31.258  -21.410 1.0000000000
36501  27.612  -33.216  -21.854 1.0000000000
37525  27.341  -32.462  -21.918 1.0000000000
36508  26.947  -33.573  -22.177 0.8999999762
36509  26.335  -33.147  -22.460 0.8999999762
36510  25.604  -33.359  -23.175 0.8999999762
35528  25.677  -34.117  -23.621 0.8999999762
35523  33.349  -34.795  -23.239 0.6000000238
34560  32.866  -35.459  -23.114 0.6000000238
34562  31.146  -35.473  -23.721 0.6000000238
35539  30.060  -34.602  -24.250 0.6999999881
36532  25.170  -33.486  -24.821 0.8999999762
36545  26.042  -34.148  -25.521 0.8999999762
124242  28.782  -33.908  -24.732 0.6999999881
36543  27.627  -34.129  -25.318 0.6999999881
36544  26.729  -33.966  -25.465 0.8999999762
36546  25.556  -33.445  -25.300 0.8999999762
38409  29.258  -30.959  -15.450 0.6999999881
122084  28.428  -31.085  -15.460 0.6000000238
123563  27.159  -30.905  -15.696 0.6000000238
38425  25.817  -31.559  -16.332 0.6000000238
39292  30.478  -30.020  -15.628 0.6999999881
39294  28.688  -30.288  -15.470 0.6000000238
40154  31.377  -29.865  -16.021 0.6999999881
40153  32.042  -29.697  -16.612 0.6999999881
40171  32.448  -29.636  -17.359 0.6999999881
40207  32.596  -29.175  -19.167 0.8000000119
39354  32.263  -29.650  -19.869 0.8000000119
40218  31.755  -29.113  -20.363 0.8000000119
39355  31.636  -29.975  -20.425 0.8000000119
39356  30.773  -30.200  -20.824 1.0000000000
40219  30.998  -29.380  -20.815 0.8000000119
39372  28.595  -30.359  -21.537 1.0000000000
38485  28.225  -31.199  -21.611 1.0000000000
39373  27.928  -30.005  -21.795 1.0000000000
124923  27.796  -30.637  -21.765 1.0000000000
38487  27.024  -31.694  -22.070 1.0000000000
38494  25.786  -31.099  -22.584 1.0000000000
37533  25.712  -32.577  -22.764 1.0000000000
35525  31.665  -34.664  -23.358 0.6000000238
36519  25.139  -33.490  -24.064 0.8999999762
35522  34.182  -34.999  -23.408 0.6000000238
35524  32.531  -34.658  -23.214 0.6000000238
35526  30.832  -34.673  -23.731 0.6999999881
125499  29.739  -33.829  -24.178 0.6999999881
36531  27.247  -33.238  -25.206 0.6999999881
37561  26.286  -33.338  -25.448 0.8999999762
118195  26.975  -30.212  -15.746 0.5000000000
39293  29.540  -30.159  -15.491 0.6000000238
118595  28.198  -29.623  -15.520 0.5000000000
40155  30.719  -29.198  -15.817 0.6999999881
124977  31.546  -29.041  -16.316 0.6999999881
133958  32.235  -28.842  -16.964 0.6999999881
123766  32.558  -28.975  -17.696 0.6999999881
41010  32.651  -28.533  -18.394 0.6999999881
40217  32.305  -28.792  -19.816 0.8000000119
41029  31.925  -28.325  -20.330 0.8000000119
41030  31.133  -28.513  -20.834 0.8000000119
41043  29.648  -28.801  -21.340 0.8999999762
40233  29.174  -29.546  -21.403 1.0000000000
41042  30.252  -28.228  -21.267 0.8000000119
41044  28.790  -28.704  -21.595 0.8999999762
40234  28.319  -29.438  -21.682 1.0000000000
39374  27.317  -30.171  -22.011 1.0000000000
126356  27.124  -30.887  -21.986 1.0000000000
38496  25.062  -30.872  -23.085 1.0000000000
38495  25.023  -31.852  -23.095 0.8999999762
37539  24.950  -32.756  -23.582 0.8999999762
38501  24.290  -32.194  -24.052 0.8999999762
38502  24.311  -31.357  -23.722 0.8999999762
38513  24.476  -32.276  -24.853 0.8999999762
36516  32.969  -33.973  -23.355 0.6000000238
36518  31.336  -34.001  -23.404 0.6000000238
36530  29.372  -33.026  -24.168 0.6999999881
37551  26.778  -32.512  -25.211 0.8000000119
114154  24.947  -32.298  -25.303 0.8999999762
36526  34.158  -33.615  -24.442 0.6000000238
123370  28.292  -33.126  -24.621 0.6999999881
38524  25.510  -31.789  -25.365 0.8000000119
38511  27.289  -31.606  -24.757 0.6999999881
38525  24.628  -31.692  -25.300 0.8999999762
40136  28.955  -29.511  -15.518 0.5000000000
121227  27.838  -28.945  -15.589 0.5000000000
40966  30.056  -28.565  -15.802 0.6999999881
129422  28.468  -29.016  -15.558 0.5000000000
40984  30.914  -28.409  -16.118 0.6999999881
40983  31.698  -28.229  -16.569 0.6999999881
132783  32.209  -28.076  -17.018 0.6999999881
40998  32.475  -28.272  -17.558 0.6999999881
41963  32.646  -27.698  -18.780 0.6999999881
41020  32.557  -28.323  -19.258 0.6999999881
41989  32.130  -27.498  -20.302 0.8000000119
41990  31.457  -27.217  -20.914 0.8000000119
41991  30.898  -27.744  -21.112 0.8000000119
42003  29.367  -27.930  -21.613 0.8000000119
40236  26.873  -29.632  -22.271 1.0000000000
39375  26.519  -30.444  -22.339 1.0000000000
42002  30.188  -27.470  -21.521 0.8000000119
42005  28.479  -27.966  -21.857 0.8000000119
41046  27.102  -28.893  -22.263 0.8999999762
40248  26.142  -29.763  -22.650 1.0000000000
39385  25.759  -30.417  -22.738 1.0000000000
41060  26.475  -28.435  -22.667 0.8999999762
40249  25.187  -29.938  -23.140 1.0000000000
128038  24.442  -30.612  -23.523 1.0000000000
38514  24.002  -31.517  -24.647 0.8999999762
36529  30.601  -33.862  -23.682 0.6999999881
39390  23.905  -30.807  -24.170 0.8999999762
36517  32.121  -33.858  -23.291 0.6000000238
36528  31.453  -33.136  -23.450 0.6000000238
39398  23.699  -30.788  -24.821 0.8999999762
37548  30.029  -32.237  -23.840 0.6999999881
37549  28.947  -32.110  -24.063 0.6999999881
37550  27.820  -32.323  -24.632 0.6999999881
38512  26.356  -31.906  -25.203 0.6999999881
39411  25.420  -30.964  -25.411 0.8000000119
39397  26.559  -30.989  -24.948 0.6999999881
39412  23.889  -30.492  -25.253 0.8000000119
40268  23.281  -30.388  -25.053 0.8999999762
122272  26.320  -30.205  -25.374 0.6999999881
40135  29.799  -29.346  -15.603 0.6000000238
40967  29.106  -28.658  -15.669 0.5000000000
41927  31.056  -27.521  -16.371 0.6999999881
41905  30.311  -27.929  -16.078 0.5000000000
120929  32.419  -26.956  -17.701 0.6999999881
42929  32.152  -27.010  -17.145 0.6999999881
42953  32.078  -26.272  -17.341 0.6999999881
123509  32.591  -26.989  -18.422 0.6999999881
42979  32.639  -26.301  -18.947 0.6999999881
41978  32.481  -27.571  -19.503 0.6999999881
42991  32.481  -26.709  -19.791 0.6999999881
42992  32.020  -26.603  -20.640 0.8000000119
42001  30.814  -27.133  -21.346 0.8000000119
43005  31.263  -26.462  -21.331 0.8000000119
43006  30.383  -26.744  -21.708 0.8000000119
43007  29.532  -26.991  -21.936 0.8000000119
44148  30.660  -26.111  -21.840 0.8000000119
43017  29.301  -26.361  -22.353 0.8000000119
42010  28.240  -27.347  -22.255 0.8000000119
41059  27.251  -28.145  -22.348 0.8999999762
41061  25.619  -28.305  -23.043 0.8999999762
117275  25.801  -29.077  -22.861 1.0000000000
44159  28.705  -26.038  -22.767 0.8000000119
118739  28.034  -26.662  -22.656 0.8000000119
40250  23.998  -29.949  -23.703 1.0000000000
41062  24.751  -28.970  -23.232 1.0000000000
37546  32.092  -32.344  -23.923 0.6000000238
38510  28.306  -31.427  -24.368 0.6999999881
40259  23.348  -30.342  -24.477 0.8999999762
40260  23.131  -29.583  -24.137 1.0000000000
39396  27.781  -30.777  -24.642 0.6999999881
127736  24.530  -30.218  -25.587 0.8000000119
42968  32.494  -26.248  -18.097 0.6999999881
44105  32.275  -25.500  -17.846 0.6999999881
44126  32.584  -25.615  -19.225 0.6999999881
128158  32.560  -25.983  -19.598 0.6999999881
44136  32.378  -25.929  -20.253 0.6999999881
44147  31.964  -25.778  -20.986 0.6999999881
44146  32.370  -25.149  -20.539 0.6999999881
118648  31.320  -25.601  -21.667 0.8000000119
43016  29.975  -26.253  -22.152 0.8000000119
44157  30.488  -25.480  -22.327 0.8000000119
44158  29.554  -25.743  -22.605 0.8000000119
43020  26.497  -27.139  -23.039 0.8999999762
42013  26.191  -27.820  -22.965 0.8999999762
43019  27.255  -26.579  -23.062 0.8000000119
41073  24.857  -28.128  -23.218 0.8999999762
37547  31.044  -32.288  -23.811 0.6000000238
43035  25.756  -26.586  -23.400 0.8999999762
114719  24.706  -26.833  -23.483 0.8999999762
40251  23.788  -29.091  -23.710 1.0000000000
37559  31.694  -31.641  -24.346 0.6000000238
41075  22.922  -28.691  -23.955 0.8999999762
39409  28.345  -30.115  -25.024 0.6999999881
41076  22.012  -28.588  -24.304 0.8999999762
40282  25.098  -29.629  -25.862 0.8000000119
40283  24.017  -29.848  -25.596 0.8999999762
126120  22.400  -29.324  -25.205 0.8000000119
44118  32.519  -25.535  -18.590 0.6999999881
130301  32.535  -24.738  -20.035 0.6999999881
119597  32.018  -24.933  -21.339 0.6999999881
44156  31.347  -24.828  -22.108 0.6999999881
44160  27.867  -25.975  -23.152 0.8000000119
43034  26.567  -26.407  -23.336 0.8000000119
43033  27.070  -25.863  -23.444 0.8000000119
42027  24.382  -27.624  -23.401 0.8999999762
38509  29.910  -31.463  -24.111 0.6000000238
44175  26.189  -25.849  -23.641 0.8000000119
44176  25.008  -25.896  -23.743 0.8999999762
125760  23.785  -27.185  -23.553 0.8999999762
42028  23.311  -27.862  -23.637 0.8999999762
38521  30.788  -31.145  -24.471 0.6000000238
122067  29.169  -31.235  -24.244 0.6999999881
42029  22.193  -28.018  -23.945 0.8999999762
40280  26.995  -29.476  -25.518 0.6999999881
41086  21.786  -28.651  -24.791 0.8000000119
40299  24.711  -29.041  -26.127 0.6999999881
41111  22.808  -28.630  -25.988 0.8000000119
127320  32.467  -24.157  -19.028 0.6999999881
45160  32.439  -24.202  -20.708 0.6999999881
124512  28.390  -25.488  -23.270 0.8000000119
44174  27.709  -25.207  -23.621 0.8000000119
43036  23.654  -26.432  -23.709 0.8999999762
38522  29.822  -30.718  -24.570 0.6000000238
125062  22.733  -27.231  -23.729 0.8999999762
39408  29.229  -30.142  -24.988 0.6999999881
39425  27.954  -29.516  -25.495 0.6999999881
119528  21.582  -27.224  -24.111 0.8999999762
115260  25.441  -28.286  -26.321 0.6999999881
117862  24.222  -28.263  -26.375 0.8000000119
42050  21.208  -27.973  -25.046 0.8000000119
132540  24.301  -27.526  -26.561 0.6999999881
42061  22.137  -28.033  -26.038 0.8000000119
41098  21.778  -28.536  -25.378 0.8000000119
123605  23.352  -27.648  -26.467 0.8000000119
46099  32.375  -23.434  -19.359 0.6999999881
46106  32.508  -23.342  -20.206 0.6000000238
38533  30.756  -30.572  -24.693 0.6000000238
45187  24.751  -24.988  -24.266 0.8000000119
128722  22.984  -25.865  -23.874 0.8999999762
43037  22.244  -26.453  -23.896 0.8999999762
39423  29.453  -29.722  -25.121 0.6000000238
43038  20.943  -26.123  -24.169 0.8999999762
40297  26.643  -28.854  -25.902 0.8000000119
43048  20.805  -27.002  -24.798 0.8999999762
43055  20.736  -27.311  -25.319 0.8000000119
122905  25.156  -27.443  -26.546 0.6999999881
43069  21.618  -27.310  -26.029 0.8000000119
43070  20.748  -26.513  -25.775 0.8000000119
40295  28.414  -29.081  -25.672 0.6999999881
132673  23.967  -25.080  -24.261 0.8000000119
41107  27.897  -28.402  -25.981 0.5000000000
40296  27.538  -28.906  -25.866 0.6000000238
42059  27.227  -27.756  -26.167 0.6000000238
42060  26.294  -27.758  -26.315 0.6999999881
43049  20.280  -25.966  -24.694 0.8000000119
43065  26.026  -26.917  -26.429 0.6000000238
43066  25.250  -26.536  -26.584 0.6000000238
43068  22.873  -26.795  -26.627 0.6999999881
125043  21.790  -26.444  -26.424 0.8000000119
43056  20.157  -26.358  -25.109 0.8000000119
131084  24.651  -26.037  -26.679 0.6000000238
45188  23.055  -25.146  -24.202 0.8000000119
45204  22.608  -24.278  -24.503 0.8000000119
45190  20.791  -24.706  -24.259 0.8999999762
42058  27.974  -27.637  -25.971 0.6000000238
44215  21.293  -25.612  -26.407 0.8000000119
44216  20.293  -25.493  -25.609 0.8000000119
45206  20.453  -24.346  -24.725 0.8000000119
44213  23.737  -25.961  -26.819 0.6000000238
115437  23.488  -23.779  -24.875 0.8000000119
45205  21.264  -24.081  -24.514 0.8000000119
123698  26.737  -27.175  -26.275 0.6000000238
126011  25.917  -26.214  -26.468 0.6000000238
45215  20.335  -24.421  -25.541 0.8000000119
44212  25.358  -25.721  -26.624 0.6000000238
45234  20.940  -24.426  -26.386 0.6999999881
46166  20.772  -23.513  -25.580 0.8000000119
45249  24.744  -24.194  -27.337 0.6000000238
45251  22.645  -24.306  -27.316 0.6000000238
125323  21.600  -23.731  -27.184 0.6999999881
44211  26.196  -25.526  -26.511 0.6000000238
45230  25.541  -24.875  -26.830 0.6000000238
46162  25.147  -23.082  -25.542 0.8000000119
46150  22.097  -23.417  -24.948 0.8000000119
43064  27.417  -26.955  -26.063 0.6000000238
47002  23.048  -22.840  -25.509 0.8000000119
124692  28.261  -26.739  -25.815 0.5000000000
46173  21.060  -22.797  -26.359 0.8000000119
46151  21.018  -23.280  -25.044 0.8000000119
126013  27.685  -26.041  -26.025 0.6000000238
126012  26.720  -26.325  -26.280 0.6000000238
46189  21.124  -23.032  -26.990 0.6000000238
44208  28.653  -25.837  -26.023 0.5000000000
44210  27.112  -25.369  -26.384 0.6000000238
45229  26.516  -24.705  -26.762 0.6000000238
45250  23.634  -24.273  -27.361 0.6000000238
45228  27.501  -24.561  -26.741 0.6000000238
45248  25.837  -24.086  -27.260 0.6000000238
46187  23.741  -23.326  -27.870 0.6000000238
46163  24.222  -22.813  -25.683 0.8000000119
47016  24.696  -22.447  -26.071 0.8000000119
47940  24.066  -21.704  -26.678 0.6999999881
47017  23.489  -22.189  -26.215 0.6999999881
44209  28.082  -25.171  -26.324 0.6000000238
47039  21.792  -22.651  -27.537 0.6000000238
128837  21.915  -21.801  -27.826 0.6000000238
47019  21.395  -22.148  -26.347 0.6999999881
45227  28.478  -24.462  -26.837 0.5000000000
46204  22.569  -22.297  -28.198 0.6000000238
45246  27.891  -23.904  -27.267 0.5000000000
46186  24.996  -23.372  -27.872 0.6000000238
45245  28.950  -23.880  -27.504 0.5000000000
126654  25.152  -22.056  -26.460 0.6999999881
47941  22.678  -21.329  -26.996 0.6000000238
47038  21.975  -21.305  -27.640 0.6000000238
47028  21.788  -21.430  -26.971 0.6000000238
47053  22.265  -21.354  -28.289 0.6000000238
47955  22.801  -20.829  -27.751 0.6000000238
46183  28.194  -23.356  -27.830 0.5000000000
46185  26.191  -23.403  -27.738 0.6000000238
131577  25.440  -22.737  -28.353 0.6000000238
46203  23.934  -22.394  -28.547 0.6000000238
47966  22.413  -20.979  -28.082 0.6000000238
46201  27.567  -22.899  -28.214 0.6000000238
128453  27.000  -22.483  -28.538 0.6000000238
120433  28.953  -23.330  -28.103 0.5000000000
46200  28.455  -22.892  -28.402 0.5000000000
46199  29.389  -22.900  -28.613 0.4000000060
47047  29.487  -22.301  -29.234 0.5000000000
47954  24.879  -21.344  -27.097 0.6000000238
118055  23.608  -21.109  -27.307 0.6000000238
47051  24.742  -21.895  -28.916 0.6000000238
47052  23.517  -21.326  -28.938 0.6000000238
47050  26.048  -22.243  -28.663 0.6000000238
47976  25.533  -21.478  -29.093 0.6000000238
47049  27.811  -22.395  -28.668 0.5000000000
47062  28.077  -21.870  -29.123 0.6000000238
47061  28.887  -21.926  -29.476 0.5000000000
47046  30.127  -22.566  -28.873 0.4000000060
47060  29.470  -21.786  -29.627 0.4000000060
47977  24.273  -20.984  -29.151 0.6000000238
48978  23.776  -20.321  -28.845 0.5000000000
49901  24.946  -20.089  -28.191 0.5000000000
124807  25.184  -20.716  -27.581 0.5000000000
47989  24.028  -20.210  -29.076 0.5000000000
47986  27.519  -21.258  -29.401 0.6000000238
130075  28.390  -21.461  -29.563 0.5000000000
47985  29.019  -21.398  -29.897 0.4000000060
49915  25.795  -19.404  -28.294 0.4000000060
47988  25.019  -20.573  -29.262 0.6000000238
48992  25.735  -20.075  -29.428 0.5000000000
48990  28.252  -20.769  -29.906 0.4000000060
47987  26.285  -21.003  -29.343 0.6000000238
49935  25.431  -19.192  -29.236 0.4000000060
47998  29.215  -20.722  -30.207 0.4000000060
49006  28.656  -20.002  -30.381 0.4000000060
50906  25.258  -18.484  -29.102 0.4000000060
49007  27.626  -19.889  -30.080 0.4000000060
49952  26.166  -18.891  -29.593 0.4000000060
48989  29.840  -20.626  -30.071 0.4000000060
49951  27.044  -19.052  -30.054 0.4000000060
51816  26.862  -17.872  -28.180 0.4000000060
50876  25.440  -18.484  -28.721 0.4000000060
50923  25.647  -18.475  -29.399 0.4000000060
50919  29.210  -18.489  -30.720 0.4000000060
49950  28.088  -19.204  -30.452 0.4000000060
50921  27.478  -18.397  -30.538 0.4000000060
50922  26.284  -18.236  -30.017 0.4000000060
51817  25.897  -17.840  -28.578 0.4000000060
130026  25.585  -17.285  -29.315 0.4000000060
120348  25.377  -17.838  -29.239 0.4000000060
51857  28.869  -17.848  -31.063 0.3000000119
51859  25.895  -17.342  -30.071 0.4000000060
116773  25.576  -17.850  -29.512 0.4000000060
52788  25.834  -16.736  -29.137 0.4000000060
123031  25.611  -17.104  -29.686 0.4000000060
122134  27.172  -38.787  -25.763 0.8000000119
32445  26.405  -37.764  -25.243 0.8999999762
32431  26.581  -37.873  -24.257 0.8999999762
31413  26.572  -38.622  -24.547 0.8999999762
31404  26.898  -38.626  -23.717 0.8999999762
34520  31.090  -35.892  -20.217 0.8999999762
34531  30.567  -35.168  -20.717 1.0000000000
35496  30.925  -34.432  -20.548 1.0000000000
31392  28.699  -38.110  -22.425 0.8999999762
124048  29.520  -35.917  -21.497 0.8999999762
35497  30.153  -34.440  -21.026 1.0000000000
32415  28.148  -37.729  -22.742 0.8999999762
33511  29.207  -36.622  -21.796 0.8999999762
33512  28.565  -36.523  -22.255 0.8999999762
34532  29.829  -35.186  -21.245 1.0000000000
32416  27.570  -37.446  -23.139 0.8999999762
34542  28.276  -35.192  -22.098 0.8999999762
48968  24.092  -20.029  -28.683 0.4000000060
48977  24.242  -19.869  -28.940 0.4000000060
49916  24.751  -19.544  -28.648 0.4000000060
49914  26.874  -19.187  -27.900 0.4000000060
122127  29.655  -41.957  -15.475 0.8999999762
28645  31.556  -41.741  -17.156 1.0000000000
26118  31.565  -44.232  -19.363 0.8000000119
28630  27.028  -41.920  -15.816 0.8999999762
29493  30.921  -40.455  -15.874 1.0000000000
122648  31.355  -43.457  -19.990 0.8000000119
119171  30.088  -37.832  -15.513 0.8999999762
30441  31.276  -39.731  -19.318 0.8999999762
28706  31.073  -41.107  -20.211 0.8000000119
29576  30.181  -40.421  -21.404 0.8000000119
116855  29.206  -41.153  -22.355 0.8000000119
32363  31.897  -37.488  -18.229 1.0000000000
30467  29.809  -39.654  -21.763 0.8999999762
30475  29.139  -39.630  -22.325 0.8000000119
31402  28.206  -38.541  -22.762 0.8999999762
30477  27.589  -39.006  -23.146 0.8000000119
32389  30.888  -37.445  -20.174 0.8999999762
118193  28.166  -36.953  -15.468 0.8999999762
33450  27.246  -36.041  -15.719 1.0000000000
129562  23.467  -35.440  -17.945 0.6000000238
124344  22.385  -34.870  -19.115 0.4000000060
35471  22.919  -34.385  -18.562 0.4000000060
34519  31.780  -35.313  -19.634 1.0000000000
120794  30.253  -35.920  -20.914 0.8999999762
31436  27.969  -38.701  -25.753 0.6999999881
33566  26.725  -36.389  -26.186 0.8000000119
33525  27.030  -36.859  -23.496 0.8999999762
31424  30.669  -38.363  -24.614 0.6000000238
122963  22.794  -33.713  -18.692 0.4000000060
33524  27.910  -36.837  -22.731 0.8999999762
34576  26.008  -35.609  -25.388 0.8999999762
33539  30.668  -36.250  -24.187 0.6999999881
34574  29.377  -35.874  -24.944 0.6999999881
36430  30.085  -33.237  -15.410 0.8999999762
38474  30.857  -31.911  -20.764 1.0000000000
123317  28.798  -35.895  -21.995 0.8999999762
35512  27.824  -34.471  -22.123 0.8999999762
33523  28.041  -35.935  -22.468 0.8999999762
132256  25.086  -31.820  -16.796 0.5000000000
37468  32.365  -31.940  -17.028 1.0000000000
35527  25.862  -34.866  -24.069 0.8999999762
39308  31.189  -30.720  -15.767 0.6999999881
38433  32.542  -31.357  -17.705 0.8999999762
115763  32.626  -30.999  -18.361 0.8999999762
35558  25.634  -34.191  -25.161 0.8999999762
39309  26.456  -30.844  -15.984 0.6000000238
38408  30.192  -30.851  -15.521 0.8000000119
39295  27.798  -30.429  -15.538 0.6000000238
40190  32.656  -29.617  -18.300 0.6999999881
37532  26.572  -32.452  -22.235 1.0000000000
37563  24.960  -32.876  -25.136 0.8999999762
40137  27.451  -29.587  -15.639 0.6000000238
39296  26.247  -30.075  -16.049 0.5000000000
40220  30.105  -29.547  -21.140 0.8999999762
124926  27.157  -28.893  -15.757 0.5000000000
41948  32.588  -27.666  -18.011 0.6999999881
41028  32.315  -28.111  -19.834 0.8000000119
118666  28.783  -27.917  -15.804 0.5000000000
41926  31.926  -27.519  -16.824 0.6999999881
41045  27.907  -28.629  -21.953 0.8999999762
42004  28.870  -27.401  -21.973 0.8000000119
40269  22.830  -29.878  -24.825 0.8999999762
41906  29.525  -27.907  -15.914 0.5000000000
42930  31.608  -26.800  -16.778 0.6999999881
42011  27.416  -27.356  -22.583 0.8999999762
42026  25.453  -27.475  -23.218 0.8999999762
40298  25.740  -28.916  -26.038 0.8000000119
45142  32.541  -24.885  -19.247 0.6999999881
44173  29.085  -25.317  -23.148 0.8000000119
42040  21.491  -28.002  -24.487 0.8999999762
45150  32.521  -24.117  -19.766 0.6999999881
44177  23.946  -25.593  -24.032 0.8999999762
43067  24.246  -26.849  -26.693 0.6999999881
45189  21.707  -24.811  -24.177 0.8999999762
45233  22.069  -24.835  -26.875 0.6999999881
45231  24.469  -25.166  -26.917 0.6000000238
45232  23.257  -25.087  -27.042 0.6000000238
46174  20.734  -23.592  -26.359 0.8000000119
46188  22.626  -23.426  -27.648 0.6000000238
46164  21.668  -22.645  -25.615 0.6999999881
45247  26.878  -23.998  -27.227 0.6000000238
46184  27.235  -23.407  -27.736 0.6000000238
47978  23.453  -20.625  -28.879 0.6000000238
116036  24.976  -19.078  -28.858 0.4000000060
52770  26.470  -17.122  -28.571 0.4000000060
51858  26.839  -17.562  -30.549 0.4000000060
31403  27.589  -38.165  -23.181 0.8999999762
127368  27.515  -52.716  -15.400 0.4000000060
119082  26.765  -52.474  -15.140 0.4000000060
19164  25.955  -52.319  -14.929 0.4000000060
20003  28.549  -51.494  -15.788 0.4000000060
112057  27.003  -50.965  -15.171 0.4000000060
20006  25.458  -51.506  -14.918 0.4000000060
114826  29.578  -50.174  -16.193 0.3000000119
20004  27.877  -51.333  -15.455 0.4000000060
20870  30.187  -50.139  -16.836 0.4000000060
21811  30.668  -49.653  -17.432 0.4000000060
21823  30.903  -49.608  -18.241 0.4000000060
135022  31.113  -48.814  -19.352 0.4000000060
20859  26.221  -50.253  -15.215 0.5000000000
20860  25.214  -50.517  -15.173 0.4000000060
20857  28.393  -50.177  -15.612 0.4000000060
133699  27.777  -49.872  -15.450 0.4000000060
21797  29.843  -49.453  -16.276 0.5000000000
22670  31.052  -48.869  -17.562 0.4000000060
22669  31.374  -48.148  -18.147 0.4000000060
22685  31.346  -48.247  -19.040 0.5000000000
23541  31.353  -47.628  -19.543 0.5000000000
24401  31.275  -47.113  -20.020 0.6000000238
23547  30.790  -47.692  -20.800 0.5000000000
23554  30.527  -47.283  -21.423 0.6000000238
24431  30.222  -46.572  -21.975 0.4000000060
21790  26.403  -49.400  -15.377 0.5000000000
21791  25.480  -49.611  -15.439 0.5000000000
21792  24.649  -49.841  -15.689 0.5000000000
20872  23.570  -50.645  -16.594 0.5000000000
132108  28.218  -49.360  -15.528 0.6000000238
21789  27.348  -49.171  -15.404 0.6000000238
116818  29.521  -48.744  -15.961 0.5000000000
22636  29.331  -47.868  -15.762 0.6000000238
116497  30.111  -48.784  -16.362 0.5000000000
122416  30.611  -48.412  -16.735 0.5000000000
23523  31.396  -47.300  -17.823 0.4000000060
24390  31.526  -46.708  -18.393 0.6000000238
24400  31.494  -46.773  -19.335 0.6000000238
24414  31.308  -46.419  -20.169 0.6000000238
120314  31.054  -46.184  -20.790 0.6000000238
25296  30.808  -45.588  -21.186 0.6000000238
26149  30.411  -44.944  -21.626 0.6000000238
24415  30.991  -46.979  -20.704 0.6000000238
24430  30.667  -46.395  -21.326 0.6000000238
25313  30.308  -45.746  -21.828 0.6000000238
26150  29.933  -45.064  -22.268 0.6000000238
22639  26.571  -48.533  -15.502 0.5000000000
22641  24.938  -49.025  -15.901 0.5000000000
21798  24.453  -49.410  -16.370 0.5000000000
21799  24.000  -49.903  -16.927 0.5000000000
115442  27.997  -48.089  -15.458 0.6000000238
22638  27.362  -48.264  -15.468 0.6000000238
23513  29.944  -47.281  -15.931 0.6000000238
23495  29.175  -46.979  -15.642 0.6000000238
23512  30.583  -47.552  -16.506 0.5000000000
24373  29.765  -46.557  -15.786 0.6000000238
24379  31.367  -46.480  -17.593 0.6000000238
112272  31.545  -46.085  -18.113 0.6000000238
25295  31.269  -45.495  -20.406 0.6000000238
125332  30.001  -44.405  -21.981 0.6000000238
26975  29.158  -43.566  -22.603 0.6999999881
22653  25.274  -48.362  -16.026 0.6000000238
22654  24.766  -48.449  -16.555 0.5000000000
21812  24.371  -49.069  -17.190 0.5000000000
23496  28.424  -47.500  -15.542 0.6000000238
23497  27.546  -47.530  -15.522 0.6000000238
23499  25.893  -47.931  -15.787 0.6000000238
22671  24.578  -48.171  -17.395 0.5000000000
134152  24.473  -48.506  -18.712 0.5000000000
131848  28.234  -45.924  -15.528 0.6000000238
24371  31.068  -46.133  -16.865 0.6000000238
27834  29.210  -42.915  -22.397 0.6999999881
131147  26.179  -47.188  -15.922 0.6000000238
128682  25.547  -46.869  -16.463 0.6000000238
23515  24.891  -47.521  -16.908 0.6000000238
112094  26.976  -46.831  -15.664 0.6000000238
24374  25.948  -45.932  -16.373 0.6000000238
24376  24.911  -46.695  -17.182 0.6000000238
23525  24.661  -47.314  -17.669 0.6000000238
129023  24.501  -47.863  -19.030 0.6000000238
24360  26.816  -45.866  -15.886 0.6000000238
112907  24.504  -47.918  -19.908 0.5000000000
24357  29.082  -46.044  -15.562 0.6000000238
114103  24.474  -47.093  -19.449 0.6000000238
27835  28.690  -42.394  -22.725 0.6999999881
24361  26.285  -46.524  -16.056 0.6000000238
24381  24.837  -46.054  -17.399 0.6000000238
25238  27.042  -44.962  -15.812 0.6000000238
25251  26.274  -45.101  -16.213 0.6000000238
25252  25.527  -45.231  -16.662 0.6000000238
24382  24.626  -46.497  -17.908 0.6000000238
25236  28.468  -45.172  -15.510 0.6000000238
24391  24.435  -46.194  -18.827 0.6000000238
26070  30.535  -44.354  -15.923 0.6000000238
124387  27.824  -40.850  -23.100 0.6999999881
119547  27.359  -40.967  -23.534 0.6999999881
26073  28.147  -44.297  -15.524 0.6000000238
26083  25.781  -44.390  -16.487 0.6999999881
26094  25.096  -44.597  -16.987 0.6999999881
26072  29.030  -44.391  -15.500 0.6000000238
29588  26.807  -40.050  -23.854 0.6999999881
26082  26.561  -44.262  -16.061 0.6999999881
26876  27.759  -43.539  -15.617 0.6999999881
26883  25.269  -43.744  -16.790 0.6999999881
116945  24.654  -43.990  -17.354 0.6999999881
25260  24.571  -45.672  -17.913 0.6000000238
26106  24.164  -45.079  -18.584 0.6999999881
26894  24.214  -43.398  -17.682 0.6000000238
31425  26.658  -38.625  -25.383 0.8000000119
26877  26.920  -43.484  -15.861 0.6999999881
26882  26.057  -43.433  -16.306 0.6999999881
27740  25.388  -42.886  -16.653 0.6999999881
26893  24.760  -43.163  -17.120 0.6999999881
26120  23.369  -44.406  -19.829 0.5000000000
27747  24.300  -42.626  -17.471 0.6999999881
27748  23.771  -42.850  -17.997 0.6000000238
27787  23.284  -43.047  -18.770 0.6000000238
45185  26.778  -25.196  -23.824 0.6999999881
45169  30.666  -24.630  -22.708 0.6999999881
45170  29.891  -25.038  -22.972 0.6999999881
45184  28.562  -24.871  -23.602 0.6999999881
123512  31.982  -23.997  -21.771 0.6000000238
45168  31.308  -24.181  -22.448 0.6000000238
45199  28.019  -24.457  -24.093 0.6999999881
45200  27.287  -24.678  -24.078 0.6999999881
45186  25.846  -25.160  -24.063 0.6999999881
45202  25.635  -24.402  -24.516 0.6999999881
46123  30.878  -23.884  -22.969 0.6000000238
46135  28.841  -24.163  -24.001 0.6999999881
46116  32.391  -23.156  -21.124 0.6000000238
45201  26.558  -24.553  -24.315 0.6999999881
46149  24.394  -23.441  -25.234 0.6999999881
46122  31.539  -23.492  -22.487 0.6000000238
46133  30.426  -23.500  -23.555 0.6000000238
46134  29.654  -23.852  -23.838 0.6999999881
46147  26.356  -23.849  -24.791 0.6999999881
46148  25.424  -23.713  -25.012 0.6999999881
46117  32.061  -23.140  -21.947 0.6000000238
46981  31.747  -22.598  -22.497 0.6000000238
46989  30.710  -22.702  -23.743 0.5000000000
46990  29.976  -23.059  -24.148 0.6000000238
112101  28.661  -22.941  -24.902 0.5000000000
47001  27.841  -23.201  -25.007 0.6999999881
47014  27.507  -22.639  -25.549 0.6999999881
47015  25.691  -22.585  -25.913 0.6999999881
50889  30.676  -18.606  -29.007 0.3000000119
50905  30.183  -18.527  -29.765 0.3000000119
125289  29.519  -19.062  -30.451 0.3000000119
18328  26.977  -53.132  -15.237 0.4000000060
18317  26.296  -53.064  -15.024 0.3000000119
116578  25.018  -53.524  -14.721 0.4000000060
19194  28.696  -52.279  -15.990 0.3000000119
19166  24.523  -52.629  -14.745 0.4000000060
20885  30.110  -51.051  -17.296 0.4000000060
119425  24.666  -51.103  -15.088 0.4000000060
20884  30.535  -50.378  -17.864 0.4000000060
20900  30.646  -50.235  -18.728 0.4000000060
21832  30.856  -49.514  -19.230 0.4000000060
22686  31.142  -48.307  -19.795 0.5000000000
22696  30.537  -48.176  -21.186 0.4000000060
20862  23.647  -50.911  -15.821 0.4000000060
20886  23.635  -50.497  -17.513 0.5000000000
26160  29.457  -45.083  -22.984 0.6000000238
21824  24.133  -49.740  -18.018 0.5000000000
20901  24.158  -50.056  -19.073 0.5000000000
26976  28.568  -43.102  -23.023 0.6000000238
22687  24.495  -48.637  -19.431 0.5000000000
22693  24.523  -48.779  -20.414 0.4000000060
27836  28.127  -42.258  -23.254 0.6999999881
24402  24.293  -46.396  -19.907 0.5000000000
29597  26.694  -40.047  -24.419 0.6999999881
26119  23.761  -44.891  -19.350 0.5000000000
29604  26.802  -39.892  -25.161 0.8000000119
30514  27.076  -39.572  -25.571 0.6999999881
120156  23.275  -44.662  -20.721 0.5000000000
26931  23.076  -43.584  -19.638 0.6000000238
44106  31.749  -25.521  -17.321 0.6000000238
47900  32.025  -21.755  -22.024 0.5000000000
46988  31.317  -22.312  -23.258 0.5000000000
46999  30.352  -22.136  -24.370 0.5000000000
47000  29.483  -22.579  -24.732 0.5000000000
47013  28.922  -22.094  -25.410 0.5000000000
112845  28.080  -22.032  -25.845 0.5000000000
47938  27.212  -22.017  -26.181 0.5000000000
125247  30.691  -17.076  -28.816 0.3000000119
125109  30.254  -17.066  -29.508 0.3000000119
50918  29.729  -18.467  -30.375 0.3000000119
25235  29.472  -45.162  -15.605 0.6000000238
25250  30.021  -45.857  -15.813 0.6000000238
24372  30.488  -46.582  -16.272 0.6000000238
27746  24.846  -42.323  -16.958 0.8000000119
26962  29.768  -43.614  -22.011 0.6999999881
28742  28.457  -41.543  -22.778 0.6999999881
29587  27.282  -40.316  -23.428 0.6999999881
45203  24.650  -24.146  -24.701 0.6999999881
47939  26.105  -21.916  -26.480 0.6000000238
49948  29.989  -19.248  -30.148 0.3000000119
30497  26.593  -39.341  -24.835 0.8000000119
30513  27.538  -39.565  -25.591 0.6999999881
45183  29.366  -24.602  -23.497 0.6999999881
19178  28.068  -52.142  -15.604 0.4000000060
115010  28.357  -50.871  -15.622 0.4000000060
20025  29.139  -51.590  -16.202 0.3000000119
21788  29.070  -49.613  -15.805 0.5000000000
126800  24.291  -50.601  -15.503 0.5000000000
22692  30.819  -48.322  -20.467 0.3000000119
22697  30.229  -47.931  -21.920 0.4000000060
20026  23.173  -51.333  -16.334 0.5000000000
26107  23.603  -44.122  -18.885 0.6000000238
46146  27.342  -23.963  -24.557 0.6999999881
45182  30.157  -24.287  -23.308 0.6999999881
46132  31.158  -23.109  -23.151 0.6000000238
46144  29.156  -23.401  -24.371 0.6999999881
46145  28.311  -23.701  -24.497 0.6999999881
46160  26.980  -23.293  -25.195 0.6999999881
46161  26.077  -23.214  -25.351 0.6999999881
47904  31.679  -21.862  -22.738 0.5000000000
114292  30.982  -22.015  -23.809 0.5000000000
128069  28.219  -22.594  -25.353 0.5000000000
115087  26.626  -22.623  -25.751 0.6999999881
47923  30.414  -21.305  -24.627 0.5000000000
47924  29.800  -21.695  -25.032 0.5000000000
47937  28.612  -21.345  -25.964 0.5000000000
29603  26.915  -40.615  -24.799 0.6000000238
29615  27.209  -40.195  -25.359 0.6000000238
30512  29.519  -39.836  -25.224 0.5000000000
29614  27.903  -40.471  -25.422 0.6000000238
114077  28.431  -39.714  -25.488 0.6000000238
30494  32.085  -39.173  -24.624 0.5000000000
30496  30.074  -39.077  -24.942 0.5000000000
123105  29.028  -38.934  -25.383 0.6000000238
29546  22.602  -40.620  -19.454 0.5000000000
31422  32.545  -38.462  -24.286 0.5000000000
31423  31.653  -38.494  -24.350 0.5000000000
31421  33.407  -38.377  -24.348 0.5000000000
120955  22.544  -39.315  -19.462 0.4000000060
30442  22.153  -39.101  -20.532 0.4000000060
31379  22.002  -38.272  -20.603 0.4000000060
130813  34.660  -37.791  -24.196 0.5000000000
31412  33.046  -37.795  -23.865 0.5000000000
32391  21.558  -37.630  -21.456 0.4000000060
32426  34.723  -37.139  -23.734 0.5000000000
32427  33.534  -37.164  -23.500 0.5000000000
32378  21.704  -36.802  -20.850 0.4000000060
37479  24.051  -32.327  -17.566 0.4000000060
37488  23.228  -32.251  -18.096 0.4000000060
36469  23.001  -33.055  -18.508 0.3000000119
40969  27.470  -28.226  -15.697 0.4000000060
132347  26.963  -28.464  -15.791 0.4000000060
123433  25.686  -30.591  -16.327 0.4000000060
38426  24.899  -31.002  -16.746 0.4000000060
41908  27.186  -27.397  -15.738 0.4000000060
121443  25.034  -30.134  -16.516 0.4000000060
38434  24.054  -31.012  -17.109 0.4000000060
40157  24.588  -29.599  -16.596 0.4000000060
39311  24.171  -30.234  -16.868 0.4000000060
38435  23.611  -31.515  -17.577 0.4000000060
40138  26.720  -29.472  -15.887 0.4000000060
40970  26.451  -28.704  -15.962 0.4000000060
40139  25.981  -29.386  -16.171 0.4000000060
41907  28.086  -27.494  -15.780 0.4000000060
121413  26.737  -28.025  -15.777 0.4000000060
120084  25.927  -27.996  -15.875 0.4000000060
40971  25.544  -28.709  -16.203 0.4000000060
115740  25.008  -28.007  -16.026 0.4000000060
40985  24.587  -28.806  -16.427 0.4000000060
40972  24.092  -27.998  -16.132 0.4000000060
40159  23.019  -29.265  -16.942 0.4000000060
38436  23.306  -30.594  -17.381 0.4000000060
41928  30.060  -27.236  -16.138 0.4000000060
42910  27.603  -26.693  -15.838 0.4000000060
41909  26.353  -27.309  -15.703 0.4000000060
41910  25.404  -27.204  -15.685 0.4000000060
42931  30.713  -26.595  -16.441 0.5000000000
42932  29.709  -26.406  -16.311 0.4000000060
41929  29.014  -27.129  -16.024 0.4000000060
42909  28.283  -26.718  -15.997 0.4000000060
42912  25.991  -26.522  -15.643 0.4000000060
126227  25.295  -26.415  -15.615 0.4000000060
41912  23.600  -27.317  -15.747 0.4000000060
41930  23.214  -27.963  -16.218 0.4000000060
44083  31.321  -25.962  -16.827 0.5000000000
42933  28.776  -26.211  -16.246 0.4000000060
44068  27.987  -26.030  -16.077 0.4000000060
44069  27.221  -25.912  -15.873 0.4000000060
42911  26.811  -26.607  -15.718 0.4000000060
41911  24.477  -27.317  -15.747 0.4000000060
44084  30.364  -25.719  -16.584 0.5000000000
44086  28.422  -25.391  -16.402 0.4000000060
44088  26.805  -25.179  -16.101 0.4000000060
44070  26.418  -25.816  -15.766 0.4000000060
45098  29.957  -24.872  -16.759 0.4000000060
45099  28.906  -24.633  -16.741 0.4000000060
44087  27.595  -25.292  -16.250 0.4000000060
122897  25.986  -25.072  -16.024 0.4000000060
46054  28.897  -23.924  -17.100 0.4000000060
46068  28.492  -23.446  -17.418 0.4000000060
46055  28.223  -24.009  -16.976 0.4000000060
46056  27.452  -24.024  -16.852 0.4000000060
46070  26.898  -23.529  -17.220 0.4000000060
45110  31.830  -24.848  -17.622 0.5000000000
45111  31.199  -24.258  -17.498 0.5000000000
45113  29.620  -24.141  -17.095 0.4000000060
46925  28.042  -22.864  -17.852 0.4000000060
46069  27.704  -23.468  -17.354 0.4000000060
113612  26.273  -23.041  -17.666 0.3000000119
45132  32.324  -24.676  -18.369 0.5000000000
45100  27.956  -24.654  -16.595 0.4000000060
45101  27.160  -24.612  -16.494 0.4000000060
45102  26.386  -24.490  -16.461 0.4000000060
46057  26.787  -24.044  -16.757 0.4000000060
46066  31.361  -23.598  -17.941 0.5000000000
114875  30.343  -23.631  -17.522 0.5000000000
46067  29.299  -23.477  -17.438 0.4000000060
132107  28.531  -22.622  -18.064 0.4000000060
46926  27.151  -22.935  -17.759 0.3000000119
46936  32.019  -22.838  -18.919 0.5000000000
46086  30.741  -22.924  -18.045 0.5000000000
46923  29.724  -22.864  -17.823 0.4000000060
46924  28.841  -22.925  -17.783 0.4000000060
46940  27.449  -22.402  -18.304 0.3000000119
46941  26.595  -22.462  -18.274 0.3000000119
46927  25.600  -22.512  -18.256 0.3000000119
46957  32.305  -22.543  -19.751 0.5000000000
113038  30.157  -22.171  -18.382 0.3000000119
46938  29.048  -22.371  -18.258 0.4000000060
46939  28.227  -22.308  -18.333 0.4000000060
117783  26.978  -22.007  -18.701 0.3000000119
46942  25.306  -21.897  -18.791 0.3000000119
47857  24.679  -21.683  -18.966 0.3000000119
46937  31.258  -22.406  -18.564 0.3000000119
47888  32.310  -21.913  -20.460 0.4000000060
46975  32.415  -22.347  -20.979 0.4000000060
46976  32.221  -22.429  -21.622 0.4000000060
47853  29.377  -21.798  -18.635 0.3000000119
47854  28.629  -21.780  -18.692 0.3000000119
47855  27.738  -21.764  -18.795 0.3000000119
47874  26.992  -21.474  -19.155 0.3000000119
47856  26.160  -21.809  -18.863 0.3000000119
47878  23.971  -21.541  -19.052 0.3000000119
117787  23.225  -21.444  -19.054 0.3000000119
47852  30.970  -21.640  -18.855 0.3000000119
47876  25.339  -21.242  -19.401 0.3000000119
47877  24.494  -21.182  -19.395 0.3000000119
48870  23.686  -20.925  -19.494 0.3000000119
46958  31.758  -22.050  -19.193 0.3000000119
47869  32.076  -21.760  -19.807 0.3000000119
133576  32.209  -21.394  -20.728 0.3000000119
47899  32.271  -21.642  -21.188 0.4000000060
48908  31.805  -21.155  -22.482 0.4000000060
47913  31.409  -21.440  -23.300 0.4000000060
47914  30.923  -21.368  -24.069 0.4000000060
48871  22.922  -20.981  -19.346 0.3000000119
116326  30.653  -21.007  -19.363 0.3000000119
116174  30.011  -21.457  -18.919 0.3000000119
47870  31.517  -21.325  -19.519 0.3000000119
48882  31.654  -20.382  -20.631 0.3000000119
121003  32.023  -20.943  -21.659 0.3000000119
122270  31.788  -20.311  -22.189 0.4000000060
131531  31.643  -20.674  -22.910 0.4000000060
48916  31.340  -20.608  -23.599 0.4000000060
48928  30.164  -20.664  -25.133 0.4000000060
47936  29.357  -21.163  -25.591 0.4000000060
48862  31.277  -20.588  -19.914 0.3000000119
113479  31.653  -19.904  -22.939 0.3000000119
49858  31.316  -19.676  -23.842 0.3000000119
49868  30.721  -19.770  -24.695 0.4000000060
48939  30.158  -19.652  -25.411 0.4000000060
48940  29.555  -20.301  -25.757 0.4000000060
48952  29.037  -20.081  -26.312 0.4000000060
47951  28.420  -20.638  -26.426 0.4000000060
48953  27.516  -20.414  -26.998 0.4000000060
47953  26.842  -21.241  -26.762 0.5000000000
49857  31.559  -19.016  -23.020 0.3000000119
129272  31.367  -18.822  -23.709 0.3000000119
129328  31.132  -19.070  -24.305 0.3000000119
114550  30.671  -18.902  -24.906 0.4000000060
123553  30.077  -18.687  -25.676 0.4000000060
49883  29.576  -19.488  -26.021 0.4000000060
129667  29.497  -18.814  -26.288 0.3000000119
49898  29.033  -19.317  -26.570 0.4000000060
48954  26.204  -20.437  -27.513 0.3000000119
126188  25.912  -21.192  -27.113 0.4000000060
49900  26.886  -19.807  -27.634 0.3000000119
50815  31.384  -18.233  -23.229 0.3000000119
49867  31.175  -18.214  -24.149 0.3000000119
50848  30.613  -17.965  -24.976 0.3000000119
123636  30.179  -17.789  -25.631 0.3000000119
50864  29.674  -18.077  -26.211 0.3000000119
50865  29.001  -18.440  -26.814 0.3000000119
128904  28.516  -19.129  -27.035 0.3000000119
49899  27.724  -19.392  -27.393 0.3000000119
50873  28.201  -18.527  -27.396 0.3000000119
51756  31.224  -17.454  -23.447 0.3000000119
51772  31.012  -17.230  -24.288 0.3000000119
51797  29.940  -17.202  -26.031 0.3000000119
51798  29.283  -17.470  -26.684 0.3000000119
51814  28.575  -17.670  -27.296 0.3000000119
51815  27.777  -17.820  -27.791 0.3000000119
50874  27.334  -18.581  -27.823 0.3000000119
52768  28.081  -16.896  -27.766 0.3000000119
120356  27.343  -17.272  -28.149 0.3000000119
52769  27.268  -16.558  -28.321 0.3000000119
44107  31.043  -25.041  -17.018 0.5000000000
27848  27.655  -41.966  -23.817 0.6000000238
28760  27.496  -41.016  -25.086 0.5000000000
29613  28.994  -40.738  -25.353 0.5000000000
30493  32.936  -39.029  -24.737 0.5000000000
30510  31.674  -39.840  -25.036 0.5000000000
30511  30.647  -40.019  -25.016 0.5000000000
28647  23.688  -41.447  -17.889 0.6000000238
28671  23.188  -41.588  -18.547 0.6000000238
29534  23.133  -40.759  -18.521 0.6000000238
28672  22.774  -41.363  -19.166 0.5000000000
118983  22.466  -41.176  -19.904 0.5000000000
29564  22.253  -40.602  -20.396 0.5000000000
29578  21.882  -40.605  -21.399 0.5000000000
30457  21.709  -39.313  -21.664 0.4000000060
31380  21.680  -38.560  -21.580 0.4000000060
116878  21.171  -36.788  -21.805 0.4000000060
35487  21.580  -34.387  -20.170 0.3000000119
36470  22.281  -33.247  -19.041 0.3000000119
38443  22.613  -31.272  -18.119 0.4000000060
40173  22.285  -29.602  -17.364 0.4000000060
118367  22.881  -28.531  -16.655 0.4000000060
44071  25.590  -25.766  -15.709 0.4000000060
42916  22.217  -26.557  -15.565 0.4000000060
44072  24.689  -25.876  -15.618 0.4000000060
42914  24.058  -26.611  -15.553 0.4000000060
44089  25.127  -25.027  -15.964 0.4000000060
44073  23.714  -25.774  -15.574 0.4000000060
45114  26.049  -23.732  -16.975 0.4000000060
46071  25.388  -23.201  -17.568 0.4000000060
119064  25.552  -24.372  -16.450 0.4000000060
46928  24.738  -22.798  -17.971 0.3000000119
117777  24.181  -22.003  -18.703 0.3000000119
47858  23.516  -21.979  -18.693 0.3000000119
116365  34.233  -38.323  -24.480 0.5000000000
34522  21.337  -35.170  -20.916 0.4000000060
40987  22.152  -28.810  -16.981 0.4000000060
41931  22.391  -28.028  -16.432 0.4000000060
44090  24.240  -24.996  -15.910 0.4000000060
33493  21.786  -36.091  -20.354 0.4000000060
128937  29.570  -38.091  -25.047 0.5000000000
40968  28.283  -28.375  -15.659 0.4000000060
46966  32.447  -22.656  -20.505 0.5000000000
46085  32.108  -23.697  -18.543 0.5000000000
47952  27.813  -21.309  -26.380 0.4000000060
48941  29.005  -20.719  -26.024 0.4000000060
30495  31.143  -39.208  -24.695 0.5000000000
30509  32.503  -39.619  -25.193 0.5000000000
40158  23.912  -29.393  -16.766 0.4000000060
40986  23.629  -28.647  -16.553 0.4000000060
127776  23.445  -29.888  -17.029 0.4000000060
40172  22.883  -29.939  -17.272 0.4000000060
42915  23.158  -26.582  -15.507 0.4000000060
41913  22.692  -27.337  -15.812 0.4000000060
44085  29.339  -25.536  -16.494 0.4000000060
45133  31.844  -24.187  -17.956 0.5000000000
45112  30.432  -24.380  -17.169 0.5000000000
115859  31.545  -23.098  -18.398 0.5000000000
116916  31.988  -21.140  -20.265 0.3000000119
48881  32.083  -20.907  -20.970 0.3000000119
48917  30.838  -20.579  -24.372 0.4000000060
118353  28.410  -19.854  -26.813 0.4000000060
51785  30.549  -16.954  -25.169 0.3000000119
112838  24.431  -47.173  -20.498 0.4000000060
24416  24.244  -46.441  -20.727 0.4000000060
23557  24.148  -47.335  -22.309 0.4000000060
25315  23.508  -45.565  -21.981 0.3000000119
24417  24.000  -46.042  -21.340 0.4000000060
112012  23.131  -44.889  -21.625 0.3000000119
25335  29.263  -45.808  -23.596 0.5000000000
26949  22.904  -43.959  -20.464 0.5000000000
130361  22.530  -43.581  -21.066 0.3000000119
26172  28.720  -44.191  -23.648 0.5000000000
26988  28.365  -43.720  -24.070 0.5000000000
119437  29.016  -44.920  -23.687 0.5000000000
27788  22.772  -42.711  -19.662 0.5000000000
26932  22.632  -43.193  -20.428 0.4000000060
26989  28.072  -42.887  -23.772 0.5000000000
26179  28.658  -44.617  -24.360 0.5000000000
26997  28.570  -43.877  -24.674 0.3000000119
27853  27.761  -42.325  -24.343 0.5000000000
26998  28.166  -43.099  -24.431 0.4000000060
132037  28.097  -42.567  -24.763 0.4000000060
27013  29.056  -43.500  -25.591 0.3000000119
127737  28.522  -43.198  -25.024 0.3000000119
27867  29.525  -42.907  -25.868 0.3000000119
27860  28.972  -42.261  -25.469 0.3000000119
28757  30.975  -41.268  -25.684 0.3000000119
28758  29.761  -42.098  -25.741 0.3000000119
124097  29.171  -41.612  -25.453 0.4000000060
28759  28.301  -41.514  -25.292 0.4000000060
30469  21.221  -39.601  -22.417 0.3000000119
119673  32.161  -40.172  -25.555 0.4000000060
29611  31.455  -40.595  -25.484 0.4000000060
29612  30.641  -40.751  -25.352 0.4000000060
31394  20.997  -38.860  -22.658 0.3000000119
33502  21.140  -35.914  -21.623 0.3000000119
39328  22.417  -30.321  -17.691 0.3000000119
39319  21.795  -29.937  -17.746 0.3000000119
40174  21.555  -29.317  -17.532 0.3000000119
40999  21.280  -28.626  -17.215 0.3000000119
41932  21.682  -27.413  -16.069 0.3000000119
44074  22.795  -25.723  -15.550 0.3000000119
42934  21.265  -26.448  -15.702 0.3000000119
41934  19.849  -26.839  -16.489 0.3000000119
126600  24.683  -24.342  -16.425 0.3000000119
44091  23.356  -24.966  -15.894 0.3000000119
44092  22.498  -24.925  -15.889 0.3000000119
44075  21.885  -25.651  -15.608 0.3000000119
45115  25.089  -23.727  -16.920 0.3000000119
45116  24.257  -23.759  -16.917 0.3000000119
45104  23.010  -24.324  -16.387 0.3000000119
45105  22.247  -24.336  -16.392 0.3000000119
134571  21.578  -24.331  -16.483 0.3000000119
45117  23.380  -23.697  -16.974 0.3000000119
45118  22.653  -23.879  -16.769 0.3000000119
131896  21.989  -23.838  -16.863 0.3000000119
46072  24.594  -23.323  -17.451 0.3000000119
114737  23.944  -23.374  -17.392 0.3000000119
46088  22.320  -22.884  -17.892 0.3000000119
25314  29.838  -45.940  -22.645 0.5000000000
32404  20.816  -37.316  -22.273 0.3000000119
41933  20.697  -27.129  -16.199 0.3000000119
45103  23.827  -24.320  -16.416 0.3000000119
118555  22.230  -42.926  -21.274 0.3000000119
27817  21.926  -42.106  -21.526 0.3000000119
29579  21.402  -40.488  -22.203 0.3000000119
20009  22.816  -51.902  -16.144 0.4000000060
19195  22.392  -52.394  -16.463 0.4000000060
20038  22.822  -51.718  -17.928 0.4000000060
122297  22.395  -52.578  -19.101 0.4000000060
19231  22.725  -52.387  -19.709 0.3000000119
118561  23.330  -51.050  -17.970 0.4000000060
20054  23.326  -51.326  -18.709 0.4000000060
20917  23.776  -50.842  -19.321 0.4000000060
21847  30.496  -49.060  -20.810 0.3000000119
20902  23.733  -50.579  -18.452 0.4000000060
125359  23.841  -50.946  -20.712 0.3000000119
20930  24.232  -50.225  -21.064 0.3000000119
20916  24.179  -50.356  -20.046 0.4000000060
21858  24.121  -49.325  -22.638 0.3000000119
21850  24.102  -50.081  -22.084 0.3000000119
23568  23.844  -47.895  -23.145 0.3000000119
21841  24.426  -49.652  -20.525 0.4000000060
22698  24.493  -48.426  -21.230 0.3000000119
23556  24.411  -47.670  -21.396 0.3000000119
19206  22.341  -52.387  -17.410 0.4000000060
19218  22.352  -52.447  -18.361 0.4000000060
24448  23.610  -47.009  -23.094 0.3000000119
20008  23.331  -51.746  -15.560 0.3000000119
22712  23.324  -48.450  -23.700 0.3000000119
18318  25.482  -52.910  -14.808 0.4000000060
18357  21.825  -52.927  -17.877 0.4000000060
19165  25.206  -52.223  -14.787 0.4000000060
19990  24.598  -51.762  -14.893 0.4000000060
20005  26.447  -51.696  -15.058 0.4000000060
20007  24.001  -51.301  -15.261 0.4000000060
20027  22.739  -51.793  -16.901 0.4000000060
20037  23.156  -51.143  -17.199 0.5000000000
20055  22.822  -52.036  -18.918 0.4000000060
20066  23.308  -51.628  -19.632 0.3000000119
20856  29.006  -50.702  -15.897 0.3000000119
20858  27.765  -50.553  -15.433 0.4000000060
20861  24.024  -50.182  -16.104 0.5000000000
20871  29.632  -50.907  -16.483 0.3000000119
21796  30.452  -49.221  -16.829 0.5000000000
21833  24.421  -49.475  -19.712 0.5000000000
21849  24.440  -49.292  -21.458 0.3000000119
22637  28.665  -48.560  -15.611 0.6000000238
22640  25.726  -48.794  -15.631 0.5000000000
22652  30.072  -48.116  -16.120 0.5000000000
22679  31.198  -48.903  -18.601 0.4000000060
22680  24.418  -48.796  -18.057 0.5000000000
22705  24.315  -48.374  -22.230 0.3000000119
22706  23.897  -48.696  -23.166 0.3000000119
23498  26.745  -47.689  -15.615 0.6000000238
23514  25.319  -47.743  -16.322 0.6000000238
23524  31.107  -47.896  -17.258 0.5000000000
23534  31.478  -47.489  -18.718 0.6000000238
23535  24.529  -47.133  -18.510 0.6000000238
23542  31.096  -47.694  -20.244 0.6000000238
23555  30.158  -47.250  -22.101 0.4000000060
24358  28.387  -46.606  -15.538 0.6000000238
24359  27.632  -46.271  -15.599 0.6000000238
24375  25.251  -46.024  -16.857 0.6000000238
24380  31.086  -47.004  -16.996 0.6000000238
24432  24.255  -46.809  -21.446 0.4000000060
24433  23.816  -46.360  -22.361 0.3000000119
25234  30.308  -45.046  -15.889 0.6000000238
25237  27.640  -45.506  -15.620 0.6000000238
25258  31.397  -45.616  -17.511 0.8000000119
25259  24.937  -45.400  -17.209 0.6999999881
25267  31.570  -45.506  -18.362 0.6999999881
25275  31.580  -46.083  -18.807 0.6999999881
25276  24.080  -45.611  -19.523 0.5000000000
25277  23.707  -45.144  -20.133 0.4000000060
25297  24.022  -45.845  -20.435 0.5000000000
25298  23.639  -45.363  -21.032 0.5000000000
26071  29.886  -44.397  -15.645 0.6000000238
26074  27.340  -44.227  -15.717 0.6000000238
26080  31.357  -44.785  -17.118 0.8000000119
26081  30.955  -44.730  -16.375 0.6999999881
26095  24.564  -44.828  -17.658 0.6999999881
26141  22.739  -44.209  -21.307 0.3000000119
26161  28.867  -43.871  -23.062 0.6000000238
26881  30.956  -43.834  -16.165 0.6000000238
26911  24.132  -44.178  -18.046 0.6000000238
26912  23.770  -43.536  -18.250 0.6000000238
26948  30.911  -43.865  -20.797 0.8000000119
27731  30.106  -42.850  -15.593 1.0000000000
27732  28.256  -42.855  -15.552 0.8999999762
27734  26.580  -42.693  -16.028 0.8999999762
27738  31.387  -42.517  -16.660 1.0000000000
27739  30.907  -42.923  -16.029 1.0000000000
27745  31.597  -42.505  -17.563 0.8999999762
27798  22.361  -42.370  -20.575 0.4000000060
27815  30.240  -42.519  -21.406 0.8000000119
27861  28.355  -42.404  -25.177 0.3000000119
27868  28.868  -42.866  -25.412 0.3000000119
28629  27.922  -42.043  -15.580 0.8999999762
28634  31.253  -41.666  -16.350 1.0000000000
28635  26.232  -41.957  -16.224 0.8999999762
28686  22.929  -42.149  -18.985 0.5000000000
28687  22.539  -41.873  -19.807 0.5000000000
28707  22.165  -41.426  -20.800 0.3000000119
28727  30.538  -41.166  -20.984 0.8000000119
28730  21.218  -41.150  -22.374 0.3000000119
28743  27.726  -41.500  -23.380 0.6999999881
28748  27.352  -41.307  -23.816 0.6000000238
28752  27.353  -41.406  -24.385 0.6000000238
29486  27.764  -40.400  -15.571 0.8999999762
29495  25.341  -40.523  -16.651 0.8999999762
29496  24.601  -40.485  -17.084 0.8000000119
29596  26.940  -40.731  -23.998 0.6999999881
30380  30.606  -39.622  -15.689 0.8999999762
30381  29.782  -39.564  -15.444 0.8999999762
30382  28.888  -39.516  -15.410 0.8999999762
30389  31.508  -39.509  -16.825 1.0000000000
30390  31.159  -39.613  -16.139 1.0000000000
30458  21.345  -38.886  -22.294 0.4000000060
30468  21.628  -39.972  -21.757 0.4000000060
30478  27.069  -39.540  -23.552 0.6999999881
30487  26.668  -39.409  -24.085 0.6999999881
30515  26.861  -39.275  -25.426 0.8000000119
31393  21.180  -38.226  -22.319 0.3000000119
32318  29.321  -37.597  -15.411 0.8999999762
32319  28.492  -37.779  -15.436 0.8999999762
32320  27.674  -37.490  -15.570 0.8999999762
32330  26.172  -37.359  -16.100 0.8999999762
32417  27.036  -37.695  -23.619 0.8999999762
32441  33.959  -37.711  -23.896 0.5000000000
33441  27.283  -36.795  -15.687 0.8999999762
33451  26.647  -36.272  -15.920 1.0000000000
33467  25.180  -36.782  -16.707 0.6999999881
33492  22.289  -36.280  -19.393 0.5000000000
33535  34.999  -36.277  -23.582 0.6000000238
33540  26.359  -36.625  -24.403 0.8999999762
33553  26.229  -36.878  -25.280 0.8999999762
34462  29.991  -35.553  -15.503 0.8999999762
34463  29.131  -35.560  -15.437 0.8999999762
34491  24.023  -35.397  -17.532 0.6000000238
34587  28.562  -36.115  -25.551 0.6999999881
35442  32.343  -34.438  -17.137 1.0000000000
35445  27.227  -34.803  -15.753 0.8999999762
35538  33.797  -34.180  -23.597 0.6000000238
36448  25.096  -33.150  -16.826 0.6000000238
36483  32.365  -33.678  -19.164 1.0000000000
37457  27.668  -32.139  -15.545 0.6999999881
37514  31.723  -32.253  -20.212 1.0000000000
37524  28.084  -32.528  -21.709 1.0000000000
37531  26.935  -32.990  -22.024 1.0000000000
37552  24.716  -32.859  -24.449 0.8999999762
37560  30.693  -31.691  -24.079 0.6000000238
37562  25.722  -32.614  -25.397 0.8999999762
38475  29.961  -31.481  -21.148 1.0000000000
38486  27.596  -31.240  -21.807 1.0000000000
38523  28.791  -30.690  -24.565 0.6999999881
38526  24.359  -30.904  -25.342 0.8000000119
38534  30.011  -30.156  -24.938 0.6000000238
39310  25.640  -29.926  -16.288 0.4000000060
39410  27.340  -30.148  -25.080 0.6999999881
39424  28.756  -29.610  -25.300 0.6999999881
40156  25.236  -29.423  -16.389 0.4000000060
40235  27.584  -29.453  -21.993 1.0000000000
40281  26.054  -29.523  -25.705 0.8000000119
40284  23.044  -29.903  -25.287 0.8999999762
41031  30.402  -28.893  -21.097 0.8000000119
41074  24.031  -28.373  -23.524 1.0000000000
41085  22.413  -29.176  -24.552 0.8999999762
41108  27.009  -28.320  -26.071 0.6000000238
41109  26.262  -28.388  -26.135 0.6999999881
41110  23.502  -29.240  -25.873 0.8000000119
41925  32.332  -27.575  -17.358 0.6999999881
42012  26.767  -27.764  -22.694 0.8999999762
42062  21.321  -27.968  -25.512 0.8000000119
42913  24.780  -26.698  -15.607 0.4000000060
43018  28.777  -26.793  -22.312 0.8000000119
43039  20.408  -25.247  -24.410 0.8000000119
44135  32.548  -25.374  -19.826 0.6999999881
44178  21.973  -25.622  -23.977 0.8999999762
44198  20.099  -25.345  -24.890 0.8000000119
44214  22.524  -25.815  -26.772 0.8000000119
45252  21.042  -23.653  -26.774 0.8000000119
46073  22.566  -23.453  -17.303 0.3000000119
46165  21.055  -22.747  -25.739 0.8000000119
46202  26.599  -22.880  -28.200 0.6000000238
46943  24.747  -22.258  -18.514 0.3000000119
46944  23.955  -22.516  -18.255 0.3000000119
47018  22.172  -22.042  -26.348 0.6999999881
47029  21.543  -22.064  -27.092 0.6999999881
47048  28.706  -22.414  -28.951 0.5000000000
47063  26.909  -21.837  -28.951 0.6000000238
47872  29.162  -21.294  -19.064 0.3000000119
47956  22.133  -21.023  -27.498 0.6000000238
47965  23.230  -20.641  -28.501 0.5000000000
47979  22.796  -20.994  -28.632 0.6000000238
48955  23.969  -20.557  -27.899 0.6000000238
48991  27.013  -20.445  -29.590 0.6000000238
48993  24.676  -19.759  -29.150 0.4000000060
49005  29.536  -19.887  -30.347 0.3000000119
49923  24.871  -19.256  -28.940 0.4000000060
49934  26.485  -19.598  -29.669 0.4000000060
49949  28.959  -19.209  -30.570 0.4000000060
50875  26.359  -18.564  -28.284 0.4000000060
50890  25.172  -18.503  -29.015 0.4000000060
50920  28.485  -18.475  -30.773 0.3000000119
51836  25.337  -17.847  -28.966 0.4000000060
51848  30.447  -17.799  -29.300 0.3000000119
52771  25.685  -17.346  -28.908 0.4000000060
52786  27.131  -15.877  -28.539 0.3000000119
112040  30.030  -41.309  -25.456 0.4000000060
112892  33.755  -38.890  -24.904 0.5000000000
113261  27.312  -51.895  -15.269 0.4000000060
113986  30.833  -48.962  -19.965 0.3000000119
114821  24.504  -47.994  -20.679 0.4000000060
115305  24.074  -33.857  -17.671 0.6000000238
115769  27.790  -46.935  -15.545 0.6000000238
116064  23.388  -33.795  -18.233 0.5000000000
116345  25.316  -30.237  -25.621 0.8000000119
116560  32.509  -34.922  -18.324 1.0000000000
117084  31.521  -45.089  -19.594 0.6999999881
117310  24.501  -47.956  -18.212 0.6000000238
117478  29.456  -44.296  -22.565 0.6999999881
117662  24.326  -38.265  -17.207 0.6000000238
117692  23.447  -42.216  -18.307 0.6000000238
117941  29.983  -40.532  -25.258 0.5000000000
118166  31.530  -41.796  -18.936 0.8000000119
118986  25.398  -33.870  -16.573 0.6000000238
119025  26.501  -29.146  -22.535 1.0000000000
119375  27.098  -50.044  -15.325 0.5000000000
119476  29.179  -42.865  -15.488 0.8999999762
119840  22.512  -37.023  -19.199 0.5000000000
120599  32.622  -33.124  -23.659 0.6000000238
120678  23.894  -42.194  -17.787 0.6000000238
121222  26.074  -33.965  -16.124 0.6000000238
121370  22.019  -39.908  -20.940 0.4000000060
121454  22.848  -21.565  -28.662 0.6000000238
121566  27.933  -48.690  -15.457 0.6000000238
121946  23.275  -39.951  -18.258 0.6999999881
122397  28.027  -34.855  -15.550 0.8999999762
122687  28.552  -31.916  -21.569 1.0000000000
123395  30.290  -36.865  -24.500 0.6000000238
123449  26.078  -31.814  -22.452 1.0000000000
123610  26.557  -36.944  -15.935 1.0000000000
123774  32.166  -37.812  -23.924 0.5000000000
123880  25.773  -41.265  -16.444 0.8999999762
123902  24.533  -19.549  -28.901 0.4000000060
123998  28.460  -32.530  -15.442 0.8000000119
124003  28.698  -35.000  -15.460 1.0000000000
124080  27.952  -41.250  -15.552 0.8999999762
124105  28.231  -31.768  -15.454 0.6000000238
124293  22.369  -39.911  -19.921 0.4000000060
124328  28.075  -37.922  -25.953 0.6000000238
124526  30.378  -41.922  -21.246 0.8000000119
124787  29.938  -42.114  -21.700 0.8000000119
124799  23.000  -35.169  -18.403 0.6000000238
124809  30.349  -33.031  -23.710 0.6999999881
125090  32.612  -27.061  -19.108 0.6999999881
125206  21.663  -24.854  -15.975 0.3000000119
125248  24.824  -36.240  -16.932 0.6999999881
125591  24.265  -36.138  -17.321 0.6999999881
125649  27.815  -41.889  -24.886 0.5000000000
125686  28.499  -43.554  -23.521 0.5000000000
126172  26.085  -50.985  -15.043 0.4000000060
127237  31.206  -40.922  -16.240 1.0000000000
127882  27.848  -27.878  -22.151 0.8999999762
127894  21.019  -25.245  -24.057 0.8999999762
129194  25.844  -53.657  -14.917 0.3000000119
129679  27.715  -44.834  -15.596 0.6000000238
129921  26.511  -31.184  -22.258 1.0000000000
130224  23.829  -24.564  -24.462 0.6999999881
130364  24.396  -49.227  -18.836 0.5000000000
130903  28.491  -40.083  -15.436 0.8999999762
130913  29.105  -44.469  -23.181 0.6000000238
131238  24.416  -31.677  -17.156 0.4000000060
131993  22.532  -27.449  -26.380 0.8000000119
132886  25.723  -47.415  -16.106 0.6000000238
133169  33.070  -35.973  -23.071 0.6000000238
133299  34.085  -37.161  -23.572 0.5000000000
133778  31.529  -27.862  -20.701 0.8000000119
134018  31.446  -35.996  -16.301 0.8999999762
134132  32.349  -32.525  -16.926 1.0000000000
134891  27.596  -39.711  -23.157 0.8000000119
