#!ascii label  , from subject sub-v2s16x51313_ses-1 vox2ras=TkReg
318
22530  47.287  -47.727  -7.225 0.0000000000
15880  44.564  -56.720  -14.078 0.0000000000
19082  53.918  -51.897  -7.065 0.0000000000
18253  46.665  -53.317  -8.487 0.0000000000
15855  51.368  -56.593  -10.874 0.0000000000
17458  53.440  -53.679  -9.344 0.0000000000
126796  49.954  -57.058  -8.352 0.0000000000
17501  45.846  -54.332  -11.804 0.0000000000
18287  42.084  -52.860  -10.917 0.0000000000
21678  50.669  -49.787  -7.394 0.0000000000
112468  50.801  -52.626  -7.577 0.0000000000
17482  50.073  -54.289  -10.888 0.0000000000
15870  48.514  -56.324  -13.069 0.0000000000
126768  48.885  -59.698  -12.190 0.0000000000
25970  47.168  -44.404  -7.232 0.0000000000
24255  51.272  -46.306  -7.153 0.0000000000
21664  53.874  -48.962  -5.340 0.0000000000
131505  42.402  -52.234  -7.803 0.0000000000
15785  50.738  -56.147  -6.525 0.0000000000
16698  45.209  -54.843  -12.962 0.0000000000
17508  43.831  -54.391  -12.728 0.0000000000
20768  53.170  -50.864  -7.346 0.0000000000
19084  52.875  -52.219  -7.734 0.0000000000
16669  52.643  -55.068  -10.521 0.0000000000
17460  51.733  -53.767  -10.244 0.0000000000
16682  51.540  -55.120  -11.409 0.0000000000
116249  49.444  -55.378  -12.039 0.0000000000
15868  50.169  -56.488  -12.299 0.0000000000
14382  48.296  -58.692  -14.400 0.0000000000
23388  50.978  -46.728  -6.403 0.0000000000
23396  53.028  -47.004  -7.050 0.0000000000
22501  52.292  -48.924  -4.857 0.0000000000
19088  47.476  -52.740  -7.282 0.0000000000
18240  44.750  -52.884  -7.898 0.0000000000
19979  40.259  -51.794  -12.393 0.0000000000
19975  40.240  -51.523  -11.047 0.0000000000
18226  53.456  -53.514  -6.516 0.0000000000
18232  53.951  -53.110  -8.164 0.0000000000
16645  53.107  -54.897  -7.690 0.0000000000
124698  52.248  -56.165  -8.666 0.0000000000
15064  50.585  -57.316  -9.088 0.0000000000
18282  46.264  -53.907  -10.204 0.0000000000
128198  44.237  -53.214  -9.263 0.0000000000
18301  43.690  -53.596  -11.445 0.0000000000
18303  41.906  -53.020  -11.822 0.0000000000
126328  43.674  -57.933  -15.271 0.0000000000
22527  49.531  -48.574  -7.428 0.0000000000
19069  48.998  -52.068  -6.998 0.0000000000
18237  48.131  -53.210  -7.771 0.0000000000
18248  53.295  -53.257  -9.288 0.0000000000
18250  50.706  -53.481  -9.041 0.0000000000
120378  47.865  -53.812  -9.639 0.0000000000
126074  47.553  -54.486  -11.255 0.0000000000
16693  47.305  -54.885  -12.353 0.0000000000
15874  45.982  -56.252  -13.554 0.0000000000
14356  49.760  -58.547  -11.435 0.0000000000
15130  49.577  -57.394  -12.822 0.0000000000
117077  48.096  -57.439  -13.826 0.0000000000
15147  45.779  -57.417  -14.243 0.0000000000
24268  46.293  -45.254  -7.571 0.0000000000
23412  47.268  -46.622  -7.524 0.0000000000
25144  48.622  -45.306  -7.309 0.0000000000
23410  49.178  -47.491  -7.549 0.0000000000
115872  51.160  -47.376  -7.571 0.0000000000
130978  54.101  -48.619  -7.036 0.0000000000
19903  54.438  -50.588  -5.996 0.0000000000
119902  52.861  -51.408  -4.655 0.0000000000
19059  53.639  -52.293  -5.107 0.0000000000
19108  41.813  -52.453  -9.031 0.0000000000
23399  46.482  -47.569  -7.094 0.0000000000
22518  45.754  -48.400  -6.663 0.0000000000
22517  46.583  -48.587  -6.769 0.0000000000
16702  44.732  -55.334  -13.320 0.0000000000
129257  43.783  -55.162  -13.351 0.0000000000
19926  53.737  -51.512  -7.155 0.0000000000
19928  52.139  -51.366  -7.379 0.0000000000
19927  53.253  -51.715  -7.421 0.0000000000
15838  52.124  -55.807  -10.605 0.0000000000
16670  52.265  -54.944  -11.021 0.0000000000
16690  51.248  -55.930  -11.541 0.0000000000
16691  50.622  -55.451  -11.810 0.0000000000
15865  50.841  -56.828  -11.574 0.0000000000
13610  48.210  -60.092  -14.935 0.0000000000
22512  51.032  -47.749  -5.532 0.0000000000
19089  46.652  -52.912  -7.551 0.0000000000
18239  45.724  -52.990  -7.913 0.0000000000
134194  45.140  -53.118  -8.516 0.0000000000
19984  39.892  -50.683  -12.956 0.0000000000
17444  53.343  -54.206  -7.201 0.0000000000
17445  52.586  -54.942  -6.581 0.0000000000
134222  50.166  -56.729  -7.746 0.0000000000
16647  51.597  -56.187  -7.346 0.0000000000
15818  50.664  -56.871  -8.257 0.0000000000
15817  51.488  -56.769  -8.915 0.0000000000
17486  46.088  -54.162  -11.033 0.0000000000
18284  44.816  -53.729  -10.597 0.0000000000
18300  44.519  -53.845  -11.344 0.0000000000
18307  42.443  -53.531  -12.367 0.0000000000
17510  41.962  -53.909  -12.966 0.0000000000
18308  41.468  -53.159  -12.637 0.0000000000
113074  50.249  -49.062  -7.448 0.0000000000
21679  49.613  -49.827  -7.243 0.0000000000
19087  48.424  -52.587  -7.182 0.0000000000
18236  49.141  -53.241  -7.735 0.0000000000
18247  53.865  -53.093  -8.987 0.0000000000
18233  53.488  -52.779  -8.634 0.0000000000
17470  50.592  -53.895  -10.415 0.0000000000
17461  49.922  -53.653  -9.379 0.0000000000
18265  48.731  -53.718  -9.364 0.0000000000
17471  48.801  -54.010  -10.241 0.0000000000
17484  47.926  -54.241  -10.591 0.0000000000
17483  48.996  -54.452  -10.932 0.0000000000
16696  48.990  -55.842  -12.537 0.0000000000
16692  48.296  -55.183  -12.238 0.0000000000
119737  47.757  -55.543  -12.796 0.0000000000
16700  46.685  -55.629  -13.180 0.0000000000
129461  47.571  -56.114  -13.246 0.0000000000
13587  45.204  -59.310  -11.929 0.0000000000
13592  48.263  -60.212  -12.214 0.0000000000
13585  47.855  -59.858  -11.568 0.0000000000
13584  48.643  -59.657  -11.596 0.0000000000
13583  49.326  -59.183  -11.858 0.0000000000
14368  49.758  -58.386  -12.149 0.0000000000
13590  49.262  -59.063  -12.799 0.0000000000
126187  47.778  -58.586  -14.892 0.0000000000
14378  48.566  -58.051  -13.869 0.0000000000
15145  47.706  -57.941  -14.369 0.0000000000
15146  46.586  -57.657  -14.338 0.0000000000
14383  46.907  -58.309  -14.868 0.0000000000
25147  45.777  -44.380  -7.504 0.0000000000
25146  46.579  -44.235  -7.380 0.0000000000
24267  47.260  -45.463  -7.614 0.0000000000
23398  50.666  -46.054  -7.022 0.0000000000
24257  48.928  -45.339  -7.014 0.0000000000
24264  49.758  -45.866  -7.352 0.0000000000
23409  49.783  -46.308  -7.537 0.0000000000
23408  50.790  -46.490  -7.405 0.0000000000
113530  50.155  -47.341  -7.599 0.0000000000
23407  51.845  -46.698  -7.328 0.0000000000
23385  53.830  -48.264  -6.103 0.0000000000
23405  53.475  -47.391  -7.030 0.0000000000
21674  54.342  -48.862  -6.542 0.0000000000
21675  54.146  -49.631  -6.893 0.0000000000
21662  54.499  -49.360  -5.932 0.0000000000
119493  51.043  -52.472  -4.531 0.0000000000
118653  53.800  -51.230  -4.907 0.0000000000
132117  42.824  -53.009  -9.816 0.0000000000
18257  42.676  -52.825  -9.114 0.0000000000
18271  42.109  -52.785  -9.882 0.0000000000
19962  40.404  -51.505  -10.224 0.0000000000
17506  45.542  -54.545  -12.430 0.0000000000
17502  45.029  -54.156  -11.933 0.0000000000
121016  51.741  -49.716  -7.471 0.0000000000
20770  51.265  -50.571  -7.347 0.0000000000
20769  52.194  -50.497  -7.418 0.0000000000
19085  51.999  -52.510  -7.857 0.0000000000
16661  53.035  -54.740  -9.750 0.0000000000
17459  52.971  -53.735  -10.052 0.0000000000
17469  52.632  -54.314  -10.665 0.0000000000
17481  51.624  -54.373  -11.057 0.0000000000
134661  50.884  -54.802  -11.431 0.0000000000
17497  49.810  -54.858  -11.512 0.0000000000
16695  50.015  -55.969  -12.302 0.0000000000
15869  49.510  -56.567  -12.696 0.0000000000
13602  48.732  -59.740  -13.419 0.0000000000
12832  48.435  -60.366  -13.945 0.0000000000
14400  48.086  -59.229  -15.062 0.0000000000
23397  51.674  -46.372  -6.999 0.0000000000
24254  52.238  -46.609  -7.087 0.0000000000
23387  51.838  -47.147  -6.355 0.0000000000
23386  52.905  -47.563  -6.408 0.0000000000
22510  53.090  -48.475  -5.431 0.0000000000
19090  45.126  -52.567  -7.217 0.0000000000
19092  43.280  -52.420  -7.490 0.0000000000
19120  41.293  -52.558  -11.234 0.0000000000
19121  40.746  -52.064  -10.694 0.0000000000
133638  40.143  -51.496  -11.753 0.0000000000
20827  39.786  -50.264  -12.218 0.0000000000
18225  53.804  -52.550  -7.205 0.0000000000
19083  53.658  -52.217  -7.471 0.0000000000
16660  53.336  -54.505  -8.832 0.0000000000
16646  52.718  -55.505  -8.182 0.0000000000
15816  52.376  -55.989  -9.797 0.0000000000
15839  51.534  -56.767  -9.889 0.0000000000
18267  46.412  -53.611  -9.390 0.0000000000
18254  45.760  -53.342  -8.871 0.0000000000
130817  45.088  -53.596  -9.992 0.0000000000
18285  44.034  -53.507  -10.618 0.0000000000
18286  43.037  -53.181  -10.594 0.0000000000
18305  44.217  -53.999  -12.061 0.0000000000
18302  42.797  -53.294  -11.610 0.0000000000
19137  41.215  -52.686  -12.012 0.0000000000
120052  40.212  -52.062  -13.268 0.0000000000
15148  44.127  -57.318  -14.639 0.0000000000
22528  48.690  -48.477  -7.324 0.0000000000
22516  47.372  -48.748  -6.914 0.0000000000
21680  48.668  -49.409  -7.115 0.0000000000
18238  47.316  -53.173  -7.912 0.0000000000
18234  51.974  -52.961  -8.422 0.0000000000
18249  52.037  -53.387  -9.358 0.0000000000
18235  50.471  -53.234  -8.080 0.0000000000
126301  49.718  -53.446  -8.436 0.0000000000
18252  47.772  -53.507  -8.652 0.0000000000
18266  47.131  -53.626  -9.202 0.0000000000
18281  47.067  -53.870  -9.951 0.0000000000
17485  46.929  -54.202  -10.762 0.0000000000
17500  46.813  -54.474  -11.662 0.0000000000
17498  48.531  -54.738  -11.540 0.0000000000
17499  47.691  -54.727  -11.849 0.0000000000
17505  46.395  -54.678  -12.358 0.0000000000
16697  46.056  -54.969  -12.880 0.0000000000
16701  45.624  -55.457  -13.259 0.0000000000
15875  45.069  -56.096  -13.619 0.0000000000
15077  49.961  -57.895  -9.571 0.0000000000
13586  46.197  -59.739  -11.877 0.0000000000
14341  49.750  -58.475  -10.708 0.0000000000
118163  50.511  -57.660  -10.896 0.0000000000
15128  50.401  -56.938  -12.084 0.0000000000
123930  49.981  -56.947  -12.450 0.0000000000
15137  48.875  -57.222  -13.375 0.0000000000
14377  49.226  -58.120  -13.294 0.0000000000
15872  47.895  -56.789  -13.514 0.0000000000
15873  46.928  -56.496  -13.553 0.0000000000
15139  46.288  -57.028  -13.855 0.0000000000
15879  45.421  -56.844  -13.928 0.0000000000
121283  45.025  -57.400  -14.434 0.0000000000
122436  44.108  -45.766  -7.218 0.0000000000
131068  44.779  -44.556  -7.494 0.0000000000
24269  45.158  -45.510  -7.407 0.0000000000
24258  45.430  -46.445  -7.210 0.0000000000
23413  46.404  -46.478  -7.402 0.0000000000
23411  47.940  -46.871  -7.546 0.0000000000
25134  48.310  -45.340  -6.421 0.0000000000
25145  47.801  -44.862  -7.420 0.0000000000
24266  48.192  -45.722  -7.585 0.0000000000
119707  48.776  -46.550  -7.617 0.0000000000
22529  48.163  -47.844  -7.377 0.0000000000
22526  50.434  -48.215  -7.531 0.0000000000
112577  51.262  -48.660  -7.545 0.0000000000
23406  52.836  -47.006  -7.205 0.0000000000
22525  52.271  -47.581  -7.506 0.0000000000
21677  52.536  -48.791  -7.503 0.0000000000
21676  53.556  -49.139  -7.323 0.0000000000
20767  53.940  -50.655  -7.028 0.0000000000
19910  54.156  -51.216  -6.595 0.0000000000
20754  54.252  -50.682  -5.327 0.0000000000
19904  54.165  -51.349  -5.586 0.0000000000
19068  53.965  -52.027  -6.216 0.0000000000
18255  44.447  -53.074  -8.614 0.0000000000
19099  42.965  -52.695  -8.228 0.0000000000
19100  42.250  -52.470  -8.479 0.0000000000
19110  40.851  -52.029  -9.845 0.0000000000
19949  41.166  -51.896  -9.012 0.0000000000
12845  48.167  -60.925  -14.539 0.0000000000
13591  48.759  -59.919  -12.703 0.0000000000
13609  48.467  -59.499  -14.277 0.0000000000
14340  50.092  -58.123  -11.169 0.0000000000
14376  49.629  -58.110  -12.702 0.0000000000
14381  48.829  -58.884  -13.717 0.0000000000
15115  50.258  -57.722  -11.700 0.0000000000
15129  49.974  -57.568  -12.314 0.0000000000
15138  47.252  -57.240  -13.889 0.0000000000
15799  50.716  -56.560  -7.452 0.0000000000
15819  49.125  -56.926  -8.438 0.0000000000
15866  50.642  -56.222  -11.983 0.0000000000
16681  51.791  -55.595  -11.120 0.0000000000
17454  53.653  -53.834  -8.566 0.0000000000
17513  44.478  -54.782  -12.997 0.0000000000
18241  43.862  -52.862  -7.988 0.0000000000
18251  48.840  -53.506  -8.466 0.0000000000
18256  43.629  -53.007  -8.802 0.0000000000
18268  45.666  -53.610  -9.698 0.0000000000
18269  44.466  -53.429  -9.913 0.0000000000
18270  43.567  -53.193  -9.727 0.0000000000
18283  45.526  -53.867  -10.472 0.0000000000
18299  45.293  -54.038  -11.221 0.0000000000
18306  43.361  -53.773  -12.211 0.0000000000
18309  40.642  -52.913  -13.249 0.0000000000
19091  44.196  -52.530  -7.308 0.0000000000
19093  41.718  -52.072  -8.314 0.0000000000
19109  41.405  -52.361  -9.588 0.0000000000
19138  40.616  -52.119  -11.661 0.0000000000
19980  39.918  -51.085  -12.270 0.0000000000
20742  54.060  -50.260  -5.025 0.0000000000
20743  53.379  -50.424  -4.686 0.0000000000
20757  54.245  -50.371  -6.604 0.0000000000
20805  40.024  -50.913  -10.560 0.0000000000
20822  39.872  -50.787  -11.446 0.0000000000
21663  54.226  -49.513  -5.392 0.0000000000
21666  54.460  -49.773  -6.288 0.0000000000
21681  48.066  -48.947  -7.062 0.0000000000
22500  53.195  -49.163  -4.946 0.0000000000
22509  54.341  -48.826  -5.935 0.0000000000
22511  52.028  -48.063  -5.476 0.0000000000
22515  54.068  -48.308  -6.531 0.0000000000
22523  53.963  -48.009  -6.919 0.0000000000
22524  53.430  -47.916  -7.279 0.0000000000
23395  53.673  -47.661  -6.843 0.0000000000
24263  50.360  -46.044  -7.238 0.0000000000
24265  49.162  -45.767  -7.441 0.0000000000
25140  49.999  -45.838  -7.180 0.0000000000
25141  49.393  -45.630  -7.250 0.0000000000
115710  41.355  -52.482  -10.327 0.0000000000
115798  46.846  -55.071  -12.772 0.0000000000
117695  49.559  -53.848  -10.059 0.0000000000
118702  44.980  -53.331  -9.270 0.0000000000
121837  40.713  -52.493  -12.549 0.0000000000
123408  52.817  -49.870  -7.442 0.0000000000
124909  54.446  -50.016  -5.589 0.0000000000
128117  47.083  -60.059  -11.866 0.0000000000
129837  53.945  -52.881  -8.707 0.0000000000
130043  53.628  -50.074  -7.238 0.0000000000
130073  47.113  -44.716  -7.493 0.0000000000
130160  52.453  -46.689  -6.934 0.0000000000
133175  48.080  -49.508  -6.950 0.0000000000
134317  45.472  -43.867  -7.381 0.0000000000
134375  51.311  -56.613  -8.083 0.0000000000
134833  40.031  -51.381  -12.891 0.0000000000
