#!ascii label  , from subject sub-v2s16x51313_ses-1 vox2ras=TkReg
284
72199  23.012  3.212  -34.662 0.0000000000
62589  22.056  -6.938  -31.138 0.0000000000
76681  20.595  8.171  -36.548 0.0000000000
84592  15.470  17.256  -42.544 0.0000000000
60653  19.854  -8.697  -30.723 0.0000000000
79395  22.862  11.294  -35.532 0.0000000000
82129  21.230  14.127  -36.799 0.0000000000
69362  20.964  0.369  -36.146 0.0000000000
66445  21.974  -2.027  -34.573 0.0000000000
69337  23.419  0.590  -33.779 0.0000000000
74814  25.316  6.038  -34.494 0.0000000000
72174  25.916  3.052  -33.906 0.0000000000
123321  21.681  5.717  -36.101 0.0000000000
132110  24.512  8.468  -34.875 0.0000000000
117792  17.342  15.106  -39.975 0.0000000000
83793  19.703  17.010  -38.875 0.0000000000
64568  22.862  -4.623  -31.663 0.0000000000
80346  20.507  12.289  -36.249 0.0000000000
81316  19.401  13.522  -37.239 0.0000000000
70370  21.327  1.647  -36.008 0.0000000000
69351  22.188  -0.073  -34.846 0.0000000000
71283  23.348  2.099  -34.240 0.0000000000
119350  20.929  -7.946  -31.229 0.0000000000
75771  21.507  7.041  -36.204 0.0000000000
75770  22.910  7.294  -35.063 0.0000000000
76669  22.257  8.305  -35.410 0.0000000000
80343  23.139  12.414  -36.258 0.0000000000
79393  24.279  11.073  -36.089 0.0000000000
125261  14.785  16.165  -41.524 0.0000000000
82164  16.299  14.129  -40.245 0.0000000000
83802  16.693  16.004  -41.046 0.0000000000
87337  19.131  20.396  -42.838 0.0000000000
86431  19.551  19.820  -42.161 0.0000000000
85462  19.266  18.583  -40.500 0.0000000000
85471  20.499  18.819  -41.211 0.0000000000
84567  21.108  17.450  -39.574 0.0000000000
67376  23.550  -1.788  -32.761 0.0000000000
66423  22.734  -2.881  -33.163 0.0000000000
59715  19.604  -9.857  -29.860 0.0000000000
77623  21.946  9.609  -35.400 0.0000000000
79397  21.191  10.992  -35.755 0.0000000000
133262  21.946  12.454  -35.751 0.0000000000
81313  22.526  13.863  -37.144 0.0000000000
66447  20.693  -2.237  -34.969 0.0000000000
67398  21.099  -1.106  -35.354 0.0000000000
68337  23.007  -0.908  -33.819 0.0000000000
128110  24.229  -0.193  -32.984 0.0000000000
73054  23.448  4.288  -34.601 0.0000000000
72198  24.166  3.702  -34.285 0.0000000000
73052  25.525  4.507  -34.413 0.0000000000
71343  20.693  2.688  -36.702 0.0000000000
72236  20.075  3.755  -37.574 0.0000000000
73076  21.986  4.162  -35.558 0.0000000000
122301  23.220  5.764  -34.951 0.0000000000
75751  24.343  7.124  -34.602 0.0000000000
76666  25.723  8.406  -35.412 0.0000000000
77622  23.603  9.862  -35.226 0.0000000000
77620  25.207  9.645  -35.748 0.0000000000
82152  17.589  13.860  -39.063 0.0000000000
85475  16.804  18.031  -41.864 0.0000000000
84575  17.755  17.550  -40.596 0.0000000000
124997  18.532  16.106  -39.078 0.0000000000
82150  19.271  14.870  -37.825 0.0000000000
82938  20.549  15.800  -37.906 0.0000000000
82149  22.028  15.082  -37.801 0.0000000000
63569  21.211  -5.669  -32.628 0.0000000000
65499  21.088  -3.707  -33.933 0.0000000000
71282  24.409  2.247  -33.832 0.0000000000
69313  25.275  0.968  -32.955 0.0000000000
80356  19.103  12.540  -37.285 0.0000000000
81317  18.460  13.089  -37.894 0.0000000000
71325  21.769  2.138  -35.483 0.0000000000
70369  21.888  1.508  -35.261 0.0000000000
71310  22.385  2.227  -34.847 0.0000000000
57765  18.628  -10.876  -28.871 0.0000000000
58760  19.064  -10.392  -29.407 0.0000000000
61619  21.612  -7.751  -30.792 0.0000000000
75786  20.819  7.310  -36.758 0.0000000000
76680  21.509  7.987  -35.971 0.0000000000
80354  23.480  12.770  -37.142 0.0000000000
116233  23.802  12.185  -36.790 0.0000000000
83815  15.155  16.637  -42.255 0.0000000000
82977  15.229  15.608  -41.462 0.0000000000
120216  16.070  15.720  -41.479 0.0000000000
83808  16.323  16.495  -41.639 0.0000000000
86420  20.118  19.334  -41.686 0.0000000000
85470  21.108  18.353  -41.504 0.0000000000
67375  24.292  -1.395  -32.381 0.0000000000
66422  23.330  -2.517  -32.550 0.0000000000
61630  19.398  -7.272  -31.411 0.0000000000
118940  20.576  10.197  -36.128 0.0000000000
78553  19.863  10.571  -36.512 0.0000000000
81304  20.876  13.363  -36.335 0.0000000000
81303  21.912  13.556  -36.473 0.0000000000
81314  21.918  14.216  -36.999 0.0000000000
84594  14.101  17.565  -42.747 0.0000000000
67407  20.561  -0.805  -35.670 0.0000000000
68346  20.895  -0.321  -35.881 0.0000000000
69350  22.686  0.629  -34.343 0.0000000000
69338  22.855  -0.143  -34.092 0.0000000000
68336  23.587  -0.177  -33.467 0.0000000000
59728  20.163  -9.262  -30.228 0.0000000000
59714  20.397  -9.699  -29.596 0.0000000000
73937  24.544  5.573  -34.431 0.0000000000
73053  24.534  4.655  -34.345 0.0000000000
73936  25.341  5.265  -34.457 0.0000000000
70382  20.815  1.937  -36.545 0.0000000000
73969  20.514  5.049  -37.328 0.0000000000
73956  21.189  4.960  -36.648 0.0000000000
73077  21.333  4.192  -36.446 0.0000000000
73955  21.837  4.950  -35.833 0.0000000000
73939  22.709  4.889  -35.090 0.0000000000
115794  22.412  5.733  -35.461 0.0000000000
75769  23.913  7.911  -34.699 0.0000000000
75752  23.526  7.040  -34.771 0.0000000000
112220  25.045  7.988  -34.736 0.0000000000
76667  24.978  8.932  -35.193 0.0000000000
78540  22.419  10.545  -35.380 0.0000000000
129988  22.821  9.983  -35.199 0.0000000000
78539  23.267  10.612  -35.414 0.0000000000
78537  24.762  10.352  -35.907 0.0000000000
77634  25.731  9.349  -36.393 0.0000000000
82176  16.597  14.797  -40.477 0.0000000000
82163  17.041  14.300  -39.887 0.0000000000
82162  17.836  14.800  -39.275 0.0000000000
86432  18.527  19.869  -42.284 0.0000000000
87338  18.055  20.310  -42.970 0.0000000000
85485  17.112  18.780  -42.119 0.0000000000
85474  17.668  18.392  -41.324 0.0000000000
84573  19.720  18.164  -39.865 0.0000000000
84574  18.731  17.962  -40.057 0.0000000000
83794  18.823  16.782  -39.161 0.0000000000
82940  18.621  15.472  -38.693 0.0000000000
82939  19.525  15.643  -38.092 0.0000000000
82931  20.111  15.167  -37.539 0.0000000000
83781  20.138  16.403  -38.403 0.0000000000
121147  21.687  16.889  -39.727 0.0000000000
82950  21.752  16.059  -38.707 0.0000000000
82936  22.172  15.394  -38.444 0.0000000000
121606  20.230  -5.601  -32.640 0.0000000000
133309  21.204  -2.418  -34.738 0.0000000000
65509  21.044  -2.917  -34.445 0.0000000000
66436  21.720  -2.619  -34.425 0.0000000000
65476  22.709  -4.099  -32.296 0.0000000000
65489  22.458  -3.684  -33.070 0.0000000000
134095  22.436  -4.776  -32.281 0.0000000000
63568  21.984  -5.238  -32.573 0.0000000000
72175  24.942  3.162  -33.963 0.0000000000
71281  25.360  2.367  -33.626 0.0000000000
79410  19.733  11.378  -36.628 0.0000000000
80347  19.625  12.158  -36.779 0.0000000000
81305  19.922  13.016  -36.644 0.0000000000
81315  20.307  13.895  -36.831 0.0000000000
69361  21.389  0.864  -35.834 0.0000000000
69352  21.521  0.078  -35.615 0.0000000000
120055  22.030  0.724  -35.060 0.0000000000
70354  22.550  1.422  -34.558 0.0000000000
70353  23.188  1.234  -34.086 0.0000000000
117998  20.866  -8.561  -30.557 0.0000000000
135093  20.764  -9.109  -29.875 0.0000000000
114268  21.601  -8.232  -30.162 0.0000000000
60641  22.022  -8.151  -29.419 0.0000000000
74835  26.045  6.278  -34.863 0.0000000000
73954  25.881  5.660  -34.704 0.0000000000
123141  20.515  5.742  -37.401 0.0000000000
74836  21.465  6.316  -36.337 0.0000000000
128288  22.137  6.593  -35.656 0.0000000000
119301  22.195  7.564  -35.543 0.0000000000
113202  22.964  8.190  -35.059 0.0000000000
117702  23.185  11.785  -35.804 0.0000000000
79394  23.593  11.209  -35.726 0.0000000000
79406  23.732  11.722  -36.224 0.0000000000
79418  24.340  11.530  -36.998 0.0000000000
82964  16.269  15.302  -40.998 0.0000000000
82963  17.008  15.527  -40.535 0.0000000000
86422  18.848  19.552  -41.715 0.0000000000
85473  18.761  19.028  -41.151 0.0000000000
85461  20.155  18.577  -40.496 0.0000000000
84568  20.191  17.596  -39.366 0.0000000000
83792  20.628  16.999  -38.868 0.0000000000
84572  20.581  18.077  -39.975 0.0000000000
84571  21.155  17.853  -40.288 0.0000000000
66435  22.466  -2.349  -33.913 0.0000000000
112636  22.185  -3.196  -33.801 0.0000000000
66434  23.011  -2.225  -33.168 0.0000000000
65488  23.037  -3.291  -32.395 0.0000000000
59716  18.723  -9.708  -29.722 0.0000000000
59729  19.285  -9.206  -30.236 0.0000000000
123445  20.320  -8.215  -31.117 0.0000000000
61629  20.336  -7.537  -31.539 0.0000000000
61628  21.287  -7.234  -31.584 0.0000000000
77635  21.204  8.858  -35.836 0.0000000000
77636  20.436  9.122  -36.365 0.0000000000
78541  21.530  10.370  -35.632 0.0000000000
79396  21.999  11.240  -35.512 0.0000000000
79409  20.515  11.223  -36.096 0.0000000000
79408  21.449  11.912  -35.742 0.0000000000
79407  22.446  12.053  -35.682 0.0000000000
80344  22.313  12.801  -36.056 0.0000000000
80355  22.784  13.180  -36.715 0.0000000000
81312  23.140  13.410  -37.535 0.0000000000
84584  14.289  17.174  -41.886 0.0000000000
83816  14.738  16.852  -42.206 0.0000000000
84593  14.767  17.306  -42.744 0.0000000000
66446  21.306  -1.923  -34.960 0.0000000000
67397  21.789  -1.395  -34.877 0.0000000000
68345  21.616  -0.664  -35.258 0.0000000000
68338  22.332  -0.833  -34.556 0.0000000000
67390  22.441  -1.566  -34.248 0.0000000000
67389  23.027  -1.631  -33.487 0.0000000000
68319  23.762  -0.964  -33.067 0.0000000000
112705  24.606  -0.633  -32.559 0.0000000000
117693  24.991  3.967  -34.215 0.0000000000
72197  25.718  3.765  -34.208 0.0000000000
73935  26.044  5.035  -34.760 0.0000000000
115804  26.340  4.252  -34.756 0.0000000000
72196  26.483  3.520  -34.397 0.0000000000
70371  20.669  1.150  -36.445 0.0000000000
71326  21.333  2.420  -36.071 0.0000000000
121564  21.999  2.830  -35.380 0.0000000000
72235  20.669  3.534  -36.948 0.0000000000
72220  21.453  3.334  -36.082 0.0000000000
72219  22.198  3.514  -35.292 0.0000000000
73055  22.642  4.025  -34.972 0.0000000000
73938  23.698  5.184  -34.604 0.0000000000
117885  23.905  5.868  -34.597 0.0000000000
74817  22.965  6.466  -35.110 0.0000000000
74816  23.701  6.434  -34.710 0.0000000000
74815  24.516  6.346  -34.500 0.0000000000
75750  25.380  6.936  -34.668 0.0000000000
75768  25.954  7.606  -35.162 0.0000000000
76679  21.897  8.755  -35.449 0.0000000000
112585  22.782  9.101  -35.177 0.0000000000
76668  23.944  8.936  -35.008 0.0000000000
78538  24.044  10.518  -35.601 0.0000000000
77621  24.486  9.753  -35.415 0.0000000000
129915  25.570  9.034  -35.725 0.0000000000
120422  18.238  13.762  -38.341 0.0000000000
85487  15.129  17.879  -43.114 0.0000000000
85486  16.120  18.164  -42.544 0.0000000000
84583  16.238  17.282  -42.095 0.0000000000
84582  16.967  17.420  -41.427 0.0000000000
83807  17.043  16.783  -41.012 0.0000000000
83801  17.487  16.448  -40.360 0.0000000000
85463  18.403  18.346  -40.677 0.0000000000
83800  18.299  17.148  -39.785 0.0000000000
83795  18.111  16.320  -39.619 0.0000000000
82151  18.494  14.572  -38.448 0.0000000000
82139  18.915  14.053  -37.796 0.0000000000
82138  19.764  14.401  -37.318 0.0000000000
82137  20.663  14.663  -37.155 0.0000000000
83780  21.031  16.350  -38.397 0.0000000000
82937  21.446  15.594  -37.949 0.0000000000
82136  21.518  14.812  -37.354 0.0000000000
82135  22.258  14.509  -37.505 0.0000000000
81329  22.872  14.062  -37.900 0.0000000000
62611  20.551  -6.316  -32.298 0.0000000000
62610  21.273  -6.496  -32.130 0.0000000000
64591  21.133  -4.354  -33.491 0.0000000000
64590  21.801  -3.984  -33.560 0.0000000000
64578  21.535  -4.794  -33.065 0.0000000000
63559  21.895  -5.988  -32.182 0.0000000000
71309  23.995  2.887  -34.182 0.0000000000
122582  23.929  1.391  -33.748 0.0000000000
70337  24.852  1.547  -33.446 0.0000000000
69336  24.323  0.609  -33.285 0.0000000000
69314  24.918  0.155  -32.721 0.0000000000
67399  20.648  -1.457  -35.365 0.0000000000
77624  21.127  9.628  -35.859 0.0000000000
80345  21.506  12.808  -35.958 0.0000000000
82148  22.531  14.694  -38.231 0.0000000000
82930  20.886  15.265  -37.509 0.0000000000
82951  18.004  15.590  -39.450 0.0000000000
82952  17.600  15.784  -40.008 0.0000000000
83782  19.210  16.285  -38.640 0.0000000000
83790  21.989  16.298  -39.510 0.0000000000
83791  21.393  16.739  -39.059 0.0000000000
83810  15.037  16.140  -41.919 0.0000000000
83814  15.687  16.666  -42.121 0.0000000000
84569  19.212  17.498  -39.436 0.0000000000
85460  20.862  18.325  -40.707 0.0000000000
124147  21.063  5.707  -36.797 0.0000000000
127877  21.605  -3.295  -34.069 0.0000000000
132338  18.954  15.160  -38.214 0.0000000000
