#!ascii label  , from subject sub-v2s16x51274_ses-1 vox2ras=TkReg
1214
125269  -20.815  -4.477  -10.514 0.5555555820
58734  -20.905  -3.983  -10.834 0.6666666865
59586  -21.587  -3.365  -11.640 0.7777777910
59600  -22.199  -3.019  -12.248 0.7777777910
110977  -21.610  -2.088  -12.246 0.8888888955
61284  -25.144  -1.287  -12.421 0.8888888955
57813  -20.013  -5.117  -9.412 0.5555555820
58719  -19.869  -3.984  -10.132 0.5555555820
59579  -20.503  -3.369  -10.883 0.6666666865
60458  -20.509  -2.795  -11.176 0.8888888955
111503  -22.622  -2.713  -12.492 0.8888888955
61281  -22.096  -1.678  -12.697 0.8888888955
62117  -24.001  -0.412  -13.654 1.0000000000
109121  -25.292  -0.496  -12.595 0.8888888955
62980  -25.056  0.807  -13.438 1.0000000000
60447  -19.667  -2.559  -10.621 0.7777777910
61268  -19.972  -1.591  -11.316 1.0000000000
62093  -20.189  -0.383  -11.958 1.0000000000
62094  -20.912  -0.911  -12.237 1.0000000000
62977  -21.548  0.368  -13.214 1.0000000000
62978  -22.309  0.419  -13.615 1.0000000000
62976  -20.771  0.764  -12.919 1.0000000000
63819  -22.106  1.037  -13.761 1.0000000000
62992  -23.413  1.180  -14.336 1.0000000000
63821  -25.280  1.613  -13.545 1.0000000000
63831  -22.692  1.627  -14.298 1.0000000000
63832  -23.599  1.880  -14.632 1.0000000000
64738  -25.563  2.489  -13.508 1.0000000000
64756  -24.402  3.013  -15.071 1.0000000000
65660  -25.737  3.747  -13.806 0.7777777910
62952  -18.736  0.294  -11.312 0.8888888955
62962  -20.294  0.317  -12.404 1.0000000000
63830  -21.884  1.705  -13.952 1.0000000000
63803  -20.031  1.039  -12.589 1.0000000000
120026  -21.283  2.104  -13.798 1.0000000000
118394  -22.472  3.027  -14.734 1.0000000000
64750  -23.772  2.648  -15.017 1.0000000000
65682  -24.420  3.828  -15.206 1.0000000000
113865  -25.303  3.993  -14.456 1.0000000000
66574  -26.275  4.413  -13.533 0.8888888955
66573  -25.608  4.678  -14.111 1.0000000000
66575  -26.996  4.972  -13.228 0.7777777910
67422  -27.673  5.600  -12.897 0.7777777910
64714  -17.445  1.895  -11.153 0.5555555820
65657  -18.998  3.973  -13.102 0.7777777910
64725  -19.070  2.596  -12.571 0.8888888955
64747  -21.216  2.874  -14.096 1.0000000000
64748  -22.028  2.437  -14.335 1.0000000000
65659  -20.471  3.335  -13.743 0.8888888955
65674  -21.139  3.576  -14.287 1.0000000000
66587  -22.454  3.771  -14.978 1.0000000000
66597  -24.392  4.645  -15.359 1.0000000000
66589  -25.322  5.152  -14.743 0.8888888955
66598  -24.901  5.150  -15.214 1.0000000000
67436  -25.934  6.082  -13.980 0.8888888955
68215  -27.727  6.994  -12.996 0.7777777910
113678  -29.418  6.700  -12.494 0.6666666865
69005  -28.670  7.032  -12.609 0.6666666865
65632  -17.097  3.296  -11.332 0.4444444478
109963  -18.109  3.891  -12.527 0.7777777910
66557  -17.749  4.505  -12.458 0.6666666865
66584  -20.017  4.971  -14.034 0.7777777910
124322  -20.637  4.963  -14.430 0.8888888955
67450  -21.257  4.959  -14.760 0.8888888955
66595  -22.940  4.424  -15.346 1.0000000000
67460  -21.887  5.300  -15.150 1.0000000000
110828  -23.927  5.926  -15.543 1.0000000000
112511  -24.522  5.982  -15.348 1.0000000000
68228  -25.309  6.693  -14.908 0.8888888955
119206  -26.026  7.317  -14.199 0.7777777910
69019  -27.260  7.638  -13.384 0.7777777910
69006  -29.522  7.399  -12.503 0.5555555820
118341  -27.549  8.285  -13.263 0.7777777910
69823  -29.096  8.748  -12.557 0.6666666865
67433  -18.165  5.445  -13.038 0.6666666865
67416  -17.346  5.107  -12.309 0.6666666865
67448  -19.688  5.844  -14.202 0.7777777910
68212  -18.896  6.141  -13.715 0.7777777910
67449  -20.552  5.616  -14.585 0.8888888955
67459  -21.369  5.806  -15.007 0.8888888955
68240  -20.775  6.416  -14.940 1.0000000000
68242  -22.563  6.837  -15.530 1.0000000000
68243  -23.603  6.671  -15.627 1.0000000000
68244  -24.238  6.497  -15.535 0.8888888955
69046  -25.189  8.037  -15.068 0.8888888955
69032  -26.137  8.034  -14.208 0.8888888955
69821  -26.856  8.387  -13.710 0.7777777910
69836  -26.347  8.889  -14.208 0.7777777910
69837  -26.885  9.186  -13.832 0.7777777910
113158  -28.417  9.326  -12.835 0.7777777910
70638  -29.415  9.686  -12.543 0.6666666865
67432  -17.493  5.854  -12.725 0.6666666865
68211  -18.020  6.474  -13.360 0.7777777910
68226  -19.449  6.729  -14.365 0.8888888955
69030  -20.161  6.978  -14.886 0.8888888955
69043  -21.682  7.435  -15.492 1.0000000000
115612  -24.648  8.099  -15.505 1.0000000000
69045  -24.259  7.290  -15.643 0.8888888955
70655  -26.596  9.681  -14.163 0.7777777910
71532  -27.579  10.547  -13.590 0.7777777910
71534  -29.186  10.555  -12.675 0.6666666865
114532  -30.759  11.213  -12.590 0.5555555820
71517  -30.966  10.422  -12.550 0.5555555820
69016  -17.569  7.162  -13.267 0.6666666865
68225  -18.742  6.876  -13.875 0.8888888955
115659  -21.023  7.852  -15.443 1.0000000000
111543  -22.417  7.727  -15.692 1.0000000000
69849  -24.436  8.934  -15.739 0.8888888955
69850  -25.070  8.735  -15.303 0.8888888955
115140  -25.179  10.002  -15.166 0.8888888955
70654  -25.993  9.461  -14.558 0.8888888955
71550  -26.890  10.427  -14.069 0.7777777910
73238  -28.811  12.111  -13.129 0.7777777910
72379  -28.104  11.311  -13.415 0.7777777910
72381  -29.806  11.239  -12.606 0.5555555820
113196  -26.688  11.674  -14.323 0.7777777910
73239  -29.801  12.501  -12.770 0.5555555820
110908  -31.159  11.983  -12.725 0.5555555820
119860  -29.259  13.016  -13.122 0.6666666865
68995  -15.846  7.853  -11.645 0.4444444478
107198  -17.256  7.721  -13.069 0.5555555820
114839  -18.688  8.869  -14.464 0.7777777910
69845  -20.735  8.409  -15.477 1.0000000000
69834  -19.311  8.227  -14.718 0.8888888955
114236  -20.820  9.100  -15.696 1.0000000000
70665  -22.271  9.151  -16.183 0.8888888955
70682  -23.403  9.950  -16.313 0.8888888955
70666  -23.824  9.220  -16.033 0.8888888955
71563  -24.641  10.470  -15.561 0.8888888955
71565  -25.939  10.917  -14.715 0.8888888955
73237  -27.873  12.104  -13.602 0.6666666865
112543  -30.133  13.261  -12.953 0.5555555820
71547  -18.477  10.333  -14.442 0.6666666865
70650  -17.562  9.442  -13.660 0.6666666865
71560  -19.844  10.407  -15.308 0.7777777910
121355  -20.865  9.770  -15.864 0.8888888955
71561  -20.563  10.392  -15.742 0.7777777910
71575  -22.548  10.504  -16.430 0.7777777910
70680  -21.963  9.932  -16.347 0.8888888955
72422  -23.461  11.455  -16.160 0.7777777910
70683  -23.849  10.616  -16.050 0.8888888955
73265  -25.151  12.192  -15.391 0.7777777910
72411  -24.927  11.391  -15.466 0.7777777910
73252  -26.424  12.301  -14.490 0.6666666865
74113  -25.313  13.088  -15.235 0.6666666865
74114  -26.074  13.049  -14.712 0.6666666865
74115  -26.824  13.059  -14.231 0.6666666865
73253  -27.107  12.228  -14.059 0.5555555820
123431  -27.110  14.449  -14.172 0.6666666865
74923  -27.827  14.500  -13.838 0.5555555820
74910  -28.834  14.443  -13.492 0.5555555820
74103  -30.410  13.980  -13.247 0.4444444478
75704  -29.355  15.298  -13.638 0.5555555820
73248  -17.870  12.657  -13.625 0.3333333433
115764  -18.936  11.864  -14.778 0.5555555820
72393  -18.693  11.107  -14.636 0.6666666865
73261  -19.891  12.503  -15.398 0.5555555820
72409  -20.138  11.126  -15.538 0.7777777910
72420  -21.715  11.414  -16.430 0.7777777910
73275  -22.468  12.464  -16.520 0.6666666865
72421  -22.585  11.494  -16.460 0.6666666865
107038  -21.899  12.058  -16.527 0.6666666865
115440  -24.135  12.886  -15.839 0.6666666865
74128  -24.598  13.619  -15.709 0.6666666865
74129  -25.914  14.487  -14.926 0.6666666865
74922  -26.654  14.857  -14.524 0.6666666865
74924  -28.392  15.229  -13.804 0.5555555820
76480  -30.191  16.643  -14.324 0.5555555820
75715  -28.865  15.986  -13.926 0.6666666865
74112  -18.817  13.430  -14.703 0.4444444478
116136  -17.485  13.177  -13.211 0.4444444478
73249  -18.477  12.672  -14.389 0.4444444478
73250  -19.202  12.566  -14.945 0.5555555820
73263  -20.906  13.106  -15.935 0.6666666865
73262  -20.489  12.548  -15.772 0.6666666865
73274  -21.715  12.750  -16.374 0.6666666865
115176  -23.506  12.901  -16.240 0.6666666865
74140  -23.851  13.622  -16.101 0.6666666865
74939  -24.796  14.453  -15.706 0.6666666865
76477  -27.479  16.492  -14.599 0.6666666865
76478  -28.375  16.625  -14.312 0.5555555820
76479  -29.301  16.680  -14.202 0.6666666865
74921  -18.963  14.299  -14.759 0.4444444478
74127  -21.096  13.969  -15.735 0.6666666865
74137  -21.612  13.442  -16.087 0.6666666865
114550  -22.749  13.990  -16.101 0.6666666865
74139  -23.177  13.503  -16.307 0.6666666865
74138  -22.402  13.304  -16.347 0.6666666865
75731  -26.111  15.458  -15.006 0.6666666865
60468  -21.110  -2.126  -11.828 0.8888888955
60457  -20.051  -2.276  -11.043 1.0000000000
61280  -20.688  -1.596  -11.743 1.0000000000
61303  -21.718  -1.005  -12.760 1.0000000000
62979  -24.418  0.532  -13.932 1.0000000000
66556  -17.187  4.230  -11.738 0.5555555820
109637  -25.012  7.355  -15.243 0.8888888955
68210  -17.290  6.452  -12.688 0.5555555820
69818  -16.552  8.779  -12.619 0.5555555820
69017  -18.284  7.367  -13.748 0.7777777910
69846  -21.652  8.436  -15.762 1.0000000000
112224  -26.228  10.277  -14.496 0.8888888955
69801  -15.447  8.554  -11.491 0.2222222239
125288  -28.443  12.737  -13.395 0.6666666865
123560  -22.146  11.024  -16.427 0.7777777910
74102  -29.562  13.842  -13.198 0.4444444478
115762  -20.118  13.126  -15.490 0.6666666865
115797  -16.988  5.729  -12.185 0.4444444478
77227  -30.577  17.234  -14.730 0.5555555820
76481  -30.974  16.550  -14.689 0.5555555820
74096  -17.580  13.657  -13.292 0.2222222239
74111  -18.027  13.584  -13.742 0.3333333433
77226  -29.757  17.349  -14.485 0.5555555820
57815  -21.160  -5.811  -9.983 0.5555555820
57828  -21.583  -5.520  -10.526 0.5555555820
58735  -21.342  -4.676  -10.746 0.6666666865
58743  -21.417  -3.993  -11.120 0.5555555820
58745  -22.734  -4.433  -11.578 0.5555555820
60473  -24.972  -2.112  -12.217 0.7777777910
57798  -20.211  -5.746  -9.189 0.5555555820
59587  -22.452  -3.642  -11.895 0.6666666865
59601  -23.064  -3.101  -12.434 0.6666666865
60472  -23.986  -2.512  -12.545 0.8888888955
61285  -25.837  -0.917  -11.936 0.7777777910
62096  -26.039  -0.169  -12.113 0.7777777910
63804  -25.629  1.108  -12.857 0.8888888955
57797  -19.671  -5.628  -8.589 0.4444444478
59566  -19.118  -3.519  -9.322 0.5555555820
60446  -18.887  -2.153  -10.173 0.2222222239
61259  -19.387  -1.824  -10.816 0.6666666865
64727  -26.374  2.327  -12.772 0.8888888955
65646  -26.762  3.210  -12.814 0.6666666865
66562  -28.073  4.459  -12.528 0.6666666865
62076  -18.313  -0.613  -10.617 0.5555555820
67423  -28.696  5.462  -12.484 0.6666666865
63789  -17.724  0.887  -10.789 0.4444444478
107946  -29.744  6.062  -12.454 0.5555555820
69007  -30.455  7.757  -12.492 0.5555555820
64713  -16.405  2.438  -10.600 0.2222222239
69812  -31.139  8.465  -12.568 0.5555555820
66541  -17.111  3.953  -11.431 0.4444444478
70621  -31.304  9.752  -12.612 0.5555555820
67391  -16.647  5.143  -10.848 0.3333333433
71518  -31.643  10.356  -12.759 0.5555555820
69803  -16.568  7.929  -12.422 0.4444444478
72398  -32.706  11.668  -13.920 0.4444444478
114691  -15.665  7.977  -11.530 0.3333333433
73241  -31.464  12.652  -13.157 0.5555555820
74104  -31.134  14.041  -13.532 0.4444444478
73221  -16.508  12.389  -12.358 0.3333333433
72361  -17.011  11.787  -12.894 0.3333333433
71511  -16.710  10.979  -12.902 0.4444444478
74912  -30.653  14.631  -13.604 0.4444444478
75717  -30.624  15.925  -14.192 0.4444444478
77247  -31.352  17.357  -15.660 0.2222222239
74919  -17.851  14.447  -13.718 0.3333333433
74935  -19.702  14.481  -15.251 0.6666666865
74948  -21.999  14.133  -15.855 0.6666666865
74950  -23.419  14.390  -16.186 0.6666666865
75729  -24.662  15.275  -15.873 0.6666666865
111006  -25.980  16.191  -15.310 0.6666666865
76495  -27.014  17.125  -14.991 0.6666666865
76494  -26.634  16.296  -14.979 0.6666666865
77225  -28.820  17.364  -14.469 0.6666666865
78030  -30.246  17.995  -14.776 0.4444444478
74936  -20.475  14.633  -15.500 0.5555555820
58720  -20.373  -4.653  -10.069 0.5555555820
58733  -20.420  -3.970  -10.537 0.6666666865
57827  -20.982  -5.091  -10.290 0.6666666865
58744  -21.920  -4.570  -11.149 0.6666666865
59585  -20.943  -3.388  -11.211 0.7777777910
110610  -21.980  -3.994  -11.424 0.7777777910
60459  -20.987  -2.764  -11.545 0.8888888955
60469  -21.557  -2.640  -12.011 0.8888888955
116908  -21.319  -1.585  -12.242 1.0000000000
60470  -22.190  -2.366  -12.477 0.8888888955
62095  -24.627  -0.904  -13.130 1.0000000000
61282  -23.010  -1.603  -13.064 0.8888888955
105658  -23.677  -1.873  -12.907 0.8888888955
57814  -20.594  -5.425  -9.741 0.5555555820
58704  -19.508  -4.768  -9.046 0.4444444478
121656  -19.831  -4.513  -9.657 0.5555555820
59578  -20.030  -3.299  -10.535 0.6666666865
60448  -20.162  -2.832  -10.856 0.8888888955
105739  -20.538  -2.190  -11.412 0.8888888955
60471  -23.012  -2.324  -12.718 0.8888888955
61305  -23.334  -0.941  -13.412 1.0000000000
62118  -24.803  -0.031  -13.267 1.0000000000
61304  -22.560  -1.003  -13.203 1.0000000000
62116  -23.103  -0.360  -13.611 1.0000000000
62964  -25.462  0.323  -12.715 1.0000000000
59567  -19.423  -3.201  -9.993 0.5555555820
62078  -19.680  -0.874  -11.475 0.8888888955
121290  -20.313  -1.095  -11.704 1.0000000000
62077  -18.887  -0.485  -11.153 0.8888888955
62092  -19.463  -0.242  -11.577 1.0000000000
62114  -21.426  -0.409  -12.791 1.0000000000
62963  -20.848  -0.080  -12.578 1.0000000000
62115  -22.188  -0.287  -13.311 1.0000000000
121719  -23.585  0.435  -14.027 1.0000000000
110431  -20.534  1.728  -13.220 1.0000000000
62993  -24.150  1.293  -14.395 1.0000000000
64726  -25.775  1.805  -12.982 0.8888888955
63834  -24.954  2.186  -14.186 1.0000000000
64749  -22.960  2.454  -14.712 1.0000000000
63833  -24.350  2.208  -14.682 1.0000000000
64752  -25.265  3.115  -14.216 1.0000000000
64739  -26.022  3.121  -13.294 0.8888888955
65661  -26.357  3.710  -13.321 0.7777777910
63802  -19.314  1.261  -12.187 1.0000000000
62961  -19.573  0.458  -11.933 1.0000000000
62951  -17.992  0.026  -10.689 0.5555555820
63817  -19.622  1.850  -12.633 0.8888888955
118189  -20.706  2.528  -13.625 1.0000000000
65675  -21.796  3.296  -14.538 1.0000000000
65676  -23.129  3.161  -15.048 1.0000000000
66596  -23.741  4.174  -15.384 1.0000000000
66588  -25.014  4.387  -14.990 1.0000000000
107596  -26.139  5.291  -13.718 0.8888888955
67437  -26.763  6.004  -13.505 0.7777777910
68201  -28.179  6.279  -12.702 0.6666666865
64724  -17.975  2.573  -11.940 0.6666666865
63801  -18.610  1.851  -12.115 0.7777777910
65645  -18.518  3.267  -12.547 0.7777777910
66571  -18.570  4.611  -13.098 0.6666666865
117744  -19.343  4.595  -13.520 0.8888888955
65658  -19.509  3.320  -13.139 0.8888888955
66572  -19.876  4.101  -13.621 0.8888888955
64737  -20.005  2.570  -13.161 0.8888888955
66585  -20.706  4.286  -14.256 0.8888888955
66594  -22.102  4.624  -15.089 1.0000000000
67463  -24.379  5.386  -15.417 1.0000000000
68229  -25.759  6.747  -14.387 0.8888888955
68213  -26.279  6.777  -13.876 0.8888888955
68214  -27.466  6.353  -13.169 0.7777777910
69020  -27.992  7.748  -12.878 0.6666666865
68203  -30.106  6.832  -12.488 0.5555555820
69810  -29.618  8.141  -12.489 0.6666666865
122285  -17.477  3.802  -11.935 0.5555555820
65631  -16.917  2.788  -11.284 0.3333333433
116533  -16.572  2.389  -11.471 0.3333333433
112249  -17.662  3.228  -11.875 0.4444444478
67434  -19.126  5.276  -13.629 0.7777777910
67461  -22.621  5.212  -15.375 1.0000000000
114325  -23.097  5.947  -15.510 1.0000000000
69031  -25.587  7.520  -14.686 0.7777777910
113720  -27.565  9.066  -13.392 0.7777777910
69811  -30.196  8.833  -12.465 0.5555555820
68227  -20.124  6.322  -14.612 0.8888888955
69044  -23.286  7.537  -15.761 1.0000000000
70636  -27.971  9.878  -13.339 0.7777777910
70637  -28.635  10.006  -12.816 0.7777777910
66555  -16.963  4.936  -11.695 0.4444444478
69029  -19.615  7.446  -14.706 0.8888888955
69848  -23.820  8.351  -15.913 0.8888888955
72380  -28.911  11.282  -12.893 0.6666666865
117957  -31.463  11.398  -12.772 0.5555555820
72368  -31.894  10.984  -12.951 0.5555555820
68997  -17.033  7.135  -12.504 0.5555555820
69820  -17.794  7.923  -13.628 0.6666666865
69847  -22.790  8.373  -15.946 1.0000000000
70653  -25.423  9.364  -15.026 0.8888888955
72397  -27.215  11.311  -13.904 0.8888888955
113319  -29.542  11.838  -12.712 0.6666666865
72412  -25.548  11.502  -15.056 0.8888888955
73240  -30.664  12.646  -12.805 0.5555555820
69819  -17.224  8.545  -13.259 0.5555555820
112592  -20.023  8.856  -15.223 1.0000000000
115997  -19.302  9.061  -14.816 0.7777777910
69832  -18.021  8.722  -13.918 0.7777777910
70664  -21.448  9.429  -16.053 0.8888888955
74105  -31.599  13.384  -13.665 0.5555555820
72374  -17.398  11.030  -13.505 0.5555555820
71528  -17.145  10.228  -13.324 0.5555555820
72392  -18.049  11.071  -14.122 0.4444444478
72394  -19.391  11.124  -15.079 0.6666666865
70652  -18.905  9.646  -14.659 0.7777777910
70631  -16.845  9.439  -13.030 0.6666666865
71573  -20.955  11.111  -16.101 0.7777777910
70663  -20.281  9.706  -15.489 0.7777777910
71576  -23.196  10.793  -16.329 0.7777777910
73264  -24.479  12.146  -15.648 0.6666666865
73251  -25.745  12.277  -14.906 0.6666666865
124128  -25.780  13.709  -14.922 0.6666666865
113819  -26.501  13.919  -14.499 0.6666666865
74909  -28.032  13.872  -13.652 0.5555555820
74101  -28.649  13.510  -13.385 0.5555555820
75705  -30.225  15.312  -13.708 0.4444444478
74913  -31.224  14.579  -13.892 0.4444444478
75716  -29.777  16.017  -13.886 0.5555555820
108874  -17.646  11.850  -13.572 0.4444444478
115137  -18.289  11.866  -14.215 0.5555555820
115964  -19.642  11.842  -15.272 0.6666666865
72410  -21.132  12.124  -16.207 0.7777777910
75713  -27.039  15.676  -14.590 0.6666666865
75714  -27.923  15.869  -14.186 0.6666666865
74125  -19.540  13.707  -15.217 0.6666666865
74940  -25.351  14.912  -15.411 0.6666666865
75730  -25.394  15.776  -15.498 0.6666666865
68195  -16.731  6.413  -12.073 0.4444444478
70612  -16.124  9.445  -12.334 0.3333333433
67415  -16.722  5.696  -11.760 0.4444444478
76496  -31.433  16.556  -15.248 0.3333333433
125267  -31.097  18.055  -15.645 0.3333333433
56902  -20.138  -6.310  -8.664 0.5555555820
63805  -26.335  1.377  -12.541 0.7777777910
58718  -19.435  -4.044  -9.521 0.4444444478
65662  -27.003  4.044  -12.965 0.6666666865
61267  -19.113  -1.146  -11.024 0.7777777910
65633  -17.054  2.715  -11.176 0.3333333433
104986  -16.637  1.741  -10.279 0.1111111119
64692  -16.189  2.218  -11.365 0.1111111119
105803  -16.946  4.898  -11.642 0.4444444478
67390  -16.146  5.984  -11.009 0.3333333433
68996  -16.394  7.161  -11.852 0.3333333433
120678  -16.160  10.886  -12.377 0.3333333433
77245  -28.339  18.050  -14.786 0.6666666865
78029  -29.318  18.091  -14.691 0.4444444478
57843  -25.836  -5.896  -11.158 0.4444444478
56034  -28.523  -7.320  -11.600 0.2222222239
56911  -22.194  -6.604  -10.007 0.4444444478
56017  -22.937  -6.428  -10.514 0.4444444478
57829  -22.311  -5.714  -10.833 0.4444444478
57830  -23.192  -5.784  -11.062 0.4444444478
57842  -24.944  -5.412  -11.276 0.4444444478
112730  -25.791  -5.011  -11.333 0.4444444478
111111  -28.253  -5.082  -11.638 0.2222222239
58746  -23.799  -4.510  -11.693 0.4444444478
58747  -24.833  -4.537  -11.514 0.4444444478
57855  -29.147  -5.053  -12.119 0.1111111119
58759  -29.851  -4.832  -12.710 0.1111111119
108541  -25.081  -3.770  -11.664 0.4444444478
58750  -27.525  -4.094  -11.462 0.3333333433
59589  -24.302  -3.852  -11.888 0.4444444478
112563  -26.545  -3.663  -11.455 0.3333333433
59593  -28.047  -3.234  -11.573 0.3333333433
58758  -29.323  -4.031  -12.215 0.2222222239
59590  -25.710  -3.304  -11.609 0.4444444478
59591  -26.427  -2.809  -11.531 0.3333333433
59588  -23.347  -3.832  -11.993 0.5555555820
61286  -29.070  -2.237  -11.983 0.2222222239
61287  -29.764  -1.799  -12.398 0.1111111119
61289  -31.433  -1.334  -13.433 0.1111111119
61271  -27.324  -1.611  -11.600 0.3333333433
119925  -28.415  -1.361  -11.736 0.3333333433
62079  -26.707  -0.757  -11.734 0.4444444478
62097  -27.037  0.036  -11.946 0.5555555820
122491  -27.529  0.391  -12.021 0.6666666865
62968  -29.684  0.351  -12.483 0.4444444478
108762  -27.046  0.789  -12.191 0.6666666865
106314  -30.476  1.738  -12.879 0.3333333433
63806  -27.211  1.582  -12.348 0.6666666865
64729  -29.904  2.195  -12.626 0.5555555820
65648  -29.197  2.858  -12.445 0.5555555820
65649  -30.007  3.094  -12.614 0.5555555820
64730  -30.628  2.462  -12.905 0.4444444478
112562  -30.170  3.939  -12.603 0.3333333433
64728  -27.411  2.494  -12.472 0.5555555820
66565  -30.429  4.767  -12.610 0.4444444478
67425  -30.286  5.548  -12.520 0.5555555820
66564  -29.718  4.511  -12.462 0.4444444478
106560  -30.562  6.181  -12.564 0.4444444478
74949  -22.644  14.702  -15.962 0.5555555820
75742  -23.940  15.212  -16.215 0.5555555820
76493  -25.502  16.599  -15.632 0.5555555820
108799  -26.223  16.890  -15.376 0.5555555820
78039  -27.848  18.745  -15.085 0.5555555820
56925  -24.852  -7.054  -10.658 0.4444444478
56940  -27.519  -6.437  -11.519 0.2222222239
57839  -21.879  -5.126  -10.897 0.4444444478
58751  -28.553  -4.101  -11.736 0.2222222239
60474  -29.989  -2.744  -12.628 0.1111111119
62098  -28.669  -0.563  -11.888 0.4444444478
62099  -29.500  -0.420  -12.254 0.3333333433
62080  -27.719  -0.690  -11.717 0.4444444478
62966  -27.986  0.803  -12.098 0.6666666865
63807  -28.974  1.001  -12.355 0.4444444478
119657  -30.799  4.070  -12.863 0.3333333433
67426  -31.063  5.494  -12.802 0.4444444478
69813  -31.892  8.279  -12.922 0.4444444478
115529  -23.681  15.999  -16.009 0.5555555820
76503  -22.989  16.063  -15.705 0.5555555820
62969  -30.398  0.484  -12.953 0.2222222239
77244  -27.419  17.943  -15.041 0.5555555820
55095  -23.856  -8.109  -9.908 0.4444444478
56019  -24.723  -7.891  -10.368 0.4444444478
56020  -25.637  -7.807  -10.705 0.4444444478
120512  -27.333  -7.739  -11.294 0.2222222239
56021  -27.957  -7.869  -11.321 0.2222222239
56022  -28.626  -7.721  -11.133 0.1111111119
56910  -21.466  -6.548  -9.578 0.4444444478
56001  -22.995  -7.238  -9.899 0.4444444478
115702  -28.460  -6.089  -11.791 0.1111111119
117102  -29.738  -5.623  -12.576 0.1111111119
56035  -29.245  -7.242  -11.492 0.1111111119
58760  -30.625  -4.628  -13.161 0.1111111119
59606  -30.486  -3.581  -13.038 0.1111111119
60476  -31.453  -2.756  -13.283 0.1111111119
61290  -32.121  -1.631  -13.381 0.1111111119
62120  -31.375  -0.538  -13.493 0.1111111119
62982  -31.691  0.626  -13.813 0.2222222239
64731  -31.412  2.764  -13.392 0.1111111119
63822  -31.355  1.227  -13.661 0.2222222239
65651  -31.371  3.738  -13.282 0.2222222239
66566  -31.259  4.582  -13.085 0.2222222239
68204  -30.953  6.916  -12.591 0.4444444478
121495  -32.805  8.606  -13.895 0.3333333433
114567  -31.634  9.064  -12.744 0.4444444478
121633  -32.336  8.971  -13.270 0.3333333433
71510  -16.424  10.229  -12.689 0.4444444478
73242  -32.241  12.595  -13.895 0.4444444478
74926  -31.526  14.823  -14.442 0.3333333433
78040  -28.786  18.823  -14.947 0.5555555820
75726  -20.697  15.397  -15.323 0.5555555820
75727  -21.611  15.559  -15.431 0.5555555820
77242  -25.665  17.378  -15.723 0.5555555820
78038  -26.955  18.649  -15.340 0.5555555820
76491  -22.288  16.118  -15.368 0.5555555820
56922  -21.654  -6.121  -10.162 0.4444444478
56923  -22.074  -6.102  -10.479 0.4444444478
59602  -23.901  -3.305  -12.257 0.5555555820
59603  -24.812  -3.063  -12.031 0.5555555820
61270  -26.380  -1.370  -11.681 0.6666666865
62965  -26.212  0.596  -12.328 0.6666666865
107483  -28.497  3.457  -12.405 0.5555555820
67424  -29.603  5.259  -12.427 0.4444444478
70622  -31.971  9.703  -12.914 0.4444444478
75718  -31.400  15.736  -14.714 0.3333333433
57840  -22.523  -5.159  -11.204 0.4444444478
60461  -26.417  -2.031  -11.614 0.3333333433
60460  -25.666  -2.476  -11.751 0.3333333433
56938  -24.936  -6.219  -11.004 0.4444444478
56939  -26.600  -6.364  -11.254 0.4444444478
56032  -26.962  -7.118  -11.321 0.3333333433
56031  -25.933  -6.878  -10.959 0.4444444478
56033  -27.781  -7.279  -11.542 0.3333333433
56941  -28.308  -6.818  -11.744 0.1111111119
56018  -23.869  -7.184  -10.384 0.4444444478
56924  -23.975  -6.381  -10.801 0.4444444478
57841  -23.415  -5.146  -11.432 0.4444444478
57831  -24.099  -5.693  -11.225 0.4444444478
113411  -24.208  -5.094  -11.477 0.4444444478
57844  -26.781  -5.552  -11.321 0.4444444478
112729  -27.379  -4.981  -11.418 0.4444444478
58749  -26.628  -4.570  -11.386 0.4444444478
57845  -27.678  -5.634  -11.534 0.2222222239
122821  -28.830  -5.600  -11.901 0.1111111119
59605  -29.950  -3.835  -12.726 0.1111111119
57856  -30.313  -5.599  -12.903 0.1111111119
60463  -28.382  -2.600  -11.697 0.3333333433
124974  -27.019  -2.383  -11.519 0.3333333433
59604  -28.823  -3.207  -11.871 0.2222222239
118923  -29.441  -3.197  -12.299 0.2222222239
114820  -29.299  -1.212  -12.040 0.2222222239
110670  -30.013  -1.077  -12.545 0.1111111119
61288  -30.358  -1.877  -12.890 0.1111111119
62101  -30.706  -1.011  -13.158 0.1111111119
116138  -31.611  -2.017  -13.343 0.1111111119
105779  -27.992  0.019  -11.903 0.4444444478
62967  -28.831  0.192  -12.123 0.4444444478
63808  -29.924  1.225  -12.672 0.3333333433
62100  -30.211  -0.284  -12.755 0.3333333433
106664  -31.798  1.938  -13.774 0.1111111119
105704  -29.110  1.920  -12.440 0.4444444478
109154  -28.346  2.643  -12.387 0.5555555820
106524  -28.188  1.729  -12.316 0.5555555820
66563  -29.262  3.863  -12.407 0.5555555820
65650  -30.741  3.336  -12.916 0.3333333433
68205  -31.652  6.799  -12.980 0.4444444478
115611  -24.246  15.902  -16.024 0.5555555820
75728  -22.464  15.436  -15.712 0.5555555820
77243  -26.459  17.794  -15.429 0.5555555820
60475  -30.715  -2.792  -13.129 0.1111111119
76504  -23.406  16.802  -15.955 0.5555555820
62119  -30.807  -0.093  -13.270 0.2222222239
119397  -27.254  -8.309  -10.875 0.2222222239
112110  -26.585  -7.796  -11.056 0.4444444478
56000  -22.165  -7.271  -9.416 0.4444444478
55986  -21.398  -7.279  -8.880 0.4444444478
57846  -29.277  -5.984  -12.179 0.1111111119
56942  -29.142  -6.694  -11.934 0.1111111119
124461  -31.036  -4.487  -13.316 0.1111111119
50349  -25.370  -13.362  -5.670 0.1111111119
51254  -21.738  -12.435  -7.656 0.3333333433
51233  -23.964  -12.864  -6.857 0.2222222239
50348  -24.513  -13.292  -6.166 0.2222222239
117160  -25.965  -12.737  -5.922 0.1111111119
53182  -20.819  -10.622  -7.687 0.3333333433
52242  -20.467  -11.309  -7.366 0.3333333433
52264  -22.819  -11.551  -8.453 0.3333333433
52265  -23.480  -11.496  -8.505 0.3333333433
51257  -24.294  -12.233  -7.253 0.2222222239
52246  -24.601  -11.624  -7.653 0.2222222239
51235  -25.454  -12.307  -6.470 0.2222222239
51258  -25.019  -11.909  -6.998 0.2222222239
55049  -19.229  -8.616  -6.957 0.2222222239
54112  -19.709  -9.325  -7.336 0.2222222239
114776  -20.283  -9.968  -7.558 0.2222222239
52243  -21.426  -11.450  -7.823 0.3333333433
52263  -22.222  -11.153  -8.392 0.3333333433
52247  -25.374  -11.275  -7.496 0.1111111119
55972  -20.209  -7.868  -7.804 0.2222222239
55050  -19.970  -8.550  -7.572 0.3333333433
114915  -20.644  -9.234  -7.849 0.3333333433
55063  -21.363  -8.154  -8.452 0.3333333433
55064  -21.861  -8.861  -8.656 0.3333333433
54131  -21.553  -9.623  -8.347 0.3333333433
54132  -22.368  -9.566  -8.825 0.3333333433
53219  -23.529  -10.323  -9.211 0.3333333433
54150  -23.113  -9.609  -9.248 0.3333333433
53220  -24.333  -10.346  -9.359 0.3333333433
54152  -24.736  -9.752  -9.765 0.3333333433
53221  -25.154  -10.172  -9.298 0.3333333433
109949  -25.580  -10.412  -8.559 0.1111111119
54133  -25.972  -9.901  -9.114 0.2222222239
56886  -19.379  -6.900  -7.389 0.2222222239
55984  -20.032  -7.070  -8.003 0.2222222239
55081  -22.090  -8.028  -8.884 0.3333333433
55082  -22.596  -8.854  -9.132 0.3333333433
55083  -23.434  -8.927  -9.561 0.3333333433
55084  -24.297  -9.096  -9.904 0.3333333433
54153  -25.551  -9.642  -9.818 0.3333333433
124669  -19.295  -6.439  -7.391 0.3333333433
56901  -19.584  -6.368  -7.945 0.3333333433
56909  -20.746  -6.197  -9.343 0.3333333433
112932  -22.876  -8.036  -9.407 0.3333333433
54164  -25.109  -9.213  -10.168 0.3333333433
55097  -25.405  -8.570  -10.431 0.3333333433
103814  -26.281  -8.489  -10.667 0.3333333433
68216  -31.714  5.998  -13.259 0.2222222239
69009  -32.083  7.434  -13.258 0.2222222239
68217  -32.290  6.511  -13.725 0.2222222239
72383  -32.479  11.008  -13.480 0.3333333433
71536  -32.868  10.184  -13.834 0.2222222239
51255  -22.651  -12.605  -7.719 0.3333333433
51256  -23.505  -12.503  -7.543 0.3333333433
51234  -24.724  -12.545  -6.607 0.2222222239
52221  -25.786  -11.709  -6.824 0.1111111119
53203  -22.257  -10.342  -8.619 0.3333333433
53205  -23.893  -10.964  -8.975 0.3333333433
52266  -24.238  -11.361  -8.368 0.3333333433
53206  -24.749  -10.770  -8.727 0.3333333433
55062  -20.707  -8.389  -8.018 0.3333333433
56903  -20.702  -6.837  -8.715 0.3333333433
54165  -25.928  -9.131  -10.287 0.3333333433
49467  -24.785  -13.976  -5.544 0.1111111119
49468  -25.654  -14.109  -5.154 0.1111111119
51232  -20.060  -11.932  -6.952 0.3333333433
51253  -20.862  -12.183  -7.385 0.3333333433
50392  -22.119  -13.355  -7.385 0.3333333433
50393  -23.136  -13.188  -7.264 0.3333333433
50350  -26.287  -13.476  -5.408 0.1111111119
53181  -20.108  -10.599  -7.329 0.3333333433
120302  -26.780  -12.921  -5.638 0.1111111119
52222  -26.680  -11.643  -6.591 0.1111111119
53184  -25.899  -10.674  -7.814 0.1111111119
53207  -26.382  -10.185  -8.313 0.1111111119
55971  -19.479  -7.739  -7.298 0.2222222239
54134  -26.794  -9.604  -8.850 0.1111111119
54154  -26.362  -9.416  -9.723 0.1111111119
57796  -19.340  -6.013  -7.620 0.1111111119
109864  -32.482  8.083  -13.592 0.2222222239
72399  -33.185  11.313  -14.861 0.2222222239
72384  -32.985  10.943  -14.087 0.2222222239
104690  -19.379  -5.213  -8.296 0.2222222239
61258  -18.600  -1.259  -10.515 0.5555555820
58703  -19.214  -4.157  -8.930 0.3333333433
125318  -21.085  -6.689  -9.138 0.4444444478
70640  -32.870  9.292  -13.856 0.2222222239
49469  -26.628  -14.263  -4.936 0.1111111119
52244  -22.315  -11.910  -8.073 0.3333333433
53180  -19.464  -10.112  -7.094 0.2222222239
51270  -23.107  -12.087  -8.157 0.3333333433
52245  -23.871  -11.914  -7.944 0.3333333433
53204  -22.998  -10.920  -8.840 0.3333333433
52267  -24.848  -11.166  -8.060 0.2222222239
53202  -21.545  -10.528  -8.159 0.3333333433
54113  -21.002  -9.971  -7.887 0.3333333433
52248  -26.208  -11.122  -7.188 0.1111111119
53183  -25.297  -10.839  -8.104 0.1111111119
55985  -20.748  -7.592  -8.299 0.3333333433
54130  -21.228  -8.859  -8.259 0.3333333433
53218  -22.861  -10.162  -8.965 0.3333333433
54151  -23.904  -9.726  -9.594 0.3333333433
55098  -26.760  -8.887  -10.267 0.1111111119
117111  -24.305  -14.535  -5.514 0.1111111119
50373  -23.621  -13.581  -6.584 0.2222222239
50391  -21.172  -13.076  -7.283 0.3333333433
107295  -20.394  -12.765  -6.928 0.2222222239
124687  -22.099  -14.078  -7.018 0.3333333433
50372  -22.789  -13.877  -6.947 0.3333333433
52241  -19.488  -11.034  -6.893 0.2222222239
69022  -32.648  7.274  -14.003 0.1111111119
68230  -32.869  6.601  -14.370 0.1111111119
69048  -34.534  7.008  -15.799 0.1111111119
69033  -33.171  7.092  -14.702 0.1111111119
69839  -33.428  8.095  -15.234 0.1111111119
69851  -33.875  8.154  -16.041 0.1111111119
70670  -33.826  8.866  -16.329 0.1111111119
70669  -33.448  9.591  -15.585 0.1111111119
74117  -32.113  13.474  -14.417 0.2222222239
71551  -33.228  10.354  -14.751 0.1111111119
70684  -33.700  9.571  -16.603 0.1111111119
74942  -32.278  14.376  -15.798 0.1111111119
74927  -32.005  14.252  -14.846 0.2222222239
75733  -32.017  15.135  -16.145 0.1111111119
74130  -32.441  13.571  -15.371 0.1111111119
74952  -32.266  14.467  -16.903 0.1111111119
74937  -21.303  14.782  -15.635 0.4444444478
75732  -31.747  15.833  -15.593 0.1111111119
76475  -20.081  16.112  -14.770 0.4444444478
75744  -31.822  15.815  -16.544 0.1111111119
76505  -24.188  16.761  -16.117 0.4444444478
109441  -30.455  19.051  -15.535 0.3333333433
78042  -30.641  18.414  -15.316 0.2222222239
108333  -31.424  17.911  -16.871 0.1111111119
76515  -31.682  16.523  -17.027 0.1111111119
77279  -31.323  17.018  -18.361 0.1111111119
77258  -24.492  17.694  -16.252 0.4444444478
78055  -24.770  18.465  -16.253 0.4444444478
77259  -25.181  17.856  -16.122 0.4444444478
78854  -26.481  19.363  -15.569 0.4444444478
78037  -26.120  18.607  -15.622 0.4444444478
78855  -27.369  19.464  -15.365 0.4444444478
79708  -28.716  20.204  -15.482 0.4444444478
124338  -29.479  20.105  -15.547 0.2222222239
79720  -30.428  20.374  -16.438 0.2222222239
78884  -30.816  19.771  -16.861 0.2222222239
78895  -30.914  19.765  -17.761 0.2222222239
78885  -31.104  19.077  -17.284 0.2222222239
81889  -29.221  23.295  -20.281 0.1111111119
80475  -30.239  21.543  -19.915 0.1111111119
78090  -30.536  18.273  -19.781 0.1111111119
118920  -19.749  16.981  -14.328 0.4444444478
77239  -21.652  17.059  -14.854 0.4444444478
121509  -22.143  16.728  -15.210 0.4444444478
77240  -22.412  17.334  -15.236 0.3333333433
77257  -23.803  17.567  -16.169 0.4444444478
114643  -25.076  19.056  -16.148 0.4444444478
78870  -25.949  20.014  -15.864 0.4444444478
79706  -26.864  20.188  -15.618 0.4444444478
79707  -27.805  20.241  -15.504 0.4444444478
79718  -28.357  20.906  -15.784 0.4444444478
80449  -26.590  21.633  -16.131 0.3333333433
80451  -28.893  21.504  -16.166 0.3333333433
80455  -30.018  21.726  -17.075 0.1111111119
80456  -30.438  21.188  -17.592 0.1111111119
80461  -30.519  21.316  -18.446 0.1111111119
79724  -30.633  20.471  -17.251 0.2222222239
79730  -30.710  20.541  -18.140 0.1111111119
79754  -30.437  20.827  -19.861 0.1111111119
77221  -19.939  17.587  -14.058 0.2222222239
122770  -23.575  18.032  -16.082 0.3333333433
78054  -24.018  18.403  -16.265 0.3333333433
79716  -26.282  20.837  -15.921 0.3333333433
79717  -27.350  21.053  -15.843 0.4444444478
81175  -27.826  22.652  -16.663 0.2222222239
80450  -27.521  21.919  -16.242 0.2222222239
81176  -29.340  22.070  -16.687 0.2222222239
108362  -29.973  22.477  -18.162 0.1111111119
81868  -27.268  23.100  -16.786 0.1111111119
81876  -28.810  23.672  -17.838 0.1111111119
81192  -30.142  22.177  -19.475 0.1111111119
81179  -28.002  23.358  -17.159 0.1111111119
81881  -29.380  23.509  -18.519 0.1111111119
81186  -29.902  22.895  -18.846 0.1111111119
78027  -22.355  18.529  -14.246 0.3333333433
78867  -23.719  19.231  -16.076 0.3333333433
78868  -24.421  19.309  -16.275 0.3333333433
79715  -25.337  20.583  -16.155 0.3333333433
108917  -25.647  21.392  -16.189 0.2222222239
81174  -26.782  22.467  -16.476 0.2222222239
81867  -26.506  23.218  -16.768 0.1111111119
112247  -28.436  24.322  -18.219 0.1111111119
81885  -29.300  23.567  -19.382 0.1111111119
82610  -27.526  24.902  -20.746 0.1111111119
78024  -21.839  18.966  -13.147 0.1111111119
78845  -22.813  19.197  -13.755 0.1111111119
78852  -23.287  19.377  -15.349 0.2222222239
107745  -23.429  20.570  -16.034 0.2222222239
79713  -23.777  20.006  -16.328 0.3333333433
105307  -23.779  20.924  -16.282 0.2222222239
79714  -24.441  20.259  -16.366 0.3333333433
124996  -24.246  22.124  -16.543 0.2222222239
81172  -24.671  22.711  -16.641 0.1111111119
114678  -24.599  23.517  -16.862 0.1111111119
113638  -25.583  23.369  -16.799 0.1111111119
81874  -26.358  23.923  -17.092 0.1111111119
81875  -27.201  23.693  -17.131 0.1111111119
82602  -27.778  24.827  -18.198 0.1111111119
82606  -28.693  24.306  -19.461 0.1111111119
81888  -28.568  23.636  -20.702 0.1111111119
81195  -28.954  22.919  -21.129 0.1111111119
78842  -23.376  19.732  -13.332 0.1111111119
78846  -23.263  19.661  -14.283 0.1111111119
80443  -23.260  21.308  -15.716 0.1111111119
81164  -22.532  22.835  -16.170 0.1111111119
81170  -22.833  22.486  -16.310 0.1111111119
81171  -23.576  22.302  -16.533 0.2222222239
116787  -22.904  22.981  -16.560 0.1111111119
123207  -23.827  23.008  -16.705 0.1111111119
82591  -23.181  24.339  -17.145 0.1111111119
81872  -24.403  24.272  -17.094 0.1111111119
82596  -24.188  25.171  -17.243 0.1111111119
82598  -26.212  24.668  -17.426 0.1111111119
109778  -23.629  20.524  -13.778 0.1111111119
79685  -24.059  19.932  -13.097 0.1111111119
103581  -23.353  21.961  -15.030 0.1111111119
81165  -22.825  22.261  -15.704 0.1111111119
81860  -21.860  23.649  -16.123 0.1111111119
81864  -21.759  23.812  -16.287 0.1111111119
81859  -21.464  24.213  -16.185 0.1111111119
82590  -22.142  24.489  -16.958 0.1111111119
81154  -23.810  23.022  -14.427 0.1111111119
81849  -23.221  23.745  -14.804 0.1111111119
68231  -33.478  6.348  -14.871 0.1111111119
69838  -32.995  7.919  -14.445 0.1111111119
69047  -33.869  7.489  -15.746 0.1111111119
69852  -34.525  7.677  -16.192 0.1111111119
72413  -33.308  11.245  -16.035 0.1111111119
71566  -33.414  10.432  -15.754 0.1111111119
73267  -33.046  12.084  -15.415 0.1111111119
75745  -31.990  15.198  -16.955 0.1111111119
76489  -20.971  15.978  -14.965 0.4444444478
78858  -29.997  19.608  -15.471 0.3333333433
78872  -30.967  19.163  -16.546 0.2222222239
78058  -31.227  18.543  -16.711 0.1111111119
78070  -31.328  18.267  -17.508 0.1111111119
76520  -31.542  16.415  -17.999 0.1111111119
78056  -25.415  18.538  -15.964 0.4444444478
107608  -30.866  19.791  -18.713 0.2222222239
81182  -30.212  21.883  -17.902 0.1111111119
80466  -30.471  21.460  -19.247 0.1111111119
79753  -30.071  20.183  -20.572 0.1111111119
78869  -25.127  19.750  -16.190 0.3333333433
81191  -29.736  22.839  -19.828 0.1111111119
119071  -23.321  21.287  -16.110 0.2222222239
82563  -22.040  25.013  -15.463 0.1111111119
69035  -36.548  7.131  -14.952 0.1111111119
69049  -35.558  7.462  -15.803 0.1111111119
73255  -32.830  12.131  -14.542 0.2222222239
75712  -19.413  15.801  -14.632 0.4444444478
76490  -21.587  16.336  -15.037 0.4444444478
78853  -25.676  19.232  -15.828 0.4444444478
116170  -28.108  21.508  -16.082 0.2222222239
80429  -24.016  21.469  -13.814 0.1111111119
81152  -22.587  23.195  -15.580 0.1111111119
81848  -22.299  24.101  -15.475 0.1111111119
68246  -35.312  6.738  -15.474 0.1111111119
68218  -32.919  5.782  -14.397 0.1111111119
67452  -33.876  5.547  -14.881 0.1111111119
68232  -34.476  6.241  -15.286 0.1111111119
69050  -37.133  7.830  -15.287 0.1111111119
69866  -37.139  8.969  -16.146 0.1111111119
69864  -34.504  8.412  -16.597 0.1111111119
70693  -35.557  9.685  -17.270 0.1111111119
71578  -33.934  9.582  -17.506 0.1111111119
72424  -33.299  11.018  -17.122 0.1111111119
71583  -33.654  10.066  -17.876 0.1111111119
71577  -33.525  10.325  -16.830 0.1111111119
73287  -33.032  11.629  -17.495 0.1111111119
73286  -32.758  12.276  -17.886 0.1111111119
74966  -32.237  14.134  -18.039 0.1111111119
75725  -19.901  15.276  -15.171 0.4444444478
74965  -31.864  14.869  -18.359 0.1111111119
77284  -30.924  17.149  -19.130 0.1111111119
75757  -31.514  15.557  -18.626 0.1111111119
76474  -19.060  16.698  -14.192 0.4444444478
77288  -30.017  16.592  -20.832 0.1111111119
78099  -30.104  18.327  -20.471 0.1111111119
77209  -19.211  18.130  -13.441 0.2222222239
77222  -21.024  17.586  -14.275 0.3333333433
77210  -20.275  18.138  -13.639 0.2222222239
77223  -22.028  17.751  -14.564 0.2222222239
79765  -29.505  20.524  -21.233 0.1111111119
78023  -20.653  18.630  -13.074 0.1111111119
78028  -22.909  18.908  -14.791 0.2222222239
81202  -28.867  22.175  -21.691 0.1111111119
81206  -28.020  22.123  -22.519 0.1111111119
78019  -20.916  18.895  -12.144 0.1111111119
78013  -20.971  19.464  -11.083 0.1111111119
112627  -23.600  19.525  -12.545 0.1111111119
81893  -27.350  23.772  -22.039 0.1111111119
78838  -24.276  19.647  -12.514 0.1111111119
83306  -25.048  25.805  -17.533 0.1111111119
83310  -26.594  25.934  -18.280 0.1111111119
83315  -27.394  25.709  -19.381 0.1111111119
83321  -26.967  25.734  -20.326 0.1111111119
79693  -24.363  20.626  -13.375 0.1111111119
81140  -24.311  22.302  -14.075 0.1111111119
82580  -21.151  24.872  -16.224 0.1111111119
83983  -22.594  27.164  -17.237 0.1111111119
82564  -22.882  24.695  -14.830 0.1111111119
73254  -32.617  12.811  -14.891 0.1111111119
77260  -31.542  17.306  -16.525 0.1111111119
78856  -28.259  19.513  -15.235 0.4444444478
69824  -33.144  8.717  -14.545 0.1111111119
76492  -22.712  16.792  -15.572 0.4444444478
107044  -33.454  8.811  -15.413 0.1111111119
125310  -35.189  8.007  -16.292 0.1111111119
70685  -34.206  9.061  -17.090 0.1111111119
73266  -32.757  12.789  -15.918 0.1111111119
111427  -32.463  13.722  -17.388 0.1111111119
119965  -32.635  13.112  -17.360 0.1111111119
75752  -31.797  15.624  -17.590 0.1111111119
77270  -31.494  17.332  -17.518 0.1111111119
76523  -31.214  16.295  -18.910 0.1111111119
80452  -29.678  21.377  -16.413 0.2222222239
110891  -30.033  20.849  -16.166 0.2222222239
78904  -30.786  18.989  -19.253 0.2222222239
78091  -30.916  18.122  -19.081 0.1111111119
121587  -29.458  22.696  -20.529 0.1111111119
81884  -28.845  23.833  -20.000 0.1111111119
80474  -29.979  21.117  -20.559 0.1111111119
80486  -29.377  21.485  -21.280 0.1111111119
120876  -30.433  18.954  -19.936 0.2222222239
78912  -30.556  19.830  -19.710 0.2222222239
115419  -23.366  18.516  -15.697 0.3333333433
81180  -28.878  22.840  -17.076 0.2222222239
81877  -29.545  23.050  -17.919 0.1111111119
81880  -28.930  24.080  -18.698 0.1111111119
78036  -22.719  18.108  -15.103 0.3333333433
78026  -21.396  18.304  -13.849 0.1111111119
112352  -24.996  21.978  -16.401 0.2222222239
81173  -25.770  22.638  -16.566 0.1111111119
82599  -27.090  24.407  -17.524 0.1111111119
82603  -28.445  24.765  -18.850 0.1111111119
82611  -28.310  24.335  -20.267 0.1111111119
83316  -28.005  25.064  -19.671 0.1111111119
82617  -27.810  24.061  -21.132 0.1111111119
78020  -21.873  19.229  -11.945 0.1111111119
79705  -23.455  19.867  -15.949 0.3333333433
80448  -24.673  21.139  -16.313 0.3333333433
81866  -23.480  23.587  -16.916 0.1111111119
81873  -25.437  24.113  -17.087 0.1111111119
83311  -27.330  25.561  -18.598 0.1111111119
83308  -26.880  25.164  -17.885 0.1111111119
78841  -22.754  19.366  -12.780 0.1111111119
80437  -23.557  21.302  -14.597 0.1111111119
79699  -23.355  20.333  -15.110 0.1111111119
114556  -22.277  23.247  -16.298 0.1111111119
113117  -23.317  21.729  -16.325 0.1111111119
81865  -22.279  23.713  -16.701 0.1111111119
82595  -22.817  25.253  -17.205 0.1111111119
82597  -25.275  24.928  -17.334 0.1111111119
83307  -26.010  25.482  -17.683 0.1111111119
81139  -23.774  22.185  -14.388 0.1111111119
81153  -23.262  22.787  -14.920 0.1111111119
82581  -21.407  24.389  -15.946 0.1111111119
83296  -21.527  25.221  -16.849 0.1111111119
83304  -21.971  26.148  -17.148 0.1111111119
69853  -36.308  8.281  -15.870 0.1111111119
78080  -31.281  17.809  -18.329 0.1111111119
78911  -30.062  19.219  -20.543 0.1111111119
78920  -29.400  19.465  -21.352 0.1111111119
83305  -23.738  26.232  -17.411 0.1111111119
83268  -21.723  25.757  -15.491 0.1111111119
73278  -32.848  12.623  -16.926 0.1111111119
114720  -32.449  13.058  -18.205 0.1111111119
77283  -30.508  16.880  -20.041 0.1111111119
78098  -29.524  18.428  -21.157 0.1111111119
79764  -28.957  20.075  -21.836 0.1111111119
78018  -19.937  18.675  -12.268 0.1111111119
121726  -28.972  20.757  -21.812 0.1111111119
83986  -25.785  26.311  -17.967 0.1111111119
83303  -20.892  26.188  -16.529 0.1111111119
83982  -21.331  26.977  -16.841 0.1111111119
50371  -21.441  -13.895  -6.975 0.2222222239
62067  -17.457  -0.300  -10.453 0.2222222239
62950  -16.970  0.357  -10.304 0.2222222239
62937  -17.228  -0.376  -10.428 0.4444444478
114905  -19.165  15.103  -14.717 0.3333333433
74920  -18.241  14.987  -14.156 0.2222222239
77207  -17.625  17.595  -13.125 0.1111111119
77220  -19.006  17.592  -13.803 0.1111111119
72359  -15.809  11.132  -12.008 0.2222222239
71509  -15.667  10.264  -12.000 0.1111111119
112174  -15.383  10.520  -11.643 0.1111111119
110259  -17.128  12.874  -12.940 0.1111111119
74085  -17.491  13.309  -13.202 0.1111111119
75689  -17.922  16.066  -13.363 0.1111111119
76458  -17.688  17.320  -13.184 0.1111111119
116907  -17.845  17.961  -13.010 0.1111111119
74890  -17.588  14.095  -13.330 0.1111111119
66527  -16.719  4.204  -10.550 0.3333333433
75711  -18.676  15.866  -14.170 0.3333333433
76473  -18.221  16.725  -13.645 0.3333333433
62049  -18.326  -1.136  -10.217 0.2222222239
74906  -17.511  15.067  -13.433 0.1111111119
75703  -18.056  15.906  -13.524 0.1111111119
76466  -17.625  16.838  -13.145 0.1111111119
74070  -17.768  13.550  -12.703 0.1111111119
74891  -17.688  14.827  -13.581 0.1111111119
108134  -18.087  15.449  -12.353 0.1111111119
74875  -17.598  14.143  -12.831 0.1111111119
62121  -32.033  -0.070  -13.739 0.1111111119
49486  -21.744  -14.624  -6.717 0.1111111119
49487  -22.511  -14.515  -6.656 0.1111111119
48567  -22.967  -14.869  -6.228 0.1111111119
49465  -20.192  -14.532  -6.081 0.1111111119
124915  -20.256  -14.007  -6.358 0.1111111119
50370  -20.665  -13.610  -6.765 0.1111111119
107635  -19.324  -11.786  -6.416 0.1111111119
59535  -18.848  -3.617  -7.571 0.1111111119
62911  -16.636  0.168  -9.431 0.1111111119
62936  -16.973  0.053  -10.321 0.1111111119
62068  -17.961  -0.569  -10.390 0.1111111119
68182  -15.987  6.705  -11.130 0.2222222239
68984  -16.033  7.355  -11.566 0.2222222239
68971  -15.834  7.376  -11.221 0.2222222239
68958  -15.630  7.943  -10.710 0.2222222239
63773  -16.812  0.764  -10.230 0.1111111119
63788  -16.738  1.431  -10.220 0.1111111119
49464  -19.764  -14.643  -5.509 0.1111111119
48565  -21.398  -15.307  -6.297 0.1111111119
48566  -22.295  -15.166  -6.354 0.1111111119
49488  -23.283  -14.290  -6.395 0.1111111119
112714  -19.357  -14.048  -5.237 0.1111111119
50369  -19.868  -13.247  -6.316 0.1111111119
51212  -19.225  -12.473  -5.934 0.1111111119
52220  -18.815  -11.091  -6.281 0.1111111119
53161  -18.683  -10.285  -6.375 0.1111111119
54100  -18.951  -9.429  -6.657 0.1111111119
58680  -18.978  -4.494  -7.455 0.1111111119
108973  -18.752  -2.926  -7.645 0.1111111119
62021  -17.997  0.141  -8.594 0.1111111119
68959  -16.314  6.363  -10.854 0.2222222239
69759  -15.883  8.262  -10.480 0.2222222239
112767  -15.130  9.542  -9.464 0.1111111119
49489  -24.030  -14.058  -5.989 0.1111111119
69771  -15.122  8.808  -10.218 0.2222222239
70597  -15.180  9.268  -11.384 0.1111111119
60434  -18.930  -2.821  -9.457 0.1111111119
68169  -16.151  6.062  -11.007 0.2222222239
107706  -18.534  -7.991  -5.928 0.1111111119
55970  -19.101  -7.296  -6.855 0.1111111119
51231  -19.790  -12.446  -6.533 0.1111111119
59553  -18.940  -3.298  -9.024 0.1111111119
49485  -20.868  -14.499  -6.472 0.1111111119
48550  -20.434  -15.341  -5.785 0.1111111119
50347  -19.746  -13.984  -5.883 0.1111111119
59508  -19.077  -4.057  -6.918 0.1111111119
68960  -16.261  7.165  -10.797 0.1111111119
52210  -18.690  -11.600  -5.655 0.1111111119
60419  -18.839  -2.738  -9.163 0.1111111119
69772  -16.615  8.723  -10.607 0.1111111119
70571  -15.882  10.045  -8.598 0.1111111119
73220  -16.208  11.801  -12.035 0.1111111119
67376  -16.920  4.989  -10.491 0.1111111119
72350  -15.173  11.861  -10.891 0.1111111119
73206  -16.382  11.865  -12.265 0.1111111119
50374  -25.177  -12.809  -6.116 0.2222222239
55096  -24.681  -8.617  -10.200 0.3333333433
56957  -30.640  -6.102  -12.813 0.1111111119
58748  -25.763  -4.140  -11.494 0.4444444478
59592  -27.209  -3.097  -11.473 0.3333333433
60462  -27.698  -2.465  -11.568 0.3333333433
61269  -25.720  -1.667  -11.851 0.6666666865
61272  -28.197  -2.020  -11.677 0.3333333433
61283  -24.405  -1.663  -12.796 0.8888888955
61306  -23.890  -1.259  -13.272 1.0000000000
61307  -32.020  -0.883  -13.586 0.1111111119
62981  -31.009  0.587  -13.459 0.2222222239
62991  -22.842  0.793  -14.024 1.0000000000
63790  -18.595  1.116  -11.580 1.0000000000
63809  -30.694  1.155  -13.168 0.2222222239
63810  -31.062  1.861  -13.283 0.3333333433
63818  -21.348  1.288  -13.491 1.0000000000
63820  -24.756  1.339  -14.057 1.0000000000
64751  -24.794  2.801  -14.651 1.0000000000
65647  -27.664  3.404  -12.523 0.5555555820
65677  -24.893  3.504  -14.818 1.0000000000
65680  -23.221  3.771  -15.253 1.0000000000
65681  -23.826  3.390  -15.262 1.0000000000
66576  -32.102  4.258  -13.691 0.2222222239
66586  -21.567  4.089  -14.663 0.8888888955
67435  -25.649  5.466  -14.196 0.8888888955
67451  -25.467  6.022  -14.528 1.0000000000
67462  -23.599  5.093  -15.498 1.0000000000
67464  -25.036  5.879  -15.050 1.0000000000
68168  -16.020  6.584  -11.112 0.2222222239
68194  -16.430  6.615  -11.700 0.3333333433
68202  -28.999  6.205  -12.473 0.5555555820
68241  -21.564  6.591  -15.284 1.0000000000
68245  -24.765  6.615  -15.304 0.8888888955
68972  -15.990  6.873  -10.981 0.2222222239
69008  -31.417  7.616  -12.714 0.5555555820
69018  -26.545  7.515  -13.796 0.7777777910
69021  -28.847  7.935  -12.588 0.6666666865
69028  -18.956  7.461  -14.310 0.7777777910
69034  -33.770  6.886  -15.367 0.1111111119
69042  -20.871  7.163  -15.258 1.0000000000
69758  -15.293  8.794  -10.184 0.2222222239
69787  -15.003  8.704  -10.557 0.2222222239
69802  -15.910  8.598  -11.979 0.5555555820
69822  -28.193  8.533  -12.848 0.7777777910
69833  -18.482  8.090  -14.183 0.8888888955
69835  -25.668  8.565  -14.713 0.8888888955
69844  -20.221  7.828  -15.155 1.0000000000
69863  -23.152  9.119  -16.174 0.8888888955
69865  -35.599  8.679  -16.445 0.1111111119
70570  -14.941  10.198  -8.467 0.1111111119
70586  -14.636  9.547  -9.694 0.1111111119
70611  -15.483  9.340  -11.663 0.3333333433
70620  -30.515  9.745  -12.489 0.5555555820
70635  -27.214  9.805  -13.729 0.7777777910
70639  -32.471  9.706  -13.374 0.4444444478
70651  -18.251  9.537  -14.216 0.6666666865
70656  -33.203  9.503  -14.630 0.1111111119
70662  -19.581  9.683  -15.057 0.7777777910
70667  -24.169  9.773  -15.889 0.8888888955
70668  -24.829  9.526  -15.467 0.8888888955
70681  -22.677  9.718  -16.368 0.8888888955
70686  -34.958  8.996  -17.092 0.1111111119
71519  -32.251  10.337  -13.167 0.5555555820
71533  -28.364  10.588  -13.164 0.6666666865
71535  -30.114  10.496  -12.520 0.5555555820
71546  -17.833  10.266  -13.923 0.5555555820
71548  -19.152  10.386  -14.862 0.7777777910
71549  -25.659  10.033  -14.803 0.8888888955
71562  -21.227  10.211  -16.149 0.8888888955
71564  -25.398  10.680  -15.093 0.8888888955
71574  -21.739  10.691  -16.363 0.7777777910
72340  -15.103  11.796  -9.798 0.1111111119
72360  -16.394  11.562  -12.357 0.2222222239
72382  -31.965  11.787  -13.192 0.4444444478
72395  -26.138  11.600  -14.641 0.7777777910
72396  -26.525  11.018  -14.373 0.8888888955
72423  -24.180  11.378  -15.777 0.7777777910
73233  -17.116  12.644  -13.025 0.3333333433
73276  -23.144  12.250  -16.370 0.6666666865
73277  -23.772  12.180  -15.910 0.6666666865
73279  -33.098  11.964  -16.460 0.1111111119
74100  -27.698  13.045  -13.697 0.5555555820
74116  -31.654  14.130  -14.049 0.4444444478
74126  -20.287  13.832  -15.546 0.6666666865
74141  -32.568  13.562  -16.509 0.1111111119
74876  -17.865  14.420  -12.600 0.1111111119
74905  -17.626  14.303  -13.435 0.1111111119
74911  -29.869  14.622  -13.388 0.5555555820
74925  -30.967  15.180  -14.068 0.4444444478
74938  -22.000  14.936  -15.755 0.4444444478
74941  -31.876  15.046  -15.207 0.3333333433
74951  -24.216  14.433  -16.081 0.6666666865
74959  -32.047  14.895  -17.568 0.1111111119
75741  -23.221  15.293  -16.031 0.5555555820
75743  -24.810  16.239  -15.852 0.5555555820
76476  -20.720  16.794  -14.623 0.4444444478
76506  -24.950  17.098  -16.014 0.4444444478
76507  -31.650  16.588  -16.049 0.3333333433
77208  -18.271  18.092  -13.172 0.1111111119
77219  -18.394  17.453  -13.563 0.1111111119
77224  -27.891  17.290  -14.633 0.6666666865
77228  -31.123  17.098  -15.080 0.5555555820
77241  -23.137  17.607  -15.774 0.3333333433
77246  -30.912  17.717  -15.159 0.5555555820
78041  -29.857  18.837  -15.016 0.3333333433
78043  -31.335  18.011  -16.189 0.1111111119
78057  -30.964  18.713  -15.971 0.2222222239
78857  -29.164  19.526  -15.250 0.4444444478
78871  -30.615  19.625  -16.010 0.2222222239
78896  -31.110  18.848  -18.295 0.2222222239
79709  -30.062  20.297  -15.814 0.2222222239
79719  -29.346  20.809  -15.832 0.4444444478
79741  -30.692  20.654  -19.039 0.1111111119
80442  -22.927  21.966  -16.145 0.1111111119
80453  -30.256  21.037  -16.791 0.2222222239
81181  -29.712  22.392  -17.422 0.1111111119
81187  -30.286  22.072  -18.690 0.1111111119
81196  -29.369  22.286  -21.028 0.1111111119
81197  -29.804  22.034  -20.379 0.1111111119
81894  -28.174  23.357  -21.543 0.1111111119
82589  -21.469  24.418  -16.438 0.1111111119
83295  -21.032  25.278  -16.346 0.1111111119
83312  -27.955  25.297  -18.933 0.1111111119
103746  -30.978  -1.955  -13.309 0.1111111119
106942  -29.067  4.719  -12.387 0.4444444478
108736  -28.452  22.118  -16.447 0.2222222239
109985  -24.740  12.791  -15.591 0.6666666865
110143  -32.247  5.694  -13.811 0.1111111119
110480  -30.281  17.553  -20.321 0.1111111119
110827  -23.998  21.656  -16.478 0.2222222239
111299  -30.309  11.933  -12.608 0.6666666865
111552  -27.927  24.079  -17.633 0.1111111119
112025  -22.827  0.185  -13.747 1.0000000000
112123  -33.430  7.497  -15.109 0.1111111119
112171  -30.937  13.354  -13.153 0.5555555820
112485  -27.288  13.811  -13.987 0.5555555820
112490  -22.180  5.942  -15.330 0.8888888955
112892  -25.261  14.046  -15.301 0.6666666865
113050  -27.463  15.112  -14.143 0.6666666865
113264  -22.979  12.886  -16.504 0.6666666865
113899  -14.743  11.237  -10.386 0.1111111119
114082  -25.764  18.027  -15.789 0.4444444478
114214  -30.985  9.181  -12.521 0.4444444478
114435  -26.993  6.883  -13.481 0.8888888955
114462  -15.357  8.173  -10.820 0.3333333433
114831  -18.382  14.144  -14.218 0.4444444478
115853  -20.387  11.873  -15.716 0.6666666865
115962  -19.524  13.066  -15.139 0.5555555820
116123  -25.966  22.049  -16.298 0.2222222239
116174  -32.579  -0.522  -13.565 0.1111111119
116296  -15.913  9.232  -9.916 0.1111111119
117021  -26.122  -12.156  -6.385 0.1111111119
120602  -30.633  17.614  -19.656 0.1111111119
121236  -25.816  10.473  -14.755 0.8888888955
122008  -24.741  5.588  -15.271 1.0000000000
122259  -29.265  5.740  -12.442 0.6666666865
122408  -24.565  1.754  -14.355 1.0000000000
122788  -25.625  3.125  -13.719 0.8888888955
124303  -25.319  4.551  -14.616 1.0000000000
124837  -31.360  10.888  -12.686 0.5555555820
125065  -31.229  6.283  -12.779 0.4444444478
125206  -22.539  -1.987  -12.727 0.8888888955
125222  -31.366  0.111  -13.584 0.2222222239
