#!ascii label  , from subject sub-v2s16x51274_ses-1 vox2ras=TkReg
1065
119879  26.709  -21.387  47.608 0.0000000000
122895  47.181  -8.152  34.262 0.0000000000
55485  37.606  -15.460  39.386 0.0000000000
42613  10.030  -28.484  57.560 0.0000000000
47947  22.753  -23.367  51.065 0.0000000000
60484  38.763  -10.767  38.555 0.0000000000
45940  15.691  -25.598  53.893 0.0000000000
111447  14.938  -30.326  56.679 0.0000000000
45947  19.254  -25.786  52.212 0.0000000000
61461  51.650  -9.252  34.609 0.0000000000
53492  30.075  -17.924  46.740 0.0000000000
124688  33.619  -19.689  43.524 0.0000000000
49908  32.377  -21.454  48.517 0.0000000000
65044  51.239  -5.711  32.408 0.0000000000
120069  53.557  -7.592  30.241 0.0000000000
63209  44.366  -7.378  35.935 0.0000000000
59635  46.424  -11.790  37.094 0.0000000000
59654  42.568  -11.150  36.952 0.0000000000
108560  41.741  -15.630  39.475 0.0000000000
44947  27.608  -26.752  50.747 0.0000000000
38518  8.668  -32.544  60.149 0.0000000000
109494  4.925  -33.102  62.279 0.0000000000
37442  2.887  -33.772  65.076 0.0000000000
48976  24.791  -22.844  49.668 0.0000000000
43835  23.055  -27.510  50.543 0.0000000000
56521  33.481  -14.869  41.635 0.0000000000
52606  37.000  -17.701  45.301 0.0000000000
119839  55.557  -3.460  27.835 0.0000000000
62362  49.329  -8.629  34.259 0.0000000000
60521  49.374  -10.331  35.687 0.0000000000
50797  27.497  -19.102  46.805 0.0000000000
50794  29.951  -20.413  45.996 0.0000000000
49911  29.606  -21.013  48.503 0.0000000000
65028  47.580  -5.407  34.499 0.0000000000
66724  50.469  -3.679  34.502 0.0000000000
64183  49.127  -6.281  33.159 0.0000000000
62386  50.836  -7.575  32.736 0.0000000000
32780  3.040  -37.995  64.734 0.0000000000
61430  43.254  -9.233  36.311 0.0000000000
62332  41.451  -8.402  37.875 0.0000000000
57579  38.431  -13.832  38.348 0.0000000000
57577  40.118  -13.580  37.903 0.0000000000
54494  39.650  -16.202  39.655 0.0000000000
115612  39.759  -17.555  41.672 0.0000000000
41594  12.100  -29.016  56.822 0.0000000000
106720  13.888  -31.114  58.352 0.0000000000
40598  11.183  -30.627  58.266 0.0000000000
39475  11.180  -31.808  61.063 0.0000000000
39542  8.903  -30.787  58.613 0.0000000000
40537  6.013  -30.224  61.797 0.0000000000
37457  4.040  -33.082  63.513 0.0000000000
47959  24.305  -23.850  50.403 0.0000000000
46028  23.779  -25.608  48.801 0.0000000000
46005  22.011  -25.189  49.780 0.0000000000
44886  18.810  -27.090  53.903 0.0000000000
43766  20.771  -27.063  53.938 0.0000000000
50791  35.363  -20.593  46.122 0.0000000000
52616  35.697  -18.775  44.252 0.0000000000
61406  40.221  -9.091  38.834 0.0000000000
59592  38.261  -11.102  40.021 0.0000000000
57542  36.195  -13.345  39.892 0.0000000000
42693  16.984  -28.188  53.755 0.0000000000
40635  17.094  -30.221  55.950 0.0000000000
42673  15.078  -28.063  54.816 0.0000000000
43717  13.672  -27.698  56.543 0.0000000000
43683  11.920  -26.742  58.073 0.0000000000
47963  20.362  -23.333  50.399 0.0000000000
48935  18.456  -22.813  51.719 0.0000000000
116415  16.989  -25.383  52.512 0.0000000000
53474  32.628  -18.088  46.693 0.0000000000
53524  32.412  -17.052  44.847 0.0000000000
52619  30.925  -18.855  44.653 0.0000000000
49972  33.077  -20.802  45.862 0.0000000000
65054  53.508  -5.785  30.570 0.0000000000
64201  52.440  -6.556  31.385 0.0000000000
123941  52.662  -8.958  32.608 0.0000000000
62366  45.940  -7.784  34.728 0.0000000000
60524  46.580  -10.135  35.574 0.0000000000
60525  45.200  -9.917  35.712 0.0000000000
118388  44.470  -11.509  36.912 0.0000000000
57574  43.828  -13.523  38.304 0.0000000000
59641  40.456  -11.342  37.289 0.0000000000
57576  41.673  -13.616  38.021 0.0000000000
47004  27.839  -24.771  48.750 0.0000000000
47974  29.126  -22.805  50.126 0.0000000000
65017  46.526  -5.384  36.102 0.0000000000
42560  8.129  -27.971  59.961 0.0000000000
40572  7.351  -30.826  59.651 0.0000000000
37515  6.973  -32.995  60.603 0.0000000000
35592  7.131  -35.205  63.298 0.0000000000
35594  5.328  -35.864  62.894 0.0000000000
35582  2.977  -35.930  63.765 0.0000000000
35573  2.019  -35.519  65.195 0.0000000000
35553  -0.260  -35.616  67.222 0.0000000000
114236  25.714  -21.977  47.834 0.0000000000
118103  25.573  -25.556  48.335 0.0000000000
120735  25.285  -27.923  50.926 0.0000000000
121081  20.833  -26.407  51.567 0.0000000000
55474  35.480  -15.530  40.431 0.0000000000
53539  33.181  -16.574  43.215 0.0000000000
53550  35.419  -16.904  42.690 0.0000000000
113425  37.764  -17.196  41.588 0.0000000000
48951  31.236  -22.082  50.981 0.0000000000
65911  56.806  -4.255  26.936 0.0000000000
65062  54.538  -5.775  28.931 0.0000000000
64227  56.136  -6.904  28.105 0.0000000000
62363  48.643  -8.267  34.036 0.0000000000
61463  49.539  -9.192  34.707 0.0000000000
61464  48.555  -9.103  34.604 0.0000000000
50783  27.167  -19.776  47.161 0.0000000000
50781  28.862  -20.482  47.171 0.0000000000
49931  28.283  -20.940  47.837 0.0000000000
63229  47.692  -6.947  33.819 0.0000000000
123522  48.543  -5.741  33.567 0.0000000000
63228  48.285  -7.144  33.611 0.0000000000
62374  49.564  -8.014  33.699 0.0000000000
33652  2.390  -37.989  65.031 0.0000000000
63196  42.590  -7.814  37.292 0.0000000000
63184  41.997  -7.579  39.071 0.0000000000
56557  37.671  -14.728  38.919 0.0000000000
55502  38.804  -15.112  38.843 0.0000000000
55484  38.478  -15.631  39.297 0.0000000000
53569  39.653  -17.123  40.675 0.0000000000
109026  38.350  -16.745  40.405 0.0000000000
41579  11.378  -29.305  57.147 0.0000000000
40616  11.740  -30.198  57.700 0.0000000000
40617  10.842  -29.988  57.683 0.0000000000
39540  10.555  -31.031  58.705 0.0000000000
41569  9.158  -29.539  58.099 0.0000000000
47946  23.620  -23.970  51.160 0.0000000000
46988  23.147  -24.557  49.686 0.0000000000
46989  22.218  -24.475  49.912 0.0000000000
125457  18.782  -27.865  54.871 0.0000000000
56478  32.132  -14.148  45.650 0.0000000000
50790  36.711  -20.026  46.641 0.0000000000
109051  37.329  -12.082  39.734 0.0000000000
58632  37.075  -11.910  40.500 0.0000000000
43770  16.052  -27.285  53.705 0.0000000000
43746  16.262  -28.030  53.912 0.0000000000
121129  15.520  -26.941  54.066 0.0000000000
44866  14.477  -26.432  56.858 0.0000000000
43699  13.937  -26.803  57.182 0.0000000000
43700  13.245  -27.063  57.335 0.0000000000
49867  20.150  -21.945  51.808 0.0000000000
46941  16.122  -24.223  53.844 0.0000000000
47938  16.948  -23.948  52.811 0.0000000000
45950  16.523  -25.602  52.896 0.0000000000
44897  17.527  -26.858  53.007 0.0000000000
52608  31.453  -18.295  45.279 0.0000000000
52609  30.339  -18.548  45.223 0.0000000000
49951  31.246  -20.854  46.806 0.0000000000
49974  31.601  -20.773  46.133 0.0000000000
114589  32.614  -21.107  47.312 0.0000000000
49926  33.450  -21.153  47.463 0.0000000000
49907  33.215  -21.426  48.410 0.0000000000
107493  50.846  -4.438  33.101 0.0000000000
65051  52.698  -5.860  31.582 0.0000000000
64202  51.938  -6.035  31.972 0.0000000000
62372  51.482  -8.520  33.206 0.0000000000
62384  52.016  -8.439  32.594 0.0000000000
62371  52.183  -8.941  33.255 0.0000000000
64178  45.104  -6.991  35.509 0.0000000000
113578  45.157  -8.607  35.264 0.0000000000
62352  44.548  -8.194  35.552 0.0000000000
60512  42.670  -10.369  36.714 0.0000000000
60511  43.564  -10.122  36.364 0.0000000000
59637  43.819  -11.692  37.071 0.0000000000
57591  44.306  -12.845  37.830 0.0000000000
120040  42.970  -12.577  37.516 0.0000000000
61407  39.746  -9.728  38.506 0.0000000000
61418  40.040  -10.165  37.746 0.0000000000
60495  39.727  -10.974  37.499 0.0000000000
55500  40.595  -14.930  38.723 0.0000000000
115403  40.920  -13.259  37.761 0.0000000000
109653  41.693  -14.330  38.465 0.0000000000
56538  43.114  -14.807  39.286 0.0000000000
46002  27.681  -25.530  49.201 0.0000000000
45979  28.831  -25.209  50.424 0.0000000000
64167  45.335  -5.989  36.940 0.0000000000
64169  45.421  -6.210  36.021 0.0000000000
64177  45.778  -6.424  35.312 0.0000000000
40636  16.230  -30.194  55.991 0.0000000000
40612  16.165  -30.852  57.377 0.0000000000
122815  9.615  -32.361  60.306 0.0000000000
123371  10.625  -32.131  61.301 0.0000000000
123656  9.602  -32.980  61.830 0.0000000000
37500  8.693  -33.389  61.446 0.0000000000
43653  7.576  -27.669  60.761 0.0000000000
42577  7.760  -28.986  59.656 0.0000000000
41536  6.910  -29.209  60.904 0.0000000000
39477  5.599  -31.963  61.661 0.0000000000
39476  6.067  -31.868  61.132 0.0000000000
37503  6.290  -33.336  61.184 0.0000000000
36600  7.310  -34.239  61.755 0.0000000000
36588  5.701  -34.600  61.994 0.0000000000
35608  5.954  -35.317  62.426 0.0000000000
36589  4.868  -34.593  62.373 0.0000000000
37458  3.398  -33.609  64.163 0.0000000000
121672  3.395  -34.401  63.672 0.0000000000
36545  2.962  -34.431  64.331 0.0000000000
35583  2.389  -36.056  64.378 0.0000000000
36546  2.397  -34.543  65.212 0.0000000000
117823  25.075  -21.082  50.321 0.0000000000
50769  25.171  -20.404  49.035 0.0000000000
49895  24.851  -21.978  49.039 0.0000000000
47035  25.812  -24.029  47.839 0.0000000000
118273  25.328  -24.166  48.198 0.0000000000
43862  23.404  -27.184  49.735 0.0000000000
43861  24.278  -27.273  49.562 0.0000000000
43807  24.539  -27.995  51.054 0.0000000000
46972  19.840  -24.942  50.973 0.0000000000
45983  20.718  -25.034  50.421 0.0000000000
44933  20.040  -26.074  52.005 0.0000000000
43765  21.705  -27.504  53.469 0.0000000000
60508  46.764  -10.801  36.123 0.0000000000
60507  48.085  -10.960  36.179 0.0000000000
59633  47.966  -11.874  37.168 0.0000000000
57530  34.201  -13.305  41.422 0.0000000000
57544  34.632  -13.903  40.728 0.0000000000
56531  34.558  -14.670  40.745 0.0000000000
52617  32.654  -17.854  44.250 0.0000000000
53540  32.688  -16.933  43.998 0.0000000000
116612  33.722  -19.016  43.430 0.0000000000
52615  36.383  -18.340  44.953 0.0000000000
53537  35.156  -17.479  43.370 0.0000000000
53536  36.391  -17.346  43.741 0.0000000000
53549  36.185  -16.911  42.214 0.0000000000
111348  36.792  -17.198  42.861 0.0000000000
112462  38.738  -17.638  42.787 0.0000000000
48953  29.655  -22.378  50.506 0.0000000000
66754  56.099  -3.804  27.344 0.0000000000
64208  53.338  -6.766  30.381 0.0000000000
65057  54.189  -5.545  29.454 0.0000000000
63271  53.864  -7.088  29.770 0.0000000000
62435  56.165  -8.238  28.808 0.0000000000
63286  57.249  -7.933  28.141 0.0000000000
47909  15.886  -24.111  54.485 0.0000000000
45932  15.330  -25.432  54.817 0.0000000000
61462  50.927  -9.039  34.418 0.0000000000
61441  51.822  -9.531  35.270 0.0000000000
117134  50.298  -9.216  34.734 0.0000000000
53494  28.645  -17.955  46.532 0.0000000000
52610  29.507  -18.605  45.495 0.0000000000
50819  28.842  -19.625  45.931 0.0000000000
49953  29.628  -20.495  46.738 0.0000000000
49910  30.589  -21.167  48.542 0.0000000000
66711  49.812  -3.656  35.153 0.0000000000
108809  48.999  -4.426  34.092 0.0000000000
65035  49.275  -5.352  33.297 0.0000000000
64193  49.861  -5.735  32.822 0.0000000000
64192  50.524  -6.093  32.515 0.0000000000
63242  49.914  -6.613  32.801 0.0000000000
122790  50.339  -8.203  33.578 0.0000000000
33666  4.328  -37.682  64.520 0.0000000000
63194  44.018  -6.903  36.837 0.0000000000
62353  43.938  -8.031  35.948 0.0000000000
126121  42.910  -8.010  36.785 0.0000000000
62340  42.593  -8.594  36.758 0.0000000000
61432  41.882  -10.025  36.916 0.0000000000
58669  38.114  -12.075  38.537 0.0000000000
58694  38.812  -12.380  37.897 0.0000000000
57578  39.307  -13.766  38.107 0.0000000000
55501  39.616  -15.048  38.743 0.0000000000
55481  40.982  -15.612  39.323 0.0000000000
54483  40.908  -16.724  40.305 0.0000000000
116129  40.918  -17.398  41.322 0.0000000000
43785  27.359  -27.763  52.035 0.0000000000
41592  13.785  -29.606  56.557 0.0000000000
39556  14.571  -30.988  57.818 0.0000000000
40615  13.097  -30.287  57.393 0.0000000000
39537  13.073  -31.291  58.951 0.0000000000
39514  12.572  -31.430  59.816 0.0000000000
39517  9.927  -31.451  59.103 0.0000000000
38530  9.165  -31.919  59.504 0.0000000000
112477  6.092  -29.238  62.169 0.0000000000
40519  5.215  -30.223  63.340 0.0000000000
38492  4.823  -32.327  62.661 0.0000000000
115130  4.495  -32.909  62.868 0.0000000000
39429  4.423  -31.696  63.961 0.0000000000
39417  4.023  -31.894  64.610 0.0000000000
38441  3.066  -32.438  66.060 0.0000000000
48955  24.673  -23.380  50.282 0.0000000000
47005  24.224  -24.518  48.908 0.0000000000
47006  23.511  -25.001  49.091 0.0000000000
46004  23.116  -25.742  49.150 0.0000000000
44949  22.563  -26.944  49.939 0.0000000000
44912  18.812  -26.191  52.790 0.0000000000
44911  19.673  -26.370  52.925 0.0000000000
44884  20.025  -26.930  54.576 0.0000000000
58668  46.080  -12.820  38.074 0.0000000000
57517  32.658  -14.097  42.751 0.0000000000
113258  34.042  -20.655  44.915 0.0000000000
51646  34.638  -19.812  43.758 0.0000000000
50813  35.406  -20.196  45.059 0.0000000000
123938  36.481  -19.083  45.507 0.0000000000
66750  55.045  -3.549  29.621 0.0000000000
122647  -0.242  -38.081  66.407 0.0000000000
61385  40.637  -9.389  40.469 0.0000000000
109089  39.193  -9.958  39.925 0.0000000000
59604  38.261  -11.273  38.952 0.0000000000
106690  37.512  -12.643  39.011 0.0000000000
57557  36.989  -13.444  39.198 0.0000000000
56539  37.007  -14.784  39.258 0.0000000000
42647  18.569  -28.486  55.269 0.0000000000
41588  18.439  -29.411  56.547 0.0000000000
41618  17.072  -29.306  54.705 0.0000000000
41619  16.179  -29.217  54.779 0.0000000000
41607  14.945  -29.276  55.703 0.0000000000
44875  14.813  -26.647  55.792 0.0000000000
43732  14.667  -27.596  55.483 0.0000000000
41608  14.253  -29.126  56.091 0.0000000000
42629  13.195  -28.431  56.458 0.0000000000
43719  12.092  -27.778  56.973 0.0000000000
43703  10.435  -27.613  57.660 0.0000000000
48956  21.942  -22.791  50.775 0.0000000000
48934  20.556  -22.086  51.106 0.0000000000
47964  19.560  -23.519  50.667 0.0000000000
46974  18.597  -24.314  51.300 0.0000000000
48915  17.817  -23.042  52.238 0.0000000000
46975  17.919  -24.158  51.632 0.0000000000
45948  18.420  -25.616  52.143 0.0000000000
44896  18.414  -26.728  53.175 0.0000000000
43745  18.509  -27.703  54.163 0.0000000000
54419  32.599  -16.655  46.909 0.0000000000
55429  31.905  -15.424  45.625 0.0000000000
53508  32.190  -17.013  45.685 0.0000000000
52607  32.192  -17.716  45.087 0.0000000000
51649  32.057  -19.545  43.873 0.0000000000
51624  30.140  -19.668  44.900 0.0000000000
50837  31.930  -20.398  44.548 0.0000000000
50836  32.813  -20.479  44.337 0.0000000000
49971  33.950  -20.821  45.757 0.0000000000
49924  35.156  -20.999  47.691 0.0000000000
65050  53.381  -5.523  31.293 0.0000000000
64209  53.001  -6.231  30.957 0.0000000000
63263  53.072  -7.595  30.715 0.0000000000
63240  51.266  -7.247  32.342 0.0000000000
63255  52.465  -7.498  31.346 0.0000000000
62365  46.523  -8.038  34.476 0.0000000000
61466  46.893  -8.794  34.686 0.0000000000
62351  45.892  -8.543  34.872 0.0000000000
118865  45.883  -9.851  35.528 0.0000000000
60509  45.836  -10.540  36.017 0.0000000000
61429  43.973  -9.481  36.033 0.0000000000
110475  44.995  -10.495  36.174 0.0000000000
119131  45.733  -11.677  37.009 0.0000000000
57590  45.220  -12.866  37.994 0.0000000000
57573  44.688  -13.445  38.411 0.0000000000
62325  40.830  -8.722  38.393 0.0000000000
118066  40.756  -9.935  37.487 0.0000000000
59640  41.176  -11.649  37.252 0.0000000000
57595  40.263  -12.782  37.618 0.0000000000
117020  40.999  -12.474  37.469 0.0000000000
58690  42.294  -12.400  37.425 0.0000000000
126808  43.095  -13.572  38.195 0.0000000000
49011  26.726  -22.836  47.748 0.0000000000
48990  28.321  -22.099  48.864 0.0000000000
47003  28.362  -24.135  49.151 0.0000000000
46985  29.311  -24.231  50.757 0.0000000000
65023  47.111  -5.211  35.359 0.0000000000
64176  46.319  -6.514  34.766 0.0000000000
43685  9.972  -27.236  58.343 0.0000000000
43651  8.771  -26.907  59.933 0.0000000000
42595  8.794  -28.387  58.592 0.0000000000
41555  8.133  -29.626  58.924 0.0000000000
40587  8.081  -30.658  58.980 0.0000000000
39519  7.767  -31.456  59.464 0.0000000000
41545  6.559  -30.176  60.948 0.0000000000
38520  7.065  -32.278  60.264 0.0000000000
38519  7.722  -32.620  60.230 0.0000000000
37501  7.836  -33.635  61.205 0.0000000000
36585  7.834  -34.325  62.430 0.0000000000
34610  5.392  -36.914  64.043 0.0000000000
36567  4.259  -34.531  62.799 0.0000000000
116920  4.555  -36.074  63.098 0.0000000000
33681  3.950  -37.320  63.801 0.0000000000
111249  3.301  -37.218  63.921 0.0000000000
34613  2.259  -36.780  64.546 0.0000000000
34614  1.685  -36.878  65.149 0.0000000000
36536  1.437  -34.656  66.547 0.0000000000
113120  1.278  -35.464  66.180 0.0000000000
34602  0.201  -37.103  66.535 0.0000000000
51604  26.151  -19.438  47.900 0.0000000000
51593  25.557  -19.898  48.482 0.0000000000
115850  26.332  -22.017  47.675 0.0000000000
48008  26.230  -23.535  47.720 0.0000000000
46025  26.465  -25.244  48.237 0.0000000000
44971  26.557  -26.507  49.357 0.0000000000
44999  24.856  -25.889  48.477 0.0000000000
44972  25.688  -26.689  49.081 0.0000000000
43831  26.528  -27.418  50.670 0.0000000000
46990  21.456  -24.704  50.035 0.0000000000
45982  21.574  -25.577  50.114 0.0000000000
44931  22.245  -27.240  50.777 0.0000000000
43789  21.110  -27.082  52.972 0.0000000000
43788  21.845  -27.473  52.572 0.0000000000
43787  23.048  -28.037  52.518 0.0000000000
60522  48.486  -10.416  35.659 0.0000000000
58634  35.591  -12.828  40.700 0.0000000000
57558  35.885  -14.282  39.804 0.0000000000
55486  36.704  -15.377  39.679 0.0000000000
120388  31.792  -15.421  44.662 0.0000000000
55446  32.134  -15.325  43.343 0.0000000000
109684  33.233  -16.014  42.480 0.0000000000
52627  34.558  -18.454  43.555 0.0000000000
54463  33.962  -16.450  42.513 0.0000000000
54475  34.477  -16.078  41.656 0.0000000000
55462  34.983  -15.855  40.965 0.0000000000
54473  36.641  -16.460  40.739 0.0000000000
54486  37.604  -16.593  40.482 0.0000000000
53559  38.537  -17.307  41.365 0.0000000000
48989  29.043  -21.591  49.213 0.0000000000
49893  29.880  -21.412  49.332 0.0000000000
49891  31.866  -21.638  49.453 0.0000000000
126135  32.773  -22.237  51.257 0.0000000000
48970  32.567  -21.908  50.073 0.0000000000
67649  57.213  -2.173  26.759 0.0000000000
65894  54.501  -5.061  28.962 0.0000000000
65893  54.995  -4.628  28.423 0.0000000000
63269  55.061  -7.804  29.130 0.0000000000
64228  55.379  -6.589  28.413 0.0000000000
65076  55.614  -5.115  27.806 0.0000000000
65075  56.382  -5.520  27.436 0.0000000000
122630  57.549  -5.442  26.847 0.0000000000
62364  47.768  -8.571  34.336 0.0000000000
108737  26.843  -20.590  47.470 0.0000000000
50782  27.816  -20.322  47.223 0.0000000000
49932  27.441  -21.177  47.663 0.0000000000
63217  47.074  -7.502  34.148 0.0000000000
63216  47.877  -7.754  33.879 0.0000000000
33669  1.539  -37.770  65.500 0.0000000000
55503  38.161  -15.133  38.970 0.0000000000
54495  38.913  -16.113  39.598 0.0000000000
54496  38.149  -16.257  39.824 0.0000000000
42612  10.829  -28.343  57.197 0.0000000000
41580  10.453  -29.249  57.439 0.0000000000
40618  10.139  -29.857  57.793 0.0000000000
41581  9.738  -29.358  57.787 0.0000000000
47961  22.900  -24.027  50.356 0.0000000000
123222  22.348  -23.387  50.620 0.0000000000
43715  19.258  -27.728  56.881 0.0000000000
43731  19.207  -27.638  55.794 0.0000000000
56469  32.371  -14.435  46.398 0.0000000000
44899  15.891  -26.440  53.583 0.0000000000
44887  15.343  -26.267  54.319 0.0000000000
46953  16.167  -25.022  53.433 0.0000000000
45939  16.102  -25.785  53.334 0.0000000000
116941  16.409  -26.204  53.085 0.0000000000
52598  30.913  -18.276  46.414 0.0000000000
53509  29.896  -18.060  45.863 0.0000000000
126680  31.652  -21.004  47.249 0.0000000000
49927  32.023  -21.211  47.695 0.0000000000
109209  32.732  -21.295  47.871 0.0000000000
65045  50.625  -5.302  32.728 0.0000000000
65880  51.454  -4.977  32.700 0.0000000000
114859  51.872  -5.426  32.357 0.0000000000
61478  51.610  -8.952  33.885 0.0000000000
61477  52.363  -9.239  34.016 0.0000000000
34600  5.611  -36.997  64.901 0.0000000000
124330  44.798  -7.583  35.494 0.0000000000
59653  43.402  -11.042  36.750 0.0000000000
59638  42.967  -11.841  37.179 0.0000000000
60467  39.125  -10.054  39.001 0.0000000000
60483  39.338  -10.405  38.130 0.0000000000
59622  39.054  -11.040  37.827 0.0000000000
127241  41.172  -14.606  38.572 0.0000000000
55499  41.568  -14.996  38.964 0.0000000000
120923  27.662  -26.409  50.328 0.0000000000
44946  28.169  -26.341  50.847 0.0000000000
64170  44.766  -6.587  36.354 0.0000000000
41590  15.416  -30.047  56.156 0.0000000000
114755  15.768  -30.497  56.657 0.0000000000
38504  10.004  -32.519  61.118 0.0000000000
116820  9.157  -32.882  60.887 0.0000000000
42545  6.989  -28.205  61.184 0.0000000000
38491  5.274  -32.481  61.942 0.0000000000
38507  5.843  -32.599  61.336 0.0000000000
37504  5.519  -33.256  61.660 0.0000000000
36602  5.802  -33.885  61.629 0.0000000000
37491  5.179  -33.895  62.038 0.0000000000
38454  3.253  -32.985  65.159 0.0000000000
37443  2.456  -33.847  65.734 0.0000000000
49878  25.204  -21.716  50.859 0.0000000000
48975  24.921  -21.883  50.012 0.0000000000
48993  24.887  -22.972  48.763 0.0000000000
47992  25.305  -23.208  48.275 0.0000000000
47993  24.843  -23.940  48.620 0.0000000000
43834  23.920  -27.648  50.344 0.0000000000
42724  23.665  -27.903  51.226 0.0000000000
42723  24.250  -28.306  51.876 0.0000000000
43786  23.515  -28.130  51.984 0.0000000000
124028  19.680  -25.516  51.592 0.0000000000
59650  46.961  -11.391  36.623 0.0000000000
59634  47.205  -11.864  37.134 0.0000000000
125631  33.111  -13.779  42.311 0.0000000000
57515  33.565  -13.208  42.196 0.0000000000
57531  33.450  -13.936  41.721 0.0000000000
56520  34.018  -14.318  41.144 0.0000000000
51648  32.884  -19.472  43.610 0.0000000000
52629  33.129  -18.487  43.679 0.0000000000
53523  36.732  -17.536  44.516 0.0000000000
52625  36.030  -17.845  44.223 0.0000000000
53535  37.187  -17.309  43.830 0.0000000000
66755  55.462  -2.852  28.338 0.0000000000
67639  56.018  -2.873  27.478 0.0000000000
62417  54.073  -7.976  29.930 0.0000000000
47890  15.885  -23.571  55.178 0.0000000000
112131  15.560  -24.478  55.027 0.0000000000
48857  15.748  -23.159  56.158 0.0000000000
47908  16.228  -23.529  54.337 0.0000000000
62361  50.166  -8.675  34.195 0.0000000000
61444  48.974  -9.778  35.184 0.0000000000
61443  49.880  -9.677  35.240 0.0000000000
124152  28.127  -17.964  46.906 0.0000000000
52600  28.721  -18.498  45.976 0.0000000000
51615  28.255  -19.106  46.201 0.0000000000
117332  29.038  -20.835  47.983 0.0000000000
49930  29.677  -20.717  47.539 0.0000000000
49929  30.424  -20.878  47.748 0.0000000000
65860  47.779  -4.797  35.032 0.0000000000
65027  48.361  -4.731  34.463 0.0000000000
63227  49.384  -7.177  33.247 0.0000000000
33651  3.590  -38.089  64.964 0.0000000000
63195  43.515  -6.884  37.555 0.0000000000
63199  43.246  -7.479  36.954 0.0000000000
62331  42.060  -8.264  37.402 0.0000000000
62341  41.798  -9.103  37.110 0.0000000000
58670  38.181  -12.943  38.352 0.0000000000
57597  38.823  -13.197  38.051 0.0000000000
55483  39.258  -15.624  39.223 0.0000000000
55482  40.100  -15.616  39.225 0.0000000000
54493  40.517  -16.229  39.730 0.0000000000
53568  40.476  -17.142  40.736 0.0000000000
53557  40.115  -17.411  41.203 0.0000000000
53545  40.490  -17.627  41.868 0.0000000000
64163  44.143  -6.476  37.832 0.0000000000
41577  13.162  -29.825  56.903 0.0000000000
41578  12.388  -29.754  57.148 0.0000000000
124037  12.496  -30.401  57.731 0.0000000000
40597  12.186  -30.857  58.414 0.0000000000
39538  12.199  -31.279  59.179 0.0000000000
39515  11.677  -31.453  59.712 0.0000000000
39539  11.440  -31.170  58.933 0.0000000000
39541  9.702  -30.880  58.556 0.0000000000
112269  9.205  -31.319  58.914 0.0000000000
39441  5.117  -30.984  63.093 0.0000000000
39442  4.786  -31.620  63.225 0.0000000000
38476  4.432  -32.321  63.362 0.0000000000
106874  3.548  -32.131  65.297 0.0000000000
47945  24.353  -24.025  51.407 0.0000000000
47958  24.868  -23.483  51.089 0.0000000000
46987  23.931  -24.380  49.595 0.0000000000
47007  22.692  -25.178  49.501 0.0000000000
45981  22.356  -25.980  49.652 0.0000000000
44895  19.154  -26.612  53.560 0.0000000000
44885  19.381  -26.964  54.304 0.0000000000
57503  32.498  -13.701  43.438 0.0000000000
56501  32.176  -14.503  43.333 0.0000000000
50814  34.658  -20.608  45.389 0.0000000000
50834  34.558  -20.295  44.375 0.0000000000
51614  36.804  -19.194  46.188 0.0000000000
61386  39.912  -9.633  40.222 0.0000000000
59605  37.769  -11.751  39.347 0.0000000000
58648  36.886  -12.656  39.765 0.0000000000
118733  37.222  -14.135  38.891 0.0000000000
115231  36.564  -14.127  39.349 0.0000000000
120882  18.200  -28.369  54.483 0.0000000000
42648  17.906  -29.082  54.875 0.0000000000
42670  17.420  -28.670  54.261 0.0000000000
112162  15.804  -28.465  54.434 0.0000000000
42672  15.334  -28.915  55.043 0.0000000000
41606  15.686  -29.634  55.509 0.0000000000
45922  15.063  -25.789  55.702 0.0000000000
44874  15.042  -26.225  55.028 0.0000000000
43716  14.384  -27.261  56.322 0.0000000000
43733  14.281  -27.942  55.995 0.0000000000
42650  13.943  -28.488  56.176 0.0000000000
118739  13.578  -29.026  56.311 0.0000000000
43701  12.368  -27.261  57.383 0.0000000000
43702  11.414  -27.482  57.386 0.0000000000
48933  21.486  -22.137  51.344 0.0000000000
49866  20.890  -21.877  51.963 0.0000000000
126292  18.979  -22.547  51.522 0.0000000000
112419  19.558  -22.294  51.445 0.0000000000
47948  19.060  -22.931  51.090 0.0000000000
106852  18.940  -23.710  50.948 0.0000000000
47949  18.457  -23.546  51.350 0.0000000000
47937  17.491  -23.730  52.156 0.0000000000
46962  17.318  -24.675  52.180 0.0000000000
45964  18.062  -24.908  51.732 0.0000000000
45949  17.579  -25.499  52.260 0.0000000000
44913  17.909  -26.201  52.577 0.0000000000
43768  17.265  -27.550  53.414 0.0000000000
43767  18.078  -27.389  53.495 0.0000000000
42669  17.748  -28.047  53.841 0.0000000000
54429  32.225  -16.168  46.241 0.0000000000
53491  32.349  -17.152  46.374 0.0000000000
117080  31.821  -18.470  44.473 0.0000000000
52618  31.486  -19.186  44.139 0.0000000000
50818  29.535  -19.835  45.501 0.0000000000
123881  29.643  -19.179  45.190 0.0000000000
124215  30.244  -20.222  45.320 0.0000000000
49973  32.272  -20.792  45.992 0.0000000000
50817  31.645  -20.623  45.357 0.0000000000
50816  32.491  -20.679  45.147 0.0000000000
50815  33.340  -20.700  45.005 0.0000000000
49906  34.057  -21.322  48.300 0.0000000000
49925  34.410  -21.105  47.581 0.0000000000
65884  53.982  -4.853  31.827 0.0000000000
63264  52.788  -6.954  30.880 0.0000000000
63241  50.622  -6.920  32.555 0.0000000000
64191  51.219  -6.435  32.278 0.0000000000
63239  51.909  -7.742  32.087 0.0000000000
62396  52.616  -8.437  31.851 0.0000000000
63254  52.961  -8.201  31.110 0.0000000000
61447  45.508  -9.243  35.340 0.0000000000
62339  43.350  -8.247  36.380 0.0000000000
61449  43.936  -8.742  35.937 0.0000000000
125216  43.997  -11.272  36.798 0.0000000000
59652  44.295  -10.811  36.511 0.0000000000
59651  45.229  -11.187  36.617 0.0000000000
59636  45.084  -11.866  37.176 0.0000000000
58687  45.740  -12.260  37.514 0.0000000000
127087  44.948  -12.407  37.571 0.0000000000
62324  41.371  -8.063  38.714 0.0000000000
62319  40.790  -8.544  39.201 0.0000000000
60494  40.538  -10.658  37.340 0.0000000000
60493  41.241  -10.408  37.176 0.0000000000
124596  41.026  -11.007  37.146 0.0000000000
57596  39.483  -13.019  37.786 0.0000000000
58693  39.667  -12.252  37.586 0.0000000000
57594  41.660  -12.867  37.617 0.0000000000
58691  41.624  -12.215  37.369 0.0000000000
57593  42.505  -13.167  37.808 0.0000000000
57575  42.451  -13.918  38.335 0.0000000000
48007  27.016  -23.709  47.884 0.0000000000
47991  27.735  -23.887  48.468 0.0000000000
65854  47.804  -4.599  35.854 0.0000000000
63219  45.754  -7.125  34.921 0.0000000000
63218  46.405  -7.281  34.509 0.0000000000
41589  17.886  -29.979  56.141 0.0000000000
121737  18.475  -29.522  57.297 0.0000000000
40625  18.093  -30.083  56.956 0.0000000000
43667  10.257  -26.462  59.013 0.0000000000
43652  8.104  -27.156  60.464 0.0000000000
43669  8.732  -27.756  59.164 0.0000000000
41570  8.679  -29.200  58.430 0.0000000000
42576  8.291  -28.629  59.074 0.0000000000
125388  7.327  -29.339  60.150 0.0000000000
41556  7.570  -29.956  59.519 0.0000000000
41537  6.441  -29.492  61.524 0.0000000000
38506  6.487  -32.520  60.796 0.0000000000
39498  6.618  -31.723  60.542 0.0000000000
37514  7.535  -33.210  60.720 0.0000000000
37502  7.019  -33.655  61.055 0.0000000000
36586  7.236  -34.755  62.565 0.0000000000
35593  6.353  -35.756  63.213 0.0000000000
34622  5.792  -36.369  63.594 0.0000000000
34623  5.028  -36.592  63.418 0.0000000000
37492  4.449  -33.741  62.661 0.0000000000
116595  3.829  -34.033  63.270 0.0000000000
118317  3.215  -35.121  63.685 0.0000000000
36568  3.793  -34.892  63.162 0.0000000000
35596  3.789  -35.838  63.257 0.0000000000
34624  4.255  -36.661  63.431 0.0000000000
34625  3.494  -36.636  63.620 0.0000000000
35584  1.958  -36.264  64.935 0.0000000000
116509  1.432  -36.211  65.581 0.0000000000
36535  2.027  -34.237  66.137 0.0000000000
37432  1.603  -33.945  66.980 0.0000000000
115573  0.936  -35.074  66.935 0.0000000000
35563  0.479  -35.650  66.924 0.0000000000
34589  0.685  -36.295  66.405 0.0000000000
35564  -0.040  -36.345  66.992 0.0000000000
52584  26.735  -18.813  47.734 0.0000000000
49914  25.104  -21.210  48.605 0.0000000000
51584  25.509  -19.676  49.408 0.0000000000
121244  25.377  -20.606  48.330 0.0000000000
50775  25.784  -20.387  47.858 0.0000000000
49012  25.957  -22.752  47.722 0.0000000000
46046  25.734  -24.728  48.067 0.0000000000
46003  26.934  -25.868  48.863 0.0000000000
44998  26.090  -26.075  48.601 0.0000000000
47023  24.096  -25.076  48.751 0.0000000000
46027  24.425  -25.455  48.583 0.0000000000
45000  24.172  -26.136  48.696 0.0000000000
43833  24.816  -27.657  50.291 0.0000000000
43860  25.224  -27.243  49.613 0.0000000000
43832  25.683  -27.575  50.415 0.0000000000
43859  26.140  -27.099  49.869 0.0000000000
43806  26.048  -27.896  51.189 0.0000000000
47962  21.250  -23.120  50.310 0.0000000000
123880  21.559  -23.939  50.155 0.0000000000
113815  20.872  -24.034  50.191 0.0000000000
45961  21.099  -26.059  50.671 0.0000000000
44950  21.833  -26.508  50.278 0.0000000000
44932  21.528  -26.838  51.107 0.0000000000
116604  20.356  -26.720  53.278 0.0000000000
43741  22.367  -27.905  53.935 0.0000000000
43764  22.439  -27.837  53.041 0.0000000000
112444  22.453  -27.705  52.275 0.0000000000
61446  47.166  -9.638  35.163 0.0000000000
60523  47.518  -10.436  35.698 0.0000000000
58620  35.967  -12.160  41.398 0.0000000000
56530  35.220  -14.627  40.332 0.0000000000
57543  35.359  -13.648  40.331 0.0000000000
55487  35.929  -15.126  39.895 0.0000000000
54439  31.969  -16.249  45.260 0.0000000000
54445  32.088  -16.305  44.368 0.0000000000
107829  33.293  -17.496  43.719 0.0000000000
54453  32.342  -16.116  43.579 0.0000000000
54464  32.654  -15.742  42.869 0.0000000000
51645  34.998  -19.160  43.687 0.0000000000
53551  34.659  -16.982  42.948 0.0000000000
54462  34.889  -16.562  42.232 0.0000000000
111622  35.252  -16.325  41.467 0.0000000000
121073  37.024  -17.032  41.920 0.0000000000
54474  35.982  -16.576  41.418 0.0000000000
53561  36.626  -16.780  41.477 0.0000000000
53560  37.289  -16.885  41.161 0.0000000000
53571  38.066  -17.015  40.931 0.0000000000
48974  28.765  -22.471  49.511 0.0000000000
48952  30.321  -22.152  50.793 0.0000000000
48972  30.122  -21.760  50.075 0.0000000000
48971  31.010  -21.769  50.194 0.0000000000
49892  30.822  -21.484  49.368 0.0000000000
48949  33.058  -22.146  50.656 0.0000000000
48969  33.517  -21.944  49.951 0.0000000000
66768  56.689  -3.426  26.929 0.0000000000
67650  56.710  -2.701  26.946 0.0000000000
114537  57.292  -3.850  26.685 0.0000000000
65049  53.978  -5.065  31.003 0.0000000000
65061  55.051  -5.622  28.420 0.0000000000
63288  55.650  -7.569  28.661 0.0000000000
64250  55.820  -6.029  27.883 0.0000000000
64249  56.616  -6.350  27.606 0.0000000000
125397  27.820  -19.573  46.766 0.0000000000
125763  47.285  -6.003  34.314 0.0000000000
64185  47.756  -6.078  33.922 0.0000000000
64184  48.352  -6.524  33.547 0.0000000000
119732  48.778  -6.943  33.396 0.0000000000
62375  48.768  -7.540  33.636 0.0000000000
107514  42.868  -7.188  37.830 0.0000000000
63191  42.709  -7.222  38.698 0.0000000000
63192  42.058  -7.642  38.145 0.0000000000
123487  37.816  -14.167  38.631 0.0000000000
56556  38.312  -14.596  38.653 0.0000000000
54485  39.083  -16.654  40.128 0.0000000000
53570  38.840  -17.090  40.751 0.0000000000
40599  10.294  -30.431  58.152 0.0000000000
40600  9.487  -30.161  58.141 0.0000000000
40500  4.423  -30.338  64.685 0.0000000000
47960  23.775  -24.134  50.385 0.0000000000
43744  19.104  -27.353  54.787 0.0000000000
56489  31.946  -13.979  44.823 0.0000000000
50780  35.626  -20.772  47.076 0.0000000000
126091  36.093  -20.402  46.571 0.0000000000
50779  36.407  -20.496  47.283 0.0000000000
59593  37.713  -11.512  40.320 0.0000000000
43769  16.628  -27.621  53.560 0.0000000000
43747  15.571  -27.645  54.228 0.0000000000
124225  14.827  -26.001  56.465 0.0000000000
48913  18.872  -22.259  51.979 0.0000000000
109966  16.555  -23.680  53.569 0.0000000000
47923  17.072  -23.175  53.257 0.0000000000
120511  16.466  -24.335  53.269 0.0000000000
46963  16.670  -24.842  52.771 0.0000000000
44914  17.004  -26.132  52.676 0.0000000000
44898  16.636  -26.903  53.215 0.0000000000
52579  32.302  -18.157  46.298 0.0000000000
52597  31.625  -18.249  46.097 0.0000000000
123467  30.860  -18.318  45.739 0.0000000000
50793  30.822  -20.603  45.803 0.0000000000
49949  32.841  -20.937  46.679 0.0000000000
65871  50.198  -4.133  33.628 0.0000000000
65870  51.878  -4.080  33.224 0.0000000000
65042  53.135  -5.289  31.958 0.0000000000
65043  52.465  -5.457  32.142 0.0000000000
62373  50.837  -8.101  33.140 0.0000000000
62385  51.352  -7.969  32.647 0.0000000000
126717  53.127  -9.251  32.659 0.0000000000
61491  52.955  -9.286  33.253 0.0000000000
63208  45.260  -7.833  35.101 0.0000000000
61448  44.666  -9.188  35.647 0.0000000000
125110  42.999  -9.819  36.496 0.0000000000
58688  44.386  -12.129  37.333 0.0000000000
58689  43.654  -12.370  37.443 0.0000000000
57592  43.397  -13.037  37.817 0.0000000000
56554  39.920  -14.353  38.299 0.0000000000
56553  40.861  -14.113  38.218 0.0000000000
56552  42.428  -14.595  38.837 0.0000000000
46001  28.369  -24.998  49.506 0.0000000000
45980  28.098  -25.822  50.082 0.0000000000
124984  28.490  -25.845  50.610 0.0000000000
64162  45.377  -5.976  37.875 0.0000000000
64166  46.052  -5.674  37.548 0.0000000000
65013  45.974  -5.666  36.602 0.0000000000
65018  45.957  -5.879  35.796 0.0000000000
40626  17.405  -30.385  56.675 0.0000000000
40627  16.622  -30.513  56.603 0.0000000000
38517  10.455  -32.072  60.628 0.0000000000
107679  10.375  -32.376  61.868 0.0000000000
37489  8.952  -33.487  62.318 0.0000000000
42561  7.450  -28.554  60.454 0.0000000000
112857  7.040  -30.100  60.194 0.0000000000
40556  5.760  -31.229  61.736 0.0000000000
36601  6.413  -34.130  61.533 0.0000000000
36587  6.544  -34.759  62.093 0.0000000000
35607  6.637  -35.189  62.678 0.0000000000
35609  5.262  -35.193  62.419 0.0000000000
36557  2.631  -35.252  64.373 0.0000000000
49894  24.945  -21.083  49.497 0.0000000000
48992  25.249  -22.144  48.285 0.0000000000
49013  25.568  -22.682  47.980 0.0000000000
46026  25.071  -25.095  48.344 0.0000000000
45001  23.571  -26.183  48.948 0.0000000000
42722  25.323  -28.255  51.755 0.0000000000
46991  20.078  -24.198  50.498 0.0000000000
45962  20.361  -25.695  51.161 0.0000000000
43728  21.531  -27.456  55.273 0.0000000000
43742  21.605  -27.496  54.394 0.0000000000
119075  47.422  -11.016  36.260 0.0000000000
59649  47.692  -11.435  36.668 0.0000000000
58607  34.269  -12.649  42.228 0.0000000000
57529  34.902  -13.212  40.877 0.0000000000
55475  34.873  -15.247  40.676 0.0000000000
52626  35.349  -18.169  43.803 0.0000000000
111050  35.759  -17.546  43.689 0.0000000000
106217  35.945  -17.168  43.117 0.0000000000
54461  35.544  -16.665  42.002 0.0000000000
53548  37.475  -17.268  42.249 0.0000000000
116295  37.707  -17.422  42.924 0.0000000000
47957  29.399  -23.173  50.739 0.0000000000
47956  29.835  -22.716  51.215 0.0000000000
48930  30.473  -22.465  51.542 0.0000000000
65053  53.936  -5.253  30.166 0.0000000000
64216  53.784  -6.138  29.851 0.0000000000
64215  54.348  -6.472  29.251 0.0000000000
63287  56.488  -7.718  28.358 0.0000000000
63306  56.935  -7.150  27.867 0.0000000000
46942  15.778  -24.798  54.224 0.0000000000
46925  15.243  -24.961  55.736 0.0000000000
48874  16.778  -22.986  54.068 0.0000000000
61442  50.852  -9.521  35.159 0.0000000000
60520  50.276  -10.153  35.746 0.0000000000
53476  29.318  -17.720  47.137 0.0000000000
52599  29.145  -18.091  45.933 0.0000000000
51625  29.023  -19.094  45.610 0.0000000000
50796  28.427  -19.895  46.524 0.0000000000
50795  29.206  -20.165  46.266 0.0000000000
49952  30.394  -20.694  46.834 0.0000000000
125488  30.862  -20.866  47.254 0.0000000000
49909  31.497  -21.355  48.522 0.0000000000
107151  49.023  -4.087  34.790 0.0000000000
65862  49.610  -4.002  34.211 0.0000000000
65036  48.173  -5.375  34.002 0.0000000000
65872  48.747  -4.997  33.762 0.0000000000
105086  49.443  -4.587  33.621 0.0000000000
65034  50.017  -4.902  33.147 0.0000000000
63226  50.208  -7.531  33.083 0.0000000000
61479  50.913  -8.588  33.754 0.0000000000
63198  43.754  -7.593  36.364 0.0000000000
61431  42.515  -9.532  36.659 0.0000000000
60513  41.794  -10.892  37.043 0.0000000000
59623  38.617  -11.518  38.134 0.0000000000
59642  39.264  -11.625  37.669 0.0000000000
56555  39.064  -14.479  38.457 0.0000000000
54492  41.395  -16.194  39.857 0.0000000000
53567  41.184  -17.096  40.846 0.0000000000
54484  40.049  -16.721  40.191 0.0000000000
53544  41.388  -17.589  42.081 0.0000000000
125520  27.501  -27.400  51.528 0.0000000000
43804  27.881  -26.955  51.292 0.0000000000
43784  28.050  -27.332  51.962 0.0000000000
108373  44.719  -6.310  37.309 0.0000000000
40628  14.278  -30.117  56.702 0.0000000000
40614  14.397  -30.554  57.157 0.0000000000
113593  13.717  -30.232  56.985 0.0000000000
39557  13.785  -30.692  57.620 0.0000000000
40596  13.092  -30.805  58.077 0.0000000000
39496  11.056  -31.697  60.221 0.0000000000
39516  10.807  -31.460  59.400 0.0000000000
38529  10.181  -31.881  59.815 0.0000000000
41527  5.655  -29.764  62.751 0.0000000000
40538  5.507  -30.665  62.530 0.0000000000
39457  5.233  -31.599  62.386 0.0000000000
39416  4.278  -31.140  64.614 0.0000000000
38465  4.127  -32.329  63.979 0.0000000000
38466  3.731  -32.669  64.447 0.0000000000
48954  24.995  -22.730  50.615 0.0000000000
47976  24.505  -23.764  49.387 0.0000000000
44975  23.096  -26.509  49.365 0.0000000000
44894  19.832  -26.736  53.823 0.0000000000
44873  19.581  -27.135  54.893 0.0000000000
43743  20.772  -27.116  54.884 0.0000000000
58686  46.647  -12.329  37.592 0.0000000000
58685  47.448  -12.342  37.634 0.0000000000
57516  33.068  -13.375  42.837 0.0000000000
56511  32.986  -14.479  42.181 0.0000000000
50851  34.007  -20.084  43.699 0.0000000000
51634  35.254  -19.698  44.220 0.0000000000
50812  36.225  -19.977  45.783 0.0000000000
51633  35.938  -19.407  44.935 0.0000000000
52595  36.873  -18.360  45.739 0.0000000000
66752  55.119  -3.679  28.584 0.0000000000
62408  53.608  -8.368  30.607 0.0000000000
33653  0.698  -37.750  66.132 0.0000000000
61395  40.990  -8.742  40.028 0.0000000000
61396  40.334  -9.118  39.676 0.0000000000
61397  39.694  -9.535  39.356 0.0000000000
60468  38.667  -10.560  39.521 0.0000000000
57580  37.649  -13.527  38.667 0.0000000000
42628  18.783  -28.511  56.211 0.0000000000
41603  18.264  -29.295  55.676 0.0000000000
41604  17.517  -29.681  55.406 0.0000000000
42671  16.620  -28.702  54.240 0.0000000000
41605  16.637  -29.782  55.333 0.0000000000
126155  15.177  -29.672  55.910 0.0000000000
44888  15.064  -27.046  54.767 0.0000000000
42649  14.634  -28.511  55.586 0.0000000000
41591  14.679  -29.730  56.268 0.0000000000
41593  12.905  -29.195  56.618 0.0000000000
43718  12.795  -27.733  56.807 0.0000000000
42630  12.422  -28.391  56.714 0.0000000000
42631  11.656  -28.325  56.937 0.0000000000
48957  21.205  -22.403  50.727 0.0000000000
125954  20.653  -22.640  50.587 0.0000000000
48958  19.913  -22.698  50.764 0.0000000000
46973  19.291  -24.297  50.892 0.0000000000
45963  19.008  -25.049  51.541 0.0000000000
48914  18.232  -22.493  52.469 0.0000000000
125379  17.371  -23.310  52.660 0.0000000000
48936  17.976  -23.412  51.781 0.0000000000
55419  32.221  -15.208  46.414 0.0000000000
52596  32.166  -17.831  45.804 0.0000000000
52630  32.271  -18.851  43.859 0.0000000000
51636  30.139  -18.993  44.873 0.0000000000
51635  30.801  -19.474  44.504 0.0000000000
50838  30.930  -20.250  44.807 0.0000000000
50854  31.529  -19.914  44.193 0.0000000000
50853  32.368  -20.089  43.958 0.0000000000
50852  33.202  -20.145  43.766 0.0000000000
50835  33.657  -20.466  44.261 0.0000000000
50792  34.603  -20.822  46.135 0.0000000000
49948  34.138  -21.033  46.979 0.0000000000
49947  34.813  -20.984  46.854 0.0000000000
63256  51.856  -6.872  31.854 0.0000000000
113526  46.306  -9.373  35.160 0.0000000000
118821  46.170  -11.250  36.571 0.0000000000
60510  44.427  -10.030  35.996 0.0000000000
61417  40.364  -9.406  38.029 0.0000000000
61416  41.061  -9.207  37.637 0.0000000000
125407  41.354  -9.758  37.243 0.0000000000
59639  42.059  -11.681  37.190 0.0000000000
123683  39.888  -11.645  37.443 0.0000000000
58692  40.402  -12.027  37.405 0.0000000000
56551  43.281  -14.156  38.706 0.0000000000
56550  44.181  -14.024  38.831 0.0000000000
113848  27.125  -22.005  47.825 0.0000000000
49913  27.904  -21.697  48.204 0.0000000000
48991  27.581  -22.786  48.262 0.0000000000
47990  28.256  -23.144  48.984 0.0000000000
47975  28.722  -23.412  49.671 0.0000000000
46986  28.824  -24.293  49.925 0.0000000000
121250  29.076  -23.597  50.245 0.0000000000
65024  46.361  -5.845  35.253 0.0000000000
65029  46.880  -5.899  34.670 0.0000000000
112110  47.025  -6.608  34.267 0.0000000000
40611  17.564  -30.473  57.452 0.0000000000
40613  15.207  -30.759  57.280 0.0000000000
43684  10.939  -26.806  58.275 0.0000000000
43704  9.744  -27.874  57.892 0.0000000000
108936  9.448  -27.070  59.141 0.0000000000
43686  9.262  -27.782  58.465 0.0000000000
42594  9.264  -28.647  58.013 0.0000000000
40601  8.714  -30.067  58.434 0.0000000000
39518  8.501  -31.407  59.101 0.0000000000
38531  8.171  -32.045  59.620 0.0000000000
42546  6.571  -28.751  61.701 0.0000000000
40573  6.790  -30.932  60.329 0.0000000000
40555  6.263  -31.040  61.035 0.0000000000
39497  7.172  -31.564  59.975 0.0000000000
38505  8.267  -33.097  60.722 0.0000000000
37490  8.217  -33.926  61.930 0.0000000000
37472  8.426  -33.950  62.804 0.0000000000
122492  5.038  -37.319  64.477 0.0000000000
35595  4.524  -35.312  62.790 0.0000000000
34611  4.691  -37.177  63.875 0.0000000000
33667  3.508  -37.709  64.293 0.0000000000
34612  2.812  -36.694  63.995 0.0000000000
33668  2.773  -37.450  64.389 0.0000000000
121206  2.111  -37.372  64.860 0.0000000000
34601  1.035  -37.003  65.923 0.0000000000
36547  1.889  -34.890  65.866 0.0000000000
54407  32.946  -17.163  47.246 0.0000000000
51603  26.832  -19.286  47.341 0.0000000000
50784  26.419  -20.084  47.522 0.0000000000
49933  26.073  -21.089  47.644 0.0000000000
47034  26.391  -24.320  47.873 0.0000000000
47021  27.161  -24.561  48.182 0.0000000000
46024  27.260  -25.233  48.550 0.0000000000
44970  27.356  -26.211  49.666 0.0000000000
44948  27.031  -26.823  50.235 0.0000000000
47022  24.655  -24.739  48.557 0.0000000000
44973  24.736  -26.662  48.878 0.0000000000
126958  25.360  -26.202  48.577 0.0000000000
43830  27.261  -27.200  50.972 0.0000000000
109392  26.883  -27.672  51.402 0.0000000000
109625  22.034  -23.538  50.280 0.0000000000
43808  22.842  -27.735  51.563 0.0000000000
44910  20.587  -26.592  52.484 0.0000000000
44909  21.328  -27.014  52.050 0.0000000000
43809  22.027  -27.386  51.700 0.0000000000
61465  47.665  -9.217  34.746 0.0000000000
61445  48.058  -9.794  35.165 0.0000000000
60506  48.901  -10.893  36.193 0.0000000000
58619  36.928  -11.768  41.506 0.0000000000
58633  36.372  -12.348  40.557 0.0000000000
56540  36.391  -14.751  39.553 0.0000000000
56479  31.828  -14.714  45.189 0.0000000000
56490  31.808  -14.617  44.508 0.0000000000
55438  31.918  -15.634  43.930 0.0000000000
55447  31.848  -14.919  43.933 0.0000000000
55455  32.485  -14.921  42.699 0.0000000000
55454  33.009  -15.328  42.224 0.0000000000
52628  33.873  -18.034  43.594 0.0000000000
119804  33.912  -17.156  43.279 0.0000000000
53538  34.461  -17.585  43.395 0.0000000000
54476  33.668  -15.737  41.883 0.0000000000
55463  34.255  -15.319  41.177 0.0000000000
54487  35.727  -16.168  40.795 0.0000000000
55473  36.243  -15.836  40.200 0.0000000000
55472  37.139  -16.046  39.998 0.0000000000
53558  39.329  -17.369  41.210 0.0000000000
53547  38.184  -17.460  42.071 0.0000000000
53546  39.041  -17.564  41.866 0.0000000000
111962  39.778  -17.757  42.561 0.0000000000
49912  28.686  -21.290  48.518 0.0000000000
48973  29.403  -21.992  49.843 0.0000000000
48929  31.212  -22.309  51.747 0.0000000000
125918  31.681  -22.160  51.334 0.0000000000
122046  31.794  -21.865  50.319 0.0000000000
49890  32.895  -21.675  49.241 0.0000000000
49889  33.784  -21.607  49.097 0.0000000000
116505  54.686  -4.267  29.211 0.0000000000
63270  54.488  -7.478  29.395 0.0000000000
63289  54.895  -7.076  28.838 0.0000000000
64229  54.813  -6.297  28.739 0.0000000000
65897  55.524  -4.213  27.808 0.0000000000
65896  56.214  -4.666  27.342 0.0000000000
65102  56.943  -5.077  27.002 0.0000000000
65074  57.115  -5.858  27.173 0.0000000000
44974  23.848  -26.712  49.119 0.0000000000
48009  25.696  -23.406  47.914 0.0000000000
48950  32.188  -22.057  50.903 0.0000000000
49928  31.212  -21.071  47.671 0.0000000000
49934  25.516  -21.219  48.006 0.0000000000
49950  32.040  -20.951  46.834 0.0000000000
51647  34.259  -19.455  43.514 0.0000000000
52582  27.995  -18.446  46.645 0.0000000000
53493  29.377  -17.879  46.392 0.0000000000
111142  32.008  -14.777  45.874 0.0000000000
113461  33.624  -20.932  46.544 0.0000000000
122165  7.552  -32.010  59.867 0.0000000000
122801  34.242  -20.915  46.468 0.0000000000
