#!ascii label  , from subject sub-v2s16x51274_ses-1 vox2ras=TkReg
987
48728  9.270  -22.619  69.853 0.0000000000
42653  3.136  -28.942  54.896 0.0000000000
43552  1.352  -27.163  67.990 0.0000000000
48770  1.406  -23.932  63.723 0.0000000000
118935  6.829  -19.850  58.406 0.0000000000
47724  3.454  -23.586  71.651 0.0000000000
49621  0.645  -21.551  69.601 0.0000000000
46823  12.667  -24.902  73.155 0.0000000000
44666  6.874  -25.792  71.298 0.0000000000
40428  2.950  -28.802  68.534 0.0000000000
54274  1.309  -16.037  65.897 0.0000000000
49727  4.207  -21.451  62.363 0.0000000000
55294  2.268  -15.600  62.086 0.0000000000
120392  -0.521  -30.978  65.001 0.0000000000
42533  0.111  -28.576  61.996 0.0000000000
45849  0.870  -24.695  66.394 0.0000000000
52360  -0.387  -18.987  67.772 0.0000000000
44855  2.276  -25.839  58.926 0.0000000000
46928  4.458  -24.084  55.306 0.0000000000
48939  3.325  -21.417  51.285 0.0000000000
110458  5.830  -17.019  54.265 0.0000000000
119595  5.774  -23.140  71.503 0.0000000000
105358  4.877  -21.766  70.128 0.0000000000
47746  10.817  -23.806  71.932 0.0000000000
45826  9.981  -25.350  71.831 0.0000000000
46815  8.003  -23.729  71.397 0.0000000000
118643  5.098  -24.696  71.869 0.0000000000
55279  1.770  -15.147  63.995 0.0000000000
42491  0.754  -28.942  66.766 0.0000000000
43587  0.445  -27.539  65.136 0.0000000000
121049  1.328  -25.855  67.913 0.0000000000
122604  2.098  -18.679  69.057 0.0000000000
50551  -0.296  -20.051  69.341 0.0000000000
42443  1.899  -27.672  69.296 0.0000000000
39383  1.647  -31.018  68.077 0.0000000000
40441  0.688  -30.610  67.665 0.0000000000
39407  -1.372  -32.072  67.045 0.0000000000
45881  -0.119  -25.763  62.659 0.0000000000
43654  1.238  -27.029  60.506 0.0000000000
46870  0.988  -24.418  60.630 0.0000000000
118484  6.092  -20.862  60.275 0.0000000000
120697  2.844  -22.518  57.743 0.0000000000
49803  3.669  -21.582  56.221 0.0000000000
47925  4.706  -22.804  52.843 0.0000000000
105251  4.928  -20.619  54.688 0.0000000000
44681  1.625  -25.616  70.203 0.0000000000
46832  0.160  -24.638  69.594 0.0000000000
48703  1.988  -23.030  70.316 0.0000000000
50562  3.460  -20.103  69.052 0.0000000000
45838  14.230  -26.151  69.986 0.0000000000
106640  12.272  -25.361  67.227 0.0000000000
44685  11.381  -26.240  70.501 0.0000000000
109632  8.133  -25.994  70.080 0.0000000000
43535  4.357  -26.477  70.242 0.0000000000
43531  3.273  -26.387  70.744 0.0000000000
117959  0.947  -19.626  65.449 0.0000000000
49730  2.150  -22.859  63.216 0.0000000000
51447  2.226  -18.907  64.641 0.0000000000
52385  4.123  -18.377  63.040 0.0000000000
53355  4.428  -17.456  60.521 0.0000000000
48726  11.770  -22.373  69.134 0.0000000000
47762  16.588  -22.157  68.872 0.0000000000
48692  17.328  -21.749  70.695 0.0000000000
47741  14.879  -23.901  72.325 0.0000000000
48708  13.537  -22.689  70.919 0.0000000000
37473  -0.513  -33.212  63.477 0.0000000000
39479  0.970  -31.638  62.359 0.0000000000
111630  0.102  -30.036  63.248 0.0000000000
120005  -0.401  -26.869  63.871 0.0000000000
47772  0.720  -23.563  65.780 0.0000000000
121532  -0.780  -23.155  68.825 0.0000000000
49680  -0.799  -21.867  66.895 0.0000000000
50594  -0.198  -20.611  65.978 0.0000000000
120575  0.427  -17.966  66.845 0.0000000000
117925  2.009  -30.861  61.174 0.0000000000
116791  3.349  -29.005  59.874 0.0000000000
42614  5.510  -28.271  57.378 0.0000000000
48820  1.749  -23.177  59.261 0.0000000000
45910  4.177  -25.469  57.292 0.0000000000
110269  6.143  -27.210  55.144 0.0000000000
45952  5.589  -25.603  52.228 0.0000000000
47009  4.394  -24.138  49.163 0.0000000000
56303  2.440  -14.782  60.559 0.0000000000
54314  3.764  -16.366  58.521 0.0000000000
55321  3.183  -15.013  56.982 0.0000000000
53389  6.686  -17.947  56.250 0.0000000000
51565  4.536  -19.772  52.625 0.0000000000
48714  7.273  -22.566  70.531 0.0000000000
48731  6.833  -22.249  69.877 0.0000000000
49630  7.708  -21.972  68.871 0.0000000000
47756  9.442  -23.019  70.843 0.0000000000
47732  9.398  -23.695  71.576 0.0000000000
47757  8.755  -23.193  71.206 0.0000000000
47749  6.677  -23.195  71.363 0.0000000000
41620  1.487  -29.079  54.581 0.0000000000
43751  2.796  -27.979  54.055 0.0000000000
42480  0.841  -29.054  67.209 0.0000000000
43570  1.210  -27.532  66.972 0.0000000000
44716  1.390  -26.476  68.206 0.0000000000
45843  13.899  -24.137  67.582 0.0000000000
42453  1.457  -28.261  68.054 0.0000000000
40432  1.094  -30.102  67.901 0.0000000000
105738  1.176  -29.173  67.552 0.0000000000
105311  0.190  -30.409  67.181 0.0000000000
46858  0.622  -25.056  62.944 0.0000000000
45886  0.184  -25.336  61.701 0.0000000000
48785  1.251  -23.990  62.375 0.0000000000
50690  6.484  -20.547  58.887 0.0000000000
49765  4.746  -21.590  58.552 0.0000000000
121670  5.770  -20.867  57.384 0.0000000000
49813  3.834  -21.347  55.561 0.0000000000
109557  6.339  -20.372  56.915 0.0000000000
46816  2.351  -24.359  70.895 0.0000000000
47740  1.689  -24.134  70.406 0.0000000000
48691  2.536  -23.377  70.900 0.0000000000
50546  3.751  -20.706  69.510 0.0000000000
52347  4.082  -18.592  68.231 0.0000000000
45822  13.538  -25.273  72.722 0.0000000000
44684  12.327  -26.229  70.480 0.0000000000
44673  11.892  -26.005  71.446 0.0000000000
124067  8.572  -25.541  71.282 0.0000000000
44676  9.169  -25.747  71.168 0.0000000000
44689  7.487  -26.059  70.687 0.0000000000
44680  5.369  -26.114  71.009 0.0000000000
46800  4.071  -24.122  72.242 0.0000000000
44663  4.027  -25.479  71.484 0.0000000000
45809  3.234  -24.684  71.567 0.0000000000
44672  2.030  -25.662  70.692 0.0000000000
52367  1.251  -17.625  65.646 0.0000000000
51448  1.634  -19.253  65.051 0.0000000000
52372  1.678  -17.636  65.141 0.0000000000
55289  1.839  -15.270  62.897 0.0000000000
53330  2.450  -16.580  63.773 0.0000000000
53336  2.901  -16.609  62.847 0.0000000000
52394  4.764  -18.101  61.649 0.0000000000
54296  2.922  -16.310  60.998 0.0000000000
46820  15.038  -24.033  71.940 0.0000000000
38467  -1.028  -32.251  64.667 0.0000000000
39443  -0.339  -31.696  63.875 0.0000000000
115291  -0.160  -30.776  64.101 0.0000000000
112211  0.745  -26.759  65.432 0.0000000000
44773  0.190  -26.858  64.533 0.0000000000
114401  0.570  -26.160  64.913 0.0000000000
109366  0.465  -25.590  63.955 0.0000000000
46842  0.788  -24.482  65.849 0.0000000000
110866  0.353  -22.993  69.878 0.0000000000
124826  -0.515  -23.698  69.165 0.0000000000
116158  -0.380  -21.647  69.423 0.0000000000
52351  -0.225  -18.943  68.753 0.0000000000
115747  -1.122  -21.142  68.092 0.0000000000
50575  -0.949  -20.344  67.626 0.0000000000
116521  -0.620  -21.254  66.413 0.0000000000
51441  -0.566  -19.668  67.217 0.0000000000
107321  0.242  -18.632  66.456 0.0000000000
52364  0.050  -18.493  67.298 0.0000000000
125514  10.918  -25.351  67.460 0.0000000000
44739  11.648  -24.891  66.949 0.0000000000
41440  3.053  -28.928  68.398 0.0000000000
107942  2.779  -30.117  67.945 0.0000000000
40447  2.555  -30.214  68.036 0.0000000000
38418  0.378  -32.248  68.094 0.0000000000
38417  1.084  -32.003  68.076 0.0000000000
123550  -0.952  -31.370  66.296 0.0000000000
38468  -1.752  -32.975  65.077 0.0000000000
112950  0.723  -29.858  62.254 0.0000000000
39478  1.363  -30.947  61.898 0.0000000000
41538  0.848  -29.316  61.798 0.0000000000
112441  1.770  -26.961  59.835 0.0000000000
42579  2.561  -28.403  60.007 0.0000000000
43688  3.425  -27.533  59.133 0.0000000000
42596  4.781  -29.101  58.629 0.0000000000
44854  3.608  -26.815  58.647 0.0000000000
49728  3.366  -21.940  62.683 0.0000000000
48798  1.868  -22.877  61.052 0.0000000000
48797  2.649  -22.516  60.869 0.0000000000
47875  3.323  -22.873  56.578 0.0000000000
46918  3.158  -23.402  57.134 0.0000000000
46916  4.179  -24.403  56.120 0.0000000000
45917  5.591  -25.637  56.371 0.0000000000
45923  6.338  -25.312  54.924 0.0000000000
44901  6.025  -26.438  53.624 0.0000000000
45941  6.418  -25.010  53.459 0.0000000000
48916  3.943  -22.200  52.522 0.0000000000
47950  5.871  -23.570  51.384 0.0000000000
47966  5.166  -23.324  49.840 0.0000000000
57301  2.537  -14.102  60.119 0.0000000000
54306  2.766  -16.010  59.678 0.0000000000
118337  2.630  -15.064  58.610 0.0000000000
107276  4.940  -15.521  55.162 0.0000000000
54340  5.157  -16.084  55.608 0.0000000000
54324  5.107  -16.684  57.024 0.0000000000
114061  6.340  -17.619  54.813 0.0000000000
50736  6.317  -19.527  54.506 0.0000000000
52492  5.783  -18.544  53.247 0.0000000000
115039  4.416  -23.395  71.869 0.0000000000
48700  4.146  -22.669  71.475 0.0000000000
111510  5.033  -22.236  70.794 0.0000000000
47745  11.323  -24.374  72.794 0.0000000000
45812  11.047  -25.158  72.877 0.0000000000
46812  10.303  -24.556  72.642 0.0000000000
45815  9.024  -24.433  71.742 0.0000000000
45816  7.396  -25.033  71.314 0.0000000000
45818  5.365  -25.348  71.439 0.0000000000
46803  6.072  -24.087  71.494 0.0000000000
47722  4.636  -23.704  71.924 0.0000000000
56244  1.557  -14.863  66.098 0.0000000000
55265  1.665  -15.305  64.693 0.0000000000
56253  1.952  -14.250  64.941 0.0000000000
56263  1.997  -14.169  64.099 0.0000000000
57265  1.975  -14.064  63.254 0.0000000000
41483  -0.033  -30.073  66.219 0.0000000000
121794  -0.126  -29.882  65.450 0.0000000000
42499  0.607  -28.381  65.865 0.0000000000
43578  0.967  -27.554  66.046 0.0000000000
114412  1.158  -25.583  67.018 0.0000000000
50549  0.752  -19.986  69.359 0.0000000000
121265  -0.001  -20.833  69.574 0.0000000000
51419  0.325  -19.376  69.374 0.0000000000
52340  0.194  -18.892  69.268 0.0000000000
52350  0.386  -18.252  68.775 0.0000000000
53310  0.519  -17.501  68.402 0.0000000000
41426  2.789  -28.866  68.506 0.0000000000
40438  2.098  -30.150  68.351 0.0000000000
40431  1.451  -29.926  68.030 0.0000000000
40440  1.160  -30.688  68.104 0.0000000000
39394  0.073  -31.791  67.963 0.0000000000
37409  -0.904  -32.673  67.667 0.0000000000
38432  -0.653  -31.915  67.515 0.0000000000
39406  -0.920  -31.594  66.862 0.0000000000
43639  -0.472  -26.681  61.927 0.0000000000
42564  0.637  -27.808  61.269 0.0000000000
44821  0.161  -26.365  61.355 0.0000000000
44835  0.759  -25.503  60.694 0.0000000000
45896  1.423  -24.729  59.747 0.0000000000
49741  5.163  -21.396  61.122 0.0000000000
106858  3.693  -22.157  59.689 0.0000000000
49766  4.729  -21.813  59.535 0.0000000000
49792  3.098  -22.065  57.175 0.0000000000
48858  3.561  -22.587  55.735 0.0000000000
47924  5.740  -23.663  53.634 0.0000000000
48875  3.661  -22.518  54.987 0.0000000000
48895  3.834  -22.364  54.124 0.0000000000
49841  3.790  -21.938  53.352 0.0000000000
54344  5.701  -16.410  53.956 0.0000000000
119624  5.492  -17.930  52.521 0.0000000000
116180  5.730  -17.173  52.323 0.0000000000
43545  1.435  -26.453  68.438 0.0000000000
44703  1.301  -25.919  68.645 0.0000000000
120378  0.649  -24.571  69.753 0.0000000000
46828  0.578  -23.582  69.935 0.0000000000
48718  1.312  -22.392  69.801 0.0000000000
49606  2.863  -22.441  70.893 0.0000000000
49619  2.199  -21.691  70.095 0.0000000000
50538  1.441  -20.805  69.616 0.0000000000
51429  2.792  -19.539  69.038 0.0000000000
45837  14.843  -25.399  69.646 0.0000000000
118897  13.716  -24.728  67.557 0.0000000000
44695  13.602  -26.216  69.146 0.0000000000
44675  10.101  -25.865  71.339 0.0000000000
44699  9.864  -26.155  69.755 0.0000000000
44713  8.664  -25.502  68.374 0.0000000000
42450  3.911  -27.538  69.235 0.0000000000
121428  3.709  -26.819  69.673 0.0000000000
44669  4.733  -25.865  71.074 0.0000000000
43530  3.903  -26.352  70.611 0.0000000000
125811  3.008  -27.115  70.132 0.0000000000
42442  2.366  -27.342  69.829 0.0000000000
126698  1.659  -26.856  69.411 0.0000000000
49700  1.442  -21.528  64.953 0.0000000000
48769  1.764  -23.339  63.427 0.0000000000
50621  1.947  -21.064  64.588 0.0000000000
50620  2.512  -20.669  64.291 0.0000000000
51451  3.223  -20.092  63.886 0.0000000000
120594  1.994  -16.308  64.244 0.0000000000
126329  3.479  -18.150  63.561 0.0000000000
50638  4.540  -20.515  62.796 0.0000000000
51474  5.605  -19.369  61.666 0.0000000000
51487  6.148  -19.108  60.913 0.0000000000
52412  6.053  -18.050  59.853 0.0000000000
48736  10.005  -22.374  68.901 0.0000000000
46833  15.420  -23.288  68.753 0.0000000000
49609  20.286  -20.938  69.850 0.0000000000
49599  19.374  -21.046  70.285 0.0000000000
48705  18.413  -21.358  69.919 0.0000000000
48723  16.959  -21.974  69.840 0.0000000000
47760  15.993  -22.892  69.934 0.0000000000
108950  15.254  -23.788  69.367 0.0000000000
45821  14.549  -25.444  72.056 0.0000000000
46822  13.854  -24.770  73.124 0.0000000000
47743  14.133  -24.133  72.662 0.0000000000
108026  13.229  -24.406  72.742 0.0000000000
47754  11.670  -23.791  71.820 0.0000000000
48711  11.211  -22.798  69.897 0.0000000000
40539  0.453  -30.158  62.633 0.0000000000
41529  0.112  -29.282  62.537 0.0000000000
41505  -0.025  -29.221  64.695 0.0000000000
42520  -0.352  -28.013  63.518 0.0000000000
113287  -0.699  -27.637  62.929 0.0000000000
45873  -0.141  -26.026  63.195 0.0000000000
46847  0.755  -25.124  63.828 0.0000000000
122289  1.177  -23.510  65.100 0.0000000000
45842  1.012  -25.389  68.692 0.0000000000
111930  0.325  -24.504  68.441 0.0000000000
46837  0.078  -23.633  67.637 0.0000000000
116046  -0.928  -21.751  68.693 0.0000000000
48742  -0.863  -22.397  67.504 0.0000000000
47769  0.122  -23.263  66.777 0.0000000000
48751  0.123  -22.923  66.400 0.0000000000
48750  0.424  -22.615  65.994 0.0000000000
49701  0.958  -22.106  65.463 0.0000000000
51444  0.133  -19.923  65.800 0.0000000000
52368  0.742  -18.319  65.895 0.0000000000
54270  1.051  -16.429  66.531 0.0000000000
54267  0.637  -16.778  67.874 0.0000000000
55225  0.951  -16.089  67.237 0.0000000000
55239  1.264  -15.704  66.330 0.0000000000
39398  2.917  -31.075  67.197 0.0000000000
39382  2.139  -30.762  68.041 0.0000000000
42563  1.212  -28.010  60.914 0.0000000000
41559  2.819  -29.345  60.304 0.0000000000
41609  4.878  -29.306  55.818 0.0000000000
48799  1.388  -23.457  61.375 0.0000000000
47825  1.220  -23.853  60.182 0.0000000000
45903  1.725  -24.600  59.190 0.0000000000
48830  2.121  -22.984  58.714 0.0000000000
45912  2.599  -24.527  58.025 0.0000000000
45901  2.743  -25.409  58.291 0.0000000000
122820  4.633  -26.186  57.605 0.0000000000
43720  5.787  -27.545  56.763 0.0000000000
42674  5.322  -28.158  54.891 0.0000000000
43771  5.077  -27.052  53.515 0.0000000000
46976  6.285  -24.129  52.184 0.0000000000
45965  5.332  -25.074  51.311 0.0000000000
122133  2.555  -13.489  62.990 0.0000000000
57285  2.640  -13.971  61.568 0.0000000000
124519  2.313  -15.332  61.572 0.0000000000
54297  2.606  -15.964  60.398 0.0000000000
115864  4.635  -17.335  59.856 0.0000000000
53364  6.342  -17.896  59.002 0.0000000000
121267  3.783  -16.036  57.804 0.0000000000
53382  6.003  -17.211  57.522 0.0000000000
52437  6.961  -18.661  57.559 0.0000000000
50722  6.404  -19.926  55.357 0.0000000000
112154  4.281  -20.850  53.891 0.0000000000
124117  3.307  -20.713  51.826 0.0000000000
51570  2.782  -20.077  50.851 0.0000000000
110329  7.908  -22.602  70.311 0.0000000000
48730  7.519  -22.320  69.721 0.0000000000
48729  8.350  -22.384  69.554 0.0000000000
48713  8.586  -22.751  70.592 0.0000000000
48697  7.877  -22.820  70.993 0.0000000000
41610  2.722  -29.582  55.267 0.0000000000
42676  2.221  -28.434  54.348 0.0000000000
42675  3.735  -28.383  54.519 0.0000000000
42469  0.938  -28.223  67.849 0.0000000000
43561  1.337  -27.457  67.728 0.0000000000
46836  14.382  -23.730  67.863 0.0000000000
108805  14.060  -23.626  67.125 0.0000000000
108344  1.399  -27.426  67.875 0.0000000000
41441  1.128  -28.988  67.728 0.0000000000
42459  1.184  -28.050  67.602 0.0000000000
47801  0.982  -24.579  62.916 0.0000000000
51495  6.738  -19.600  59.219 0.0000000000
126204  6.391  -20.562  58.131 0.0000000000
50715  5.509  -20.701  56.445 0.0000000000
50703  6.640  -20.151  57.617 0.0000000000
47726  2.758  -24.122  71.248 0.0000000000
47739  2.385  -23.805  70.860 0.0000000000
113543  2.918  -23.604  71.274 0.0000000000
45823  12.373  -25.366  72.467 0.0000000000
45834  12.875  -25.936  71.504 0.0000000000
45828  7.814  -25.620  71.248 0.0000000000
44677  8.138  -25.874  71.016 0.0000000000
44678  7.213  -26.015  71.135 0.0000000000
117085  6.567  -26.151  70.930 0.0000000000
44679  6.250  -26.072  71.164 0.0000000000
44691  5.532  -26.299  70.743 0.0000000000
46806  3.808  -23.793  72.052 0.0000000000
45802  3.619  -24.412  71.975 0.0000000000
46808  2.910  -24.242  71.361 0.0000000000
45810  2.674  -24.814  71.132 0.0000000000
54275  1.257  -16.813  65.922 0.0000000000
53326  1.640  -16.719  64.996 0.0000000000
54284  2.275  -15.960  62.802 0.0000000000
54289  2.634  -16.174  61.919 0.0000000000
39430  -0.642  -31.479  64.625 0.0000000000
114411  0.924  -25.855  65.882 0.0000000000
45854  0.800  -25.336  65.418 0.0000000000
48719  0.546  -22.387  69.735 0.0000000000
48720  -0.149  -22.504  69.776 0.0000000000
49622  0.112  -21.727  69.686 0.0000000000
51437  -0.690  -19.573  68.217 0.0000000000
121386  -0.209  -19.112  66.984 0.0000000000
52359  0.055  -18.302  68.145 0.0000000000
41425  2.952  -28.760  68.870 0.0000000000
113213  2.971  -29.825  68.471 0.0000000000
40437  2.973  -29.480  68.164 0.0000000000
126376  0.170  -32.784  68.078 0.0000000000
37406  0.599  -32.714  68.023 0.0000000000
39418  -1.068  -31.561  65.545 0.0000000000
38455  -1.738  -32.312  65.761 0.0000000000
41528  0.444  -29.256  62.103 0.0000000000
42547  0.460  -28.606  61.672 0.0000000000
44844  1.921  -26.357  59.434 0.0000000000
126570  2.133  -26.914  59.425 0.0000000000
43689  2.606  -26.750  59.080 0.0000000000
49743  3.517  -22.151  61.678 0.0000000000
46929  3.762  -23.769  55.737 0.0000000000
46917  3.526  -23.733  56.457 0.0000000000
46915  5.194  -24.848  55.929 0.0000000000
46927  5.765  -24.670  55.174 0.0000000000
45933  6.402  -25.122  54.227 0.0000000000
46926  6.168  -24.664  54.523 0.0000000000
48938  3.888  -22.005  51.423 0.0000000000
48960  4.807  -22.539  50.431 0.0000000000
48961  3.744  -21.752  50.241 0.0000000000
58349  2.881  -13.297  59.853 0.0000000000
57316  2.502  -14.316  59.344 0.0000000000
56332  2.565  -14.984  59.329 0.0000000000
107832  2.518  -14.578  58.774 0.0000000000
54345  5.471  -16.211  54.773 0.0000000000
55327  4.422  -15.499  55.928 0.0000000000
54339  5.766  -16.759  55.180 0.0000000000
52478  6.243  -17.986  53.969 0.0000000000
48687  4.874  -22.998  71.641 0.0000000000
48716  5.575  -22.637  71.186 0.0000000000
111511  7.094  -22.015  69.217 0.0000000000
47730  10.701  -24.301  72.730 0.0000000000
47733  8.382  -23.474  71.364 0.0000000000
46814  8.884  -23.808  71.554 0.0000000000
45803  7.988  -24.258  71.458 0.0000000000
45804  6.792  -24.507  71.343 0.0000000000
46802  7.065  -23.946  71.436 0.0000000000
47735  6.014  -23.504  71.516 0.0000000000
47736  5.119  -23.481  71.730 0.0000000000
56254  1.726  -14.832  65.169 0.0000000000
57256  2.275  -13.669  64.784 0.0000000000
58293  2.774  -13.066  64.640 0.0000000000
57255  2.403  -13.483  63.887 0.0000000000
116584  0.464  -29.319  66.623 0.0000000000
113616  1.318  -26.633  67.418 0.0000000000
111931  1.135  -26.661  66.423 0.0000000000
51418  1.105  -19.256  69.232 0.0000000000
52339  1.143  -18.294  69.043 0.0000000000
107808  0.676  -18.238  68.951 0.0000000000
53300  1.116  -17.465  68.939 0.0000000000
53301  0.796  -17.487  68.773 0.0000000000
41427  1.851  -28.946  68.324 0.0000000000
40430  1.948  -30.052  68.392 0.0000000000
39385  0.560  -31.247  67.840 0.0000000000
40448  0.241  -31.164  67.602 0.0000000000
108266  0.348  -29.721  67.080 0.0000000000
40455  -0.205  -31.138  67.188 0.0000000000
41468  0.155  -30.285  66.968 0.0000000000
40470  -0.423  -30.929  66.574 0.0000000000
44808  -0.560  -26.164  62.583 0.0000000000
44822  -0.153  -25.920  61.848 0.0000000000
108601  0.578  -24.665  61.426 0.0000000000
45891  0.525  -24.994  60.970 0.0000000000
44846  1.227  -25.457  60.160 0.0000000000
45897  1.052  -24.850  60.363 0.0000000000
50652  5.771  -20.726  61.076 0.0000000000
49755  4.564  -21.855  60.487 0.0000000000
49754  5.481  -21.404  60.353 0.0000000000
49777  4.682  -21.360  57.615 0.0000000000
49778  3.711  -21.749  57.803 0.0000000000
124470  3.313  -21.903  56.641 0.0000000000
49804  3.362  -22.199  56.428 0.0000000000
110639  3.655  -22.992  55.149 0.0000000000
49814  3.542  -21.979  55.496 0.0000000000
50724  4.386  -20.900  55.320 0.0000000000
117816  3.675  -22.095  54.766 0.0000000000
49827  3.885  -21.815  54.081 0.0000000000
108334  3.730  -22.008  53.058 0.0000000000
55336  5.421  -15.567  54.273 0.0000000000
54351  5.762  -16.178  53.234 0.0000000000
44682  1.345  -25.459  69.560 0.0000000000
44692  1.145  -25.436  68.946 0.0000000000
45830  1.240  -24.978  69.865 0.0000000000
47750  1.854  -23.548  70.388 0.0000000000
125308  1.239  -23.732  70.054 0.0000000000
48704  1.118  -23.141  69.891 0.0000000000
49607  2.123  -22.423  70.239 0.0000000000
49617  4.282  -22.028  70.820 0.0000000000
48701  3.499  -22.735  71.420 0.0000000000
49605  3.509  -22.175  71.053 0.0000000000
49634  3.236  -21.043  70.137 0.0000000000
50537  2.349  -20.939  69.932 0.0000000000
50547  2.734  -20.316  69.531 0.0000000000
50548  1.658  -20.174  69.409 0.0000000000
44694  14.298  -25.725  68.829 0.0000000000
44697  11.901  -26.295  69.334 0.0000000000
44698  10.815  -26.253  69.566 0.0000000000
45813  10.469  -25.123  72.680 0.0000000000
45825  10.675  -25.472  72.087 0.0000000000
44688  8.557  -26.038  70.702 0.0000000000
44687  9.487  -26.090  70.658 0.0000000000
44700  8.948  -26.067  69.952 0.0000000000
105399  9.279  -25.923  69.026 0.0000000000
106211  8.344  -25.857  69.303 0.0000000000
44714  7.638  -25.767  68.663 0.0000000000
43559  5.866  -26.510  68.855 0.0000000000
43543  4.155  -26.806  69.925 0.0000000000
42451  3.744  -27.746  68.841 0.0000000000
42439  4.038  -26.944  69.981 0.0000000000
44668  5.178  -25.827  71.177 0.0000000000
45806  4.794  -25.153  71.836 0.0000000000
44671  3.654  -25.960  71.113 0.0000000000
44670  4.270  -25.950  71.076 0.0000000000
42434  3.522  -26.805  70.166 0.0000000000
42435  2.987  -26.828  70.401 0.0000000000
42441  2.891  -27.365  69.865 0.0000000000
42436  2.456  -26.849  70.315 0.0000000000
43533  1.994  -26.292  70.441 0.0000000000
43537  1.631  -26.230  69.857 0.0000000000
43538  1.458  -26.215  69.100 0.0000000000
50606  1.458  -20.337  65.082 0.0000000000
51452  2.038  -19.966  64.738 0.0000000000
122016  2.555  -19.655  64.410 0.0000000000
49712  3.018  -21.402  63.629 0.0000000000
54281  1.760  -15.699  64.252 0.0000000000
53335  3.561  -17.434  62.949 0.0000000000
53329  3.021  -17.411  63.693 0.0000000000
113855  3.728  -19.114  63.580 0.0000000000
51463  4.494  -19.431  63.015 0.0000000000
51475  5.170  -19.885  62.340 0.0000000000
51462  4.931  -18.747  62.293 0.0000000000
53345  4.213  -17.516  61.356 0.0000000000
52393  5.450  -18.569  61.390 0.0000000000
53344  5.040  -17.914  60.952 0.0000000000
112500  5.767  -18.335  60.595 0.0000000000
53354  5.293  -17.723  60.200 0.0000000000
48727  10.865  -22.513  69.230 0.0000000000
48735  10.953  -22.146  68.442 0.0000000000
49644  11.624  -21.542  68.510 0.0000000000
48741  16.459  -22.049  67.910 0.0000000000
109099  15.920  -22.640  68.322 0.0000000000
110015  16.066  -22.786  69.250 0.0000000000
49600  17.845  -21.473  70.991 0.0000000000
105181  18.529  -21.282  70.586 0.0000000000
49611  18.072  -21.488  70.387 0.0000000000
49610  19.110  -21.138  69.968 0.0000000000
48722  17.817  -21.568  69.816 0.0000000000
48706  17.575  -21.674  70.273 0.0000000000
123360  15.713  -23.308  70.281 0.0000000000
46830  15.641  -23.318  69.659 0.0000000000
46831  15.291  -24.008  70.152 0.0000000000
106827  15.228  -24.787  72.521 0.0000000000
127075  14.464  -24.954  73.120 0.0000000000
46821  14.755  -24.321  73.007 0.0000000000
48696  14.115  -23.250  71.464 0.0000000000
47752  13.503  -23.514  71.566 0.0000000000
47753  12.687  -23.672  71.578 0.0000000000
48709  12.968  -22.854  70.605 0.0000000000
48710  12.075  -23.079  70.353 0.0000000000
37494  0.027  -33.331  62.860 0.0000000000
38494  -0.039  -32.736  63.205 0.0000000000
111587  0.116  -31.000  63.190 0.0000000000
41495  0.189  -29.190  65.680 0.0000000000
42507  0.208  -28.338  64.967 0.0000000000
43596  -0.127  -27.561  64.222 0.0000000000
43609  -0.722  -27.231  63.457 0.0000000000
43623  -0.901  -26.967  62.733 0.0000000000
44790  -0.624  -26.564  63.314 0.0000000000
121192  0.845  -24.955  64.596 0.0000000000
47779  1.064  -24.414  64.864 0.0000000000
45839  0.681  -25.046  69.139 0.0000000000
46834  0.164  -24.915  69.099 0.0000000000
109104  -0.325  -23.763  68.538 0.0000000000
47763  -0.525  -23.060  67.980 0.0000000000
50550  0.172  -19.944  69.522 0.0000000000
49651  -0.664  -20.890  69.040 0.0000000000
123380  -1.111  -21.702  67.525 0.0000000000
108145  -1.215  -21.914  68.030 0.0000000000
47766  -0.342  -23.027  67.244 0.0000000000
48745  -0.432  -22.599  66.837 0.0000000000
49691  0.089  -21.532  65.971 0.0000000000
50607  0.655  -20.757  65.489 0.0000000000
53323  0.760  -17.767  66.255 0.0000000000
53320  0.761  -17.224  66.709 0.0000000000
44709  12.941  -26.094  67.547 0.0000000000
44724  13.114  -24.896  67.246 0.0000000000
39390  2.940  -30.880  67.734 0.0000000000
39392  1.644  -31.323  68.016 0.0000000000
118114  -0.460  -33.787  63.233 0.0000000000
40575  1.461  -30.005  61.569 0.0000000000
39500  1.794  -31.725  61.285 0.0000000000
109911  2.724  -30.964  60.406 0.0000000000
126427  0.929  -27.405  60.926 0.0000000000
40589  3.053  -30.243  60.300 0.0000000000
41571  4.557  -30.145  58.589 0.0000000000
42615  5.244  -28.781  57.963 0.0000000000
41583  5.057  -29.782  57.605 0.0000000000
41582  5.379  -29.093  57.192 0.0000000000
41595  5.049  -29.643  56.618 0.0000000000
42632  5.486  -28.658  56.475 0.0000000000
48784  1.681  -23.392  62.397 0.0000000000
48809  1.564  -23.026  59.690 0.0000000000
109252  1.394  -23.143  60.346 0.0000000000
106371  1.390  -23.379  59.861 0.0000000000
46879  1.610  -24.095  59.289 0.0000000000
47838  1.573  -23.619  59.436 0.0000000000
49767  2.831  -22.381  58.915 0.0000000000
49780  2.501  -22.694  58.381 0.0000000000
46903  3.164  -24.121  57.312 0.0000000000
46904  2.656  -23.697  57.796 0.0000000000
45911  3.280  -25.027  57.599 0.0000000000
44862  3.700  -25.983  58.047 0.0000000000
44877  6.191  -26.157  56.021 0.0000000000
44867  5.788  -26.496  56.628 0.0000000000
115270  6.103  -26.904  55.946 0.0000000000
43734  5.785  -27.863  55.831 0.0000000000
43750  4.185  -27.735  53.984 0.0000000000
43749  5.701  -27.381  54.287 0.0000000000
45942  6.177  -25.706  53.122 0.0000000000
45953  4.518  -25.703  51.743 0.0000000000
118750  4.557  -23.207  53.812 0.0000000000
47939  6.189  -23.792  53.010 0.0000000000
47940  5.811  -23.341  52.336 0.0000000000
47965  5.586  -23.842  50.420 0.0000000000
123236  5.425  -24.431  50.693 0.0000000000
46992  5.047  -24.298  49.954 0.0000000000
46993  3.983  -24.618  49.776 0.0000000000
57284  3.116  -13.480  61.508 0.0000000000
116934  2.338  -14.701  61.459 0.0000000000
55301  2.449  -15.371  60.852 0.0000000000
54305  3.288  -16.487  59.412 0.0000000000
53366  4.234  -16.929  59.258 0.0000000000
53365  5.385  -17.412  59.326 0.0000000000
53375  4.791  -16.909  58.507 0.0000000000
56370  2.592  -14.372  56.896 0.0000000000
123907  2.725  -14.805  57.427 0.0000000000
55315  2.935  -15.303  57.741 0.0000000000
55314  3.506  -15.637  57.448 0.0000000000
53390  6.118  -17.214  56.593 0.0000000000
53381  6.659  -17.858  57.120 0.0000000000
52451  6.953  -18.671  56.667 0.0000000000
51517  6.794  -19.372  56.080 0.0000000000
52466  6.834  -18.643  55.959 0.0000000000
51556  5.955  -19.378  53.766 0.0000000000
50737  5.478  -20.119  53.995 0.0000000000
50746  4.835  -20.224  53.308 0.0000000000
50747  4.216  -20.630  53.020 0.0000000000
50754  3.707  -20.530  52.336 0.0000000000
52504  5.108  -18.797  52.521 0.0000000000
48699  6.328  -22.876  71.244 0.0000000000
48715  6.424  -22.515  70.696 0.0000000000
49648  7.870  -21.531  67.783 0.0000000000
121608  10.205  -23.390  71.079 0.0000000000
47747  9.775  -23.604  71.506 0.0000000000
47734  7.143  -23.495  71.384 0.0000000000
47748  7.656  -23.150  71.268 0.0000000000
48698  7.045  -22.844  71.096 0.0000000000
42694  1.268  -28.015  53.744 0.0000000000
43773  2.491  -27.518  53.554 0.0000000000
115517  1.057  -28.343  67.161 0.0000000000
42452  1.620  -28.242  68.434 0.0000000000
41428  1.564  -29.190  68.075 0.0000000000
111361  0.919  -30.168  67.820 0.0000000000
127013  0.622  -30.443  67.548 0.0000000000
41456  0.754  -29.843  67.419 0.0000000000
46859  0.213  -25.240  62.325 0.0000000000
105679  0.666  -24.599  62.152 0.0000000000
47800  0.987  -24.105  61.390 0.0000000000
50677  6.436  -20.349  59.758 0.0000000000
50678  5.836  -21.257  59.399 0.0000000000
50691  5.761  -21.128  58.327 0.0000000000
50704  4.572  -21.169  56.757 0.0000000000
113322  4.433  -20.946  55.973 0.0000000000
50723  5.471  -20.546  55.510 0.0000000000
45829  1.654  -25.125  70.414 0.0000000000
117945  1.330  -24.635  70.097 0.0000000000
46817  1.807  -24.683  70.545 0.0000000000
48702  2.682  -22.817  70.852 0.0000000000
49633  4.071  -21.338  70.142 0.0000000000
50561  4.364  -20.331  68.573 0.0000000000
113502  3.717  -19.479  68.565 0.0000000000
51428  4.626  -19.464  67.929 0.0000000000
45833  13.882  -25.956  71.281 0.0000000000
44683  13.285  -26.229  70.349 0.0000000000
45827  9.183  -25.186  71.599 0.0000000000
43534  4.779  -26.377  70.523 0.0000000000
43528  4.807  -26.123  70.793 0.0000000000
45800  4.498  -24.495  72.131 0.0000000000
45807  4.295  -25.056  71.968 0.0000000000
45801  3.992  -24.501  72.179 0.0000000000
44664  3.432  -25.350  71.392 0.0000000000
106976  3.016  -25.820  71.104 0.0000000000
43532  2.571  -26.224  70.756 0.0000000000
111992  2.529  -25.479  70.960 0.0000000000
45819  2.132  -25.041  70.817 0.0000000000
120470  1.253  -18.534  65.434 0.0000000000
52371  1.928  -18.193  64.908 0.0000000000
55278  1.778  -15.281  63.591 0.0000000000
54280  1.980  -15.758  63.556 0.0000000000
53334  4.186  -17.784  62.249 0.0000000000
123367  3.406  -16.912  61.908 0.0000000000
53356  3.523  -17.012  60.797 0.0000000000
110851  17.388  -21.665  69.304 0.0000000000
46819  15.599  -23.576  70.979 0.0000000000
46810  15.149  -23.225  71.307 0.0000000000
47729  15.351  -23.417  71.892 0.0000000000
38477  -0.503  -32.501  63.718 0.0000000000
116232  -0.027  -29.841  64.063 0.0000000000
108995  0.096  -26.317  63.965 0.0000000000
45863  0.561  -25.727  64.593 0.0000000000
46848  0.778  -25.089  64.969 0.0000000000
47780  0.891  -24.359  65.461 0.0000000000
47758  -0.024  -23.348  69.965 0.0000000000
113417  -0.188  -23.909  69.619 0.0000000000
47761  -0.476  -23.180  69.510 0.0000000000
48732  -0.704  -22.457  69.154 0.0000000000
51430  -0.422  -19.515  69.037 0.0000000000
50563  -0.819  -20.208  68.641 0.0000000000
106304  -1.025  -21.119  67.109 0.0000000000
50584  -0.649  -20.386  66.583 0.0000000000
126506  -0.351  -20.087  66.118 0.0000000000
51440  -0.239  -19.568  66.358 0.0000000000
53316  0.399  -17.591  67.518 0.0000000000
44725  11.399  -25.864  67.510 0.0000000000
41439  3.591  -28.799  68.513 0.0000000000
41455  3.045  -29.598  68.452 0.0000000000
40446  2.677  -30.197  68.060 0.0000000000
39419  -1.475  -31.868  66.444 0.0000000000
38443  -1.916  -32.535  66.788 0.0000000000
37459  -1.106  -33.089  64.185 0.0000000000
40558  0.843  -30.640  62.398 0.0000000000
40557  1.049  -30.105  62.095 0.0000000000
42580  1.800  -27.758  60.212 0.0000000000
43670  2.461  -27.503  59.579 0.0000000000
42578  3.352  -28.274  59.553 0.0000000000
41557  4.126  -29.126  59.380 0.0000000000
42597  4.204  -28.307  59.098 0.0000000000
43687  4.359  -27.628  58.679 0.0000000000
43706  5.173  -27.886  58.165 0.0000000000
49729  2.657  -22.420  62.971 0.0000000000
48783  2.031  -22.972  62.121 0.0000000000
49744  2.687  -22.547  61.907 0.0000000000
48808  1.843  -22.755  60.095 0.0000000000
48839  3.060  -22.547  57.249 0.0000000000
47876  2.840  -23.054  57.494 0.0000000000
45919  3.778  -24.633  56.865 0.0000000000
45909  5.107  -25.889  57.060 0.0000000000
45918  4.693  -25.130  56.628 0.0000000000
45924  6.055  -25.449  55.664 0.0000000000
44876  6.378  -26.208  55.284 0.0000000000
43748  6.273  -26.532  54.436 0.0000000000
44889  6.416  -25.772  54.598 0.0000000000
44900  6.373  -25.746  53.943 0.0000000000
48937  5.110  -22.684  51.624 0.0000000000
48959  5.438  -23.181  50.699 0.0000000000
47008  5.080  -23.855  49.667 0.0000000000
57300  2.944  -13.649  60.767 0.0000000000
55305  2.521  -15.401  59.986 0.0000000000
56318  2.482  -14.742  59.918 0.0000000000
55309  2.750  -15.471  59.197 0.0000000000
54315  3.078  -15.875  58.930 0.0000000000
55328  3.660  -14.979  56.173 0.0000000000
55320  3.927  -15.556  56.720 0.0000000000
54335  4.188  -16.104  57.201 0.0000000000
54334  4.725  -16.076  56.441 0.0000000000
54333  5.557  -16.657  56.068 0.0000000000
53395  6.683  -18.182  55.426 0.0000000000
51533  6.771  -19.076  55.293 0.0000000000
52477  6.592  -18.550  54.622 0.0000000000
52491  6.345  -18.827  53.967 0.0000000000
51557  5.368  -19.548  53.207 0.0000000000
47737  4.197  -23.368  71.845 0.0000000000
47738  3.648  -23.353  71.705 0.0000000000
48688  3.994  -22.992  71.685 0.0000000000
49615  6.198  -22.140  69.894 0.0000000000
49632  5.624  -21.636  69.423 0.0000000000
46824  11.777  -24.854  73.122 0.0000000000
45811  11.719  -25.058  73.091 0.0000000000
46811  11.028  -24.820  73.111 0.0000000000
45814  9.675  -25.012  72.158 0.0000000000
47731  10.158  -23.970  72.157 0.0000000000
46813  9.702  -24.099  71.980 0.0000000000
118560  8.368  -24.973  71.501 0.0000000000
44667  5.901  -25.824  71.265 0.0000000000
45817  6.328  -25.258  71.277 0.0000000000
45805  5.799  -24.680  71.405 0.0000000000
123715  5.385  -24.238  71.705 0.0000000000
47720  6.268  -23.725  71.484 0.0000000000
47721  5.401  -23.803  71.700 0.0000000000
46804  4.850  -24.119  72.000 0.0000000000
46805  4.273  -24.012  72.230 0.0000000000
118428  4.210  -23.557  71.970 0.0000000000
55254  1.487  -15.435  65.521 0.0000000000
54278  1.517  -15.965  65.193 0.0000000000
56264  1.801  -14.766  64.342 0.0000000000
56274  1.713  -14.748  63.517 0.0000000000
108845  1.805  -14.604  62.827 0.0000000000
40485  -0.514  -30.733  65.755 0.0000000000
119513  0.967  -28.390  66.680 0.0000000000
50539  0.661  -20.679  69.490 0.0000000000
117261  0.568  -18.826  69.160 0.0000000000
51420  -0.032  -19.420  69.499 0.0000000000
41409  2.897  -27.992  69.186 0.0000000000
40429  2.698  -29.549  68.198 0.0000000000
40439  1.575  -30.551  68.103 0.0000000000
39384  0.994  -31.164  68.062 0.0000000000
39393  0.568  -31.670  68.024 0.0000000000
38419  -0.300  -32.315  67.950 0.0000000000
42548  -0.346  -27.672  62.108 0.0000000000
125060  0.195  -28.025  61.606 0.0000000000
43638  0.116  -27.240  61.448 0.0000000000
43655  0.638  -26.867  60.949 0.0000000000
123597  0.552  -26.090  60.925 0.0000000000
43672  0.991  -26.176  60.553 0.0000000000
43671  1.429  -26.210  60.008 0.0000000000
44845  1.679  -25.423  59.464 0.0000000000
49742  4.422  -21.729  61.423 0.0000000000
49756  3.613  -22.210  60.677 0.0000000000
49779  2.984  -22.206  58.038 0.0000000000
47892  3.641  -23.182  55.809 0.0000000000
47891  3.775  -23.437  55.316 0.0000000000
47910  5.412  -23.963  54.433 0.0000000000
46943  4.114  -23.401  54.715 0.0000000000
47911  3.733  -22.819  54.414 0.0000000000
47926  3.913  -22.495  53.562 0.0000000000
48917  3.468  -21.643  52.067 0.0000000000
120381  5.751  -17.286  53.254 0.0000000000
54360  5.934  -16.402  52.584 0.0000000000
113273  3.938  -29.401  55.382 0.0000000000
45835  0.735  -24.886  69.447 0.0000000000
46825  1.008  -24.069  69.997 0.0000000000
46829  0.261  -24.064  69.863 0.0000000000
49620  1.386  -21.577  69.704 0.0000000000
48689  3.233  -22.911  71.352 0.0000000000
113248  3.585  -21.628  70.575 0.0000000000
49618  2.924  -21.665  70.498 0.0000000000
51417  1.996  -19.623  69.225 0.0000000000
115944  3.133  -18.830  68.723 0.0000000000
45841  14.577  -24.743  68.790 0.0000000000
44707  14.080  -24.837  68.138 0.0000000000
44708  13.721  -25.854  67.892 0.0000000000
121936  12.767  -26.293  69.598 0.0000000000
44696  12.859  -26.288  68.539 0.0000000000
44710  12.079  -26.301  67.993 0.0000000000
44711  11.147  -26.235  68.485 0.0000000000
44712  9.728  -25.623  68.250 0.0000000000
45824  11.476  -25.503  72.222 0.0000000000
44674  10.959  -26.038  71.401 0.0000000000
44686  10.415  -26.186  70.576 0.0000000000
44715  6.746  -26.084  68.766 0.0000000000
42458  3.971  -28.187  68.803 0.0000000000
41424  3.515  -28.185  68.640 0.0000000000
41408  2.965  -27.922  69.114 0.0000000000
43529  4.241  -26.184  70.854 0.0000000000
44662  4.569  -25.502  71.445 0.0000000000
43536  3.924  -26.636  70.118 0.0000000000
42440  2.943  -27.273  69.926 0.0000000000
41410  2.599  -27.997  69.201 0.0000000000
116425  1.920  -26.944  70.042 0.0000000000
43544  1.546  -27.258  68.565 0.0000000000
48759  1.569  -22.828  64.605 0.0000000000
49714  1.945  -22.285  64.220 0.0000000000
49713  2.380  -21.817  63.932 0.0000000000
50639  3.798  -20.986  63.237 0.0000000000
52378  2.086  -17.148  64.601 0.0000000000
52377  2.500  -17.748  64.384 0.0000000000
52376  2.980  -18.686  64.144 0.0000000000
51464  3.983  -20.051  63.370 0.0000000000
50653  5.138  -20.947  61.946 0.0000000000
119822  5.607  -20.182  61.686 0.0000000000
115028  5.981  -19.870  61.239 0.0000000000
50666  6.238  -20.056  60.594 0.0000000000
51486  6.483  -19.387  60.073 0.0000000000
52411  6.548  -18.690  59.513 0.0000000000
48737  9.076  -22.277  68.997 0.0000000000
49645  10.890  -21.444  67.949 0.0000000000
45840  14.765  -23.906  68.700 0.0000000000
47759  16.618  -22.278  69.697 0.0000000000
47751  16.502  -22.401  70.360 0.0000000000
45836  15.054  -24.460  69.479 0.0000000000
46827  15.566  -24.275  71.235 0.0000000000
45820  15.354  -25.260  71.492 0.0000000000
48694  14.764  -23.415  71.457 0.0000000000
48695  14.789  -23.486  71.760 0.0000000000
47742  14.706  -23.959  72.489 0.0000000000
47744  12.222  -24.456  72.744 0.0000000000
47755  11.039  -23.354  70.825 0.0000000000
48712  10.266  -22.847  70.110 0.0000000000
39458  0.163  -31.968  63.178 0.0000000000
115826  0.520  -31.219  62.749 0.0000000000
40501  -0.254  -30.200  64.865 0.0000000000
122435  -0.052  -28.394  64.199 0.0000000000
41518  -0.050  -29.023  63.527 0.0000000000
115832  -0.212  -28.385  62.713 0.0000000000
46854  0.268  -25.554  63.073 0.0000000000
47789  1.122  -24.619  63.883 0.0000000000
119622  -0.200  -24.316  69.147 0.0000000000
120893  1.066  -25.070  67.938 0.0000000000
45844  0.752  -24.434  67.376 0.0000000000
46840  0.461  -23.758  66.959 0.0000000000
48738  -0.990  -22.481  68.364 0.0000000000
124204  0.045  -23.338  67.143 0.0000000000
120448  0.605  -23.905  66.466 0.0000000000
47773  0.569  -23.694  66.194 0.0000000000
49692  -0.311  -22.111  66.432 0.0000000000
105895  0.437  -19.067  65.815 0.0000000000
111307  0.723  -16.806  67.157 0.0000000000
49647  8.498  -22.001  68.498 0.0000000000
44723  13.470  -24.296  67.080 0.0000000000
44737  12.901  -24.466  66.681 0.0000000000
44738  12.503  -24.712  66.775 0.0000000000
39391  2.235  -30.822  67.976 0.0000000000
39399  2.398  -31.344  67.617 0.0000000000
115564  1.350  -31.819  61.846 0.0000000000
41547  0.858  -28.534  61.430 0.0000000000
41546  1.334  -29.060  61.203 0.0000000000
42562  1.893  -28.711  60.565 0.0000000000
40574  2.181  -29.867  60.850 0.0000000000
40588  3.476  -31.070  59.647 0.0000000000
42652  4.497  -28.871  55.146 0.0000000000
47812  1.014  -24.124  60.836 0.0000000000
47824  1.194  -23.667  60.608 0.0000000000
46880  1.298  -24.216  59.923 0.0000000000
48818  2.688  -22.453  59.873 0.0000000000
48819  2.070  -22.784  59.218 0.0000000000
47850  2.006  -23.246  58.789 0.0000000000
48840  2.518  -22.891  58.094 0.0000000000
46905  2.316  -23.361  58.306 0.0000000000
46892  1.874  -23.631  58.888 0.0000000000
46891  2.053  -24.085  58.585 0.0000000000
45902  2.103  -24.967  58.717 0.0000000000
121854  2.931  -26.168  58.581 0.0000000000
44853  4.695  -26.940  58.101 0.0000000000
43705  5.391  -27.479  57.605 0.0000000000
44861  5.351  -26.734  57.384 0.0000000000
42651  5.324  -28.626  55.634 0.0000000000
43772  3.626  -27.193  53.370 0.0000000000
46954  6.274  -24.310  53.777 0.0000000000
46964  6.377  -24.390  53.008 0.0000000000
120696  6.117  -24.818  51.868 0.0000000000
46977  5.954  -24.291  51.270 0.0000000000
45966  3.969  -25.394  51.153 0.0000000000
123649  2.961  -13.051  63.541 0.0000000000
57273  2.246  -14.157  62.363 0.0000000000
57272  2.884  -13.502  62.183 0.0000000000
56287  2.114  -14.947  62.208 0.0000000000
107467  2.535  -15.791  61.265 0.0000000000
112803  2.952  -16.563  60.115 0.0000000000
53367  3.701  -17.074  59.953 0.0000000000
52424  6.841  -18.806  58.552 0.0000000000
54316  2.832  -15.400  58.440 0.0000000000
54325  4.399  -16.510  57.771 0.0000000000
53374  5.803  -17.295  58.407 0.0000000000
53373  6.537  -17.881  58.053 0.0000000000
51502  6.958  -19.399  57.848 0.0000000000
51508  6.875  -19.567  56.989 0.0000000000
50714  6.375  -20.185  56.193 0.0000000000
122067  5.862  -20.231  54.774 0.0000000000
50738  3.835  -21.341  53.153 0.0000000000
49856  3.483  -21.375  52.278 0.0000000000
49868  3.149  -21.149  51.397 0.0000000000
50755  3.293  -19.909  51.408 0.0000000000
50760  3.085  -20.726  51.358 0.0000000000
49879  2.932  -21.109  50.678 0.0000000000
44661  4.942  -25.551  71.401 0.0000000000
44665  2.945  -25.230  71.242 0.0000000000
45808  3.752  -24.924  71.845 0.0000000000
45887  -0.107  -25.701  62.235 0.0000000000
45951  6.342  -24.950  52.618 0.0000000000
46801  3.767  -24.113  72.135 0.0000000000
46807  3.378  -24.212  71.826 0.0000000000
47723  3.904  -23.550  71.933 0.0000000000
47725  2.907  -23.918  71.381 0.0000000000
48690  3.108  -23.323  71.387 0.0000000000
48717  4.790  -22.529  71.243 0.0000000000
49616  5.622  -22.199  70.376 0.0000000000
49646  10.202  -21.892  67.935 0.0000000000
49791  3.713  -21.609  56.992 0.0000000000
49826  3.881  -21.372  54.843 0.0000000000
52341  -0.149  -19.162  69.275 0.0000000000
52403  6.286  -18.681  60.231 0.0000000000
53383  5.195  -16.940  57.829 0.0000000000
53396  6.264  -17.351  55.701 0.0000000000
54326  3.233  -15.773  58.133 0.0000000000
57246  1.880  -14.345  65.650 0.0000000000
111888  3.724  -21.975  58.719 0.0000000000
114644  0.301  -25.652  61.236 0.0000000000
114982  4.806  -28.340  58.567 0.0000000000
125982  5.504  -23.342  53.113 0.0000000000
126408  3.682  -26.806  69.968 0.0000000000
126493  4.330  -22.982  71.684 0.0000000000
