#!ascii label  , from subject sub-v2s16x51274_ses-1 vox2ras=TkReg
828
15561  31.667  -56.665  -9.522 0.3000000119
24945  31.033  -47.301  -10.809 0.6000000238
28857  30.503  -43.484  -12.600 0.6999999881
120909  30.024  -43.400  -12.124 0.6999999881
16543  30.720  -56.518  -10.134 0.4000000060
20208  30.836  -52.654  -10.461 0.4000000060
16551  30.971  -56.040  -10.774 0.5000000000
17495  31.930  -55.984  -10.563 0.5000000000
24960  31.168  -47.389  -11.581 0.6999999881
118389  30.550  -46.298  -12.021 0.6999999881
26932  30.948  -46.061  -12.820 0.5000000000
27913  30.738  -44.353  -13.115 0.6000000238
27902  30.245  -43.788  -12.688 0.6000000238
118630  31.108  -43.138  -13.003 0.6999999881
123707  30.727  -43.489  -11.546 0.6999999881
16563  30.186  -55.790  -11.484 0.5000000000
20221  30.553  -52.692  -11.588 0.4000000060
119016  31.031  -55.914  -11.729 0.6000000238
21167  31.386  -51.248  -10.748 0.4000000060
22145  31.441  -50.069  -11.757 0.5000000000
16577  30.693  -55.864  -12.529 0.6000000238
123535  31.585  -49.432  -10.910 0.6000000238
23088  31.528  -48.973  -11.637 0.6000000238
24019  31.388  -48.133  -12.077 0.6000000238
26941  31.268  -45.278  -13.281 0.6000000238
27912  31.567  -44.288  -13.469 0.6000000238
28862  33.449  -42.956  -13.797 0.6999999881
28863  31.637  -43.365  -13.265 0.6999999881
117580  32.505  -43.139  -13.395 0.6999999881
28855  32.406  -42.930  -12.929 0.6999999881
28829  32.426  -43.489  -10.767 0.6999999881
29818  33.169  -42.808  -13.249 0.6999999881
29810  33.186  -42.920  -12.465 0.6999999881
29803  33.667  -42.880  -11.526 0.6999999881
29808  34.597  -42.415  -12.801 0.6999999881
17510  29.642  -55.380  -11.490 0.5000000000
19304  29.714  -54.192  -11.581 0.5000000000
19294  29.721  -54.296  -11.010 0.5000000000
21179  30.993  -51.685  -11.742 0.4000000060
17509  30.031  -55.480  -12.212 0.5000000000
21178  31.354  -50.856  -11.447 0.5000000000
16590  31.257  -56.244  -13.701 0.6000000238
17525  30.244  -55.542  -13.274 0.5000000000
18443  30.752  -54.386  -14.862 0.5000000000
24974  31.356  -47.478  -12.555 0.6999999881
26940  32.115  -45.397  -13.566 0.6000000238
24975  31.000  -46.831  -12.224 0.6999999881
107378  33.079  -44.416  -13.967 0.6000000238
28871  33.821  -43.240  -14.187 0.6000000238
27911  32.337  -43.787  -13.670 0.6000000238
29826  34.270  -42.753  -14.085 0.6000000238
28828  33.120  -43.234  -10.904 0.6999999881
124786  34.815  -42.498  -14.025 0.6000000238
29802  34.467  -42.432  -11.828 0.6999999881
29816  34.707  -42.434  -13.651 0.6999999881
17526  29.665  -55.114  -12.310 0.5000000000
19303  29.928  -53.648  -12.070 0.4000000060
21189  31.155  -50.960  -12.315 0.5000000000
23097  31.445  -49.641  -12.497 0.6000000238
19319  29.855  -54.055  -13.247 0.4000000060
24031  31.571  -48.250  -12.996 0.6000000238
18429  29.733  -54.916  -13.096 0.4000000060
105944  30.280  -53.190  -13.793 0.4000000060
19325  30.202  -53.993  -14.226 0.4000000060
20244  30.786  -52.533  -14.230 0.4000000060
24985  31.957  -47.495  -13.320 0.6999999881
25951  31.827  -46.363  -13.326 0.6000000238
26939  32.997  -45.416  -13.804 0.6000000238
27920  33.940  -44.141  -14.353 0.6000000238
28870  34.673  -43.465  -14.454 0.6000000238
29795  34.309  -42.320  -10.829 0.6999999881
30787  35.165  -42.045  -12.140 0.6999999881
30795  36.028  -41.846  -13.381 0.6000000238
30786  35.845  -41.686  -12.472 0.6000000238
117986  30.616  -52.292  -12.406 0.4000000060
21197  31.125  -51.112  -13.242 0.4000000060
117535  31.527  -48.954  -12.704 0.6999999881
21198  30.933  -51.794  -13.683 0.4000000060
24984  33.143  -47.884  -13.893 0.8000000119
20250  31.515  -52.843  -14.935 0.5000000000
25950  32.615  -47.064  -13.551 0.6999999881
107646  32.778  -46.301  -13.658 0.6000000238
27919  34.908  -44.498  -14.542 0.5000000000
26947  33.868  -45.343  -14.175 0.6000000238
30773  34.166  -42.146  -9.873 0.6999999881
29823  37.611  -42.289  -14.937 0.6000000238
29825  35.867  -42.559  -14.443 0.6000000238
30779  34.964  -41.853  -11.194 0.8000000119
30772  34.787  -41.683  -10.284 0.8000000119
29824  36.712  -42.378  -14.647 0.6000000238
29814  36.265  -41.993  -14.136 0.6000000238
22165  31.640  -50.718  -13.902 0.5000000000
114211  31.716  -49.771  -13.497 0.6000000238
123122  31.378  -51.367  -14.034 0.5000000000
112493  33.374  -51.441  -15.185 0.6999999881
21204  32.323  -51.536  -14.738 0.4000000060
25949  33.463  -47.141  -13.873 0.6999999881
25957  33.734  -46.356  -14.023 0.6999999881
26945  35.699  -45.425  -14.818 0.6000000238
26946  34.786  -45.382  -14.493 0.6000000238
27917  36.435  -44.066  -15.140 0.6000000238
30766  34.658  -41.560  -9.427 0.6000000238
28868  36.451  -43.128  -14.893 0.6000000238
30778  35.655  -41.502  -11.546 0.6999999881
30771  35.465  -41.316  -10.659 0.6999999881
30802  37.989  -41.683  -14.599 0.6999999881
30794  36.792  -41.571  -13.679 0.6999999881
22164  32.763  -50.550  -14.747 0.5000000000
23105  32.809  -49.433  -14.309 0.6000000238
24041  31.867  -48.979  -13.416 0.6000000238
23109  34.738  -50.381  -15.261 0.6999999881
107313  32.391  -48.459  -13.659 0.6999999881
22169  34.518  -50.964  -15.156 0.6999999881
21202  33.879  -51.505  -15.119 0.6999999881
108209  34.436  -47.342  -14.467 0.6999999881
25956  34.801  -46.544  -14.556 0.6000000238
30757  34.239  -41.821  -8.255 0.5000000000
28874  37.985  -44.101  -15.731 0.6000000238
112201  36.610  -45.320  -15.267 0.6000000238
31742  35.716  -40.547  -9.407 0.6000000238
31734  35.167  -41.019  -9.022 0.5000000000
29830  38.333  -43.149  -15.588 0.6000000238
28875  37.058  -43.775  -15.370 0.6000000238
31753  36.849  -40.733  -11.422 0.6000000238
110790  35.921  -40.736  -10.206 0.5000000000
32670  36.889  -39.804  -9.969 0.5000000000
29822  38.650  -42.278  -15.328 0.6999999881
30792  38.389  -41.157  -14.174 0.6999999881
31761  37.799  -40.800  -12.562 0.6999999881
31752  37.537  -40.567  -11.747 0.5000000000
30801  38.945  -41.621  -14.892 0.6999999881
31760  38.536  -40.627  -12.797 0.6000000238
120879  33.304  -48.761  -14.378 0.6000000238
23110  33.746  -50.207  -15.146 0.6999999881
24048  34.086  -49.553  -15.173 0.6000000238
23108  35.384  -50.153  -15.120 0.6999999881
24989  34.032  -47.842  -14.403 0.6999999881
126991  35.587  -47.101  -15.036 0.6999999881
25954  36.705  -46.701  -15.454 0.6000000238
31724  35.091  -40.911  -8.214 0.4000000060
26949  37.730  -46.458  -15.737 0.5000000000
32663  36.703  -39.529  -9.355 0.4000000060
29829  39.648  -43.274  -16.151 0.6000000238
120133  37.312  -40.342  -11.058 0.5000000000
32669  37.499  -39.787  -10.461 0.5000000000
32677  38.709  -39.857  -11.406 0.4000000060
30800  39.926  -41.567  -15.270 0.6000000238
31776  39.301  -41.100  -14.445 0.6999999881
31769  38.853  -40.768  -13.674 0.6000000238
31758  40.101  -40.286  -13.053 0.5000000000
23103  35.757  -49.706  -15.073 0.6000000238
24047  35.226  -49.594  -15.327 0.6999999881
24040  34.194  -48.701  -14.881 0.6999999881
23104  35.686  -49.902  -14.900 0.6999999881
24039  36.209  -49.233  -14.997 0.6999999881
113475  35.065  -48.494  -15.155 0.6000000238
25955  36.266  -47.451  -15.363 0.6000000238
26948  39.209  -46.319  -16.078 0.6000000238
27924  38.805  -45.488  -16.248 0.6000000238
29833  40.886  -43.695  -16.468 0.6000000238
28873  39.175  -44.446  -16.291 0.6000000238
32668  38.365  -39.480  -10.698 0.4000000060
32662  37.328  -39.261  -9.703 0.4000000060
30807  40.786  -42.184  -15.956 0.6000000238
31775  40.184  -41.113  -14.835 0.6000000238
31767  40.913  -40.248  -13.700 0.5000000000
24046  36.089  -48.997  -15.245 0.6999999881
24983  36.529  -48.555  -14.591 0.6999999881
24988  37.150  -48.125  -15.226 0.6000000238
24045  36.621  -48.176  -15.285 0.6000000238
24029  35.978  -48.759  -14.018 0.6999999881
24991  37.080  -47.694  -15.450 0.5000000000
27914  40.998  -45.148  -16.049 0.6000000238
26942  39.815  -45.957  -16.087 0.6000000238
27923  39.810  -45.575  -16.301 0.6000000238
27927  41.024  -44.540  -16.396 0.5000000000
29828  41.443  -42.822  -16.352 0.6000000238
30799  40.989  -41.543  -15.613 0.6000000238
31774  41.178  -40.828  -15.026 0.5000000000
25948  37.376  -47.152  -14.107 0.6999999881
24982  37.234  -47.908  -14.648 0.6999999881
26944  38.354  -47.107  -15.427 0.6000000238
27916  39.465  -45.910  -15.506 0.5000000000
28866  41.307  -44.457  -15.878 0.6000000238
27915  40.386  -45.571  -15.939 0.6000000238
28865  41.562  -43.885  -16.138 0.6000000238
29819  42.799  -42.129  -16.269 0.6000000238
31773  42.560  -40.957  -15.829 0.5000000000
19324  32.742  -54.659  -14.840 0.5000000000
20249  33.107  -52.797  -14.973 0.5000000000
20242  33.035  -53.691  -14.354 0.5000000000
19329  32.755  -53.648  -14.983 0.5000000000
125959  33.528  -52.031  -14.994 0.6999999881
22155  33.875  -51.429  -13.254 0.6999999881
110004  33.362  -52.448  -14.574 0.5000000000
21188  33.539  -52.196  -13.658 0.5000000000
22163  34.640  -50.863  -14.737 0.6999999881
21196  34.012  -51.585  -14.789 0.6999999881
107426  35.222  -50.387  -14.812 0.6999999881
115680  30.859  -43.303  -12.452 0.6999999881
126253  30.627  -45.124  -12.953 0.6000000238
28843  32.665  -43.260  -11.832 0.6999999881
29797  32.981  -43.215  -10.058 0.6999999881
107195  32.241  -52.368  -14.989 0.6000000238
27918  35.640  -44.286  -14.771 0.6000000238
30785  36.597  -41.468  -12.783 0.6999999881
31762  37.100  -41.031  -12.248 0.6999999881
31746  36.699  -40.363  -10.552 0.6000000238
31770  38.065  -40.986  -13.401 0.6999999881
31733  35.579  -40.382  -8.610 0.5000000000
31759  39.337  -40.474  -12.979 0.5000000000
25958  37.713  -47.337  -15.603 0.5000000000
118723  36.936  -48.342  -14.859 0.6999999881
25952  38.482  -46.915  -15.745 0.5000000000
29827  41.791  -43.109  -16.216 0.6000000238
30806  41.861  -42.052  -16.392 0.6000000238
24990  37.563  -47.758  -15.370 0.6000000238
27921  41.147  -44.619  -16.229 0.6000000238
26937  38.032  -46.900  -14.529 0.5000000000
122586  33.917  -51.518  -11.959 0.6000000238
22117  36.113  -50.356  -9.320 0.6000000238
23058  36.584  -49.671  -9.102 0.4000000060
22131  34.587  -50.806  -10.325 0.5000000000
22144  34.144  -50.832  -12.106 0.6000000238
112972  31.383  -48.440  -9.913 0.5000000000
109422  37.460  -49.569  -9.475 0.4000000060
24008  31.406  -47.995  -10.876 0.5000000000
24929  31.011  -47.673  -10.197 0.5000000000
21154  35.023  -51.007  -9.836 0.5000000000
23990  37.650  -48.251  -8.900 0.4000000060
25928  30.159  -46.077  -11.338 0.5000000000
22118  35.398  -50.328  -9.447 0.6000000238
24946  30.429  -46.909  -10.603 0.5000000000
113873  34.358  -50.408  -11.137 0.5000000000
22154  34.426  -50.574  -13.485 0.6000000238
106055  39.238  -47.342  -9.639 0.4000000060
24942  39.674  -47.714  -10.286 0.4000000060
23059  35.764  -49.530  -8.945 0.4000000060
25917  27.873  -46.378  -11.108 0.5000000000
23060  35.095  -49.613  -9.297 0.5000000000
25915  29.518  -46.003  -10.952 0.5000000000
25930  27.591  -45.459  -11.404 0.5000000000
23087  34.448  -49.638  -11.041 0.6000000238
106613  34.381  -50.008  -12.210 0.6000000238
26933  30.143  -44.418  -12.695 0.5000000000
27891  27.935  -43.956  -11.591 0.5000000000
27892  26.911  -44.125  -11.193 0.4000000060
24007  34.570  -48.845  -10.627 0.5000000000
23074  34.603  -49.580  -9.989 0.5000000000
24959  34.744  -48.150  -11.260 0.6000000238
24018  34.609  -49.083  -12.166 0.6000000238
23096  34.904  -49.874  -13.667 0.6000000238
24973  35.220  -48.414  -12.697 0.6000000238
24030  35.502  -49.279  -13.966 0.6000000238
116488  37.122  -49.020  -8.968 0.4000000060
24926  38.453  -47.739  -9.222 0.4000000060
28846  28.293  -43.708  -11.478 0.5000000000
27875  27.416  -43.825  -11.165 0.5000000000
27864  26.902  -44.096  -10.683 0.4000000060
27890  28.878  -43.768  -11.945 0.6000000238
27876  26.696  -44.007  -11.006 0.4000000060
23992  34.788  -48.845  -9.514 0.6000000238
24943  34.906  -47.319  -10.607 0.6000000238
24958  35.203  -47.491  -11.820 0.6000000238
25899  39.575  -46.551  -9.305 0.4000000060
28832  28.757  -43.509  -11.149 0.5000000000
26888  27.546  -44.589  -9.917 0.4000000060
25902  27.453  -45.499  -9.533 0.4000000060
109514  35.592  -47.983  -8.531 0.6000000238
23043  36.682  -48.473  -8.559 0.4000000060
24928  34.936  -47.133  -9.458 0.6000000238
23991  35.339  -48.824  -8.864 0.6000000238
24944  34.710  -48.041  -10.010 0.5000000000
25914  35.069  -46.601  -10.227 0.5000000000
25942  35.749  -46.850  -12.243 0.6000000238
24925  39.997  -46.991  -9.984 0.4000000060
24911  37.788  -47.408  -8.550 0.4000000060
28818  29.379  -43.771  -10.434 0.6000000238
26887  28.554  -44.636  -9.530 0.5000000000
25889  28.525  -46.145  -8.929 0.5000000000
25890  27.818  -46.655  -9.052 0.5000000000
24913  36.246  -47.763  -8.271 0.4000000060
117938  36.944  -47.359  -8.119 0.4000000060
24914  35.808  -47.173  -8.104 0.5000000000
113390  35.135  -46.177  -9.545 0.5000000000
113328  35.346  -45.491  -9.648 0.5000000000
25927  35.317  -46.644  -11.135 0.6000000238
25941  36.580  -47.256  -13.418 0.6000000238
26872  38.825  -45.876  -8.056 0.4000000060
25900  38.720  -47.000  -9.011 0.4000000060
26871  39.535  -45.921  -8.615 0.4000000060
26885  40.245  -45.944  -9.210 0.4000000060
25870  38.019  -46.195  -7.787 0.4000000060
117890  38.172  -46.767  -8.384 0.4000000060
110636  30.615  -44.628  -8.830 0.6000000238
25887  30.208  -46.349  -8.080 0.5000000000
24915  28.834  -47.278  -8.310 0.4000000060
25871  36.998  -46.175  -7.554 0.4000000060
25901  35.215  -46.476  -8.713 0.5000000000
27889  35.871  -45.150  -11.038 0.5000000000
27888  36.432  -44.627  -11.470 0.6000000238
26931  36.296  -46.236  -12.460 0.6000000238
124063  36.833  -46.473  -13.229 0.6000000238
26848  39.294  -45.431  -7.783 0.4000000060
28815  32.225  -43.613  -9.801 0.6000000238
27860  31.013  -44.197  -9.222 0.6000000238
26875  30.341  -45.386  -8.470 0.5000000000
23964  29.192  -48.640  -6.902 0.5000000000
26850  37.449  -45.518  -7.278 0.4000000060
24897  35.909  -46.425  -7.804 0.4000000060
26873  35.551  -45.919  -8.040 0.5000000000
27859  35.478  -44.934  -9.222 0.5000000000
27901  36.835  -44.930  -12.306 0.5000000000
26870  40.281  -45.381  -8.397 0.4000000060
28802  31.968  -43.814  -8.845 0.6000000238
26874  31.211  -45.107  -8.026 0.5000000000
25874  30.820  -46.877  -7.142 0.5000000000
27841  35.560  -45.097  -8.347 0.5000000000
27874  35.622  -44.979  -10.136 0.4000000060
27900  37.490  -44.632  -12.731 0.4000000060
26929  37.360  -45.414  -13.133 0.6000000238
26936  38.679  -46.364  -14.832 0.4000000060
27804  40.341  -44.376  -6.723 0.4000000060
27821  38.821  -44.900  -6.979 0.4000000060
29788  32.855  -43.252  -9.034 0.6000000238
27822  37.859  -44.888  -6.860 0.4000000060
30767  34.029  -42.031  -8.954 0.5000000000
27842  32.151  -43.997  -7.922 0.5000000000
26853  31.712  -45.521  -7.110 0.5000000000
25857  31.029  -46.995  -6.001 0.4000000060
27827  31.903  -44.709  -7.533 0.4000000060
27840  35.843  -44.370  -8.715 0.5000000000
28814  36.326  -43.699  -9.249 0.5000000000
28827  36.460  -43.748  -10.211 0.6000000238
27887  37.039  -44.203  -11.886 0.4000000060
28854  37.727  -43.880  -12.304 0.4000000060
28861  38.994  -44.200  -13.675 0.4000000060
28841  37.358  -43.519  -11.471 0.5000000000
29776  33.792  -42.307  -8.168 0.5000000000
29777  33.181  -42.985  -8.017 0.6000000238
29762  33.693  -42.489  -7.322 0.4000000060
28852  39.240  -43.329  -13.121 0.5000000000
27907  39.666  -44.959  -14.843 0.5000000000
29793  38.281  -42.330  -10.613 0.5000000000
28826  37.070  -43.264  -10.660 0.5000000000
28840  38.083  -43.189  -11.856 0.5000000000
28853  38.461  -43.595  -12.715 0.5000000000
28766  38.985  -43.707  -5.893 0.4000000060
30798  43.044  -42.261  -15.752 0.5000000000
28859  40.772  -43.752  -14.758 0.4000000060
28860  39.818  -43.951  -14.142 0.5000000000
29799  39.312  -42.302  -11.741 0.5000000000
29800  38.522  -42.568  -11.417 0.5000000000
30746  34.172  -41.917  -7.570 0.4000000060
29811  42.167  -42.764  -15.073 0.4000000060
30791  41.572  -42.298  -13.706 0.4000000060
29821  41.593  -43.498  -15.456 0.5000000000
29812  41.156  -42.990  -14.227 0.5000000000
29805  39.640  -42.635  -12.608 0.5000000000
29813  40.105  -43.096  -13.604 0.5000000000
30783  40.125  -42.031  -12.105 0.5000000000
30782  40.996  -41.850  -12.570 0.4000000060
27903  29.532  -43.900  -12.380 0.5000000000
28831  29.801  -43.510  -11.239 0.6000000238
26917  30.194  -45.377  -12.322 0.6000000238
28830  31.442  -43.703  -10.608 0.6000000238
23075  31.629  -49.244  -10.049 0.5000000000
118762  37.935  -46.068  -13.915 0.6000000238
27909  38.084  -45.329  -13.653 0.4000000060
26903  28.406  -44.970  -11.599 0.5000000000
25929  29.434  -45.117  -11.793 0.5000000000
26918  28.858  -44.111  -12.116 0.5000000000
120445  27.233  -43.797  -10.906 0.4000000060
26889  26.633  -44.709  -10.339 0.4000000060
24927  35.324  -47.283  -8.574 0.6000000238
27862  28.962  -44.171  -9.958 0.6000000238
26877  28.255  -45.232  -9.309 0.4000000060
25885  37.369  -46.803  -7.977 0.4000000060
28817  30.522  -43.907  -10.205 0.6000000238
27861  29.998  -44.258  -9.623 0.6000000238
26876  29.280  -45.571  -8.842 0.5000000000
24916  27.908  -47.667  -8.495 0.5000000000
24917  26.963  -47.078  -9.292 0.5000000000
24899  29.388  -48.039  -7.510 0.5000000000
27843  31.469  -44.353  -8.388 0.5000000000
24898  29.959  -47.380  -7.607 0.5000000000
25873  31.031  -45.976  -7.648 0.5000000000
27873  36.135  -44.427  -10.620 0.5000000000
24885  30.499  -47.659  -6.514 0.5000000000
112693  35.957  -44.586  -7.901 0.5000000000
117196  33.473  -42.637  -8.747 0.6000000238
27899  38.212  -44.415  -13.213 0.3000000119
8584  36.676  -66.945  -10.874 0.3000000119
8601  36.411  -66.541  -12.193 0.3000000119
8600  37.334  -66.316  -11.551 0.3000000119
10030  37.021  -64.861  -12.255 0.3000000119
8616  36.137  -66.032  -12.717 0.3000000119
10012  35.538  -64.950  -10.168 0.3000000119
10011  36.601  -64.678  -10.997 0.3000000119
115758  39.808  -63.234  -11.041 0.3000000119
10759  38.354  -63.917  -11.629 0.3000000119
10726  37.152  -64.056  -10.076 0.3000000119
10741  38.924  -63.462  -11.067 0.3000000119
11475  39.672  -62.177  -9.208 0.3000000119
11495  39.383  -62.835  -10.304 0.3000000119
10724  38.494  -63.184  -9.858 0.4000000060
10725  37.633  -63.479  -9.328 0.4000000060
10709  36.330  -63.110  -7.885 0.4000000060
12210  39.377  -61.312  -8.413 0.3000000119
12190  38.519  -61.768  -8.072 0.4000000060
10708  37.251  -63.118  -8.204 0.4000000060
13798  40.660  -60.175  -8.960 0.3000000119
11457  36.890  -62.416  -7.674 0.4000000060
123804  40.867  -58.827  -9.536 0.4000000060
13817  40.172  -59.171  -9.101 0.4000000060
11458  36.023  -62.307  -7.571 0.4000000060
12951  36.160  -60.914  -7.326 0.3000000119
13799  39.683  -59.898  -8.551 0.4000000060
12971  39.097  -60.453  -8.206 0.3000000119
123534  38.616  -60.938  -7.901 0.4000000060
117505  37.330  -60.195  -7.468 0.5000000000
122134  37.860  -60.945  -7.602 0.4000000060
16562  31.777  -56.000  -11.454 0.5000000000
14639  40.220  -58.322  -9.693 0.4000000060
111993  36.962  -60.922  -7.414 0.4000000060
16542  32.441  -56.336  -9.408 0.3000000119
17493  33.468  -55.771  -10.141 0.4000000060
14611  34.872  -58.684  -7.463 0.3000000119
22120  31.584  -49.924  -9.357 0.4000000060
23061  31.448  -49.070  -9.404 0.4000000060
19331  31.580  -53.785  -15.148 0.4000000060
19330  32.294  -54.202  -15.180 0.4000000060
17544  30.914  -55.325  -14.910 0.4000000060
125837  39.346  -59.154  -8.645 0.4000000060
13800  38.843  -59.602  -8.212 0.3000000119
112106  38.217  -60.127  -7.749 0.5000000000
17543  31.649  -55.822  -15.045 0.4000000060
16589  32.171  -56.657  -13.875 0.4000000060
17494  32.658  -55.902  -10.120 0.4000000060
113410  36.516  -60.208  -7.311 0.4000000060
122119  33.261  -56.317  -11.979 0.5000000000
113885  35.746  -60.277  -7.305 0.5000000000
16541  33.263  -56.025  -9.312 0.4000000060
16527  32.906  -56.571  -8.813 0.4000000060
14610  35.658  -58.755  -7.252 0.3000000119
16526  33.705  -56.346  -8.599 0.4000000060
23975  31.139  -48.658  -9.228 0.4000000060
113921  32.477  -53.131  -15.123 0.4000000060
14640  39.343  -58.343  -9.153 0.4000000060
115254  38.707  -58.764  -8.387 0.4000000060
17542  32.407  -56.182  -14.797 0.4000000060
16575  32.807  -56.775  -13.544 0.5000000000
13777  38.127  -59.182  -7.847 0.4000000060
16560  33.516  -56.760  -13.167 0.5000000000
15559  39.645  -57.692  -9.933 0.4000000060
15560  38.908  -57.445  -9.442 0.4000000060
14641  38.519  -57.929  -8.650 0.4000000060
15545  37.821  -57.528  -8.192 0.5000000000
14609  36.720  -57.926  -7.472 0.5000000000
17536  33.193  -56.797  -14.353 0.4000000060
107609  34.137  -56.448  -12.432 0.5000000000
16548  39.471  -56.751  -11.167 0.4000000060
115582  35.985  -57.968  -7.213 0.5000000000
17507  33.359  -55.926  -11.056 0.4000000060
125289  35.354  -58.112  -7.337 0.4000000060
16525  35.002  -56.101  -8.062 0.4000000060
123332  34.363  -56.387  -8.213 0.4000000060
108105  34.059  -55.728  -9.636 0.4000000060
18437  32.929  -55.957  -14.643 0.4000000060
111360  33.347  -55.315  -14.071 0.3000000119
15544  38.252  -57.077  -8.831 0.4000000060
16523  37.580  -56.744  -8.374 0.4000000060
17535  34.031  -57.069  -14.105 0.4000000060
16558  38.994  -56.157  -11.793 0.4000000060
16549  38.791  -56.168  -10.804 0.4000000060
126084  37.007  -56.391  -8.126 0.5000000000
16505  36.400  -56.440  -7.807 0.5000000000
17534  34.567  -57.006  -14.085 0.5000000000
16506  35.600  -56.574  -7.638 0.4000000060
17492  34.126  -55.875  -10.904 0.4000000060
17483  34.780  -55.648  -9.402 0.4000000060
107358  34.836  -55.722  -10.461 0.4000000060
20234  33.436  -53.050  -13.139 0.4000000060
18436  33.879  -56.724  -14.237 0.3000000119
16539  38.479  -56.462  -9.714 0.4000000060
17480  37.657  -55.788  -9.504 0.4000000060
18428  34.422  -56.115  -13.905 0.3000000119
17479  37.993  -55.681  -10.540 0.4000000060
111220  37.134  -55.481  -10.350 0.4000000060
119107  36.851  -55.549  -9.241 0.4000000060
17465  36.050  -55.492  -8.959 0.5000000000
17502  38.428  -55.903  -12.562 0.4000000060
17503  37.429  -55.849  -13.031 0.4000000060
17481  36.291  -55.479  -10.106 0.4000000060
17482  35.480  -55.550  -9.758 0.4000000060
17506  34.958  -56.210  -11.978 0.4000000060
21177  33.676  -52.248  -12.399 0.4000000060
10045  31.835  -64.275  -11.695 0.3000000119
11494  40.211  -62.642  -10.691 0.3000000119
12209  40.327  -61.563  -9.211 0.3000000119
115932  41.264  -59.538  -9.417 0.4000000060
15558  40.402  -57.804  -10.437 0.4000000060
15574  39.835  -57.346  -10.744 0.4000000060
15583  40.419  -57.447  -12.481 0.4000000060
16557  39.679  -56.765  -12.128 0.4000000060
19318  33.724  -54.254  -12.988 0.3000000119
16573  39.115  -56.278  -12.804 0.4000000060
20220  33.823  -53.028  -12.052 0.4000000060
19317  34.717  -55.045  -13.055 0.4000000060
18427  35.041  -56.536  -13.640 0.4000000060
17533  38.060  -55.490  -13.794 0.4000000060
17490  37.332  -55.675  -11.689 0.4000000060
115548  36.529  -55.745  -11.512 0.4000000060
17505  36.042  -56.276  -12.861 0.4000000060
108722  35.540  -56.375  -12.829 0.3000000119
17524  34.940  -56.583  -13.495 0.4000000060
17521  37.346  -55.622  -13.536 0.4000000060
16561  32.612  -56.360  -12.312 0.4000000060
8602  35.738  -66.526  -12.308 0.3000000119
8615  36.793  -65.786  -12.417 0.3000000119
10031  36.010  -65.499  -12.124 0.3000000119
9308  31.585  -65.107  -11.973 0.3000000119
10033  32.146  -64.508  -10.731 0.3000000119
119786  37.598  -64.198  -11.581 0.3000000119
10742  38.057  -63.587  -10.844 0.4000000060
117845  36.718  -63.699  -8.730 0.4000000060
11455  38.700  -62.601  -8.850 0.3000000119
12970  40.029  -60.769  -8.650 0.3000000119
11476  37.985  -63.017  -8.706 0.4000000060
12191  37.430  -61.693  -7.609 0.4000000060
14656  41.065  -58.270  -10.069 0.4000000060
13778  37.570  -59.536  -7.582 0.4000000060
112844  36.428  -58.710  -7.296 0.5000000000
116716  34.728  -57.812  -7.548 0.3000000119
13779  36.864  -59.471  -7.358 0.5000000000
115729  39.995  -57.196  -11.543 0.4000000060
17466  35.247  -55.672  -8.749 0.4000000060
17491  35.681  -55.859  -11.348 0.4000000060
20205  35.782  -52.307  -10.675 0.4000000060
21165  35.356  -51.641  -10.221 0.4000000060
21163  37.043  -51.537  -10.354 0.4000000060
22116  37.004  -50.295  -9.537 0.3000000119
21153  35.700  -51.034  -9.703 0.5000000000
21166  34.699  -51.515  -10.521 0.4000000060
106552  34.277  -51.165  -11.167 0.4000000060
123599  42.699  -51.342  -16.120 0.3000000119
21201  41.839  -51.487  -15.742 0.3000000119
24028  41.030  -48.970  -12.237 0.3000000119
24017  39.911  -48.884  -11.166 0.3000000119
24006  39.448  -48.513  -10.525 0.3000000119
124708  38.274  -48.258  -9.369 0.3000000119
22161  41.754  -50.788  -14.845 0.3000000119
23102  42.079  -49.955  -14.161 0.3000000119
23094  41.498  -49.442  -13.079 0.3000000119
21207  43.457  -52.026  -16.392 0.3000000119
22173  43.624  -51.128  -16.283 0.3000000119
24005  40.137  -48.098  -10.912 0.3000000119
24941  40.412  -47.363  -10.602 0.3000000119
24027  41.745  -48.652  -12.655 0.3000000119
24016  40.600  -48.534  -11.528 0.3000000119
23100  43.805  -49.240  -15.210 0.3000000119
24036  43.143  -48.813  -14.080 0.3000000119
24955  42.324  -47.159  -11.908 0.3000000119
24980  43.383  -48.036  -13.577 0.3000000119
24969  42.749  -47.534  -12.732 0.3000000119
22168  43.802  -50.208  -15.900 0.3000000119
24956  41.582  -47.471  -11.537 0.3000000119
24940  41.150  -47.045  -10.879 0.3000000119
106683  40.807  -45.538  -9.153 0.3000000119
24035  43.977  -48.421  -14.725 0.3000000119
26901  41.755  -45.659  -10.127 0.3000000119
24968  43.618  -47.253  -13.233 0.3000000119
25940  43.052  -46.820  -12.388 0.3000000119
120773  42.996  -45.927  -11.379 0.3000000119
25898  40.941  -45.946  -9.817 0.3000000119
26869  41.152  -45.122  -8.714 0.3000000119
27839  40.904  -44.740  -7.793 0.3000000119
27805  39.343  -44.365  -6.460 0.3000000119
118341  40.801  -43.874  -6.127 0.3000000119
28765  39.880  -43.881  -5.916 0.3000000119
28744  39.522  -43.195  -5.441 0.3000000119
22130  37.452  -50.808  -10.083 0.3000000119
21152  36.564  -51.008  -9.755 0.4000000060
25913  40.693  -46.639  -10.282 0.3000000119
20204  36.646  -52.226  -10.764 0.5000000000
22160  42.815  -50.487  -15.503 0.3000000119
24015  41.307  -48.224  -11.869 0.3000000119
23085  40.362  -49.312  -11.810 0.3000000119
23071  39.223  -49.308  -10.765 0.3000000119
109930  38.529  -49.715  -10.397 0.3000000119
24037  42.325  -49.166  -13.549 0.3000000119
23101  42.966  -49.626  -14.770 0.3000000119
24957  40.826  -47.758  -11.248 0.3000000119
24026  42.501  -48.317  -13.105 0.3000000119
25939  43.944  -46.598  -12.895 0.3000000119
108119  43.363  -46.192  -12.068 0.3000000119
25926  41.910  -46.727  -11.193 0.3000000119
24979  44.278  -47.694  -14.257 0.3000000119
26900  42.312  -45.970  -10.842 0.3000000119
18426  35.663  -56.171  -13.587 0.3000000119
17523  35.649  -56.271  -13.499 0.4000000060
19314  37.329  -54.551  -13.348 0.4000000060
19315  36.380  -54.969  -13.397 0.4000000060
20233  37.565  -53.271  -12.387 0.4000000060
19316  35.492  -55.021  -13.092 0.4000000060
19299  36.726  -53.644  -12.294 0.4000000060
20215  37.921  -52.418  -11.794 0.3000000119
19301  34.959  -53.833  -12.076 0.3000000119
19300  35.795  -53.775  -12.192 0.4000000060
20216  37.104  -52.738  -11.504 0.4000000060
20218  35.369  -52.980  -11.309 0.3000000119
21175  37.489  -51.988  -11.047 0.4000000060
20219  34.545  -52.964  -11.490 0.3000000119
21176  34.183  -52.071  -11.389 0.3000000119
19302  34.284  -53.681  -12.211 0.3000000119
20217  36.248  -52.915  -11.345 0.4000000060
14638  41.721  -58.888  -9.768 0.3000000119
125902  36.062  -56.189  -13.490 0.3000000119
123739  44.510  -59.090  -9.889 0.3000000119
13815  43.489  -59.741  -9.822 0.3000000119
14637  42.736  -58.939  -10.070 0.3000000119
14655  42.053  -58.181  -10.292 0.3000000119
17522  36.161  -56.036  -13.672 0.3000000119
108277  36.509  -55.930  -13.587 0.3000000119
15570  45.081  -57.405  -10.828 0.3000000119
14654  43.052  -58.070  -10.466 0.3000000119
116758  44.060  -58.014  -10.592 0.3000000119
15572  42.693  -57.566  -10.959 0.3000000119
15573  41.452  -57.689  -10.927 0.3000000119
18425  36.825  -55.652  -13.631 0.3000000119
16547  45.695  -56.412  -10.604 0.3000000119
15578  45.274  -56.494  -11.156 0.3000000119
15571  43.828  -57.538  -11.036 0.3000000119
15581  42.485  -57.383  -12.046 0.3000000119
16556  44.494  -56.447  -11.764 0.3000000119
15579  44.560  -56.870  -11.681 0.3000000119
15580  43.717  -57.146  -12.031 0.3000000119
15582  41.313  -57.551  -12.179 0.3000000119
15589  40.523  -57.655  -13.587 0.3000000119
16587  39.239  -56.401  -13.814 0.3000000119
17487  45.225  -55.984  -11.244 0.3000000119
15587  42.163  -57.481  -13.222 0.3000000119
15597  42.648  -57.227  -13.773 0.3000000119
15599  40.892  -57.972  -14.389 0.3000000119
17517  43.972  -56.365  -12.110 0.3000000119
17499  44.529  -55.894  -11.574 0.3000000119
16570  43.703  -56.854  -12.492 0.3000000119
15586  43.286  -57.052  -12.967 0.3000000119
15598  41.807  -57.688  -14.288 0.3000000119
15600  40.079  -57.319  -14.315 0.3000000119
17520  38.326  -55.814  -13.520 0.3000000119
18435  37.675  -55.323  -13.763 0.3000000119
19313  38.054  -53.628  -13.107 0.3000000119
17530  42.681  -56.731  -13.798 0.3000000119
15605  40.709  -57.743  -15.148 0.3000000119
17532  38.696  -55.790  -14.255 0.3000000119
13829  43.772  -58.782  -10.271 0.3000000119
9292  36.492  -65.625  -12.478 0.3000000119
9307  37.235  -65.039  -12.309 0.3000000119
10761  32.249  -63.431  -11.254 0.3000000119
11456  37.816  -62.481  -8.013 0.4000000060
12192  36.516  -61.619  -7.455 0.4000000060
12193  35.737  -61.532  -7.477 0.3000000119
13780  36.065  -59.501  -7.205 0.5000000000
14608  37.311  -58.718  -7.574 0.5000000000
14624  38.005  -58.342  -8.009 0.4000000060
14625  37.397  -57.918  -7.750 0.5000000000
14653  44.894  -58.353  -10.233 0.3000000119
15529  37.054  -57.124  -7.760 0.5000000000
15530  36.216  -57.196  -7.416 0.5000000000
15531  35.442  -57.385  -7.393 0.4000000060
15546  34.015  -56.822  -8.127 0.4000000060
15547  33.355  -57.045  -8.334 0.4000000060
15575  39.206  -56.994  -10.276 0.4000000060
15585  43.974  -56.840  -12.250 0.3000000119
15588  41.109  -57.819  -13.422 0.3000000119
16507  34.720  -56.876  -7.732 0.4000000060
16524  35.819  -55.875  -8.143 0.4000000060
16537  46.149  -56.838  -10.112 0.3000000119
16540  37.303  -56.023  -8.680 0.5000000000
16550  31.754  -56.206  -10.004 0.5000000000
16559  34.262  -57.098  -13.899 0.4000000060
16564  29.666  -55.709  -10.894 0.5000000000
16571  42.975  -57.025  -13.351 0.3000000119
16572  39.877  -57.021  -13.177 0.4000000060
16574  33.578  -57.100  -14.078 0.4000000060
16576  31.731  -56.330  -12.748 0.5000000000
16588  32.876  -56.866  -14.214 0.5000000000
17467  34.392  -55.905  -8.726 0.4000000060
17489  38.194  -55.765  -11.660 0.4000000060
17504  36.569  -56.129  -12.957 0.3000000119
17508  32.581  -55.963  -11.154 0.4000000060
17537  32.089  -56.500  -14.535 0.4000000060
17538  30.975  -55.874  -14.460 0.6000000238
18416  29.547  -54.798  -11.403 0.5000000000
18430  29.668  -54.514  -12.295 0.5000000000
18438  30.138  -55.020  -14.171 0.5000000000
18441  32.269  -55.315  -15.060 0.5000000000
18442  31.565  -54.844  -15.200 0.4000000060
19332  30.754  -53.402  -14.649 0.5000000000
20206  34.953  -52.300  -10.786 0.4000000060
20235  30.565  -52.395  -13.291 0.4000000060
20243  31.471  -52.025  -14.477 0.4000000060
21164  36.164  -51.660  -10.170 0.4000000060
21190  30.846  -51.678  -12.783 0.4000000060
21203  33.159  -52.180  -15.120 0.6999999881
22119  34.835  -50.302  -9.755 0.5000000000
22156  31.287  -50.367  -12.848 0.6000000238
22170  33.990  -50.934  -15.273 0.6999999881
23044  36.336  -49.099  -8.734 0.4000000060
23057  38.047  -48.823  -9.515 0.4000000060
23072  38.736  -49.002  -10.146 0.3000000119
23073  37.828  -50.064  -9.965 0.3000000119
23086  39.631  -49.663  -11.429 0.3000000119
23974  35.924  -48.658  -8.566 0.4000000060
23989  38.862  -48.199  -9.817 0.3000000119
23993  30.990  -48.073  -9.630 0.4000000060
24038  36.632  -48.515  -15.113 0.6999999881
24886  29.879  -48.219  -6.791 0.5000000000
24912  37.059  -47.879  -8.398 0.4000000060
24961  30.765  -46.787  -11.323 0.6000000238
24970  41.997  -47.872  -12.290 0.3000000119
24971  36.706  -48.082  -14.197 0.6999999881
24972  35.910  -47.886  -13.253 0.6999999881
24981  37.813  -47.625  -15.047 0.6000000238
25872  36.341  -46.114  -7.610 0.4000000060
25884  38.858  -46.389  -8.575 0.4000000060
25886  36.421  -46.825  -7.848 0.4000000060
25888  29.386  -46.568  -8.396 0.4000000060
25903  27.023  -46.127  -9.551 0.4000000060
25912  41.449  -46.301  -10.529 0.3000000119
25916  28.666  -46.142  -10.897 0.5000000000
25943  31.372  -46.859  -12.967 0.6999999881
25953  38.013  -47.452  -15.517 0.5000000000
26849  38.363  -45.490  -7.397 0.4000000060
26852  36.048  -45.694  -7.628 0.4000000060
26886  35.265  -45.652  -8.873 0.5000000000
26902  35.409  -45.829  -10.473 0.5000000000
26904  26.176  -44.395  -10.920 0.4000000060
26915  36.286  -45.391  -11.902 0.5000000000
26916  35.773  -45.970  -11.531 0.6000000238
26919  27.373  -44.525  -11.492 0.4000000060
26930  36.780  -45.718  -12.741 0.6000000238
26938  37.380  -46.264  -13.573 0.6000000238
26943  39.049  -46.556  -15.834 0.5000000000
27820  39.832  -44.857  -7.357 0.4000000060
27825  35.831  -45.246  -7.793 0.5000000000
27826  32.470  -44.265  -7.044 0.4000000060
27844  29.617  -44.735  -9.189 0.6000000238
27858  35.928  -44.325  -9.702 0.4000000060
27863  27.863  -43.981  -10.370 0.4000000060
27877  26.147  -44.459  -11.033 0.4000000060
27908  38.902  -45.265  -14.289 0.4000000060
27910  33.144  -43.478  -13.945 0.6000000238
27922  40.657  -45.281  -16.135 0.6000000238
27925  37.565  -45.058  -15.673 0.6000000238
27926  41.146  -44.376  -16.371 0.5000000000
28786  32.737  -43.591  -7.496 0.6000000238
28813  36.863  -43.109  -9.797 0.6000000238
28816  31.442  -43.906  -9.664 0.6000000238
28819  28.524  -43.724  -10.574 0.5000000000
28833  27.914  -43.613  -10.987 0.5000000000
28842  36.679  -43.904  -11.078 0.4000000060
28844  31.682  -43.447  -11.642 0.6999999881
28845  29.159  -43.522  -11.797 0.5000000000
28856  31.671  -43.137  -12.682 0.6999999881
28858  29.726  -43.619  -12.234 0.6999999881
28864  30.888  -43.548  -13.072 0.6000000238
28867  40.487  -44.649  -15.341 0.6000000238
28869  35.641  -43.309  -14.666 0.6000000238
28872  40.332  -44.613  -16.462 0.6000000238
28876  41.317  -44.041  -16.332 0.5000000000
28877  41.175  -44.084  -16.425 0.5000000000
29787  33.527  -42.660  -9.498 0.6000000238
29796  33.651  -42.753  -10.416 0.6999999881
29801  37.750  -42.855  -11.073 0.5000000000
29804  40.530  -42.423  -13.078 0.4000000060
29806  38.827  -42.880  -12.237 0.5000000000
29807  35.306  -42.138  -13.074 0.6000000238
29809  33.857  -42.677  -12.574 0.6999999881
29815  35.391  -42.242  -13.927 0.6000000238
29817  33.964  -42.637  -13.481 0.6999999881
29820  42.175  -42.928  -16.016 0.6000000238
29831  37.280  -43.021  -15.192 0.6000000238
29832  41.327  -43.603  -16.375 0.6000000238
30745  34.615  -41.403  -7.849 0.4000000060
30756  34.626  -41.460  -8.628 0.5000000000
30765  35.287  -41.146  -9.825 0.6000000238
30777  36.389  -41.259  -11.890 0.6999999881
30784  37.347  -41.243  -13.107 0.6999999881
30793  37.562  -41.319  -13.948 0.6999999881
30803  37.093  -41.788  -14.372 0.6999999881
30805  42.724  -41.855  -16.403 0.6000000238
30808  39.715  -42.223  -15.676 0.6999999881
31741  36.346  -40.166  -9.737 0.5000000000
31747  36.165  -40.987  -11.027 0.6999999881
31751  38.248  -40.378  -11.983 0.5000000000
31768  39.886  -40.625  -13.988 0.5000000000
31777  42.185  -41.531  -16.118 0.6000000238
32664  36.142  -39.933  -8.987 0.4000000060
32678  37.969  -40.129  -11.188 0.5000000000
108441  36.574  -55.867  -8.411 0.5000000000
108882  35.659  -47.848  -15.177 0.6000000238
112098  35.050  -50.567  -15.124 0.6999999881
112252  40.501  -57.512  -11.326 0.4000000060
114390  35.639  -46.445  -14.916 0.6000000238
114760  38.527  -46.285  -16.051 0.6000000238
114957  32.565  -43.508  -8.258 0.5000000000
117647  30.257  -53.028  -12.727 0.4000000060
118488  42.640  -46.440  -11.614 0.3000000119
118736  34.974  -48.053  -9.004 0.6000000238
118787  42.228  -42.281  -16.375 0.6000000238
118827  40.529  -42.801  -16.251 0.6000000238
120776  33.818  -55.938  -8.999 0.4000000060
120794  31.557  -48.765  -10.615 0.5000000000
121512  35.578  -46.692  -8.143 0.5000000000
121517  44.822  -55.657  -10.995 0.3000000119
121596  40.303  -46.407  -9.731 0.4000000060
121767  35.307  -67.296  -11.952 0.3000000119
122029  32.397  -44.650  -13.720 0.6000000238
123697  35.046  -42.720  -14.300 0.6000000238
123879  37.895  -56.386  -8.964 0.4000000060
124078  29.608  -44.414  -12.345 0.5000000000
124729  31.770  -43.055  -13.111 0.6999999881
126018  30.651  -43.640  -10.886 0.6000000238
126363  32.280  -56.757  -9.041 0.3000000119
126722  37.493  -47.926  -15.138 0.6000000238
127068  34.526  -50.155  -10.368 0.5000000000
