#!ascii label  , from subject sub-v2s16x51274_ses-1 vox2ras=TkReg
1571
29785  37.351  -42.540  -9.384 0.6000000238
29775  36.774  -43.044  -8.087 0.5000000000
30753  39.100  -41.010  -8.952 0.6999999881
30762  39.344  -41.282  -9.754 0.6000000238
31745  39.961  -41.080  -10.120 0.6000000238
31739  40.714  -40.274  -9.500 0.6000000238
30764  37.769  -41.937  -8.962 0.6999999881
30763  38.546  -41.565  -9.371 0.6000000238
30770  38.802  -41.795  -10.173 0.5000000000
29792  39.051  -42.044  -10.942 0.5000000000
30768  40.261  -41.262  -10.736 0.6000000238
31738  41.322  -40.159  -9.929 0.6000000238
30755  37.563  -41.910  -8.075 0.5000000000
29786  36.764  -43.075  -8.866 0.5000000000
29794  37.540  -42.670  -10.239 0.6000000238
107069  41.456  -40.567  -10.688 0.6000000238
27824  36.347  -44.901  -7.437 0.5000000000
26851  36.647  -45.523  -7.388 0.5000000000
33556  41.381  -38.464  -8.294 0.6000000238
32652  41.701  -39.000  -9.115 0.6999999881
110516  39.403  -40.292  -7.716 0.6000000238
31731  39.648  -40.436  -8.509 0.6999999881
32653  40.924  -39.295  -8.426 0.6000000238
32661  41.141  -39.741  -9.234 0.6000000238
30743  38.031  -41.379  -7.444 0.6000000238
30754  38.271  -41.398  -8.490 0.6999999881
32660  41.724  -39.601  -9.706 0.6000000238
30744  37.481  -42.095  -7.311 0.5000000000
31743  42.239  -39.918  -10.480 0.6000000238
28785  36.794  -43.472  -7.368 0.5000000000
126923  42.867  -39.743  -10.852 0.6000000238
27808  36.833  -44.229  -7.082 0.5000000000
31748  42.966  -40.093  -11.329 0.6000000238
32672  44.336  -39.355  -12.007 0.6999999881
31755  43.927  -40.046  -12.216 0.6000000238
32680  45.139  -39.854  -13.285 0.6999999881
108504  44.653  -40.610  -13.734 0.6000000238
32691  45.363  -40.253  -15.617 0.6000000238
31754  45.981  -40.137  -14.724 0.6000000238
33576  41.326  -38.395  -11.908 0.5000000000
35483  40.399  -36.751  -10.909 0.6999999881
123997  40.890  -38.057  -11.386 0.6000000238
35484  39.853  -36.626  -10.515 0.8000000119
34529  40.080  -37.408  -10.717 0.6999999881
34508  41.819  -37.687  -8.518 0.6000000238
32645  39.973  -39.543  -7.271 0.6999999881
33557  40.557  -39.125  -7.667 0.6999999881
126022  40.963  -38.824  -7.948 0.6000000238
34507  42.327  -37.753  -9.187 0.6999999881
31722  38.712  -40.684  -7.182 0.6000000238
32637  39.666  -39.449  -6.460 0.6000000238
34528  42.913  -37.926  -9.978 0.8000000119
31696  38.658  -40.780  -5.921 0.5000000000
31710  38.773  -40.573  -6.467 0.5000000000
33569  42.733  -38.646  -10.099 0.6000000238
29743  38.208  -41.997  -5.918 0.5000000000
30729  37.759  -41.996  -6.633 0.5000000000
33568  43.328  -38.561  -10.621 0.8000000119
32666  42.910  -39.253  -10.567 0.6000000238
27807  37.444  -44.214  -6.722 0.5000000000
33575  44.070  -38.650  -11.410 0.8000000119
34533  44.597  -38.244  -11.795 0.8000000119
32665  43.588  -39.096  -11.099 0.6999999881
33578  45.750  -38.973  -13.579 0.6999999881
33574  45.003  -38.838  -12.370 0.6999999881
106131  45.985  -38.412  -14.329 0.6999999881
113845  46.111  -38.396  -14.072 0.6999999881
32679  45.892  -39.555  -14.163 0.6999999881
33579  45.014  -38.194  -14.246 0.6000000238
32687  45.961  -39.892  -15.414 0.6000000238
32686  46.161  -39.740  -15.145 0.6000000238
34538  43.079  -37.694  -13.192 0.6999999881
33580  43.841  -38.660  -13.823 0.6999999881
33583  45.835  -39.107  -14.869 0.6000000238
34539  41.843  -37.652  -12.210 0.6999999881
33581  42.315  -38.466  -12.719 0.6000000238
34535  40.778  -37.350  -11.198 0.8000000119
34534  41.252  -37.689  -11.624 0.8000000119
35493  40.826  -36.434  -11.399 0.8999999762
35472  38.761  -36.348  -9.516 0.6999999881
36434  40.226  -35.918  -10.926 0.8000000119
34530  39.419  -37.306  -10.269 0.6999999881
35454  41.685  -36.910  -8.075 0.6000000238
35453  42.195  -36.974  -8.772 0.6999999881
35470  42.467  -36.205  -9.152 0.6999999881
34496  41.342  -37.651  -7.789 0.6000000238
36417  42.768  -35.427  -9.580 0.6000000238
111207  40.216  -37.481  -5.729 0.4000000060
33548  40.238  -38.868  -6.911 0.6000000238
34497  40.857  -37.468  -7.065 0.6000000238
34521  42.696  -37.096  -9.512 0.6999999881
33537  39.881  -38.748  -6.012 0.6000000238
31695  38.955  -40.705  -5.303 0.4000000060
31709  39.098  -40.124  -5.937 0.5000000000
34520  43.259  -37.173  -10.200 0.8000000119
29724  38.734  -42.013  -5.424 0.5000000000
125332  43.650  -37.150  -10.636 0.8000000119
28745  38.654  -42.798  -5.657 0.4000000060
34526  44.693  -37.618  -11.759 0.8000000119
27806  38.323  -44.181  -6.400 0.5000000000
34537  46.212  -37.629  -13.658 0.8000000119
34540  46.447  -37.037  -14.736 0.8000000119
34536  46.537  -37.235  -14.336 0.6999999881
117460  45.425  -37.471  -12.517 0.8000000119
34543  44.180  -37.374  -13.806 0.8000000119
34541  46.290  -37.657  -14.402 0.6999999881
35506  44.344  -36.589  -14.875 0.8999999762
35502  44.339  -36.971  -14.082 0.8999999762
34542  45.693  -37.756  -14.463 0.6999999881
35498  43.029  -36.852  -13.349 0.8999999762
36449  41.375  -36.035  -12.187 0.8999999762
35492  41.407  -36.979  -11.745 0.8999999762
35455  38.410  -35.591  -9.024 0.8000000119
35456  37.802  -35.946  -8.378 0.8000000119
36420  39.012  -35.687  -9.745 0.8000000119
36435  39.811  -35.226  -10.654 0.8000000119
36419  39.599  -35.837  -10.337 0.6999999881
117758  41.905  -35.986  -8.330 0.6999999881
37297  42.558  -34.475  -9.263 0.6000000238
117724  41.504  -36.227  -7.668 0.6000000238
35435  40.632  -36.287  -6.212 0.4000000060
35444  40.878  -36.752  -6.807 0.5000000000
35443  41.250  -36.851  -7.402 0.6000000238
35469  43.003  -36.381  -9.871 0.6999999881
33519  39.953  -38.088  -5.491 0.5000000000
35482  43.577  -36.580  -10.513 0.6999999881
112280  40.296  -37.903  -3.617 0.5000000000
33520  39.676  -38.728  -5.129 0.6000000238
31660  39.972  -40.002  -4.042 0.4000000060
32595  39.784  -39.341  -4.024 0.4000000060
113292  45.432  -35.063  -12.436 0.8000000119
35491  44.875  -36.816  -11.807 0.8000000119
30688  39.798  -41.292  -4.521 0.4000000060
35497  45.719  -36.796  -12.745 0.8000000119
35481  44.086  -37.004  -11.091 0.8000000119
28766  38.985  -43.707  -5.893 0.3000000119
36476  46.039  -36.237  -15.163 0.8000000119
36469  46.398  -36.186  -14.569 0.8000000119
35496  46.398  -36.785  -13.721 0.8000000119
35505  45.232  -36.398  -15.566 0.8000000119
35500  46.579  -36.733  -14.455 0.8000000119
36478  43.155  -36.145  -15.130 0.8999999762
36470  43.105  -36.410  -13.886 0.8999999762
36471  42.015  -35.701  -14.185 0.8999999762
36462  42.209  -36.115  -13.000 0.8999999762
37286  38.233  -34.614  -8.914 0.8000000119
36393  37.423  -35.366  -7.931 0.8000000119
108507  41.481  -35.392  -13.058 0.8999999762
36450  40.664  -35.543  -11.646 0.8999999762
36436  39.305  -35.013  -10.160 0.8000000119
36451  40.164  -35.001  -11.174 0.8000000119
36403  41.820  -35.013  -8.204 0.6000000238
36418  42.247  -35.232  -8.839 0.6000000238
37285  41.610  -34.249  -7.696 0.6000000238
37251  40.847  -34.824  -5.497 0.4000000060
36383  40.828  -35.421  -6.205 0.4000000060
36382  41.135  -35.183  -6.833 0.4000000060
36404  41.468  -35.324  -7.551 0.5000000000
36433  43.412  -35.670  -10.307 0.6999999881
35425  40.317  -36.762  -5.507 0.4000000060
109362  43.922  -34.852  -10.798 0.6999999881
35401  40.517  -36.396  -3.811 0.5000000000
35416  40.292  -36.561  -4.593 0.4000000060
36432  44.217  -35.979  -11.135 0.6999999881
34455  40.549  -37.196  -3.464 0.5000000000
113290  44.782  -34.934  -11.586 0.8000000119
37344  45.852  -35.635  -14.720 0.8000000119
36461  45.935  -35.943  -12.966 0.8000000119
36483  44.691  -35.889  -16.313 0.8000000119
36485  43.333  -35.915  -16.436 0.8999999762
36479  42.259  -35.628  -15.604 0.8999999762
121751  41.013  -34.795  -13.136 1.0000000000
37298  38.294  -33.998  -9.353 0.8000000119
37337  40.552  -34.274  -12.732 1.0000000000
37311  38.904  -34.160  -10.083 0.8000000119
37325  39.928  -34.311  -11.446 1.0000000000
37310  39.549  -34.382  -10.771 0.8000000119
38256  42.430  -33.555  -8.823 0.6000000238
38267  43.042  -33.743  -9.685 0.6000000238
37309  43.768  -33.889  -10.489 0.6999999881
105868  41.180  -33.988  -5.726 0.4000000060
37263  41.088  -34.608  -6.331 0.4000000060
37274  41.304  -34.614  -7.038 0.4000000060
37242  40.732  -35.101  -4.610 0.4000000060
35400  40.973  -35.980  -3.334 0.5000000000
37226  41.074  -34.677  -4.004 0.4000000060
37336  45.407  -34.628  -12.902 0.8000000119
38298  44.872  -33.535  -12.192 0.8000000119
37345  44.938  -34.987  -14.644 0.8000000119
118145  45.455  -34.958  -13.848 0.8000000119
37362  44.290  -35.381  -16.828 0.8000000119
37361  45.133  -35.728  -15.687 0.8000000119
36484  44.192  -35.755  -16.806 0.8999999762
37356  41.455  -35.071  -15.008 0.8999999762
37363  41.699  -35.121  -16.214 0.8999999762
37347  41.262  -34.942  -13.922 1.0000000000
37348  40.804  -34.270  -13.636 1.0000000000
38281  38.262  -33.383  -10.212 0.8000000119
37275  37.237  -34.646  -7.970 0.8000000119
38313  40.116  -33.554  -12.721 1.0000000000
38280  38.994  -33.622  -10.672 0.8000000119
38299  39.430  -33.536  -11.425 0.8000000119
38248  42.192  -33.121  -8.178 0.6000000238
38257  41.955  -33.654  -8.152 0.6000000238
38279  44.404  -33.205  -10.988 0.6999999881
38235  41.583  -33.260  -5.944 0.4000000060
112095  41.425  -33.821  -6.703 0.5000000000
38249  41.859  -33.246  -7.466 0.5000000000
37308  44.534  -34.016  -11.250 0.8000000119
39258  44.505  -32.909  -11.547 0.8000000119
37250  41.118  -34.284  -4.817 0.4000000060
38278  44.745  -33.482  -11.640 0.8000000119
38213  42.478  -33.586  -4.100 0.4000000060
38225  42.051  -33.287  -4.618 0.4000000060
38324  44.654  -34.150  -13.363 0.8000000119
37355  44.333  -34.873  -15.803 0.8000000119
36488  43.353  -35.506  -17.268 0.8999999762
37368  43.589  -34.754  -17.909 0.8000000119
37357  40.963  -34.325  -14.534 1.0000000000
37371  41.352  -34.400  -16.812 1.0000000000
118075  40.578  -33.734  -14.142 1.0000000000
39286  39.149  -32.701  -12.861 1.0000000000
38300  38.599  -32.973  -11.106 0.8999999762
124798  37.152  -33.702  -8.822 0.8000000119
110272  36.846  -33.484  -9.451 0.8999999762
38315  38.914  -32.806  -11.971 1.0000000000
39276  37.909  -32.633  -11.899 1.0000000000
106849  37.165  -33.150  -10.385 1.0000000000
39287  38.462  -32.617  -13.467 1.0000000000
114960  38.431  -32.679  -14.461 1.0000000000
39288  37.677  -32.662  -13.017 1.0000000000
38316  36.856  -33.119  -13.578 1.0000000000
39313  37.543  -32.675  -14.860 1.0000000000
39300  37.581  -32.824  -14.050 1.0000000000
39245  42.977  -33.017  -9.316 0.6999999881
38266  43.699  -32.903  -10.151 0.6999999881
107424  44.009  -31.999  -10.244 0.6999999881
40294  42.965  -32.043  -8.231 0.6000000238
39238  42.655  -32.730  -8.607 0.6000000238
39218  41.989  -32.751  -6.173 0.5000000000
39275  44.086  -32.201  -11.406 0.8000000119
39205  42.979  -32.467  -5.364 0.4000000060
38312  44.082  -33.236  -12.620 0.8000000119
126571  43.681  -33.579  -13.512 0.8000000119
38337  43.482  -33.934  -15.467 0.8000000119
37346  43.894  -34.240  -14.426 0.8000000119
38347  43.715  -34.430  -16.946 0.6999999881
37372  42.982  -34.475  -18.112 0.8999999762
38361  43.257  -33.853  -18.114 0.8000000119
38356  41.957  -34.111  -17.758 0.8999999762
38362  42.673  -33.550  -18.092 1.0000000000
38349  40.665  -33.696  -16.124 1.0000000000
38357  41.030  -33.608  -17.186 1.0000000000
39328  40.825  -32.876  -17.290 1.0000000000
38339  40.551  -33.692  -14.983 1.0000000000
38358  40.305  -33.036  -16.468 1.0000000000
38350  40.010  -33.141  -15.458 1.0000000000
39320  39.359  -32.542  -15.687 1.0000000000
38282  37.055  -32.885  -11.503 1.0000000000
38283  36.379  -33.474  -10.296 1.0000000000
39312  38.469  -32.582  -15.137 1.0000000000
38301  36.975  -32.870  -12.546 1.0000000000
38302  36.278  -33.422  -12.263 1.0000000000
38317  36.290  -33.419  -13.138 1.0000000000
38328  36.759  -33.105  -14.334 1.0000000000
39237  43.385  -32.212  -9.278 0.6999999881
40280  43.439  -31.524  -7.669 0.5000000000
39259  44.311  -32.438  -10.890 0.6999999881
39230  42.389  -32.587  -7.803 0.6000000238
125068  42.826  -32.070  -6.611 0.5000000000
40267  42.816  -32.014  -7.336 0.5000000000
39283  44.387  -32.810  -11.941 0.8000000119
39298  42.963  -32.863  -13.145 0.6999999881
38338  42.899  -33.165  -15.170 0.8000000119
38325  43.139  -33.425  -14.265 0.8000000119
38355  43.294  -33.584  -17.696 0.6999999881
38348  43.200  -33.362  -16.419 0.6999999881
39333  42.977  -32.883  -17.973 0.8999999762
118831  42.653  -32.191  -17.660 0.8000000119
41375  42.371  -30.765  -17.374 0.8000000119
41383  42.192  -30.200  -17.547 0.8000000119
39334  42.472  -32.789  -18.007 0.8999999762
117874  42.484  -32.028  -17.691 0.8000000119
40403  42.249  -31.022  -17.539 0.8000000119
38363  41.733  -33.253  -17.825 1.0000000000
40404  41.745  -31.307  -17.640 0.8999999762
41384  42.038  -30.302  -17.711 0.8000000119
39335  41.687  -32.396  -17.726 0.8999999762
40396  40.785  -31.979  -17.251 1.0000000000
39311  39.254  -32.798  -14.919 1.0000000000
39321  38.186  -32.245  -15.383 1.0000000000
38318  35.496  -33.940  -13.064 1.0000000000
40388  38.152  -31.341  -15.632 1.0000000000
39322  37.259  -32.176  -15.190 1.0000000000
119030  36.029  -33.560  -13.866 1.0000000000
125223  37.671  -31.862  -15.431 1.0000000000
40389  37.152  -31.185  -15.355 1.0000000000
40380  35.727  -32.008  -14.745 1.0000000000
40293  43.660  -31.449  -8.611 0.6999999881
40292  44.268  -30.857  -8.955 0.6999999881
40309  43.970  -31.449  -9.596 0.6999999881
40329  44.073  -31.362  -10.397 0.6999999881
125154  44.187  -31.838  -10.836 0.6999999881
40279  44.111  -30.901  -7.893 0.6000000238
113694  43.859  -31.366  -11.004 0.6999999881
40266  43.441  -31.676  -6.813 0.5000000000
39284  43.637  -32.459  -12.157 0.8000000119
39285  42.754  -32.101  -12.480 0.6999999881
39310  42.484  -32.639  -14.288 0.6999999881
122637  42.577  -32.448  -15.733 0.6999999881
39327  42.967  -32.658  -17.377 0.6999999881
41366  42.462  -30.912  -16.832 0.8000000119
41367  42.106  -30.173  -16.256 0.8000000119
42426  42.362  -29.486  -16.836 0.8000000119
41376  42.411  -30.153  -17.189 0.8000000119
42425  42.292  -29.554  -17.466 0.8000000119
111641  40.803  -31.131  -17.217 1.0000000000
41385  41.316  -30.398  -17.452 0.8999999762
42432  42.107  -29.558  -17.712 0.8000000119
42433  41.753  -29.561  -17.660 0.8000000119
39329  40.057  -32.375  -16.509 1.0000000000
39330  39.086  -31.942  -15.953 1.0000000000
40398  38.986  -31.139  -16.011 1.0000000000
41379  38.427  -30.330  -15.899 1.0000000000
38329  35.243  -33.822  -13.665 1.0000000000
37339  34.822  -34.643  -12.630 1.0000000000
117403  36.289  -30.629  -15.146 1.0000000000
39323  36.442  -31.671  -15.062 1.0000000000
38342  35.358  -33.313  -14.183 1.0000000000
40390  35.507  -30.684  -14.813 1.0000000000
41296  44.610  -30.217  -9.220 0.6999999881
40308  44.226  -30.732  -9.868 0.6999999881
123813  43.865  -30.797  -10.554 0.6000000238
40358  43.104  -31.562  -11.701 0.6000000238
40359  42.328  -31.516  -12.423 0.6999999881
40372  42.059  -32.003  -13.256 0.6999999881
40378  41.979  -31.856  -14.510 0.6999999881
41363  41.768  -30.272  -15.118 0.8000000119
40387  42.209  -31.513  -15.763 0.6999999881
125022  41.987  -30.793  -15.743 0.8000000119
43514  42.039  -28.716  -16.207 0.8000000119
43522  42.326  -28.897  -17.329 0.8000000119
43526  41.993  -28.730  -17.795 0.8000000119
42427  40.728  -29.596  -17.130 0.8000000119
43527  41.095  -28.730  -17.345 0.8000000119
41378  39.335  -30.422  -16.315 1.0000000000
42428  39.676  -29.603  -16.531 1.0000000000
112874  39.897  -28.730  -16.706 0.6999999881
42429  38.715  -29.489  -16.186 1.0000000000
42417  37.754  -29.235  -15.847 1.0000000000
43515  37.111  -28.130  -15.775 1.0000000000
37340  34.279  -34.841  -12.829 1.0000000000
41369  36.542  -29.874  -15.364 1.0000000000
41370  35.662  -29.610  -15.097 1.0000000000
39315  35.090  -32.379  -14.389 1.0000000000
38343  34.781  -33.659  -13.784 1.0000000000
37349  34.676  -34.270  -13.290 1.0000000000
40381  34.877  -31.240  -14.433 1.0000000000
40348  42.326  -30.719  -12.088 0.6000000238
40360  41.840  -31.163  -12.830 0.6999999881
40379  41.726  -31.061  -14.760 0.6999999881
40373  41.666  -31.256  -13.698 0.6999999881
41353  41.640  -30.388  -14.024 0.8000000119
42416  41.861  -29.502  -15.639 0.6999999881
43521  42.102  -28.363  -17.665 0.6999999881
44660  42.030  -27.783  -17.754 0.6999999881
117206  41.366  -27.841  -17.490 0.6999999881
43523  40.098  -27.785  -16.913 0.8000000119
44655  40.430  -26.881  -17.177 0.6999999881
117068  39.000  -28.814  -16.376 0.8999999762
43525  38.006  -28.403  -16.161 1.0000000000
44658  37.493  -27.369  -16.061 1.0000000000
38319  34.071  -34.503  -13.081 1.0000000000
42419  35.960  -28.809  -15.222 1.0000000000
39316  34.451  -32.751  -13.971 1.0000000000
120670  34.659  -30.174  -14.454 1.0000000000
41314  43.795  -30.051  -10.405 0.6000000238
126807  43.366  -29.818  -10.856 0.6000000238
41325  43.198  -30.445  -11.143 0.6000000238
42373  42.615  -29.894  -11.746 0.6000000238
42386  42.224  -29.774  -12.532 0.6000000238
42387  41.799  -30.039  -13.234 0.6000000238
42399  41.802  -29.649  -13.830 0.6999999881
43503  41.890  -28.835  -15.062 0.6999999881
44654  42.237  -27.873  -16.987 0.6999999881
44653  42.326  -26.896  -17.192 0.6999999881
111775  42.054  -27.031  -17.734 0.6999999881
108457  41.591  -27.019  -17.621 0.6999999881
48673  46.246  -23.375  -16.250 0.3000000119
45799  40.826  -26.222  -17.377 0.6999999881
48667  46.530  -23.109  -15.516 0.3000000119
44656  39.069  -26.682  -16.644 0.8000000119
35475  31.272  -36.361  -10.039 0.8999999762
36439  32.636  -35.785  -11.084 1.0000000000
36464  33.864  -35.095  -12.600 1.0000000000
36453  33.230  -35.540  -11.604 1.0000000000
44645  36.527  -27.910  -15.166 1.0000000000
42405  34.566  -29.617  -14.289 1.0000000000
41371  34.967  -29.492  -14.719 1.0000000000
113378  34.434  -31.681  -14.105 1.0000000000
120293  34.266  -33.637  -13.465 1.0000000000
40382  34.251  -30.579  -14.055 1.0000000000
42359  43.563  -29.306  -10.733 0.6000000238
43475  43.385  -28.580  -11.352 0.6000000238
43476  42.738  -29.027  -12.045 0.6000000238
43488  43.169  -28.248  -12.143 0.6000000238
43489  42.824  -28.349  -12.756 0.6999999881
43495  42.433  -28.467  -13.532 0.6999999881
115406  42.449  -28.972  -12.830 0.6000000238
42409  41.950  -28.995  -14.113 0.6999999881
45762  45.852  -26.740  -12.883 0.3000000119
45771  45.459  -26.313  -13.614 0.3000000119
43513  42.099  -27.963  -15.550 0.6999999881
47711  46.031  -23.788  -16.677 0.3000000119
48674  45.616  -23.385  -16.367 0.4000000060
48668  45.814  -23.108  -15.716 0.4000000060
35476  30.470  -36.513  -9.938 0.6999999881
48632  47.210  -22.878  -12.536 0.3000000119
121518  39.589  -25.682  -16.804 0.6999999881
35486  31.628  -36.131  -10.610 0.8999999762
48646  46.954  -23.088  -13.475 0.3000000119
48661  45.991  -23.305  -14.654 0.3000000119
44657  37.926  -26.554  -16.207 0.8000000119
35494  32.071  -35.944  -10.999 0.8999999762
44644  37.234  -27.402  -15.441 1.0000000000
38320  33.605  -34.569  -12.654 1.0000000000
43507  36.000  -28.261  -14.891 1.0000000000
39301  33.852  -32.587  -13.403 1.0000000000
38330  33.745  -33.633  -13.072 1.0000000000
42412  34.958  -29.051  -14.573 1.0000000000
114822  34.055  -31.568  -13.692 1.0000000000
41358  34.340  -29.998  -13.719 1.0000000000
109777  34.127  -30.762  -13.523 1.0000000000
41342  34.127  -30.684  -13.088 1.0000000000
44624  43.327  -27.732  -12.671 0.6999999881
44632  42.919  -27.709  -13.340 0.6999999881
44621  46.180  -27.161  -12.130 0.3000000119
113423  42.224  -28.243  -14.474 0.6999999881
44651  42.419  -26.848  -16.005 0.6999999881
45782  45.117  -25.780  -14.329 0.3000000119
45772  44.608  -26.301  -13.644 0.5000000000
45797  42.203  -26.331  -17.522 0.6999999881
46785  45.643  -24.687  -16.226 0.4000000060
46786  44.582  -24.369  -16.874 0.6000000238
47712  44.688  -23.955  -17.073 0.5000000000
45798  41.768  -26.122  -17.652 0.6999999881
47706  46.108  -24.199  -16.730 0.3000000119
47680  44.400  -24.535  -12.273 0.4000000060
48675  44.896  -23.494  -16.534 0.4000000060
46799  40.695  -25.306  -17.291 0.6999999881
35489  29.303  -36.288  -10.173 0.6999999881
108290  45.171  -24.376  -11.874 0.4000000060
48669  45.055  -23.153  -15.886 0.4000000060
35477  29.566  -36.534  -9.743 0.6000000238
110166  46.576  -23.505  -12.353 0.3000000119
110511  45.858  -24.033  -12.118 0.4000000060
48662  45.200  -23.429  -14.876 0.4000000060
48670  44.215  -23.218  -15.997 0.4000000060
45796  38.388  -25.784  -16.260 0.6999999881
46794  39.822  -24.692  -16.652 0.6999999881
35487  30.890  -36.288  -10.464 0.6999999881
47679  45.292  -24.195  -12.722 0.4000000060
47698  44.370  -23.506  -15.060 0.4000000060
45794  37.948  -25.986  -15.968 0.8000000119
48647  46.144  -23.646  -13.337 0.3000000119
47690  45.312  -23.839  -13.753 0.3000000119
47691  44.476  -23.938  -14.024 0.4000000060
45786  37.862  -26.173  -15.914 0.8000000119
37328  33.291  -35.239  -12.038 1.0000000000
44643  37.806  -26.795  -15.523 0.8999999762
43506  36.732  -27.751  -14.901 1.0000000000
40363  33.835  -31.547  -12.946 1.0000000000
41357  35.011  -29.691  -13.492 1.0000000000
42404  34.728  -29.209  -14.110 1.0000000000
43500  35.726  -28.704  -14.479 1.0000000000
40362  34.571  -30.949  -12.361 1.0000000000
108638  33.940  -31.564  -12.105 1.0000000000
44611  43.772  -27.711  -11.928 0.6000000238
123923  43.813  -27.310  -12.644 0.6000000238
110143  43.494  -27.161  -13.241 0.6000000238
44623  44.414  -27.162  -12.365 0.5000000000
45764  44.164  -26.816  -13.061 0.6000000238
110229  42.593  -27.732  -13.982 0.6999999881
45763  44.965  -26.668  -12.891 0.5000000000
44641  42.498  -27.380  -14.784 0.6999999881
45773  43.813  -26.478  -13.807 0.6000000238
44640  42.853  -26.541  -14.997 0.6999999881
45783  44.328  -25.814  -14.480 0.6000000238
46777  44.953  -25.264  -15.280 0.6000000238
46778  44.185  -25.241  -15.688 0.6000000238
45795  42.643  -25.990  -16.957 0.6999999881
46793  42.712  -25.219  -17.482 0.6999999881
115492  44.948  -24.696  -16.242 0.5000000000
46792  44.112  -24.181  -17.197 0.6000000238
46787  43.817  -24.852  -16.788 0.6000000238
110974  42.284  -25.523  -17.641 0.6000000238
46753  42.959  -25.239  -11.959 0.4000000060
118735  45.475  -23.888  -16.814 0.4000000060
47713  43.828  -23.996  -17.328 0.5000000000
114104  43.363  -24.488  -17.347 0.6000000238
46798  41.667  -25.067  -17.611 0.6999999881
47666  43.750  -24.914  -11.587 0.4000000060
48676  44.046  -23.552  -16.776 0.5000000000
47719  40.792  -24.384  -17.175 0.6999999881
47681  43.531  -24.765  -12.375 0.5000000000
36441  30.536  -35.989  -10.677 0.8999999762
35488  30.094  -36.358  -10.357 0.6999999881
47692  43.601  -24.006  -14.250 0.4000000060
45793  38.227  -25.637  -15.963 0.6999999881
46790  38.793  -25.130  -16.065 0.6999999881
36455  31.921  -35.601  -11.051 0.8999999762
43505  37.701  -27.469  -14.837 0.8999999762
37329  32.504  -35.055  -11.439 0.8999999762
39289  33.603  -32.621  -12.765 1.0000000000
112625  33.043  -34.368  -11.907 1.0000000000
43499  36.634  -28.471  -14.444 1.0000000000
38304  33.367  -33.461  -12.318 1.0000000000
41356  36.220  -29.839  -13.315 1.0000000000
39277  33.596  -32.228  -11.882 1.0000000000
41340  35.890  -30.451  -12.764 1.0000000000
111833  35.792  -31.504  -10.669 0.8999999762
40352  35.288  -31.322  -11.437 1.0000000000
40354  33.984  -31.636  -11.041 1.0000000000
113089  34.948  -31.507  -10.667 1.0000000000
107438  34.413  -31.620  -9.970 0.8999999762
44631  43.018  -26.935  -14.035 0.6999999881
45784  43.520  -26.083  -14.726 0.6999999881
45792  43.166  -25.749  -15.937 0.6999999881
46788  43.197  -25.252  -17.017 0.6000000238
46796  42.847  -24.597  -17.570 0.6000000238
47651  43.820  -24.959  -10.696 0.3000000119
46797  42.406  -24.861  -17.699 0.6000000238
112422  43.282  -25.322  -11.143 0.4000000060
46754  42.673  -25.812  -11.159 0.4000000060
47716  42.947  -24.070  -17.480 0.6000000238
48680  43.151  -23.599  -17.024 0.5000000000
47718  41.764  -24.303  -17.511 0.6000000238
48671  43.066  -23.379  -15.904 0.4000000060
46766  42.344  -25.377  -12.611 0.5000000000
105292  43.070  -23.824  -14.835 0.4000000060
47699  43.675  -23.569  -15.231 0.4000000060
47715  40.285  -24.104  -16.562 0.6000000238
47682  42.925  -24.749  -12.974 0.5000000000
108964  39.496  -24.594  -15.881 0.6000000238
125504  43.238  -24.398  -13.576 0.4000000060
47693  42.723  -24.358  -14.005 0.4000000060
43504  38.690  -27.212  -14.718 0.8999999762
45785  38.600  -26.263  -15.356 0.8000000119
37314  31.657  -34.599  -10.786 0.8999999762
38305  32.422  -33.777  -10.914 0.8999999762
42402  36.484  -29.151  -13.839 1.0000000000
40361  35.563  -30.958  -12.110 1.0000000000
39278  33.062  -33.084  -11.374 1.0000000000
39261  33.278  -32.046  -10.767 0.8999999762
109192  34.856  -31.624  -9.149 1.0000000000
40313  34.186  -31.677  -9.220 1.0000000000
40333  33.582  -31.803  -9.861 0.8999999762
40299  34.447  -31.494  -8.475 1.0000000000
107666  33.674  -31.722  -8.818 0.8999999762
47650  44.417  -24.543  -10.147 0.3000000119
46739  43.178  -25.451  -10.286 0.3000000119
46740  42.677  -26.044  -10.340 0.3000000119
48683  42.070  -23.861  -17.394 0.6000000238
108168  42.374  -25.736  -11.942 0.5000000000
45754  42.093  -26.256  -11.622 0.4000000060
48677  42.239  -23.448  -16.558 0.5000000000
48678  41.411  -23.536  -16.346 0.5000000000
48679  40.808  -23.738  -16.514 0.5000000000
47700  42.331  -23.977  -14.985 0.5000000000
47709  40.837  -23.707  -15.975 0.5000000000
46767  41.742  -25.579  -13.119 0.5000000000
47701  41.415  -24.222  -15.187 0.5000000000
46789  39.514  -24.595  -16.191 0.6000000238
46770  42.189  -24.951  -13.411 0.5000000000
47694  41.882  -24.585  -14.265 0.5000000000
46781  39.069  -25.384  -15.588 0.6999999881
45774  41.007  -25.721  -13.887 0.5000000000
46771  41.589  -25.155  -13.790 0.5000000000
42401  37.625  -29.167  -13.696 0.8999999762
41355  37.369  -29.920  -13.199 0.8999999762
40351  36.393  -31.370  -11.147 0.8999999762
41329  36.671  -30.943  -11.973 0.8999999762
41339  37.028  -30.489  -12.653 0.8999999762
125974  35.104  -31.608  -9.786 0.8000000119
40334  32.827  -32.093  -9.882 0.8999999762
40314  33.007  -31.999  -8.999 0.8999999762
114893  43.760  -24.863  -9.833 0.3000000119
46727  42.819  -25.823  -9.565 0.4000000060
107119  42.503  -26.290  -8.936 0.3000000119
45736  42.237  -26.562  -10.766 0.3000000119
44590  42.087  -27.027  -10.117 0.4000000060
45737  41.795  -26.796  -11.388 0.4000000060
48682  41.628  -23.592  -16.932 0.6000000238
45755  41.603  -26.601  -12.082 0.5000000000
47702  40.431  -24.339  -15.543 0.5000000000
47710  40.095  -24.034  -16.164 0.5000000000
45766  41.417  -26.282  -12.918 0.5000000000
46780  40.182  -25.198  -15.029 0.5000000000
45767  40.829  -26.556  -13.519 0.5000000000
45775  39.987  -26.251  -14.535 0.5000000000
44633  40.279  -27.254  -13.653 0.5000000000
44634  39.548  -27.618  -14.079 0.6000000238
43491  39.558  -28.768  -13.073 0.6999999881
42400  38.676  -29.056  -13.458 0.6999999881
43498  37.788  -28.392  -14.295 0.6999999881
42389  39.219  -29.506  -12.617 0.6999999881
41354  38.367  -29.807  -12.975 0.8000000119
123290  32.706  -32.649  -10.587 0.8999999762
41328  37.619  -30.786  -11.860 0.8999999762
40331  36.473  -31.518  -10.106 0.6999999881
40315  32.288  -32.087  -9.176 0.8999999762
40284  33.729  -31.364  -8.172 1.0000000000
106638  42.473  -26.044  -8.183 0.3000000119
44562  42.115  -26.989  -9.250 0.4000000060
45704  42.090  -26.810  -8.209 0.3000000119
44591  41.713  -27.325  -10.782 0.4000000060
44563  41.656  -27.641  -8.669 0.3000000119
43477  41.404  -27.275  -11.679 0.4000000060
44573  41.735  -27.578  -9.787 0.4000000060
43445  41.316  -28.281  -9.343 0.4000000060
44625  41.087  -27.149  -12.678 0.4000000060
123610  41.264  -27.857  -11.183 0.4000000060
43458  41.338  -28.097  -10.372 0.4000000060
44612  40.859  -27.953  -11.965 0.4000000060
43490  40.248  -28.386  -12.541 0.5000000000
116491  40.514  -27.764  -12.810 0.5000000000
41337  38.868  -30.149  -12.155 0.6000000238
41327  38.447  -30.593  -11.633 0.8000000119
40350  37.386  -31.184  -11.175 0.6999999881
120330  35.888  -31.506  -8.741 0.6999999881
41299  33.173  -31.596  -8.418 0.8999999762
41300  32.440  -31.517  -8.394 0.8999999762
123709  33.246  -30.073  -7.760 0.8999999762
42327  32.412  -29.870  -7.991 0.8000000119
125871  32.361  -30.814  -8.021 0.8000000119
42326  33.299  -29.196  -7.889 0.6999999881
43432  32.648  -28.556  -8.346 0.8000000119
45687  41.650  -26.881  -7.299 0.3000000119
123179  41.607  -27.398  -7.850 0.3000000119
43427  41.127  -28.365  -8.391 0.3000000119
43406  40.849  -28.288  -7.606 0.4000000060
43459  40.909  -28.846  -9.948 0.4000000060
43446  40.789  -28.940  -8.936 0.4000000060
42343  40.408  -29.532  -9.454 0.5000000000
43478  40.817  -28.597  -11.035 0.5000000000
111753  39.835  -29.979  -10.860 0.5000000000
42361  39.945  -30.095  -9.892 0.5000000000
42374  40.217  -29.280  -11.376 0.5000000000
41315  39.331  -30.515  -10.341 0.5000000000
41326  39.179  -30.352  -11.284 0.5000000000
121482  38.076  -30.968  -11.206 0.6999999881
40349  38.068  -31.193  -10.521 0.6999999881
118572  36.323  -31.551  -9.146 0.6999999881
40297  36.238  -31.328  -8.339 0.6999999881
40298  35.385  -31.441  -8.465 0.6999999881
40281  35.677  -31.150  -7.979 0.6999999881
41271  34.602  -30.406  -7.696 0.8000000119
42305  34.552  -29.463  -7.694 0.6999999881
45686  42.169  -26.169  -7.429 0.3000000119
44535  41.159  -26.948  -6.625 0.3000000119
44536  40.630  -27.509  -6.648 0.4000000060
44549  41.151  -27.625  -7.228 0.3000000119
44550  40.601  -28.094  -7.027 0.4000000060
43428  40.535  -28.885  -8.038 0.4000000060
42344  39.957  -30.051  -9.061 0.4000000060
41266  39.496  -30.046  -8.309 0.3000000119
41297  39.339  -30.572  -9.279 0.5000000000
41267  38.729  -30.236  -7.924 0.3000000119
112614  38.571  -31.060  -9.068 0.5000000000
41285  38.289  -30.796  -8.357 0.4000000060
41316  38.667  -30.784  -10.817 0.6999999881
40310  37.990  -31.315  -9.655 0.6999999881
40295  37.815  -31.277  -8.842 0.6000000238
40311  37.188  -31.465  -9.405 0.6999999881
40330  37.284  -31.394  -10.335 0.6999999881
40296  37.036  -31.366  -8.601 0.6999999881
124792  36.908  -31.111  -8.071 0.6000000238
43398  40.094  -28.133  -6.721 0.3000000119
43408  39.622  -28.874  -7.144 0.3000000119
42301  39.177  -29.583  -7.547 0.3000000119
43399  39.321  -28.316  -6.736 0.3000000119
43409  38.882  -29.054  -7.119 0.3000000119
43400  38.505  -28.421  -6.855 0.3000000119
42302  38.428  -29.745  -7.468 0.3000000119
115695  38.095  -29.148  -7.224 0.4000000060
41286  37.571  -31.002  -8.177 0.5000000000
42303  37.646  -29.830  -7.476 0.5000000000
126478  37.379  -29.182  -7.388 0.5000000000
113156  37.213  -30.514  -7.774 0.6000000238
123019  35.918  -29.884  -7.663 0.6000000238
120694  41.185  -25.220  -5.623 0.4000000060
45663  40.288  -26.153  -5.682 0.3000000119
115479  40.193  -27.367  -6.377 0.3000000119
114788  39.933  -26.838  -6.015 0.3000000119
44537  39.648  -27.546  -6.389 0.3000000119
45674  39.216  -26.924  -6.065 0.3000000119
44538  38.888  -27.665  -6.473 0.3000000119
45675  38.421  -26.985  -6.277 0.3000000119
44539  38.075  -27.700  -6.675 0.3000000119
43410  37.589  -28.405  -7.151 0.4000000060
115309  36.849  -27.947  -7.417 0.4000000060
116121  36.727  -29.695  -7.565 0.6000000238
43411  36.752  -28.674  -7.489 0.4000000060
43412  36.137  -27.842  -7.804 0.4000000060
110105  35.849  -28.899  -7.691 0.5000000000
43431  33.629  -28.313  -8.279 0.6999999881
106209  31.859  -28.984  -8.316 0.8000000119
108312  40.886  -24.572  -5.237 0.4000000060
46682  39.833  -25.517  -5.340 0.3000000119
45664  39.513  -26.227  -5.660 0.3000000119
45665  38.667  -26.272  -5.812 0.3000000119
45676  37.677  -26.996  -6.599 0.3000000119
44552  36.623  -27.264  -7.574 0.4000000060
44564  36.117  -26.948  -8.153 0.4000000060
43429  35.324  -27.987  -8.029 0.5000000000
44565  35.631  -27.300  -8.278 0.4000000060
43413  34.933  -28.793  -7.817 0.6000000238
44567  34.082  -27.564  -8.665 0.4000000060
44574  34.456  -27.016  -8.990 0.4000000060
44575  33.784  -27.049  -9.154 0.5000000000
44568  33.142  -27.660  -8.783 0.6000000238
124572  32.476  -27.916  -8.742 0.6999999881
44576  32.347  -27.369  -9.197 0.6999999881
48550  40.966  -23.120  -4.811 0.3000000119
47585  39.350  -24.843  -5.092 0.3000000119
46683  38.993  -25.540  -5.411 0.3000000119
46684  37.999  -25.482  -5.742 0.3000000119
122199  37.353  -26.413  -6.711 0.3000000119
46695  36.902  -26.123  -7.321 0.4000000060
45689  36.552  -26.546  -7.802 0.3000000119
46696  36.593  -25.941  -7.999 0.3000000119
45705  36.261  -26.238  -8.484 0.3000000119
46710  36.025  -25.901  -9.137 0.3000000119
44566  34.971  -27.321  -8.597 0.4000000060
45706  35.646  -26.643  -8.761 0.3000000119
45721  35.313  -26.182  -9.341 0.3000000119
45707  34.986  -26.725  -9.051 0.3000000119
46730  34.824  -25.713  -9.751 0.3000000119
45722  34.412  -26.447  -9.422 0.3000000119
46731  33.919  -25.827  -9.876 0.4000000060
45723  33.483  -26.491  -9.579 0.5000000000
120500  33.089  -27.043  -9.299 0.5000000000
45725  31.838  -26.750  -9.759 0.5000000000
48552  39.249  -23.506  -4.644 0.3000000119
47578  38.894  -24.159  -4.887 0.3000000119
47586  38.513  -24.764  -5.294 0.3000000119
47593  37.466  -24.957  -6.172 0.3000000119
106891  37.298  -25.635  -6.648 0.3000000119
46709  36.498  -25.418  -8.615 0.3000000119
46728  36.192  -25.115  -9.363 0.3000000119
46729  35.602  -25.492  -9.589 0.3000000119
127110  35.167  -25.151  -9.959 0.3000000119
45738  33.038  -25.950  -10.015 0.4000000060
45724  32.665  -26.607  -9.665 0.5000000000
45739  32.209  -26.088  -10.169 0.5000000000
49490  38.666  -22.760  -4.627 0.3000000119
48553  38.147  -23.998  -5.168 0.3000000119
47587  37.795  -24.569  -5.653 0.3000000119
123372  37.390  -24.351  -6.201 0.3000000119
47599  37.141  -24.648  -7.081 0.3000000119
47612  36.841  -24.638  -8.184 0.3000000119
47613  36.621  -24.564  -9.029 0.3000000119
47633  36.311  -24.373  -9.665 0.3000000119
46741  34.361  -25.115  -10.254 0.4000000060
46742  33.417  -25.322  -10.378 0.4000000060
46743  32.567  -25.432  -10.519 0.4000000060
46755  32.086  -24.894  -11.042 0.4000000060
111710  31.729  -25.543  -10.667 0.5000000000
50404  40.553  -21.551  -4.482 0.3000000119
49489  39.592  -22.769  -4.494 0.3000000119
110586  37.332  -22.952  -6.038 0.3000000119
48569  37.231  -23.660  -6.799 0.3000000119
48576  37.094  -23.884  -7.838 0.3000000119
48591  36.679  -23.831  -9.347 0.3000000119
47634  35.764  -24.804  -9.881 0.3000000119
47652  35.860  -24.010  -10.233 0.3000000119
47653  35.101  -24.558  -10.285 0.3000000119
126830  33.662  -24.731  -10.656 0.4000000060
50406  38.864  -21.391  -4.339 0.3000000119
115688  38.568  -21.992  -4.573 0.3000000119
50407  38.150  -21.484  -4.650 0.3000000119
49491  37.877  -23.108  -5.141 0.3000000119
49511  37.121  -22.737  -7.048 0.3000000119
49520  37.257  -22.618  -7.989 0.3000000119
121920  37.196  -23.233  -7.652 0.3000000119
48590  36.897  -23.896  -8.675 0.3000000119
119487  36.423  -23.751  -9.871 0.3000000119
116685  38.414  -20.789  -4.338 0.3000000119
116646  37.508  -22.384  -5.492 0.3000000119
50425  37.434  -21.595  -5.354 0.3000000119
124287  36.965  -21.382  -6.001 0.3000000119
48604  37.004  -23.200  -9.053 0.3000000119
48605  36.734  -23.160  -9.673 0.3000000119
48620  36.275  -23.233  -10.219 0.3000000119
120521  37.956  -20.293  -4.412 0.3000000119
51272  37.374  -20.114  -4.930 0.3000000119
51310  36.897  -21.128  -6.756 0.3000000119
111873  36.997  -20.749  -5.705 0.4000000060
50448  37.107  -21.913  -7.423 0.3000000119
111219  37.187  -21.099  -7.849 0.3000000119
50459  37.354  -21.869  -8.487 0.3000000119
51288  36.752  -20.240  -6.565 0.4000000060
52178  37.126  -19.346  -4.961 0.3000000119
52203  36.646  -18.953  -6.639 0.4000000060
38327  39.802  -33.053  -13.205 1.0000000000
39299  39.264  -32.726  -13.830 1.0000000000
38314  39.605  -33.194  -12.342 0.8999999762
40282  34.989  -31.189  -7.916 0.6999999881
118754  33.911  -29.747  -7.699 0.8000000119
42325  34.122  -28.891  -7.845 0.6999999881
31730  40.439  -40.048  -8.837 0.6000000238
31740  39.982  -40.676  -9.415 0.6000000238
32659  42.291  -39.151  -9.875 0.6000000238
29744  37.326  -42.840  -6.836 0.5000000000
28767  37.717  -43.501  -6.464 0.5000000000
33547  40.840  -38.357  -7.461 0.6000000238
35499  42.120  -36.822  -12.510 0.8999999762
34488  40.541  -37.127  -6.310 0.5000000000
110309  39.487  -40.572  -4.602 0.4000000060
32608  39.534  -39.330  -4.712 0.5000000000
29723  39.303  -42.398  -5.152 0.4000000060
35501  45.824  -37.122  -14.987 0.8999999762
37296  43.180  -34.668  -10.029 0.6999999881
34473  39.798  -38.185  -4.766 0.5000000000
33493  40.667  -38.526  -3.261 0.5000000000
37323  45.154  -34.121  -11.986 0.8000000119
29706  39.856  -42.026  -4.695 0.4000000060
36460  46.389  -36.069  -13.820 0.8000000119
36348  40.770  -35.484  -3.888 0.4000000060
36487  43.851  -35.203  -17.480 0.8000000119
38258  37.613  -33.551  -9.392 0.8000000119
38226  41.542  -33.503  -5.055 0.4000000060
125406  41.587  -34.576  -3.560 0.4000000060
38326  40.368  -33.594  -13.423 1.0000000000
39206  42.130  -32.824  -5.350 0.5000000000
39231  42.248  -32.540  -6.882 0.5000000000
124408  38.431  -32.610  -12.611 1.0000000000
38340  40.031  -33.169  -14.245 1.0000000000
38341  36.116  -33.204  -14.408 1.0000000000
39314  36.531  -32.617  -14.752 1.0000000000
40395  42.663  -31.825  -16.962 0.8000000119
122065  42.143  -29.083  -17.677 0.8000000119
41377  40.294  -30.437  -16.805 1.0000000000
40397  39.900  -31.403  -16.543 1.0000000000
42410  41.771  -29.608  -14.592 0.6999999881
43524  38.656  -27.717  -16.466 0.8000000119
122104  37.093  -27.610  -15.591 1.0000000000
42420  35.320  -28.878  -14.957 1.0000000000
44652  37.611  -26.793  -15.871 1.0000000000
42398  42.093  -29.297  -13.330 0.6999999881
35485  32.169  -36.025  -10.764 1.0000000000
36454  32.657  -35.571  -11.299 1.0000000000
41341  34.696  -30.366  -12.950 1.0000000000
47707  45.318  -24.130  -16.876 0.5000000000
113695  43.810  -24.402  -13.206 0.4000000060
40353  34.403  -31.366  -11.748 1.0000000000
41287  32.988  -30.919  -7.905 0.8000000119
45765  41.908  -25.968  -12.358 0.5000000000
46779  41.095  -24.902  -14.568 0.5000000000
44642  39.501  -26.993  -14.488 0.5000000000
43497  38.967  -28.211  -14.070 0.6999999881
43496  39.905  -28.042  -13.372 0.6000000238
42388  39.929  -29.078  -12.211 0.5000000000
42375  39.587  -29.780  -11.765 0.5000000000
42360  40.398  -29.439  -10.432 0.5000000000
42304  35.218  -29.647  -7.676 0.6999999881
43430  34.516  -28.122  -8.211 0.6000000238
46708  36.846  -25.398  -7.654 0.3000000119
32688  44.514  -39.577  -14.835 0.5000000000
32689  42.981  -39.800  -14.429 0.5000000000
32681  42.731  -39.130  -13.476 0.5000000000
31772  43.258  -41.434  -16.283 0.5000000000
31766  42.177  -40.344  -14.693 0.5000000000
30797  43.758  -41.668  -16.059 0.5000000000
31771  44.986  -40.636  -15.547 0.5000000000
32692  43.938  -40.600  -15.824 0.5000000000
30789  43.788  -41.837  -15.306 0.5000000000
30781  41.990  -41.718  -13.151 0.4000000060
31756  43.551  -41.114  -13.344 0.5000000000
30774  41.466  -41.417  -12.186 0.4000000060
114847  43.225  -40.590  -12.324 0.5000000000
31750  40.878  -40.984  -10.917 0.5000000000
31757  42.389  -41.144  -12.460 0.5000000000
112964  32.120  -35.739  -7.242 0.6999999881
35440  31.389  -36.493  -6.412 0.6999999881
37279  33.950  -34.789  -7.814 0.8000000119
37289  35.393  -34.211  -8.136 0.8000000119
37278  34.831  -34.565  -7.488 0.8000000119
38268  35.930  -33.744  -9.618 0.8999999762
108054  31.470  -36.046  -7.162 0.6999999881
37290  34.518  -34.527  -8.492 0.8999999762
37291  33.705  -35.003  -8.888 0.8999999762
37299  35.075  -34.238  -9.278 0.8999999762
38284  35.687  -33.865  -10.880 0.8999999762
35447  31.731  -35.893  -8.090 0.6000000238
36397  32.612  -35.522  -7.687 0.8000000119
37300  34.210  -34.850  -9.595 0.8999999762
37312  35.099  -34.369  -10.506 0.8999999762
38303  35.590  -34.029  -12.006 0.8999999762
43444  44.847  -28.747  -9.726 0.5000000000
42358  44.220  -29.229  -10.129 0.5000000000
42342  44.772  -29.484  -9.473 0.5000000000
41313  44.317  -29.973  -9.793 0.5000000000
35458  30.920  -36.356  -9.003 0.6000000238
36408  32.441  -35.667  -8.677 0.8999999762
36407  33.178  -35.247  -8.242 0.8999999762
114976  34.539  -34.753  -10.269 0.8999999762
37326  34.979  -34.654  -11.678 0.8999999762
43474  44.138  -27.995  -11.039 0.5000000000
43456  44.560  -28.338  -10.301 0.5000000000
43457  43.918  -28.655  -10.665 0.5000000000
43443  45.454  -28.095  -9.835 0.5000000000
114558  32.366  -35.913  -9.619 0.8999999762
35457  31.776  -36.104  -9.312 0.6999999881
36422  32.980  -35.525  -9.301 0.8999999762
36421  33.480  -35.425  -10.012 0.8999999762
37313  34.413  -35.100  -11.274 0.8999999762
37327  34.209  -35.224  -12.267 0.8999999762
44589  45.029  -27.727  -10.715 0.5000000000
44588  45.984  -27.598  -10.551 0.5000000000
36423  32.679  -35.865  -10.380 0.8999999762
36438  33.282  -35.671  -11.028 0.8999999762
44610  44.662  -27.470  -11.582 0.5000000000
44609  45.610  -27.372  -11.388 0.5000000000
44622  45.265  -27.050  -12.164 0.4000000060
36442  29.722  -35.848  -10.568 0.6000000238
37316  29.344  -35.050  -10.549 0.6000000238
111020  30.144  -35.259  -10.691 0.8000000119
114034  29.737  -34.368  -10.496 0.6999999881
116382  28.980  -34.202  -10.377 0.6999999881
38289  28.548  -33.433  -10.169 0.6999999881
39266  28.023  -32.708  -10.131 0.6999999881
37315  30.646  -34.538  -10.533 0.8000000119
106762  31.065  -35.410  -10.766 0.8000000119
38288  29.282  -33.526  -10.282 0.6999999881
39265  28.764  -32.738  -10.135 0.6999999881
39264  29.589  -32.919  -10.089 0.6999999881
40335  29.074  -32.161  -9.973 0.6999999881
38286  31.089  -33.755  -10.250 0.8000000119
39263  30.512  -33.026  -9.982 0.8000000119
40317  29.581  -31.703  -9.530 0.6999999881
39248  29.950  -32.384  -9.755 0.6999999881
39247  30.781  -32.423  -9.541 0.8000000119
38285  31.758  -33.555  -10.404 0.8000000119
126990  30.267  -31.954  -9.363 0.6999999881
110020  30.868  -31.828  -9.022 0.8000000119
41301  30.003  -30.417  -8.842 0.6000000238
106187  32.124  -32.679  -10.055 0.8000000119
39246  31.548  -32.261  -9.384 0.8000000119
41289  30.907  -30.364  -8.474 0.6000000238
42329  30.609  -29.591  -8.625 0.6000000238
42345  29.924  -29.461  -8.914 0.6000000238
40316  31.608  -31.670  -8.687 0.8000000119
42328  31.431  -29.722  -8.333 0.6000000238
43448  30.320  -28.813  -8.898 0.6000000238
41288  31.683  -30.770  -8.206 0.6999999881
44569  31.808  -28.163  -8.750 0.6999999881
43447  30.898  -28.159  -9.087 0.6000000238
43433  31.130  -28.860  -8.574 0.6000000238
44577  31.426  -27.475  -9.399 0.6000000238
30776  39.823  -41.757  -11.249 0.4000000060
31749  41.491  -41.010  -11.495 0.5000000000
106778  42.263  -40.557  -11.393 0.5000000000
31765  44.370  -41.348  -14.696 0.5000000000
30788  44.556  -41.264  -15.735 0.5000000000
114742  36.324  -33.411  -11.220 0.8999999762
30804  43.366  -41.592  -16.254 0.5000000000
30780  43.220  -41.686  -13.895 0.5000000000
38287  30.139  -33.682  -10.289 0.6999999881
39262  31.360  -32.930  -9.946 0.8000000119
110189  30.158  -31.367  -9.032 0.6999999881
40300  30.844  -31.115  -8.564 0.6999999881
123328  44.560  -32.068  -5.919 0.4000000060
40265  44.080  -31.411  -6.740 0.4000000060
39215  43.976  -31.780  -6.228 0.4000000060
118135  44.472  -31.054  -7.103 0.5000000000
40264  45.661  -31.627  -6.406 0.4000000060
39214  45.291  -32.226  -5.989 0.4000000060
41283  45.398  -29.971  -8.003 0.5000000000
41284  44.736  -30.337  -8.400 0.5000000000
41264  45.742  -30.353  -7.321 0.5000000000
41251  46.149  -30.957  -6.755 0.4000000060
40263  46.547  -31.887  -6.548 0.4000000060
108706  44.744  -31.531  -6.437 0.4000000060
39213  46.109  -32.632  -6.184 0.4000000060
42323  45.158  -29.743  -8.800 0.5000000000
41265  44.913  -30.523  -7.561 0.5000000000
41262  47.456  -30.946  -7.223 0.4000000060
40262  46.898  -31.181  -6.849 0.4000000060
113073  48.813  -32.551  -8.555 0.4000000060
40291  48.474  -31.775  -7.957 0.4000000060
40278  47.326  -32.096  -6.971 0.4000000060
39235  48.783  -33.857  -8.744 0.4000000060
112926  47.863  -32.768  -7.498 0.4000000060
42299  46.182  -29.744  -7.756 0.5000000000
39281  52.156  -33.544  -12.508 0.3000000119
41263  46.700  -30.349  -7.232 0.4000000060
38311  51.589  -34.045  -11.674 0.3000000119
41261  48.114  -30.568  -7.658 0.4000000060
38310  52.057  -35.061  -12.127 0.3000000119
39257  50.392  -33.427  -10.443 0.3000000119
39243  49.937  -32.984  -9.891 0.3000000119
40307  49.422  -32.527  -9.201 0.4000000060
40277  47.884  -31.563  -7.434 0.4000000060
38277  50.283  -35.125  -10.312 0.3000000119
113413  49.887  -34.187  -9.948 0.3000000119
42322  45.817  -29.399  -8.435 0.4000000060
42321  46.551  -29.160  -8.188 0.4000000060
42297  47.816  -29.601  -7.802 0.4000000060
42298  47.022  -29.587  -7.679 0.4000000060
39296  52.435  -33.352  -13.497 0.3000000119
40357  51.556  -31.725  -12.395 0.3000000119
123565  51.389  -32.918  -11.441 0.3000000119
40327  50.964  -32.424  -10.932 0.3000000119
40306  50.102  -31.646  -9.832 0.4000000060
114669  49.600  -31.315  -9.213 0.4000000060
40290  49.128  -31.498  -8.651 0.4000000060
117149  50.431  -32.340  -10.343 0.3000000119
42341  45.471  -28.933  -9.163 0.4000000060
42370  50.355  -29.975  -11.747 0.3000000119
42357  49.582  -29.122  -10.300 0.3000000119
42339  49.326  -29.235  -9.482 0.4000000060
43439  48.984  -28.644  -9.860 0.4000000060
42340  48.713  -28.815  -9.096 0.4000000060
42320  47.361  -28.999  -8.148 0.4000000060
41351  51.126  -31.002  -12.488 0.3000000119
41324  50.915  -30.766  -11.786 0.3000000119
42356  50.162  -29.785  -10.723 0.3000000119
42338  49.866  -29.778  -9.876 0.4000000060
42318  48.964  -29.615  -8.718 0.4000000060
42319  48.212  -29.009  -8.390 0.4000000060
40347  51.028  -31.398  -11.297 0.3000000119
41294  50.289  -30.568  -10.226 0.3000000119
41295  49.831  -30.567  -9.533 0.4000000060
41281  49.367  -30.529  -8.893 0.4000000060
111238  48.409  -29.807  -8.104 0.4000000060
40346  51.411  -32.025  -11.626 0.3000000119
40328  50.633  -31.457  -10.594 0.3000000119
41282  48.763  -30.587  -8.300 0.4000000060
44572  46.478  -27.838  -9.814 0.4000000060
44571  47.358  -27.800  -9.863 0.4000000060
108254  46.209  -28.369  -9.205 0.4000000060
43454  48.492  -28.169  -10.266 0.3000000119
43455  48.000  -27.919  -9.877 0.4000000060
43441  47.751  -28.168  -9.344 0.4000000060
43426  46.148  -28.877  -8.719 0.4000000060
43440  48.363  -28.346  -9.543 0.4000000060
43423  48.164  -28.513  -8.961 0.4000000060
43425  46.813  -28.623  -8.658 0.4000000060
120327  29.475  -31.041  -9.295 0.6000000238
40318  28.734  -31.241  -9.864 0.6000000238
42346  29.400  -28.812  -9.275 0.5000000000
44579  30.067  -28.106  -9.345 0.5000000000
44578  30.607  -27.513  -9.601 0.5000000000
49544  36.703  -22.528  -10.113 0.3000000119
50485  36.505  -21.907  -10.571 0.3000000119
50486  35.849  -22.000  -11.016 0.3000000119
51332  37.435  -21.013  -8.624 0.3000000119
50469  37.462  -21.369  -9.349 0.3000000119
50470  37.127  -21.772  -10.022 0.3000000119
51353  36.972  -21.114  -10.557 0.3000000119
50495  36.157  -21.365  -11.101 0.3000000119
51364  36.517  -20.574  -11.286 0.3000000119
117448  37.240  -20.216  -8.257 0.3000000119
125562  37.576  -20.747  -9.706 0.3000000119
51352  37.541  -20.562  -10.216 0.3000000119
51363  37.312  -20.351  -10.849 0.3000000119
52268  37.569  -19.647  -11.263 0.3000000119
53232  36.871  -18.848  -12.136 0.3000000119
52227  36.787  -19.623  -7.309 0.3000000119
53184  37.122  -19.172  -8.214 0.3000000119
111509  37.619  -19.620  -9.091 0.3000000119
52246  37.823  -20.069  -9.820 0.3000000119
52245  38.249  -19.394  -10.210 0.3000000119
52256  37.885  -19.905  -10.529 0.3000000119
52255  38.469  -19.322  -10.905 0.3000000119
53231  38.189  -18.845  -11.641 0.3000000119
53185  36.745  -18.703  -7.476 0.3000000119
53196  36.930  -18.245  -8.185 0.3000000119
116714  37.446  -18.662  -8.911 0.3000000119
53209  37.956  -19.069  -9.588 0.3000000119
54167  38.706  -18.293  -10.300 0.3000000119
53218  38.795  -18.864  -10.648 0.3000000119
54177  39.324  -18.266  -11.021 0.3000000119
110428  36.633  -17.982  -7.541 0.3000000119
54154  37.250  -17.723  -8.838 0.3000000119
119766  37.644  -17.299  -9.389 0.3000000119
119495  38.975  -17.726  -10.529 0.3000000119
54155  36.715  -17.267  -8.016 0.3000000119
55071  37.143  -16.749  -8.872 0.3000000119
55070  37.797  -16.461  -9.668 0.3000000119
55051  36.710  -16.189  -8.157 0.3000000119
56085  37.122  -15.645  -8.979 0.3000000119
56086  36.678  -15.263  -8.142 0.3000000119
39204  43.927  -32.339  -5.522 0.4000000060
39203  44.919  -32.696  -5.531 0.4000000060
39212  46.874  -33.061  -6.568 0.4000000060
39236  48.313  -33.369  -8.079 0.4000000060
39229  47.393  -33.647  -7.063 0.4000000060
37334  52.600  -36.050  -12.407 0.3000000119
38296  51.575  -35.551  -11.473 0.3000000119
38297  51.046  -35.330  -10.977 0.3000000119
39244  49.370  -34.086  -9.389 0.3000000119
38323  52.620  -34.507  -12.962 0.3000000119
39282  51.957  -32.343  -13.128 0.3000000119
41335  50.678  -30.463  -12.379 0.3000000119
115592  51.481  -31.897  -14.121 0.3000000119
114070  46.941  -27.583  -10.564 0.4000000060
44587  47.865  -27.723  -10.613 0.4000000060
42371  49.640  -29.139  -11.382 0.3000000119
44608  46.526  -27.417  -11.349 0.4000000060
40336  28.220  -31.893  -10.153 0.6000000238
54093  36.494  -17.672  -6.254 0.3000000119
54107  36.476  -17.456  -7.085 0.3000000119
55030  36.460  -16.530  -7.204 0.3000000119
56066  36.517  -15.706  -7.515 0.3000000119
57081  36.453  -14.880  -7.258 0.3000000119
38336  52.918  -34.266  -13.960 0.3000000119
39216  43.247  -32.043  -6.069 0.4000000060
119091  47.454  -30.166  -7.475 0.4000000060
39274  51.786  -32.677  -12.047 0.3000000119
43442  47.023  -28.136  -9.221 0.4000000060
113491  38.311  -17.480  -9.954 0.3000000119
55085  38.701  -16.877  -10.374 0.3000000119
112381  36.460  -13.906  -7.276 0.3000000119
39193  42.705  -32.990  -4.698 0.3000000119
39192  43.571  -32.876  -4.836 0.3000000119
35473  38.228  -36.749  -9.008 0.6000000238
116050  37.528  -36.866  -8.293 0.6999999881
34498  36.912  -37.074  -7.566 0.6999999881
30687  40.492  -41.575  -4.416 0.3000000119
31659  40.680  -40.127  -3.734 0.3000000119
35426  35.079  -36.825  -5.375 0.6999999881
37225  42.331  -34.304  -3.430 0.3000000119
35436  36.230  -36.337  -6.462 0.6999999881
118673  36.502  -36.918  -6.835 0.6999999881
38194  43.170  -33.965  -3.637 0.3000000119
38211  44.170  -33.452  -4.449 0.3000000119
35445  37.248  -36.127  -7.737 0.6999999881
114704  44.884  -33.612  -4.663 0.3000000119
38222  46.350  -33.956  -5.667 0.3000000119
38223  45.442  -33.548  -5.181 0.3000000119
37248  47.088  -34.373  -6.120 0.3000000119
38233  47.269  -34.198  -6.612 0.3000000119
38234  46.560  -33.692  -6.172 0.3000000119
32593  41.070  -39.387  -3.332 0.3000000119
35385  41.280  -36.546  -2.898 0.4000000060
36372  35.102  -35.954  -5.731 0.6999999881
116523  43.137  -34.503  -3.152 0.3000000119
36346  41.912  -35.004  -2.979 0.3000000119
36385  35.798  -35.684  -6.357 0.6999999881
35446  36.723  -36.232  -7.095 0.6999999881
37224  43.845  -34.427  -3.268 0.3000000119
38192  44.758  -33.972  -4.111 0.3000000119
38210  45.461  -34.059  -4.474 0.3000000119
39202  45.781  -33.154  -5.766 0.3000000119
37249  46.954  -34.366  -5.336 0.3000000119
33471  41.198  -37.903  -2.880 0.4000000060
36373  34.326  -35.851  -5.724 0.6999999881
35383  42.941  -36.528  -2.498 0.3000000119
36324  42.387  -35.719  -2.653 0.3000000119
37206  44.474  -34.914  -2.841 0.3000000119
37207  43.630  -34.981  -2.763 0.3000000119
37264  36.227  -35.046  -6.887 0.6999999881
116537  45.394  -34.422  -3.707 0.3000000119
36394  36.878  -35.311  -7.343 0.6999999881
38247  47.691  -34.813  -7.111 0.3000000119
37266  35.072  -34.890  -6.747 0.6999999881
36322  44.234  -35.677  -2.568 0.3000000119
37277  35.744  -34.548  -7.277 0.6999999881
110431  45.102  -35.530  -2.627 0.3000000119
37205  45.281  -34.861  -3.014 0.3000000119
37276  36.554  -34.548  -7.577 0.6999999881
38255  48.285  -34.825  -8.112 0.3000000119
35381  44.865  -36.435  -2.494 0.3000000119
38259  36.546  -33.755  -8.735 0.6999999881
39228  47.822  -34.305  -7.601 0.3000000119
44607  47.366  -27.581  -11.386 0.3000000119
34531  38.873  -37.902  -10.054 0.5000000000
34510  36.757  -37.930  -7.765 0.6999999881
34524  37.764  -37.620  -8.829 0.6000000238
33559  36.866  -38.423  -8.354 0.6000000238
34523  38.334  -37.712  -9.463 0.6000000238
34475  34.520  -37.312  -4.979 0.6999999881
35427  34.421  -36.505  -5.305 0.6999999881
35428  33.646  -36.217  -5.552 0.6999999881
33492  41.527  -38.652  -2.978 0.4000000060
35438  32.853  -36.072  -6.044 0.6999999881
34439  42.509  -37.276  -2.542 0.4000000060
35384  42.022  -36.502  -2.610 0.4000000060
36388  32.767  -35.595  -6.823 0.6999999881
34438  43.496  -37.329  -2.504 0.3000000119
34437  44.562  -37.391  -2.530 0.3000000119
124074  44.757  -38.107  -2.739 0.3000000119
38212  43.325  -33.425  -4.243 0.3000000119
36395  34.233  -34.897  -6.886 0.6999999881
34509  37.199  -37.685  -8.251 0.6000000238
33469  43.000  -38.008  -2.656 0.3000000119
32674  40.924  -39.072  -11.949 0.5000000000
32684  39.791  -39.998  -12.324 0.5000000000
29746  33.240  -43.109  -6.983 0.4000000060
26833  31.922  -45.715  -6.030 0.5000000000
32682  41.634  -39.114  -12.487 0.4000000060
33577  40.602  -38.640  -11.501 0.5000000000
23932  30.080  -48.210  -6.063 0.4000000060
23001  29.072  -48.942  -5.811 0.4000000060
27810  32.260  -45.007  -6.554 0.5000000000
112954  39.536  -38.230  -10.593 0.4000000060
23934  28.814  -48.709  -5.345 0.4000000060
23002  28.301  -49.361  -5.771 0.4000000060
24868  30.424  -47.605  -5.443 0.4000000060
26832  32.303  -45.073  -5.469 0.5000000000
25839  31.494  -46.324  -5.531 0.4000000060
29745  33.730  -42.629  -6.312 0.5000000000
31712  35.018  -40.835  -7.295 0.4000000060
33566  37.762  -38.454  -9.382 0.5000000000
32655  36.522  -39.201  -8.611 0.4000000060
31723  35.470  -40.223  -7.730 0.4000000060
33567  37.074  -38.841  -9.044 0.4000000060
23003  27.340  -49.604  -5.526 0.4000000060
24871  24.625  -47.449  -5.565 0.4000000060
24845  30.400  -46.952  -4.721 0.4000000060
25842  25.112  -46.664  -5.526 0.4000000060
26803  31.995  -45.206  -4.854 0.5000000000
25819  30.925  -46.230  -4.658 0.4000000060
112177  25.573  -45.910  -5.452 0.4000000060
28747  32.666  -44.323  -5.307 0.5000000000
27794  26.539  -44.595  -5.285 0.4000000060
109310  26.052  -45.219  -5.388 0.4000000060
28769  33.360  -43.362  -5.967 0.5000000000
30713  34.021  -41.963  -5.655 0.5000000000
28748  27.187  -43.266  -5.174 0.4000000060
28749  26.434  -42.938  -5.676 0.4000000060
30730  34.431  -41.476  -6.091 0.5000000000
110792  34.853  -40.786  -6.177 0.6000000238
119047  35.361  -40.107  -6.681 0.6000000238
33549  36.364  -38.731  -7.687 0.5000000000
23938  25.157  -48.368  -5.359 0.4000000060
23917  27.840  -48.255  -4.817 0.4000000060
25841  25.938  -46.747  -5.165 0.4000000060
27781  31.158  -44.824  -4.328 0.5000000000
107810  30.173  -46.199  -4.374 0.4000000060
110561  26.346  -45.991  -5.085 0.4000000060
28729  32.383  -44.005  -4.667 0.5000000000
122564  27.229  -44.750  -4.881 0.4000000060
26821  26.767  -45.334  -5.015 0.4000000060
29725  33.527  -42.735  -5.166 0.5000000000
30689  34.352  -41.112  -5.242 0.5000000000
29726  26.986  -42.360  -5.420 0.4000000060
31711  35.168  -40.051  -5.874 0.6000000238
125305  36.011  -38.655  -6.787 0.6000000238
24870  25.542  -47.542  -5.282 0.4000000060
25821  28.589  -46.854  -4.433 0.4000000060
24869  26.434  -47.658  -4.932 0.4000000060
25823  26.785  -46.836  -4.794 0.4000000060
27784  28.210  -45.038  -4.465 0.4000000060
121963  32.119  -43.234  -4.187 0.5000000000
107613  28.694  -44.091  -4.457 0.4000000060
27793  27.702  -44.068  -4.743 0.4000000060
30690  33.741  -41.780  -4.788 0.5000000000
28731  28.120  -43.274  -4.684 0.4000000060
34499  36.398  -37.802  -6.964 0.6000000238
123002  35.472  -38.579  -5.711 0.6000000238
116696  34.948  -39.633  -5.301 0.6000000238
23936  27.090  -48.624  -5.000 0.4000000060
24849  27.326  -47.664  -4.724 0.4000000060
26807  28.027  -46.054  -4.459 0.4000000060
26808  27.149  -46.090  -4.705 0.4000000060
28730  31.586  -44.008  -4.293 0.5000000000
27782  30.314  -44.842  -4.229 0.5000000000
27783  29.370  -44.932  -4.255 0.5000000000
111936  30.693  -44.012  -4.150 0.5000000000
120193  30.037  -43.149  -4.101 0.5000000000
30691  32.542  -41.940  -3.915 0.5000000000
121056  31.909  -42.468  -3.880 0.5000000000
106906  29.047  -43.229  -4.391 0.4000000060
115379  33.847  -41.030  -4.583 0.6000000238
29709  28.480  -42.594  -4.586 0.5000000000
30693  28.310  -41.780  -4.675 0.4000000060
33538  35.786  -38.130  -6.099 0.6000000238
32625  35.134  -38.816  -5.319 0.6000000238
119632  33.029  -40.790  -3.947 0.6000000238
30692  31.714  -41.671  -3.744 0.5000000000
105662  30.342  -42.254  -3.937 0.5000000000
115142  33.564  -39.910  -4.259 0.6000000238
106483  32.386  -40.975  -3.782 0.6000000238
119021  30.765  -41.491  -3.825 0.5000000000
33504  34.176  -38.616  -4.595 0.6000000238
111132  35.031  -37.536  -5.224 0.6000000238
34479  30.470  -37.461  -5.711 0.5000000000
33523  31.177  -37.754  -5.173 0.6000000238
33508  30.246  -39.001  -4.618 0.5000000000
34463  32.097  -37.952  -4.625 0.6000000238
33507  31.181  -38.590  -4.584 0.6000000238
32613  30.192  -39.816  -4.268 0.5000000000
31682  29.463  -40.327  -4.348 0.5000000000
112583  32.858  -40.124  -3.922 0.6000000238
113665  30.885  -40.118  -3.941 0.5000000000
106459  29.649  -41.326  -4.155 0.5000000000
124201  28.946  -41.545  -4.418 0.5000000000
30714  27.889  -41.140  -4.903 0.5000000000
34478  31.263  -37.086  -5.776 0.5000000000
34490  30.646  -36.865  -6.351 0.5000000000
35429  32.133  -36.652  -5.741 0.6000000238
121815  31.836  -37.324  -5.269 0.6000000238
32612  30.952  -39.438  -4.218 0.6000000238
31681  30.342  -40.634  -4.007 0.5000000000
34462  33.113  -37.820  -4.530 0.6000000238
122400  32.000  -38.683  -4.232 0.6000000238
32667  39.170  -39.194  -10.895 0.4000000060
33573  38.013  -39.033  -10.062 0.4000000060
33570  40.333  -38.115  -11.030 0.5000000000
33571  39.914  -38.883  -11.177 0.4000000060
33505  33.537  -38.573  -4.379 0.6000000238
32690  41.799  -39.717  -13.400 0.5000000000
32685  39.004  -40.213  -12.165 0.5000000000
32683  40.751  -39.723  -12.568 0.5000000000
32676  39.467  -39.605  -11.599 0.5000000000
120774  32.972  -43.922  -5.813 0.5000000000
23933  29.595  -48.344  -5.498 0.4000000060
24847  28.978  -47.629  -4.618 0.4000000060
26834  25.292  -45.135  -5.722 0.4000000060
112222  26.432  -43.787  -5.484 0.4000000060
24848  28.157  -47.615  -4.620 0.4000000060
26806  29.146  -45.940  -4.242 0.4000000060
23937  26.058  -48.482  -5.108 0.4000000060
111848  31.777  -39.977  -3.810 0.6000000238
25843  24.225  -46.564  -5.832 0.3000000119
27795  25.825  -44.421  -5.635 0.3000000119
26822  24.772  -45.846  -5.775 0.3000000119
28750  25.661  -43.488  -5.991 0.3000000119
26835  24.534  -45.100  -6.152 0.3000000119
27811  25.059  -44.347  -6.069 0.3000000119
27812  24.276  -44.353  -6.591 0.3000000119
23915  29.158  -48.175  -4.945 0.4000000060
23916  28.514  -48.251  -4.864 0.4000000060
23935  28.038  -48.906  -5.155 0.4000000060
23951  29.510  -48.670  -6.171 0.4000000060
24846  29.739  -47.675  -4.843 0.4000000060
25820  29.550  -46.896  -4.464 0.4000000060
25822  27.662  -46.866  -4.568 0.4000000060
25840  31.057  -46.795  -5.074 0.4000000060
25856  31.427  -46.303  -6.591 0.5000000000
26804  31.446  -45.518  -4.659 0.5000000000
26805  30.703  -45.543  -4.389 0.5000000000
26820  31.834  -45.723  -5.134 0.4000000060
27779  32.266  -44.718  -4.890 0.5000000000
27780  31.841  -44.754  -4.606 0.5000000000
27809  32.671  -44.438  -6.116 0.5000000000
27823  37.026  -44.870  -7.033 0.5000000000
28746  33.054  -43.625  -5.172 0.5000000000
28768  37.191  -43.656  -6.834 0.5000000000
28801  36.338  -43.757  -8.179 0.5000000000
29707  32.539  -42.617  -4.162 0.5000000000
29708  29.248  -42.263  -4.307 0.5000000000
29710  27.723  -42.471  -4.932 0.4000000060
29761  37.120  -42.604  -7.671 0.5000000000
29774  37.197  -42.493  -8.516 0.5000000000
29784  38.038  -42.114  -9.806 0.6000000238
30711  39.181  -41.491  -4.970 0.4000000060
30712  38.608  -41.367  -5.620 0.5000000000
30728  38.295  -41.220  -6.423 0.5000000000
30731  34.119  -41.999  -6.676 0.5000000000
30769  39.552  -41.535  -10.492 0.5000000000
30775  40.693  -41.466  -11.566 0.5000000000
30790  42.727  -42.201  -14.492 0.5000000000
30796  44.098  -41.299  -16.063 0.5000000000
31678  40.231  -40.777  -4.179 0.4000000060
31679  34.253  -40.157  -4.693 0.6000000238
31680  33.480  -40.589  -4.247 0.6000000238
31683  28.661  -40.903  -4.564 0.5000000000
31697  34.753  -40.366  -5.407 0.5000000000
31721  39.351  -40.092  -6.943 0.6000000238
31732  38.826  -40.826  -8.067 0.6999999881
31744  40.635  -40.691  -10.186 0.6000000238
31763  45.862  -40.115  -15.463 0.6000000238
31764  45.398  -40.744  -15.266 0.5000000000
31767  40.913  -40.248  -13.700 0.5000000000
32594  40.310  -39.346  -3.637 0.4000000060
32609  33.926  -39.298  -4.441 0.6000000238
32610  33.189  -39.295  -4.134 0.6000000238
32611  32.377  -39.292  -3.973 0.6000000238
32624  39.486  -39.390  -5.541 0.6000000238
32626  34.555  -39.129  -4.829 0.6000000238
32638  35.569  -39.213  -6.055 0.6000000238
32646  35.973  -39.661  -8.166 0.4000000060
32647  35.804  -39.432  -7.206 0.6000000238
32654  40.108  -39.801  -8.004 0.6999999881
32671  45.357  -39.342  -13.014 0.6999999881
32673  43.388  -39.602  -11.276 0.6000000238
32675  40.236  -39.348  -11.793 0.5000000000
33470  42.021  -37.968  -2.674 0.4000000060
33472  40.702  -37.756  -3.189 0.5000000000
33494  40.041  -38.669  -3.742 0.5000000000
33502  39.951  -38.030  -4.161 0.5000000000
33503  39.719  -38.717  -4.342 0.5000000000
33506  32.721  -38.573  -4.241 0.6000000238
33521  35.288  -38.096  -5.444 0.6000000238
33522  34.700  -38.189  -4.931 0.6000000238
33524  30.339  -38.183  -5.119 0.5000000000
33555  41.922  -38.280  -8.919 0.6999999881
33558  37.356  -38.214  -8.747 0.6000000238
33564  42.337  -38.460  -9.498 0.6000000238
33565  38.360  -38.373  -9.850 0.5000000000
33572  38.733  -38.712  -10.347 0.4000000060
33582  45.490  -39.103  -14.625 0.6999999881
34440  41.629  -37.240  -2.702 0.4000000060
34441  40.965  -37.222  -2.983 0.5000000000
34460  40.184  -37.239  -4.029 0.5000000000
34461  33.983  -37.880  -4.598 0.6999999881
34472  40.015  -37.453  -4.863 0.5000000000
34474  35.496  -37.353  -5.649 0.6000000238
34476  33.631  -37.009  -4.909 0.6000000238
34477  32.628  -37.195  -5.021 0.6000000238
34489  36.059  -37.163  -6.249 0.6000000238
34522  38.823  -37.098  -9.736 0.6000000238
34527  43.798  -37.798  -10.891 0.8000000119
34532  45.530  -38.246  -12.815 0.6999999881
35382  43.916  -36.541  -2.474 0.3000000119
35386  40.814  -36.665  -3.271 0.5000000000
35437  35.648  -36.515  -5.891 0.6999999881
35439  32.103  -36.064  -6.557 0.6999999881
35471  39.270  -36.501  -10.016 0.6999999881
35474  31.980  -36.161  -10.216 0.8999999762
35503  46.429  -36.633  -14.858 0.8000000119
35504  46.051  -36.594  -15.105 0.8000000119
35507  45.271  -36.166  -15.643 0.8000000119
35508  44.758  -36.055  -16.203 0.8000000119
36323  43.314  -35.732  -2.574 0.3000000119
36325  41.580  -35.778  -2.890 0.4000000060
36347  41.250  -35.198  -3.402 0.4000000060
36363  40.511  -35.846  -4.399 0.4000000060
36371  40.506  -35.789  -5.289 0.4000000060
36384  36.395  -35.669  -6.766 0.6999999881
36386  34.628  -35.365  -6.230 0.6999999881
36387  33.673  -35.509  -6.296 0.6999999881
36392  41.111  -36.010  -6.965 0.4000000060
36396  33.384  -35.175  -7.248 0.6999999881
36405  38.713  -34.823  -9.514 0.8000000119
36406  37.838  -34.985  -8.413 0.8000000119
36437  33.966  -35.351  -10.717 0.8999999762
36440  31.389  -35.993  -10.760 0.8999999762
36448  45.189  -35.910  -12.044 0.8000000119
36452  33.774  -35.513  -11.640 0.8999999762
36463  40.913  -35.121  -12.424 1.0000000000
36477  44.284  -36.221  -16.086 0.8999999762
36486  42.527  -35.536  -16.642 0.8999999762
37208  42.752  -34.973  -2.805 0.3000000119
37223  44.630  -34.410  -3.451 0.3000000119
37265  35.655  -35.065  -6.665 0.6999999881
37284  42.056  -34.338  -8.509 0.6000000238
37287  37.658  -34.091  -8.643 0.8000000119
37288  36.200  -34.092  -8.058 0.6999999881
37324  40.394  -34.705  -11.894 0.8000000119
37335  46.000  -35.473  -13.835 0.8000000119
37338  40.020  -33.926  -12.067 1.0000000000
37364  41.092  -34.360  -15.595 1.0000000000
37369  43.325  -35.097  -17.848 0.8999999762
37370  42.378  -35.034  -17.411 0.8999999762
38193  43.991  -33.887  -3.827 0.3000000119
38214  41.653  -33.926  -4.152 0.4000000060
38224  44.504  -33.060  -5.009 0.3000000119
38260  35.858  -33.900  -8.688 0.8000000119
38354  43.578  -34.355  -17.857 0.8000000119
39217  42.540  -32.385  -6.052 0.4000000060
39256  50.928  -33.837  -11.005 0.3000000119
39260  37.795  -32.846  -10.964 1.0000000000
40283  34.311  -31.157  -7.924 1.0000000000
40312  35.557  -31.590  -9.186 0.6999999881
40332  35.716  -31.578  -9.928 0.8000000119
40402  42.467  -31.469  -17.443 0.8000000119
41252  45.271  -30.938  -6.865 0.4000000060
41268  37.992  -30.399  -7.786 0.4000000060
41269  36.332  -30.712  -7.804 0.6000000238
41270  35.462  -30.572  -7.725 0.6999999881
41272  33.774  -30.650  -7.779 0.8999999762
41298  38.719  -31.021  -9.931 0.6000000238
41312  50.640  -30.612  -11.041 0.3000000119
41336  41.903  -30.510  -12.731 0.6999999881
41338  38.009  -30.371  -12.457 0.8999999762
41368  37.505  -30.179  -15.606 1.0000000000
42300  39.894  -29.318  -7.727 0.3000000119
42324  40.212  -29.519  -8.543 0.4000000060
42372  43.038  -29.490  -11.252 0.6000000238
42403  35.373  -29.095  -13.924 1.0000000000
42411  35.429  -28.745  -14.785 1.0000000000
42418  36.798  -28.969  -15.572 1.0000000000
43407  40.259  -28.642  -7.297 0.4000000060
43424  47.567  -28.517  -8.735 0.4000000060
43453  49.097  -28.552  -10.717 0.3000000119
43516  35.855  -28.405  -15.012 1.0000000000
44551  37.306  -27.549  -7.062 0.4000000060
44606  48.013  -27.791  -11.470 0.3000000119
44659  42.092  -27.438  -17.669 0.6999999881
45666  37.881  -26.335  -6.196 0.3000000119
45672  41.594  -26.208  -6.571 0.3000000119
45688  37.024  -26.825  -7.149 0.4000000060
45720  42.453  -26.490  -9.826 0.4000000060
46681  40.587  -25.397  -5.441 0.3000000119
46791  38.332  -25.540  -16.038 0.8000000119
46795  38.902  -25.138  -16.219 0.6999999881
47655  32.922  -24.786  -10.847 0.3000000119
47708  41.840  -23.594  -15.800 0.5000000000
47714  41.155  -23.840  -17.056 0.6000000238
47717  42.475  -24.319  -17.604 0.6000000238
48565  40.767  -23.843  -4.935 0.3000000119
48681  42.416  -23.665  -17.179 0.6000000238
49533  37.249  -22.673  -8.691 0.3000000119
50438  37.076  -22.017  -6.287 0.3000000119
50484  37.420  -21.147  -9.973 0.3000000119
51287  36.855  -19.869  -5.708 0.3000000119
51322  36.900  -20.465  -7.384 0.4000000060
53156  36.528  -18.212  -6.842 0.3000000119
53208  38.453  -18.829  -10.054 0.3000000119
57091  36.619  -14.372  -8.059 0.3000000119
105343  33.131  -42.294  -4.389 0.5000000000
105440  36.919  -34.054  -8.258 0.6999999881
105663  31.205  -42.205  -3.779 0.5000000000
105747  40.378  -38.030  -6.435 0.6000000238
106514  31.314  -40.813  -3.786 0.5000000000
106515  31.157  -43.066  -3.918 0.5000000000
106589  32.937  -43.790  -6.577 0.4000000060
107057  37.543  -23.794  -5.731 0.3000000119
107081  43.897  -34.894  -17.595 0.8000000119
107604  33.231  -41.383  -4.158 0.5000000000
109043  37.962  -18.207  -9.581 0.3000000119
109668  45.842  -35.402  -13.205 0.8000000119
109959  31.623  -39.177  -4.108 0.6000000238
110405  40.130  -24.812  -5.075 0.3000000119
110853  34.559  -41.425  -6.963 0.4000000060
111115  39.200  -22.084  -4.422 0.3000000119
111474  29.710  -44.044  -4.248 0.5000000000
111495  49.522  -29.880  -9.263 0.4000000060
112963  39.226  -39.959  -5.057 0.4000000060
113013  37.153  -23.251  -8.361 0.3000000119
113057  37.998  -22.233  -4.899 0.3000000119
113467  41.769  -33.087  -6.648 0.5000000000
114139  32.972  -36.600  -5.408 0.6999999881
114217  36.431  -44.208  -7.524 0.5000000000
114987  36.451  -17.023  -6.514 0.3000000119
115255  44.665  -24.247  -13.168 0.4000000060
115264  39.874  -22.089  -4.407 0.3000000119
116173  37.920  -42.738  -6.207 0.5000000000
116929  32.853  -43.116  -4.565 0.5000000000
116997  39.564  -39.834  -4.463 0.4000000060
117115  37.682  -20.859  -4.808 0.3000000119
117669  35.282  -35.384  -6.310 0.6999999881
117808  37.593  -20.523  -9.152 0.3000000119
118419  38.304  -43.396  -6.090 0.5000000000
119992  36.690  -19.570  -6.411 0.4000000060
120596  29.974  -45.509  -4.246 0.5000000000
120674  38.916  -30.590  -8.548 0.5000000000
120897  27.457  -45.459  -4.677 0.4000000060
121489  51.268  -31.343  -11.897 0.3000000119
122287  34.071  -31.169  -12.555 1.0000000000
122316  35.793  -32.825  -14.553 1.0000000000
122554  31.408  -46.163  -4.919 0.4000000060
122653  41.325  -27.905  -7.917 0.3000000119
123169  37.924  -19.571  -9.716 0.3000000119
123845  41.680  -30.700  -13.241 0.6999999881
123877  36.457  -28.161  -15.360 1.0000000000
123882  35.116  -28.880  -14.421 1.0000000000
123940  43.885  -31.286  -7.231 0.5000000000
123950  33.672  -35.378  -12.119 1.0000000000
125630  26.990  -44.084  -5.122 0.4000000060
125689  44.231  -24.438  -9.474 0.3000000119
126024  43.409  -34.374  -18.093 0.8000000119
126028  39.726  -39.929  -7.505 0.6000000238
126068  37.027  -20.110  -11.270 0.3000000119
126224  38.530  -23.520  -4.820 0.3000000119
126839  40.447  -28.655  -11.835 0.5000000000
