#!ascii label  , from subject sub-v2s16x51274_ses-1 vox2ras=TkReg
1376
109820  29.505  -76.198  -3.507 0.5000000000
8609  19.034  -66.350  -9.577 0.6000000238
109450  19.111  -66.283  -10.541 0.6000000238
7853  18.342  -67.504  -11.140 0.6000000238
8622  19.329  -66.480  -11.553 0.6999999881
7852  18.841  -67.187  -11.928 0.6000000238
8621  20.096  -66.133  -12.105 0.6999999881
8631  19.633  -66.840  -12.579 0.6000000238
106747  24.024  -69.598  -3.182 0.5000000000
6309  26.906  -69.272  -5.467 0.6000000238
6291  26.332  -69.702  -4.749 0.6000000238
118805  24.622  -69.833  -3.475 0.5000000000
5710  27.527  -71.003  -6.534 0.5000000000
5700  27.319  -70.189  -5.928 0.4000000060
5687  25.730  -70.140  -4.166 0.5000000000
5668  25.032  -70.600  -3.637 0.6000000238
114841  17.416  -66.191  -5.057 0.5000000000
4064  29.235  -73.179  -5.237 0.4000000060
7765  17.685  -67.004  -5.936 0.5000000000
105044  15.988  -65.975  -5.620 0.5000000000
117021  17.579  -67.721  -6.674 0.6000000238
7050  18.373  -68.644  -8.206 0.6000000238
8591  19.129  -66.613  -8.967 0.6000000238
9287  19.594  -65.900  -9.024 0.6999999881
8592  18.534  -67.156  -9.448 0.6000000238
9301  19.584  -65.740  -9.859 0.6999999881
10035  21.624  -64.194  -9.759 0.6000000238
9300  20.309  -65.334  -10.472 0.6999999881
110306  22.327  -63.623  -9.728 0.6000000238
126278  21.717  -64.400  -10.647 0.6000000238
10050  20.964  -65.149  -11.093 0.6999999881
10763  22.968  -63.392  -10.732 0.6999999881
7863  19.243  -67.833  -12.991 0.6000000238
6951  23.035  -68.638  -2.725 0.5000000000
6963  25.136  -68.457  -3.940 0.6000000238
6277  24.576  -68.920  -3.473 0.5000000000
6308  27.491  -69.251  -6.214 0.6000000238
6292  25.769  -69.052  -4.286 0.6000000238
7776  18.934  -68.141  -6.128 0.5000000000
127054  18.114  -66.582  -5.190 0.5000000000
3510  29.543  -74.609  -4.243 0.5000000000
7777  18.210  -67.899  -6.404 0.5000000000
7803  19.626  -68.127  -8.373 0.6999999881
7036  17.946  -68.438  -7.218 0.6000000238
115620  20.026  -67.023  -8.365 0.6999999881
7804  18.860  -68.356  -8.406 0.6000000238
8573  19.304  -67.220  -8.603 0.6999999881
8574  18.727  -67.448  -8.900 0.6000000238
9271  20.157  -65.675  -8.661 0.6999999881
10017  21.035  -64.591  -9.035 0.6000000238
9998  20.744  -65.203  -8.551 0.6000000238
10016  21.801  -64.048  -8.901 0.6000000238
9286  20.267  -65.264  -9.252 0.6000000238
116056  23.042  -62.625  -8.896 0.6000000238
11500  23.046  -62.859  -9.846 0.6999999881
9337  21.619  -66.198  -13.890 0.6999999881
7877  19.939  -68.025  -14.167 0.5000000000
10048  22.256  -64.381  -11.415 0.6999999881
9311  21.444  -65.325  -11.982 0.6999999881
8641  20.189  -67.293  -13.657 0.6000000238
7757  25.344  -67.717  -5.307 0.5000000000
6964  24.413  -68.032  -3.675 0.5000000000
6965  23.660  -67.767  -3.496 0.5000000000
7756  26.039  -67.845  -5.838 0.6999999881
6323  27.904  -69.337  -6.957 0.5000000000
7016  27.427  -68.576  -6.762 0.6999999881
7001  27.111  -68.625  -5.995 0.6999999881
7002  26.550  -68.337  -5.591 0.6000000238
6984  25.617  -68.187  -4.627 0.6000000238
5724  27.979  -71.328  -7.814 0.4000000060
5709  27.949  -70.438  -7.220 0.4000000060
6324  27.721  -69.999  -6.536 0.5000000000
7008  19.745  -68.211  -5.924 0.5000000000
6328  19.640  -69.269  -7.545 0.5000000000
110783  20.124  -68.777  -6.415 0.5000000000
7024  19.394  -68.920  -6.776 0.5000000000
7802  20.390  -68.127  -8.409 0.6000000238
7049  19.198  -69.080  -8.009 0.5000000000
114857  20.838  -66.994  -8.317 0.6999999881
9253  22.527  -64.930  -7.629 0.6000000238
9270  21.210  -65.311  -8.186 0.6999999881
8572  20.575  -65.979  -8.300 0.6999999881
9979  22.963  -64.294  -7.490 0.6000000238
115549  21.829  -65.045  -7.896 0.6000000238
11446  23.939  -62.295  -6.660 0.6999999881
10715  22.758  -63.718  -7.789 0.6000000238
9997  21.527  -64.634  -8.326 0.6000000238
12933  23.564  -60.990  -6.754 0.6000000238
11462  23.464  -62.530  -7.355 0.6999999881
11481  22.854  -63.182  -8.310 0.6999999881
121146  23.200  -59.560  -7.709 0.6000000238
12956  23.303  -61.027  -7.605 0.6000000238
12213  23.253  -61.563  -8.308 0.6999999881
8653  21.874  -66.348  -15.809 0.6000000238
116063  23.265  -62.012  -8.790 0.6999999881
9321  22.125  -65.486  -13.219 0.6999999881
8640  21.141  -66.894  -14.361 0.6000000238
13805  23.071  -59.516  -8.456 0.6999999881
106873  23.073  -60.119  -8.723 0.6000000238
12241  23.297  -61.303  -10.045 0.8000000119
11511  23.386  -62.814  -10.894 0.6999999881
10782  22.911  -63.877  -11.545 0.6999999881
106680  22.836  -64.350  -12.150 0.6999999881
124135  24.341  -67.581  -4.455 0.6000000238
7030  26.684  -68.074  -7.136 0.6999999881
7773  25.995  -67.866  -6.588 0.6999999881
7029  27.995  -68.775  -7.576 0.5000000000
105761  27.412  -68.309  -7.677 0.6999999881
126726  28.292  -70.332  -7.895 0.4000000060
6342  28.273  -69.464  -7.710 0.5000000000
7006  21.471  -68.089  -5.787 0.5000000000
7761  21.223  -67.288  -4.895 0.5000000000
7023  20.788  -68.872  -6.481 0.5000000000
6356  20.542  -69.477  -8.097 0.6000000238
7801  21.729  -67.018  -8.525 0.6000000238
7048  20.240  -69.030  -8.357 0.6999999881
8570  22.439  -66.226  -8.206 0.6999999881
9252  23.365  -64.993  -7.429 0.6000000238
9268  22.992  -65.645  -7.823 0.6000000238
8571  21.529  -65.898  -8.093 0.6999999881
11434  25.095  -62.030  -5.681 0.6999999881
117493  24.484  -62.874  -6.439 0.6999999881
10714  24.325  -63.677  -6.795 0.6999999881
10114  21.539  -65.335  -16.104 0.6000000238
12914  24.701  -60.493  -5.389 0.6000000238
12159  24.533  -61.334  -5.720 0.6999999881
118601  23.465  -63.504  -7.308 0.6999999881
16494  23.980  -56.995  -6.822 0.6000000238
14600  23.757  -58.394  -6.552 0.6000000238
118049  24.052  -58.985  -5.895 0.6000000238
12932  23.955  -60.547  -6.043 0.6000000238
12174  23.970  -61.502  -6.344 0.6999999881
9364  22.266  -65.591  -15.956 0.6000000238
14614  23.400  -58.264  -7.538 0.6000000238
116676  23.389  -60.145  -7.009 0.6000000238
10814  24.425  -63.429  -14.256 0.6999999881
10081  24.184  -64.076  -14.689 0.6000000238
9335  23.134  -65.097  -14.141 0.6999999881
8639  22.018  -66.439  -15.174 0.6000000238
16511  23.699  -56.731  -7.576 0.5000000000
14630  23.195  -58.168  -8.456 0.6000000238
107180  23.125  -59.748  -10.050 0.8000000119
13005  23.320  -60.394  -10.589 0.8000000119
12257  23.577  -61.289  -11.326 0.8000000119
11526  23.666  -62.315  -11.648 0.8000000119
10796  23.538  -63.945  -12.562 0.6999999881
10064  23.236  -64.596  -13.115 0.6999999881
12992  23.156  -60.482  -9.443 0.8000000119
7018  25.143  -68.023  -6.759 0.6999999881
112392  24.685  -67.709  -5.939 0.6999999881
115501  23.892  -67.642  -5.459 0.6999999881
7739  23.510  -67.454  -3.936 0.6000000238
7044  27.272  -68.352  -8.681 0.6999999881
7759  23.081  -67.561  -5.175 0.6000000238
7065  27.726  -68.429  -9.342 0.6000000238
7760  22.196  -67.431  -5.035 0.5000000000
7005  22.340  -68.107  -5.895 0.5000000000
10039  16.424  -64.718  -10.375 0.6000000238
7022  21.598  -68.895  -6.587 0.5000000000
10053  16.992  -64.962  -11.041 0.5000000000
6346  21.175  -69.667  -7.957 0.5000000000
10051  19.195  -64.062  -11.796 0.6000000238
7068  22.017  -69.046  -9.640 0.6999999881
6355  21.087  -69.433  -8.443 0.6000000238
8569  23.346  -66.401  -8.536 0.6999999881
7069  21.277  -68.354  -8.772 0.6999999881
10818  20.117  -63.886  -13.556 0.6000000238
9251  24.128  -64.969  -7.321 0.6999999881
9267  24.122  -65.715  -7.990 0.6000000238
11444  25.589  -62.641  -5.965 0.6999999881
112064  26.114  -63.280  -6.362 0.6999999881
9978  24.587  -64.477  -7.070 0.6999999881
10829  21.595  -63.884  -15.354 0.6000000238
10083  20.457  -64.013  -14.776 0.6000000238
12158  25.276  -61.226  -5.398 0.6000000238
10699  25.174  -63.358  -6.352 0.6999999881
10828  22.679  -63.836  -15.768 0.6000000238
10103  21.037  -64.496  -15.642 0.6000000238
15492  25.931  -57.628  -4.824 0.6000000238
113492  24.739  -58.896  -5.284 0.6000000238
121340  23.746  -63.151  -15.168 0.6999999881
10100  23.928  -64.147  -15.317 0.6000000238
10830  23.136  -64.446  -15.997 0.6000000238
16493  24.515  -56.763  -6.204 0.6000000238
13023  24.233  -60.059  -12.977 0.6000000238
12283  24.574  -61.084  -14.112 0.6000000238
11540  24.447  -61.882  -13.593 0.6999999881
10813  24.451  -62.804  -14.445 0.6000000238
9351  23.268  -65.243  -15.403 0.6000000238
13837  23.923  -59.148  -12.521 0.6000000238
12272  24.394  -60.945  -13.346 0.8000000119
13833  23.349  -59.273  -11.081 0.6000000238
13016  23.665  -60.182  -11.782 0.6999999881
11541  24.164  -62.583  -12.824 0.8000000119
123802  25.689  -68.732  -8.487 0.6999999881
7032  24.581  -68.807  -7.649 0.6999999881
7019  24.206  -68.407  -6.858 0.6999999881
7066  26.779  -68.643  -9.860 0.6999999881
106097  26.178  -68.673  -9.069 0.6999999881
7020  23.300  -68.722  -6.880 0.6000000238
7004  23.164  -68.081  -6.067 0.6000000238
10732  16.896  -63.418  -8.576 0.6000000238
10734  15.542  -63.576  -8.301 0.6000000238
11513  17.558  -63.706  -9.862 0.6000000238
10019  15.842  -64.400  -9.686 0.6000000238
7021  22.438  -68.854  -6.738 0.6000000238
10765  18.145  -63.856  -10.459 0.5000000000
7819  22.689  -68.209  -9.941 0.6999999881
118931  21.653  -69.772  -8.537 0.6999999881
121645  19.223  -63.529  -11.350 0.4000000060
10784  18.730  -64.032  -11.096 0.5000000000
118393  24.099  -66.468  -8.907 0.6999999881
10783  19.725  -63.436  -11.922 0.5000000000
7800  22.645  -67.102  -8.969 0.6999999881
10798  20.487  -63.295  -12.765 0.6000000238
9977  25.386  -64.588  -7.127 0.6999999881
126915  24.885  -65.125  -7.503 0.6999999881
11560  22.406  -62.577  -14.253 0.6999999881
10817  21.062  -63.498  -14.076 0.6000000238
12173  26.672  -61.616  -5.839 0.6999999881
11443  26.521  -62.477  -6.103 0.6999999881
12285  22.712  -61.793  -14.072 0.5000000000
10816  22.069  -63.253  -14.790 0.6000000238
14584  27.038  -58.405  -5.018 0.6000000238
126440  25.696  -59.731  -5.040 0.6000000238
12157  26.107  -61.043  -5.450 0.6999999881
11559  23.459  -62.471  -14.737 0.6999999881
14570  26.194  -58.410  -4.849 0.6000000238
120579  25.010  -59.724  -5.100 0.6000000238
13032  24.380  -60.800  -14.313 0.5000000000
12284  23.767  -61.549  -14.581 0.6000000238
16480  25.005  -56.953  -5.539 0.6000000238
14662  24.051  -58.271  -13.297 0.6000000238
13844  24.404  -59.526  -14.093 0.5000000000
11563  24.302  -62.325  -14.523 0.6999999881
15584  23.428  -57.238  -11.528 0.6000000238
7045  25.040  -69.392  -9.395 0.6999999881
121637  24.070  -69.531  -8.406 0.6999999881
7033  23.527  -69.428  -7.841 0.6000000238
10733  16.371  -63.384  -8.115 0.4000000060
11484  15.014  -63.132  -7.774 0.5000000000
6344  22.626  -70.016  -8.582 0.6000000238
125104  17.674  -63.100  -9.511 0.5000000000
10735  14.539  -63.516  -8.419 0.6000000238
110025  22.790  -69.993  -10.058 0.6999999881
7067  22.722  -69.428  -10.385 0.6999999881
6345  21.944  -69.856  -8.265 0.6000000238
11529  18.818  -63.108  -10.707 0.5000000000
8589  24.418  -66.789  -9.630 0.6999999881
11527  20.153  -62.751  -11.963 0.4000000060
110826  27.585  -63.951  -7.414 0.6999999881
9249  26.507  -65.073  -7.699 0.6999999881
9265  26.225  -65.507  -8.191 0.6999999881
11543  20.863  -62.507  -12.639 0.6000000238
115286  27.664  -61.872  -6.738 0.6999999881
10712  27.463  -63.266  -6.966 0.6999999881
9976  26.216  -64.574  -7.237 0.6999999881
9266  25.285  -65.639  -8.153 0.6999999881
12275  21.012  -61.574  -12.659 0.5000000000
11542  21.684  -62.135  -13.345 0.5000000000
13737  27.235  -59.867  -5.663 0.6000000238
108438  27.319  -61.335  -6.236 0.6999999881
11442  27.310  -62.575  -6.580 0.6999999881
16462  27.396  -56.743  -4.803 0.5000000000
123644  27.284  -59.008  -5.430 0.6000000238
12912  26.328  -60.201  -5.286 0.6000000238
6366  24.103  -69.912  -10.048 0.6999999881
6352  24.075  -69.776  -9.219 0.6999999881
11465  16.421  -62.835  -7.391 0.4000000060
6379  23.803  -69.803  -10.756 0.6999999881
6343  23.329  -70.058  -8.947 0.6999999881
11467  14.711  -62.431  -7.393 0.4000000060
6380  23.257  -69.691  -10.600 0.6999999881
11485  14.137  -62.784  -7.900 0.6000000238
7834  23.810  -68.100  -11.118 0.8000000119
7088  23.278  -69.245  -11.053 0.6999999881
8587  26.344  -66.222  -9.756 0.6000000238
7817  24.614  -67.169  -10.457 0.6000000238
12960  12.649  -59.753  -7.906 0.6000000238
9264  27.137  -65.258  -8.147 0.6999999881
9285  26.733  -65.729  -8.826 0.6999999881
8588  25.269  -66.512  -9.701 0.6000000238
125745  27.962  -63.347  -7.487 0.6000000238
12955  28.052  -60.357  -7.049 0.6000000238
12962  10.931  -59.923  -8.235 0.5000000000
14598  27.833  -59.148  -5.994 0.6000000238
12931  27.577  -60.558  -6.313 0.6999999881
16477  28.528  -56.837  -5.543 0.5000000000
7851  24.117  -68.619  -12.069 0.6999999881
12179  15.350  -61.334  -6.561 0.4000000060
7833  24.733  -67.638  -11.390 0.8000000119
11468  14.068  -62.059  -7.545 0.5000000000
113705  26.343  -66.572  -10.676 0.8000000119
13786  13.002  -59.580  -7.134 0.4000000060
12958  14.022  -60.655  -7.128 0.4000000060
8608  25.515  -66.848  -10.576 0.6999999881
13787  12.156  -59.531  -7.460 0.4000000060
12216  13.070  -60.726  -8.278 0.5000000000
11460  28.303  -62.145  -7.971 0.6000000238
10731  28.154  -63.866  -7.921 0.6000000238
9263  27.854  -65.146  -8.703 0.6999999881
13749  11.811  -59.700  -5.973 0.4000000060
12954  28.254  -60.661  -7.870 0.6000000238
12195  28.122  -61.611  -7.506 0.6000000238
12181  11.087  -61.267  -7.191 0.4000000060
13789  11.213  -59.502  -8.238 0.6000000238
13760  28.132  -59.160  -6.849 0.6000000238
15516  28.435  -57.734  -5.960 0.5000000000
16490  29.152  -56.277  -6.066 0.5000000000
12938  15.118  -60.402  -6.288 0.4000000060
7850  24.809  -68.190  -12.452 0.8000000119
12940  13.825  -59.901  -6.847 0.4000000060
7832  25.751  -67.207  -11.581 0.6999999881
13766  12.442  -59.488  -6.506 0.4000000060
9283  28.143  -65.338  -9.437 0.6000000238
9284  27.436  -65.736  -9.378 0.6999999881
10711  28.348  -62.990  -8.070 0.6000000238
9994  28.270  -64.368  -8.509 0.6000000238
13730  12.013  -59.792  -5.095 0.4000000060
116768  11.449  -60.588  -6.130 0.4000000060
13783  28.243  -59.654  -7.620 0.6000000238
11450  11.104  -62.301  -6.743 0.4000000060
114889  28.494  -57.827  -7.004 0.4000000060
13764  14.438  -59.785  -6.226 0.4000000060
122158  26.797  -66.584  -11.285 0.6999999881
13747  13.976  -59.492  -5.785 0.4000000060
105374  28.590  -65.082  -9.982 0.6999999881
8586  27.203  -66.193  -10.344 0.6000000238
13748  12.432  -59.504  -5.662 0.4000000060
11479  28.442  -62.161  -8.761 0.6000000238
10730  28.590  -63.028  -8.959 0.6000000238
12160  11.563  -61.396  -5.681 0.4000000060
11435  11.531  -62.184  -5.221 0.3000000119
14613  28.344  -58.610  -7.608 0.4000000060
16509  28.711  -57.196  -7.564 0.4000000060
16529  28.613  -57.261  -8.406 0.4000000060
13729  12.603  -59.551  -4.849 0.4000000060
12902  11.900  -60.579  -4.420 0.4000000060
111032  28.382  -60.665  -8.837 0.6000000238
12975  28.383  -59.935  -8.669 0.6000000238
13820  28.603  -59.452  -9.222 0.6000000238
15549  28.565  -57.621  -8.715 0.4000000060
15565  28.652  -57.848  -9.078 0.5000000000
108055  28.956  -56.280  -9.151 0.4000000060
12128  8.628  -61.579  -2.731 0.3000000119
16546  28.680  -57.063  -9.022 0.4000000060
13689  14.302  -59.493  -2.519 0.4000000060
12872  9.651  -60.887  -1.881 0.3000000119
13713  7.340  -59.439  -4.605 0.4000000060
13670  15.510  -59.204  -1.362 0.4000000060
13672  13.180  -59.546  -0.927 0.4000000060
12858  10.087  -60.250  -1.382 0.3000000119
13675  10.624  -59.682  -0.960 0.3000000119
12888  7.942  -60.632  -3.049 0.3000000119
12873  8.753  -60.721  -2.346 0.3000000119
13712  7.647  -59.636  -3.390 0.3000000119
13662  13.905  -59.344  -0.582 0.4000000060
13663  12.912  -59.304  -0.395 0.4000000060
13674  11.484  -59.840  -0.868 0.4000000060
13691  9.046  -59.851  -1.792 0.3000000119
126300  8.467  -59.142  -2.193 0.3000000119
16514  7.414  -56.937  -8.407 0.4000000060
18399  8.194  -55.637  -8.743 0.3000000119
18384  8.534  -54.877  -8.584 0.3000000119
14558  7.940  -58.923  -2.777 0.3000000119
14559  7.589  -58.653  -3.653 0.3000000119
14513  12.545  -58.707  0.039 0.4000000060
13664  11.998  -59.308  -0.427 0.4000000060
118055  10.421  -58.912  -0.849 0.3000000119
14524  9.393  -58.263  -1.416 0.3000000119
14525  8.893  -57.866  -1.841 0.3000000119
15508  7.336  -57.638  -6.593 0.3000000119
15479  7.893  -58.038  -2.966 0.3000000119
17473  8.585  -55.907  -8.721 0.3000000119
15480  7.655  -57.718  -3.796 0.3000000119
17472  9.490  -55.436  -8.733 0.4000000060
18398  9.112  -55.358  -8.847 0.3000000119
18397  9.826  -54.985  -8.810 0.3000000119
19282  9.448  -54.706  -8.762 0.3000000119
14514  11.564  -58.543  -0.252 0.4000000060
15442  10.378  -57.433  -0.765 0.4000000060
15443  9.575  -57.369  -1.365 0.3000000119
16498  7.543  -57.013  -7.428 0.4000000060
15458  8.941  -57.010  -2.027 0.3000000119
16483  7.702  -56.860  -5.994 0.3000000119
16513  8.220  -56.381  -8.224 0.4000000060
17445  8.774  -55.884  -7.145 0.4000000060
19264  10.782  -53.975  -8.656 0.3000000119
125208  11.537  -57.035  -0.199 0.4000000060
16402  10.246  -56.515  -1.172 0.4000000060
16403  9.579  -56.431  -1.832 0.4000000060
16429  9.078  -56.365  -2.404 0.4000000060
110075  8.011  -57.181  -3.191 0.3000000119
17420  8.670  -55.692  -4.960 0.3000000119
17434  8.497  -55.894  -5.965 0.3000000119
17433  9.190  -55.549  -6.089 0.3000000119
121361  10.464  -55.025  -7.167 0.5000000000
17444  9.760  -55.498  -7.485 0.4000000060
17443  10.411  -55.153  -8.174 0.4000000060
20186  10.367  -53.051  -7.850 0.3000000119
16401  11.064  -55.780  -1.092 0.4000000060
17391  10.449  -55.383  -2.580 0.4000000060
17402  10.212  -55.227  -3.350 0.3000000119
18348  10.597  -54.835  -5.170 0.3000000119
116697  11.338  -54.458  -5.700 0.3000000119
123275  12.215  -53.661  -5.742 0.3000000119
17404  8.666  -55.790  -3.904 0.3000000119
120105  9.214  -55.464  -4.296 0.3000000119
17432  10.083  -55.124  -6.180 0.3000000119
18360  11.628  -54.159  -6.748 0.3000000119
19245  12.073  -53.544  -7.407 0.3000000119
17419  9.607  -55.270  -5.105 0.3000000119
18370  11.021  -54.638  -7.580 0.3000000119
18382  11.160  -54.043  -8.466 0.3000000119
20170  10.608  -52.355  -7.206 0.3000000119
16377  13.855  -56.151  0.377 0.3000000119
17338  13.297  -55.545  -0.233 0.3000000119
17364  12.595  -55.310  -0.839 0.3000000119
18318  12.438  -54.568  -2.524 0.3000000119
116976  12.525  -53.758  -4.152 0.3000000119
19217  12.598  -53.189  -5.084 0.3000000119
17390  11.178  -55.204  -2.172 0.3000000119
18330  11.629  -54.564  -3.863 0.3000000119
18347  11.452  -54.495  -4.805 0.3000000119
18346  12.295  -53.705  -5.154 0.3000000119
19244  12.480  -53.067  -6.920 0.3000000119
19262  12.290  -52.863  -7.605 0.3000000119
19263  11.752  -53.465  -7.991 0.3000000119
20184  12.007  -52.693  -7.806 0.3000000119
19280  11.341  -53.482  -8.254 0.3000000119
20185  11.268  -52.722  -7.869 0.3000000119
18265  15.065  -55.240  0.198 0.3000000119
17363  13.253  -54.965  -0.919 0.3000000119
18305  12.868  -54.779  -1.599 0.3000000119
18328  12.783  -54.034  -3.138 0.3000000119
20135  12.817  -53.017  -4.102 0.3000000119
20156  12.889  -51.657  -6.879 0.3000000119
21140  12.710  -51.481  -7.263 0.3000000119
21141  12.346  -51.788  -7.509 0.3000000119
21114  10.925  -51.663  -6.653 0.3000000119
106815  13.030  -52.170  -3.974 0.3000000119
20146  12.772  -52.415  -4.985 0.3000000119
21139  13.013  -50.611  -7.132 0.3000000119
123402  12.064  -50.676  -7.214 0.3000000119
21125  11.382  -51.819  -7.341 0.3000000119
111200  11.808  -50.177  -6.668 0.3000000119
21100  12.918  -51.542  -4.951 0.3000000119
108354  12.821  -51.838  -5.872 0.3000000119
21123  13.064  -50.935  -7.110 0.3000000119
21071  13.593  -51.860  -3.097 0.3000000119
22048  13.461  -50.438  -4.109 0.3000000119
22072  13.229  -49.942  -6.238 0.3000000119
22085  13.143  -50.211  -6.917 0.3000000119
22086  13.091  -49.769  -6.854 0.3000000119
23029  12.408  -49.675  -6.741 0.3000000119
22073  11.386  -50.031  -5.569 0.3000000119
2983  29.048  -75.368  -3.878 0.5000000000
3511  28.450  -74.683  -4.414 0.5000000000
4045  28.869  -73.802  -4.735 0.4000000060
9313  19.779  -65.859  -11.014 0.6999999881
9322  21.037  -65.853  -12.640 0.6999999881
5138  27.783  -71.602  -7.149 0.4000000060
4044  30.139  -73.819  -4.834 0.5000000000
9996  22.220  -63.899  -8.277 0.6000000238
6347  20.387  -69.459  -7.646 0.5000000000
11463  23.151  -63.055  -7.798 0.6000000238
106685  23.397  -67.906  -10.405 0.8000000119
6368  22.286  -69.853  -9.664 0.6999999881
8568  24.861  -66.225  -8.850 0.6000000238
117519  28.002  -57.019  -5.050 0.5000000000
10713  26.755  -63.863  -6.905 0.6999999881
12961  11.285  -59.818  -7.601 0.4000000060
16476  28.782  -55.842  -5.430 0.5000000000
12212  28.345  -61.401  -8.407 0.6000000238
16508  29.159  -56.540  -7.057 0.4000000060
111259  28.810  -64.171  -9.892 0.6000000238
11498  28.570  -62.216  -9.679 0.6000000238
12125  11.641  -61.750  -3.779 0.3000000119
14629  28.496  -58.243  -8.598 0.4000000060
14645  28.633  -58.644  -9.128 0.4000000060
117207  13.742  -59.573  -1.540 0.4000000060
16391  11.632  -56.272  -0.418 0.3000000119
17337  14.229  -55.410  0.008 0.3000000119
10047  28.809  -65.160  -11.628 0.5000000000
9310  28.349  -65.761  -11.576 0.5000000000
116351  27.123  -66.656  -12.104 0.6999999881
7860  26.376  -67.398  -13.234 0.6999999881
7110  24.082  -69.146  -12.264 0.6000000238
9298  28.486  -65.476  -10.806 0.5000000000
8607  27.818  -66.146  -11.123 0.6000000238
124184  26.355  -67.090  -12.149 0.6000000238
122830  25.778  -69.337  -10.810 0.6000000238
125073  25.725  -69.183  -9.934 0.6000000238
6418  25.351  -69.060  -13.691 0.6000000238
123188  24.929  -69.650  -11.509 0.6000000238
7861  25.574  -68.266  -13.774 0.6999999881
7127  24.817  -69.052  -13.421 0.6000000238
6365  24.745  -69.679  -10.614 0.6000000238
10034  28.909  -64.477  -10.883 0.5000000000
7168  26.268  -68.215  -14.376 0.6999999881
7126  26.209  -69.158  -13.341 0.6999999881
7086  26.823  -68.932  -11.116 0.6000000238
8638  26.876  -67.397  -14.259 0.6000000238
113798  26.050  -67.983  -14.267 0.6999999881
6406  25.389  -69.399  -12.942 0.6000000238
9320  28.417  -65.799  -14.002 0.6000000238
10780  29.024  -62.477  -11.544 0.5000000000
8652  27.234  -67.673  -15.064 0.6999999881
7147  26.339  -68.620  -14.115 0.6000000238
111472  27.808  -68.489  -10.181 0.6000000238
12256  28.950  -61.575  -11.337 0.5000000000
10762  28.953  -63.382  -10.686 0.5000000000
13003  29.427  -60.214  -10.633 0.5000000000
11510  28.779  -62.350  -10.588 0.5000000000
121344  29.377  -58.925  -9.720 0.4000000060
7864  18.317  -68.137  -12.061 0.4000000060
8610  18.523  -66.873  -10.303 0.4000000060
7089  17.785  -68.178  -11.090 0.4000000060
107672  17.531  -68.346  -10.212 0.5000000000
7070  18.044  -68.300  -9.202 0.5000000000
7071  17.352  -68.561  -9.566 0.5000000000
116821  28.712  -60.728  -10.170 0.5000000000
7037  17.123  -68.470  -8.167 0.5000000000
8554  14.428  -66.353  -7.187 0.6000000238
13004  28.907  -60.184  -10.249 0.4000000060
126007  17.550  -68.462  -7.707 0.5000000000
7787  16.370  -67.803  -7.743 0.5000000000
8553  15.197  -66.484  -6.909 0.5000000000
7112  16.767  -68.628  -11.279 0.5000000000
116674  17.118  -68.634  -10.212 0.5000000000
7091  16.480  -68.607  -10.584 0.5000000000
7052  16.103  -68.394  -9.278 0.5000000000
7074  14.947  -68.181  -10.013 0.5000000000
7051  16.265  -68.208  -8.490 0.5000000000
7805  15.394  -67.755  -8.780 0.5000000000
7789  15.007  -66.979  -7.992 0.5000000000
13832  28.825  -59.735  -9.728 0.5000000000
7788  15.667  -67.058  -7.442 0.5000000000
14643  29.754  -58.404  -9.733 0.4000000060
13819  28.919  -59.130  -9.517 0.4000000060
14644  29.016  -58.262  -9.428 0.4000000060
7889  20.880  -67.734  -15.657 0.5000000000
7092  15.401  -68.433  -10.675 0.5000000000
110204  28.479  -61.234  -9.443 0.5000000000
9365  21.472  -66.309  -16.148 0.5000000000
9375  20.626  -66.467  -16.404 0.5000000000
8678  19.195  -67.158  -16.731 0.5000000000
7900  20.685  -67.666  -16.126 0.5000000000
118902  20.769  -65.692  -16.233 0.5000000000
9367  18.991  -65.513  -15.914 0.5000000000
120265  19.026  -64.888  -15.369 0.5000000000
10116  18.187  -65.037  -15.303 0.5000000000
9377  18.544  -66.205  -16.367 0.5000000000
8679  18.145  -67.041  -16.710 0.4000000060
10105  18.596  -64.617  -14.658 0.5000000000
10117  17.228  -65.151  -15.319 0.6000000238
9379  16.523  -66.095  -16.408 0.6000000238
108636  17.870  -64.689  -14.007 0.5000000000
10106  17.592  -64.853  -14.665 0.5000000000
10107  16.670  -64.909  -14.711 0.6000000238
9370  15.808  -65.593  -15.978 0.6000000238
118796  15.738  -66.212  -16.484 0.6000000238
8682  15.279  -66.914  -16.866 0.5000000000
7919  13.907  -67.422  -17.034 0.5000000000
7920  13.050  -67.500  -16.978 0.5000000000
107887  19.448  -64.271  -14.222 0.5000000000
10066  18.912  -64.417  -12.512 0.5000000000
112046  17.578  -64.822  -13.260 0.5000000000
10085  17.084  -64.800  -13.980 0.5000000000
10086  16.674  -64.879  -13.205 0.6000000238
10108  15.744  -64.875  -14.808 0.6000000238
110965  14.855  -65.412  -15.698 0.6000000238
108745  14.322  -66.666  -16.614 0.6000000238
8683  13.416  -66.690  -16.520 0.5000000000
10074  9.119  -64.160  -12.618 0.5000000000
8686  10.795  -66.866  -16.214 0.5000000000
10799  19.673  -63.914  -12.562 0.5000000000
117456  17.545  -64.962  -11.762 0.5000000000
111944  16.656  -65.143  -11.797 0.6000000238
114221  15.802  -64.994  -11.981 0.6000000238
10070  14.934  -64.610  -12.283 0.6000000238
10087  15.018  -64.604  -14.125 0.6000000238
10072  13.705  -64.095  -13.248 0.6000000238
9371  14.134  -65.163  -15.329 0.6000000238
10110  13.383  -64.624  -14.475 0.6000000238
9381  13.858  -65.812  -16.007 0.6000000238
9373  12.897  -65.647  -15.626 0.5000000000
8685  11.652  -66.813  -16.357 0.5000000000
9374  11.319  -65.710  -15.191 0.5000000000
114143  11.156  -65.238  -14.266 0.5000000000
8670  10.470  -66.341  -15.469 0.5000000000
9357  9.813  -66.098  -13.956 0.5000000000
10054  16.082  -65.097  -11.138 0.6000000238
10055  15.195  -64.802  -11.370 0.6000000238
10785  13.839  -64.087  -11.214 0.6000000238
10786  13.222  -63.467  -11.875 0.6000000238
10800  13.446  -63.744  -12.630 0.6000000238
10819  13.011  -63.667  -13.191 0.6000000238
10801  12.794  -63.271  -12.571 0.6000000238
10111  12.574  -64.598  -14.244 0.5000000000
10090  12.328  -63.970  -13.538 0.5000000000
9355  11.974  -65.149  -14.644 0.5000000000
10821  10.972  -63.519  -12.849 0.5000000000
10803  10.202  -62.892  -12.554 0.6000000238
108396  10.361  -65.347  -13.552 0.5000000000
10073  10.011  -63.926  -12.657 0.5000000000
10804  9.278  -63.127  -12.545 0.5000000000
12281  7.091  -61.729  -12.025 0.5000000000
10767  13.291  -63.555  -10.806 0.6000000238
116194  12.252  -62.340  -11.227 0.6000000238
10787  12.496  -62.745  -11.993 0.6000000238
10802  11.691  -62.909  -12.732 0.6000000238
11546  10.485  -61.852  -12.382 0.6000000238
12279  8.727  -61.465  -12.070 0.5000000000
11503  12.777  -62.520  -9.599 0.6000000238
11545  11.414  -62.195  -12.350 0.6000000238
13027  9.850  -60.575  -11.675 0.6000000238
12264  8.230  -61.293  -11.418 0.5000000000
12231  12.549  -60.594  -9.166 0.6000000238
11504  12.450  -61.416  -9.705 0.6000000238
119904  12.183  -60.425  -9.826 0.6000000238
12244  11.337  -60.414  -10.985 0.6000000238
12262  10.748  -60.529  -11.634 0.6000000238
13010  9.561  -60.212  -10.706 0.5000000000
13824  11.622  -59.341  -9.046 0.6000000238
13008  11.055  -59.546  -10.424 0.6000000238
12979  10.614  -59.560  -8.993 0.6000000238
13019  10.081  -60.127  -11.154 0.6000000238
12218  10.073  -61.436  -9.222 0.6000000238
11488  9.897  -62.565  -8.994 0.5000000000
11487  10.443  -61.946  -8.447 0.4000000060
109617  24.245  -69.634  -11.593 0.6000000238
113449  25.573  -67.766  -12.820 0.6999999881
10744  28.776  -63.193  -9.790 0.5000000000
12255  29.401  -61.176  -11.869 0.5000000000
12240  29.033  -60.769  -10.952 0.5000000000
7806  14.485  -67.093  -8.806 0.6000000238
109671  16.130  -64.759  -13.997 0.6000000238
111846  15.641  -64.693  -13.030 0.6000000238
9354  12.860  -65.091  -14.978 0.6000000238
10112  11.758  -64.670  -13.934 0.5000000000
11515  12.257  -62.016  -10.402 0.6000000238
12261  11.789  -61.453  -11.124 0.6000000238
12997  9.740  -60.007  -10.049 0.6000000238
12233  9.726  -60.865  -9.822 0.6000000238
2963  32.043  -76.345  -3.596 0.5000000000
2981  32.594  -75.765  -4.239 0.5000000000
111782  31.152  -76.709  -3.346 0.4000000060
2964  30.974  -75.987  -3.839 0.4000000060
3509  30.711  -75.032  -4.319 0.4000000060
2965  29.957  -75.466  -3.731 0.4000000060
3508  31.803  -75.447  -4.811 0.5000000000
3526  31.266  -74.591  -5.103 0.5000000000
3524  32.775  -75.057  -5.578 0.5000000000
3525  32.070  -75.124  -5.530 0.5000000000
4062  31.782  -74.604  -6.015 0.5000000000
4063  30.915  -73.778  -5.628 0.5000000000
4083  32.635  -74.676  -6.432 0.5000000000
4084  32.015  -74.559  -6.917 0.5000000000
4104  31.988  -74.430  -8.072 0.5000000000
4085  31.446  -74.063  -6.500 0.5000000000
4105  31.287  -73.875  -7.399 0.5000000000
4609  29.997  -73.014  -5.627 0.4000000060
7064  28.480  -68.658  -9.413 0.5000000000
7042  28.424  -68.905  -8.405 0.4000000060
6351  28.580  -69.735  -8.439 0.4000000060
5734  28.833  -70.193  -9.125 0.4000000060
5735  28.263  -71.039  -8.535 0.4000000060
5148  28.275  -71.957  -8.194 0.4000000060
5161  28.568  -71.888  -8.893 0.4000000060
4647  28.810  -72.186  -7.540 0.4000000060
4634  29.686  -72.451  -6.618 0.4000000060
106299  31.305  -74.126  -8.389 0.4000000060
4633  30.705  -73.202  -6.404 0.4000000060
7063  29.072  -68.850  -10.094 0.4000000060
5744  28.800  -70.978  -9.842 0.4000000060
4129  31.605  -74.164  -9.952 0.4000000060
4659  29.345  -72.310  -8.367 0.4000000060
111585  29.935  -72.402  -7.494 0.4000000060
109871  30.968  -74.277  -9.690 0.4000000060
4118  30.843  -74.054  -9.037 0.4000000060
4658  30.237  -72.940  -8.894 0.4000000060
110824  30.526  -72.835  -7.160 0.4000000060
122021  29.105  -68.740  -11.151 0.4000000060
6378  29.413  -69.166  -10.809 0.4000000060
5761  29.604  -69.843  -11.729 0.4000000060
121155  29.163  -71.268  -11.523 0.4000000060
5184  28.751  -71.922  -10.763 0.4000000060
112429  29.314  -72.753  -10.221 0.4000000060
4673  29.356  -72.537  -9.322 0.4000000060
4130  30.724  -74.076  -10.582 0.4000000060
121459  29.946  -73.569  -10.647 0.4000000060
7085  28.046  -68.567  -11.242 0.5000000000
7106  28.515  -68.610  -12.264 0.5000000000
7125  27.394  -68.686  -13.492 0.6000000238
7105  29.225  -68.791  -12.251 0.5000000000
111548  29.328  -71.366  -12.560 0.4000000060
110212  29.489  -72.883  -12.567 0.4000000060
4704  30.263  -73.059  -12.946 0.4000000060
7123  29.262  -68.976  -13.444 0.4000000060
7146  27.589  -68.483  -14.525 0.5000000000
7144  29.386  -69.362  -14.649 0.4000000060
5770  29.578  -71.341  -13.836 0.4000000060
110844  29.241  -68.963  -15.135 0.5000000000
6417  29.728  -69.935  -14.957 0.4000000060
114257  29.787  -70.807  -14.661 0.4000000060
5781  29.861  -71.392  -14.448 0.4000000060
7888  27.855  -67.853  -15.449 0.6000000238
7167  27.036  -68.134  -14.830 0.6000000238
7183  29.579  -68.363  -15.578 0.5000000000
116867  30.193  -68.030  -15.465 0.4000000060
8620  27.870  -66.200  -12.203 0.5000000000
10040  15.486  -64.741  -10.497 0.5000000000
10750  13.316  -63.449  -9.795 0.5000000000
11486  13.507  -62.031  -8.071 0.5000000000
10748  15.206  -64.044  -9.023 0.5000000000
110852  13.438  -63.014  -8.695 0.5000000000
10766  13.938  -64.143  -10.234 0.5000000000
123385  32.506  -75.396  -5.003 0.5000000000
2982  31.652  -75.825  -4.232 0.5000000000
6363  29.207  -69.578  -9.900 0.4000000060
5752  29.307  -70.305  -10.699 0.4000000060
4131  30.257  -73.622  -9.809 0.4000000060
6391  29.488  -69.212  -12.515 0.4000000060
108423  29.635  -70.179  -12.897 0.4000000060
5194  28.987  -72.385  -11.960 0.4000000060
4694  29.470  -73.200  -11.869 0.4000000060
7124  28.632  -68.719  -13.373 0.5000000000
5214  29.670  -72.082  -13.872 0.4000000060
7145  28.752  -68.787  -14.535 0.5000000000
7887  28.454  -68.016  -15.660 0.6000000238
6428  30.219  -69.892  -15.146 0.5000000000
8666  28.514  -67.434  -15.727 0.5000000000
12988  32.570  -60.455  -9.405 0.3000000119
13000  32.271  -60.850  -10.166 0.3000000119
12989  31.660  -60.155  -9.691 0.3000000119
13818  32.124  -59.665  -9.142 0.3000000119
13802  32.602  -59.000  -8.653 0.3000000119
15532  33.998  -57.496  -7.945 0.3000000119
14626  33.179  -58.072  -8.326 0.3000000119
12237  32.609  -61.565  -10.680 0.3000000119
11524  32.754  -61.861  -12.631 0.4000000060
12269  31.974  -61.630  -13.049 0.4000000060
12270  30.829  -61.481  -12.988 0.4000000060
12253  31.591  -61.371  -12.157 0.4000000060
10794  29.312  -62.679  -12.486 0.4000000060
10046  29.150  -64.299  -11.955 0.4000000060
12974  33.063  -60.001  -8.714 0.3000000119
13001  31.227  -60.544  -10.439 0.3000000119
13015  29.721  -60.711  -11.333 0.4000000060
15548  31.780  -57.266  -9.096 0.3000000119
117850  31.167  -59.434  -9.506 0.3000000119
10811  32.151  -63.170  -14.457 0.4000000060
10097  31.293  -63.966  -15.279 0.4000000060
10099  29.832  -64.279  -15.103 0.4000000060
9333  29.064  -65.060  -14.758 0.4000000060
123531  32.990  -61.938  -12.141 0.4000000060
11537  32.549  -61.990  -13.391 0.4000000060
11562  30.744  -62.825  -14.740 0.4000000060
10812  29.875  -63.354  -14.520 0.4000000060
10080  29.509  -64.097  -14.160 0.4000000060
12227  32.966  -61.251  -9.761 0.3000000119
12282  31.533  -61.826  -13.698 0.4000000060
116845  29.561  -63.094  -13.534 0.4000000060
9309  28.520  -65.622  -12.569 0.4000000060
12987  33.145  -60.789  -9.075 0.3000000119
11539  29.639  -62.110  -13.251 0.4000000060
122874  29.021  -64.854  -12.450 0.4000000060
12953  33.846  -60.038  -8.081 0.3000000119
13830  29.882  -59.780  -10.347 0.4000000060
9332  31.387  -65.160  -14.911 0.4000000060
9362  29.622  -66.000  -15.749 0.4000000060
108618  32.135  -63.946  -14.361 0.4000000060
10079  31.848  -63.877  -14.982 0.4000000060
9361  30.758  -64.716  -15.444 0.4000000060
9350  28.854  -66.545  -15.648 0.4000000060
106696  32.908  -62.609  -10.098 0.3000000119
10777  32.774  -62.386  -11.832 0.4000000060
12972  34.307  -60.741  -7.952 0.3000000119
12973  33.647  -60.777  -8.531 0.3000000119
9319  28.982  -64.906  -13.487 0.4000000060
111754  34.508  -60.059  -7.713 0.3000000119
7899  29.012  -67.803  -15.829 0.4000000060
8650  30.347  -66.482  -15.519 0.4000000060
120744  30.098  -59.198  -9.917 0.3000000119
14642  30.365  -57.944  -9.609 0.3000000119
8628  27.787  -66.392  -13.420 0.4000000060
9334  28.504  -66.100  -15.183 0.4000000060
8651  28.006  -67.106  -15.469 0.4000000060
126607  30.229  -67.301  -15.475 0.4000000060
12238  31.875  -61.191  -11.051 0.3000000119
14627  32.175  -58.077  -8.788 0.3000000119
123704  32.593  -57.256  -8.671 0.3000000119
10793  32.491  -62.535  -13.579 0.4000000060
12239  30.730  -60.855  -11.328 0.4000000060
11538  30.366  -61.878  -13.648 0.4000000060
12271  29.811  -61.533  -12.765 0.4000000060
10062  29.303  -64.138  -12.963 0.4000000060
13002  30.197  -60.271  -10.741 0.4000000060
105888  32.365  -63.314  -13.747 0.4000000060
10113  30.079  -65.010  -15.563 0.4000000060
10825  30.314  -63.346  -14.891 0.4000000060
11509  32.855  -62.002  -11.149 0.3000000119
11556  30.072  -62.553  -14.268 0.4000000060
11497  32.952  -61.844  -10.269 0.3000000119
10778  32.509  -63.040  -12.662 0.4000000060
117096  32.596  -62.778  -10.854 0.3000000119
11496  33.273  -62.120  -9.482 0.3000000119
1931  29.243  -78.052  -0.344 0.3000000119
1456  27.687  -78.541  -0.465 0.3000000119
2455  30.701  -76.644  -0.716 0.3000000119
1932  28.053  -78.046  -0.183 0.3000000119
2438  29.970  -77.373  -0.488 0.3000000119
1455  28.649  -78.448  -0.562 0.3000000119
2937  31.307  -75.916  -1.000 0.3000000119
2938  30.258  -75.718  -1.031 0.3000000119
2439  28.765  -77.031  -0.451 0.3000000119
1930  30.014  -78.028  -0.654 0.3000000119
3479  30.188  -74.175  -1.838 0.3000000119
3462  29.711  -74.777  -1.488 0.3000000119
3460  31.750  -75.199  -1.420 0.3000000119
3461  30.751  -75.005  -1.383 0.3000000119
2925  28.783  -75.992  -0.768 0.3000000119
2453  32.029  -76.462  -1.546 0.3000000119
2479  32.401  -76.444  -2.758 0.3000000119
112805  31.777  -76.762  -2.968 0.3000000119
3477  32.104  -74.511  -1.900 0.3000000119
2936  32.073  -75.939  -1.299 0.3000000119
3459  32.513  -75.307  -1.761 0.3000000119
3476  33.033  -75.377  -2.403 0.3000000119
2951  32.752  -76.007  -2.420 0.3000000119
2452  32.393  -76.347  -2.094 0.3000000119
2980  33.266  -75.475  -3.830 0.3000000119
120046  32.596  -74.401  -7.216 0.4000000060
4061  33.406  -74.469  -5.814 0.4000000060
2428  23.899  -76.608  1.077 0.3000000119
2443  22.899  -76.484  -0.594 0.3000000119
2440  27.579  -76.959  -0.136 0.3000000119
123965  27.112  -77.745  0.161 0.3000000119
3464  27.761  -74.295  -1.124 0.3000000119
2927  26.992  -75.728  -0.166 0.3000000119
110418  24.996  -76.529  1.228 0.3000000119
2427  24.479  -77.014  1.149 0.3000000119
2442  23.616  -77.257  0.368 0.3000000119
3998  29.258  -73.944  -1.865 0.3000000119
3449  27.593  -75.123  -0.693 0.3000000119
2913  26.212  -75.898  0.491 0.3000000119
123898  24.747  -77.903  0.858 0.3000000119
1919  24.203  -77.736  0.765 0.3000000119
3448  28.319  -75.212  -1.041 0.3000000119
2926  27.971  -75.977  -0.576 0.3000000119
2441  26.660  -76.817  0.331 0.3000000119
1917  25.393  -78.431  0.607 0.3000000119
1916  26.209  -77.867  0.524 0.3000000119
1929  30.790  -77.365  -0.782 0.3000000119
1945  30.548  -77.877  -1.336 0.3000000119
2935  32.545  -75.907  -1.820 0.3000000119
2915  24.381  -75.931  1.369 0.3000000119
1442  25.411  -79.149  0.236 0.3000000119
3463  28.749  -74.544  -1.454 0.3000000119
3434  26.210  -74.845  0.288 0.3000000119
2426  25.225  -77.405  0.940 0.3000000119
1918  24.706  -78.889  0.464 0.3000000119
3507  33.137  -75.324  -4.611 0.3000000119
108060  33.543  -68.649  -10.784 0.3000000119
7061  33.062  -69.150  -9.942 0.3000000119
110349  32.777  -70.929  -9.933 0.3000000119
5172  32.831  -72.139  -9.629 0.4000000060
4672  32.481  -73.393  -9.739 0.4000000060
4116  32.386  -74.067  -8.940 0.3000000119
4117  31.463  -74.251  -9.040 0.3000000119
6377  32.878  -69.825  -11.363 0.3000000119
5751  32.614  -70.709  -10.886 0.4000000060
5182  32.439  -71.985  -10.563 0.4000000060
5183  31.932  -72.800  -11.426 0.4000000060
4683  31.345  -73.790  -11.029 0.3000000119
5202  31.593  -71.934  -13.243 0.4000000060
4693  31.117  -73.235  -12.214 0.4000000060
4142  30.710  -73.826  -11.467 0.3000000119
4705  30.201  -72.458  -13.664 0.3000000119
7797  34.944  -67.519  -9.687 0.3000000119
124087  34.257  -67.935  -9.658 0.3000000119
5743  33.117  -70.047  -9.401 0.4000000060
5733  33.214  -71.113  -9.105 0.4000000060
4657  33.040  -73.010  -9.057 0.3000000119
4103  32.895  -74.084  -7.962 0.3000000119
7815  34.707  -68.016  -10.989 0.3000000119
7062  33.143  -69.180  -11.038 0.3000000119
7084  33.138  -69.208  -11.872 0.3000000119
5759  32.656  -70.427  -11.745 0.3000000119
5192  32.319  -71.434  -11.698 0.4000000060
7102  33.249  -68.248  -11.763 0.3000000119
7103  32.950  -68.908  -12.315 0.3000000119
6389  32.877  -69.757  -12.381 0.3000000119
5760  32.531  -70.606  -12.512 0.4000000060
117250  32.161  -71.393  -12.618 0.4000000060
7104  32.233  -68.616  -12.874 0.3000000119
6404  32.342  -70.189  -13.690 0.4000000060
117110  31.449  -71.463  -14.015 0.4000000060
7872  31.089  -67.856  -14.068 0.3000000119
6427  30.850  -69.500  -14.783 0.4000000060
6416  31.780  -69.867  -14.190 0.4000000060
5780  30.588  -71.309  -14.542 0.4000000060
8635  31.254  -65.893  -13.862 0.3000000119
7143  30.713  -68.504  -14.831 0.4000000060
7873  30.637  -67.356  -14.964 0.3000000119
7771  37.146  -67.796  -5.997 0.3000000119
7772  36.702  -68.480  -6.174 0.3000000119
7015  36.344  -69.168  -6.273 0.3000000119
5723  35.488  -70.553  -6.680 0.3000000119
8566  35.601  -67.037  -8.776 0.3000000119
106413  34.986  -67.481  -8.095 0.3000000119
7785  34.732  -68.376  -7.649 0.3000000119
6339  35.158  -69.796  -7.038 0.3000000119
8585  35.873  -67.227  -11.757 0.3000000119
110211  35.880  -67.301  -10.333 0.3000000119
7798  34.328  -67.919  -8.646 0.3000000119
7041  34.034  -68.685  -8.242 0.3000000119
6341  33.959  -69.499  -8.054 0.3000000119
126671  34.127  -71.040  -7.817 0.3000000119
4645  33.792  -73.138  -7.638 0.3000000119
4102  33.438  -73.892  -7.048 0.3000000119
4082  33.874  -73.801  -6.067 0.3000000119
7814  35.290  -67.644  -11.345 0.3000000119
7859  31.577  -67.657  -12.968 0.3000000119
109842  31.536  -68.779  -13.826 0.3000000119
9318  31.469  -65.485  -12.791 0.3000000119
9331  31.640  -64.857  -14.022 0.3000000119
8636  30.928  -66.186  -14.913 0.3000000119
7770  37.704  -67.593  -5.464 0.3000000119
7783  36.320  -67.633  -6.767 0.3000000119
7027  35.359  -69.091  -6.963 0.3000000119
126021  36.033  -66.814  -8.171 0.3000000119
7784  35.670  -68.168  -6.992 0.3000000119
3523  33.625  -74.671  -4.834 0.3000000119
8522  38.150  -67.037  -5.440 0.3000000119
8538  37.514  -66.879  -6.304 0.3000000119
8564  37.502  -66.286  -7.493 0.3000000119
8551  36.598  -66.755  -7.383 0.3000000119
8552  35.769  -67.205  -7.619 0.3000000119
8565  36.464  -66.738  -9.101 0.3000000119
8550  38.174  -66.236  -6.628 0.3000000119
125788  37.147  -66.413  -8.468 0.3000000119
121401  33.181  -74.328  -6.577 0.3000000119
4682  32.119  -73.348  -10.514 0.3000000119
5791  30.827  -70.378  -14.794 0.4000000060
10061  31.930  -64.259  -13.059 0.3000000119
126558  33.470  -68.661  -9.733 0.3000000119
6362  32.847  -69.907  -10.355 0.3000000119
113545  33.471  -69.156  -8.920 0.3000000119
126661  32.529  -72.764  -10.124 0.4000000060
5769  32.200  -70.899  -13.391 0.4000000060
6350  33.658  -70.332  -8.405 0.3000000119
5159  33.653  -71.458  -8.406 0.4000000060
4646  33.159  -73.496  -8.419 0.3000000119
7830  34.944  -67.711  -11.731 0.3000000119
7831  34.218  -68.094  -11.440 0.3000000119
7848  33.931  -68.096  -11.512 0.3000000119
6390  32.670  -70.143  -13.124 0.4000000060
8627  31.415  -66.554  -12.711 0.3000000119
6340  34.522  -70.245  -7.519 0.3000000119
8619  31.670  -66.114  -11.761 0.3000000119
7779  16.365  -67.208  -7.038 0.4000000060
1454  29.367  -78.364  -0.682 0.3000000119
1944  31.385  -77.178  -1.398 0.3000000119
2425  25.771  -76.665  0.788 0.3000000119
2454  31.489  -76.620  -0.993 0.3000000119
2924  29.670  -76.421  -0.700 0.3000000119
2939  29.218  -75.426  -1.138 0.3000000119
2962  32.961  -75.873  -3.192 0.3000000119
3539  32.190  -74.842  -6.133 0.5000000000
4143  30.063  -73.692  -11.332 0.4000000060
4153  30.158  -73.523  -12.126 0.4000000060
4656  33.535  -72.497  -8.395 0.3000000119
4684  29.285  -72.981  -11.153 0.4000000060
4713  30.906  -72.631  -13.198 0.4000000060
5160  33.303  -72.010  -8.936 0.3000000119
5173  28.687  -71.920  -9.721 0.4000000060
5193  31.816  -72.240  -12.320 0.4000000060
5203  29.364  -72.221  -13.052 0.4000000060
5212  30.811  -72.044  -13.949 0.3000000119
5213  30.138  -71.922  -14.207 0.4000000060
5669  24.222  -70.506  -3.385 0.5000000000
5670  23.370  -70.374  -3.179 0.5000000000
5701  26.803  -70.423  -5.263 0.4000000060
5779  31.672  -70.710  -14.245 0.4000000060
5792  29.977  -70.557  -14.984 0.4000000060
6276  25.183  -69.478  -3.770 0.5000000000
6278  23.760  -68.535  -3.127 0.5000000000
6322  35.990  -69.894  -6.414 0.3000000119
6325  21.723  -69.497  -7.442 0.5000000000
6326  20.915  -69.459  -7.215 0.5000000000
6327  20.158  -69.358  -6.993 0.5000000000
6353  22.659  -70.157  -9.439 0.6999999881
6354  22.070  -70.108  -8.985 0.6999999881
6357  19.901  -69.323  -8.035 0.6999999881
6364  28.854  -69.185  -9.204 0.4000000060
6367  23.314  -70.111  -9.953 0.6999999881
6369  21.583  -69.507  -9.058 0.6000000238
6392  25.641  -69.457  -11.871 0.6000000238
6393  24.683  -69.471  -12.392 0.6000000238
6394  24.195  -69.379  -12.181 0.6000000238
6395  23.756  -69.388  -11.494 0.6999999881
6403  32.476  -69.529  -13.215 0.3000000119
6405  29.556  -69.955  -13.984 0.4000000060
6407  24.841  -69.248  -13.179 0.6000000238
6408  24.473  -69.162  -12.793 0.6000000238
6983  26.254  -68.680  -4.939 0.6000000238
7003  26.009  -68.018  -5.242 0.6000000238
7007  20.600  -68.115  -5.789 0.5000000000
7017  26.699  -68.107  -6.278 0.6999999881
7025  18.620  -68.572  -6.809 0.6000000238
7028  34.571  -69.263  -7.542 0.3000000119
7031  25.659  -68.321  -7.581 0.6999999881
7034  22.572  -69.516  -7.628 0.6000000238
7035  18.741  -68.929  -7.569 0.6000000238
7043  27.967  -68.491  -8.142 0.5000000000
7046  24.869  -69.164  -8.431 0.6999999881
7047  20.932  -69.002  -8.645 0.6000000238
7072  16.698  -68.628  -9.797 0.5000000000
7073  15.855  -68.462  -9.979 0.5000000000
7083  33.483  -68.601  -11.627 0.3000000119
7087  23.567  -68.986  -11.637 0.6999999881
7090  17.227  -68.526  -10.863 0.5000000000
7107  27.308  -68.780  -12.407 0.6000000238
7108  26.384  -69.225  -12.283 0.6000000238
7109  24.414  -68.957  -12.905 0.6000000238
7164  30.149  -69.038  -15.309 0.4000000060
7165  29.732  -69.348  -15.232 0.4000000060
7166  28.209  -68.341  -15.288 0.5000000000
7707  22.988  -67.894  -2.924 0.5000000000
7721  24.148  -67.592  -4.012 0.6000000238
7738  24.831  -67.767  -4.377 0.5000000000
7758  24.514  -67.566  -4.997 0.6000000238
7764  18.517  -67.262  -5.642 0.5000000000
7774  25.486  -67.727  -6.071 0.6999999881
7775  23.868  -68.045  -6.226 0.6000000238
7778  16.980  -67.130  -6.533 0.4000000060
7780  15.802  -66.699  -6.819 0.5000000000
7786  17.127  -67.927  -7.301 0.5000000000
7799  33.828  -68.353  -9.159 0.3000000119
7816  33.947  -68.250  -10.313 0.3000000119
7818  23.970  -67.396  -10.249 0.8000000119
7820  21.977  -67.994  -9.220 0.6999999881
7821  14.737  -67.688  -9.429 0.6000000238
7835  23.108  -68.778  -10.922 0.6999999881
7836  18.047  -67.824  -10.243 0.4000000060
7862  25.239  -68.813  -13.751 0.6000000238
7874  26.423  -68.049  -14.598 0.6999999881
7875  25.837  -68.434  -14.020 0.6999999881
7876  20.755  -67.635  -14.767 0.5000000000
7886  29.752  -67.334  -15.722 0.4000000060
7890  20.423  -68.163  -15.081 0.5000000000
7912  20.208  -67.317  -16.521 0.5000000000
7921  12.155  -67.527  -16.897 0.5000000000
8529  16.552  -65.814  -4.903 0.5000000000
8539  16.828  -66.393  -5.772 0.5000000000
8540  15.497  -66.218  -6.255 0.5000000000
8567  25.790  -65.965  -8.917 0.6999999881
8590  23.543  -67.145  -9.539 0.6999999881
8623  18.749  -66.793  -11.095 0.6000000238
8629  27.232  -66.757  -13.004 0.5000000000
8630  20.599  -66.533  -13.170 0.6000000238
8637  27.695  -66.744  -14.764 0.6000000238
8654  21.409  -67.080  -15.495 0.6000000238
8655  9.950  -66.271  -14.802 0.5000000000
8664  29.819  -66.430  -15.776 0.4000000060
8665  29.231  -66.916  -15.827 0.4000000060
8667  21.284  -67.073  -16.003 0.6000000238
8668  12.938  -66.155  -16.122 0.5000000000
8669  12.095  -66.123  -15.838 0.5000000000
8677  20.962  -67.031  -16.272 0.5000000000
8680  17.149  -66.901  -16.755 0.4000000060
8684  12.528  -66.768  -16.454 0.5000000000
9250  25.766  -65.135  -7.616 0.6999999881
9269  22.230  -65.491  -7.851 0.6000000238
9272  19.778  -66.292  -8.616 0.6999999881
9299  28.060  -65.734  -10.114 0.6000000238
9312  20.572  -65.575  -11.561 0.6999999881
9336  22.590  -65.793  -14.719 0.6999999881
9338  11.062  -64.812  -13.601 0.5000000000
9347  31.384  -64.505  -15.189 0.4000000060
9348  30.858  -65.384  -15.352 0.4000000060
9349  29.361  -65.516  -15.417 0.4000000060
9352  22.583  -65.730  -15.637 0.6000000238
9353  13.593  -64.957  -15.000 0.6000000238
9356  10.511  -65.797  -14.601 0.5000000000
9363  23.006  -65.090  -15.944 0.6000000238
9366  19.994  -65.797  -16.250 0.5000000000
9368  17.863  -65.567  -15.850 0.5000000000
9369  16.850  -65.561  -15.908 0.6000000238
9372  13.465  -65.319  -15.400 0.6000000238
9376  19.626  -66.354  -16.467 0.5000000000
9378  17.487  -66.115  -16.351 0.6000000238
9380  14.958  -65.988  -16.339 0.6000000238
9964  25.785  -63.997  -6.719 0.6999999881
9965  25.049  -64.065  -6.738 0.6999999881
9975  27.041  -64.611  -7.507 0.6999999881
9995  27.777  -64.619  -7.943 0.6999999881
10015  28.432  -64.710  -9.230 0.6000000238
10018  16.784  -64.180  -9.689 0.6000000238
10020  14.845  -64.404  -9.864 0.5000000000
10036  20.990  -64.752  -10.160 0.6999999881
10037  17.887  -64.522  -11.044 0.5000000000
10038  17.326  -64.391  -10.372 0.5000000000
10041  14.576  -64.523  -10.774 0.6000000238
10049  21.578  -64.790  -11.269 0.6999999881
10052  18.441  -64.557  -11.752 0.5000000000
10056  14.385  -64.416  -11.681 0.6000000238
10063  24.114  -64.076  -13.694 0.6999999881
10065  22.312  -64.883  -12.285 0.6999999881
10067  18.040  -64.784  -12.514 0.5000000000
10068  17.166  -65.051  -12.488 0.5000000000
10069  16.395  -65.006  -12.485 0.6000000238
10071  14.127  -64.222  -12.518 0.6000000238
10075  8.236  -64.243  -12.702 0.5000000000
10082  23.825  -64.695  -15.044 0.6000000238
10084  18.542  -64.531  -13.459 0.5000000000
10088  14.570  -64.400  -13.199 0.6000000238
10089  14.012  -64.378  -13.956 0.6000000238
10091  11.418  -64.163  -13.356 0.5000000000
10092  10.604  -64.495  -13.060 0.5000000000
10098  30.572  -64.076  -15.312 0.4000000060
10101  23.536  -64.624  -15.678 0.6000000238
10102  22.316  -64.685  -16.057 0.6000000238
10104  19.801  -64.563  -15.197 0.5000000000
10109  14.166  -64.732  -14.687 0.6000000238
10115  19.832  -65.180  -15.785 0.5000000000
10118  16.293  -65.171  -15.383 0.6000000238
10119  14.897  -64.908  -15.053 0.6000000238
10698  26.855  -63.120  -6.535 0.6999999881
10700  23.909  -62.992  -6.868 0.6999999881
10716  15.779  -63.196  -7.741 0.5000000000
10745  22.524  -63.370  -8.918 0.6000000238
10746  17.128  -63.550  -9.213 0.6000000238
10747  16.271  -63.839  -8.917 0.6000000238
10749  14.150  -63.906  -9.266 0.5000000000
10764  22.275  -63.960  -10.630 0.6999999881
10779  29.157  -63.494  -11.646 0.5000000000
10781  23.599  -63.207  -11.898 0.6999999881
10792  32.959  -62.093  -12.800 0.4000000060
10795  24.193  -63.376  -13.223 0.6999999881
10797  21.439  -62.885  -13.513 0.6000000238
10815  23.071  -63.204  -15.230 0.6000000238
10820  11.809  -63.497  -13.144 0.5000000000
10823  31.655  -63.459  -14.997 0.4000000060
10824  31.044  -63.388  -15.115 0.4000000060
10826  24.178  -63.298  -15.003 0.6000000238
10827  23.540  -63.835  -15.624 0.6000000238
11433  25.878  -61.876  -5.654 0.6999999881
11436  11.193  -62.919  -5.240 0.3000000119
11445  24.514  -62.144  -6.083 0.6999999881
11449  11.397  -62.292  -5.935 0.4000000060
11461  27.952  -62.561  -7.269 0.6000000238
11466  15.502  -62.705  -7.315 0.4000000060
11480  23.183  -62.385  -8.167 0.6999999881
11499  23.280  -62.070  -9.507 0.6999999881
11502  17.515  -62.893  -8.847 0.5000000000
11505  9.539  -61.904  -9.800 0.6000000238
11514  12.719  -62.897  -10.488 0.6000000238
11516  9.191  -60.821  -10.517 0.6000000238
11525  29.239  -61.784  -12.296 0.4000000060
11528  19.483  -62.855  -11.346 0.4000000060
11530  11.750  -61.918  -11.874 0.6000000238
11531  11.116  -61.310  -12.081 0.6000000238
11544  12.131  -62.708  -12.409 0.6000000238
11547  9.434  -62.071  -12.408 0.6000000238
11549  7.317  -62.192  -12.359 0.5000000000
11554  32.043  -62.360  -14.124 0.4000000060
11555  31.024  -62.259  -14.315 0.4000000060
11557  24.501  -62.093  -14.222 0.6999999881
11558  24.510  -62.737  -13.863 0.6999999881
11561  31.520  -62.862  -14.728 0.4000000060
11564  24.058  -62.432  -14.753 0.6999999881
12144  11.710  -61.472  -4.811 0.3000000119
12156  26.884  -60.792  -5.739 0.6999999881
12172  27.144  -62.004  -6.224 0.6999999881
12175  23.539  -61.702  -7.043 0.6999999881
12180  11.347  -61.384  -6.426 0.4000000060
12196  27.871  -61.066  -6.934 0.6000000238
12197  23.336  -61.836  -7.702 0.6999999881
12200  15.182  -62.113  -6.965 0.4000000060
12201  14.494  -61.518  -7.077 0.4000000060
12202  13.767  -61.204  -7.578 0.5000000000
12203  10.827  -61.112  -7.968 0.5000000000
12217  10.469  -60.684  -8.698 0.6000000238
12226  33.405  -61.457  -8.958 0.3000000119
12228  23.239  -61.372  -9.088 0.6999999881
12230  12.903  -61.815  -8.829 0.6000000238
12232  10.080  -60.171  -9.405 0.6000000238
12243  11.971  -60.946  -10.414 0.6000000238
12252  32.616  -61.731  -11.697 0.4000000060
12254  30.196  -61.112  -12.162 0.4000000060
12263  8.950  -60.911  -11.562 0.6000000238
12265  7.579  -61.584  -11.791 0.5000000000
12273  24.034  -61.678  -12.536 0.8000000119
12274  21.880  -61.036  -13.440 0.5000000000
12277  10.408  -60.995  -12.057 0.6000000238
12278  9.615  -61.206  -12.085 0.6000000238
12280  7.849  -61.616  -12.049 0.5000000000
12286  24.414  -61.569  -14.310 0.6999999881
12287  24.215  -61.509  -14.495 0.6999999881
12288  24.054  -60.525  -14.533 0.5000000000
12913  25.478  -60.401  -5.191 0.6000000238
12920  11.630  -60.288  -5.462 0.4000000060
12939  14.548  -60.562  -6.697 0.4000000060
12941  11.251  -60.293  -6.825 0.4000000060
12942  11.082  -60.395  -7.543 0.4000000060
12959  13.411  -60.155  -7.506 0.4000000060
12976  23.170  -60.786  -8.514 0.6000000238
12978  12.375  -59.765  -8.732 0.6000000238
12990  30.680  -59.920  -10.005 0.3000000119
12991  28.581  -60.247  -9.531 0.6000000238
12994  12.035  -59.706  -9.506 0.6000000238
12995  11.358  -59.332  -9.733 0.6000000238
12996  10.375  -59.420  -9.672 0.6000000238
13007  11.690  -59.919  -10.178 0.6000000238
13009  10.288  -59.626  -10.414 0.6000000238
13011  8.875  -60.684  -11.045 0.5000000000
13018  10.700  -59.963  -10.975 0.6000000238
13020  9.389  -60.397  -11.193 0.6000000238
13022  24.511  -60.137  -13.850 0.6000000238
13031  24.460  -60.275  -14.169 0.5000000000
13665  11.124  -59.157  -0.587 0.4000000060
13671  14.625  -59.428  -1.467 0.4000000060
13673  12.416  -59.760  -0.994 0.4000000060
13676  8.936  -58.767  -1.752 0.3000000119
13692  8.211  -59.809  -2.522 0.3000000119
13738  26.486  -59.264  -5.089 0.6000000238
13739  25.524  -59.061  -4.967 0.6000000238
13740  24.348  -59.714  -5.576 0.6000000238
13761  27.923  -59.816  -6.549 0.6000000238
13762  23.763  -59.591  -6.265 0.6000000238
13765  13.416  -59.529  -6.332 0.4000000060
13767  11.618  -59.651  -6.898 0.4000000060
13784  23.420  -59.116  -7.055 0.6000000238
13788  11.545  -59.521  -7.868 0.6000000238
13804  28.434  -59.075  -8.540 0.6000000238
13808  11.893  -59.472  -8.292 0.6000000238
13809  11.305  -59.334  -8.593 0.6000000238
13810  10.994  -59.298  -8.661 0.6000000238
13821  23.037  -58.966  -9.985 0.8000000119
13825  10.998  -59.180  -9.250 0.6000000238
13831  29.300  -59.606  -10.021 0.4000000060
13835  10.826  -59.242  -9.908 0.6000000238
13840  24.334  -59.241  -13.632 0.5000000000
13849  24.338  -60.085  -14.287 0.5000000000
14515  10.732  -58.324  -0.570 0.3000000119
14523  9.985  -58.226  -0.969 0.3000000119
14538  8.395  -58.368  -2.309 0.3000000119
14583  27.820  -58.303  -5.535 0.6000000238
14585  25.382  -58.288  -5.036 0.6000000238
14597  28.221  -58.496  -6.457 0.6000000238
14599  24.305  -58.251  -5.794 0.6000000238
14659  23.701  -58.175  -12.052 0.6000000238
15434  11.134  -57.631  -0.338 0.4000000060
15459  8.419  -57.517  -2.485 0.3000000119
15503  28.091  -57.510  -5.380 0.5000000000
15504  27.494  -57.585  -4.981 0.6000000238
15505  26.732  -57.716  -4.783 0.6000000238
15506  25.202  -57.556  -5.226 0.6000000238
15507  24.617  -57.528  -5.701 0.6000000238
15517  24.109  -57.580  -6.337 0.6000000238
15518  23.664  -57.563  -7.105 0.6000000238
15533  28.484  -57.783  -8.034 0.4000000060
15534  23.393  -57.470  -8.032 0.5000000000
16392  10.927  -56.713  -0.584 0.4000000060
16430  8.548  -56.711  -2.732 0.3000000119
16448  8.827  -55.979  -3.039 0.3000000119
16449  8.277  -56.405  -3.504 0.3000000119
16465  8.127  -56.213  -4.409 0.3000000119
16482  8.057  -56.204  -5.406 0.3000000119
16491  28.799  -57.097  -6.480 0.4000000060
16497  8.097  -56.332  -6.645 0.4000000060
16510  24.161  -56.349  -7.044 0.6000000238
17339  12.407  -55.946  -0.265 0.3000000119
17365  10.302  -55.806  -1.826 0.4000000060
17389  11.973  -55.145  -1.576 0.3000000119
17403  9.374  -55.533  -3.521 0.3000000119
17418  9.967  -55.156  -4.229 0.3000000119
17455  10.124  -55.092  -8.641 0.3000000119
17456  9.849  -55.445  -8.512 0.4000000060
17457  9.202  -55.807  -8.452 0.4000000060
18285  13.888  -54.891  -0.659 0.3000000119
18319  11.770  -54.712  -2.954 0.3000000119
18329  12.274  -54.314  -3.568 0.3000000119
18359  11.929  -54.027  -5.567 0.3000000119
18369  11.523  -54.108  -7.952 0.3000000119
18383  10.789  -54.587  -8.373 0.3000000119
18396  10.449  -54.498  -8.636 0.3000000119
19226  12.421  -53.331  -5.926 0.3000000119
19227  12.169  -53.623  -6.407 0.3000000119
19265  10.286  -53.773  -8.469 0.3000000119
19281  10.134  -54.381  -8.733 0.3000000119
20157  12.667  -52.573  -6.204 0.3000000119
20169  12.600  -52.299  -7.221 0.3000000119
21091  13.276  -51.248  -3.975 0.3000000119
21113  13.041  -50.940  -6.294 0.3000000119
21124  11.975  -51.306  -7.438 0.3000000119
21142  11.874  -52.044  -7.638 0.3000000119
22087  12.570  -50.284  -7.102 0.3000000119
22088  11.536  -50.988  -7.017 0.3000000119
22103  12.558  -51.007  -7.338 0.3000000119
105196  23.179  -58.893  -8.039 0.6000000238
105745  28.681  -61.429  -10.407 0.5000000000
106416  28.634  -68.604  -10.339 0.4000000060
106604  23.840  -64.548  -14.186 0.6000000238
106682  28.068  -68.474  -8.742 0.6000000238
107240  24.955  -68.641  -13.373 0.6999999881
107242  23.041  -59.599  -9.267 0.6999999881
107582  30.637  -73.011  -8.065 0.4000000060
107833  11.475  -59.964  -6.246 0.4000000060
108039  23.398  -62.140  -10.519 0.6999999881
108065  23.946  -60.848  -12.374 0.8000000119
108579  23.784  -64.320  -7.195 0.6000000238
108605  23.804  -67.488  -4.550 0.6000000238
109033  23.125  -60.182  -7.989 0.6000000238
109438  28.593  -63.872  -9.120 0.6000000238
109682  9.684  -54.113  -8.521 0.3000000119
110285  16.900  -68.610  -9.029 0.5000000000
110367  23.028  -58.770  -9.006 0.6000000238
110913  29.444  -68.955  -11.606 0.4000000060
111420  12.092  -54.165  -4.527 0.3000000119
111455  13.092  -50.609  -5.021 0.3000000119
112052  26.511  -68.316  -8.086 0.6999999881
112225  13.229  -59.436  -5.530 0.4000000060
112249  13.173  -64.170  -13.812 0.6000000238
112405  30.306  -76.274  -3.466 0.4000000060
112689  19.356  -64.242  -13.226 0.5000000000
112922  16.257  -66.565  -6.373 0.4000000060
113592  24.822  -58.113  -5.362 0.6000000238
113683  28.979  -68.450  -15.521 0.5000000000
113896  19.525  -68.909  -8.233 0.6999999881
114052  12.363  -63.304  -12.945 0.6000000238
115107  30.239  -65.628  -15.660 0.4000000060
115296  20.584  -64.991  -15.832 0.5000000000
116325  11.886  -55.641  -0.776 0.3000000119
116764  9.747  -59.145  -1.262 0.3000000119
116877  17.619  -68.552  -8.722 0.5000000000
117955  11.245  -66.345  -15.827 0.5000000000
118258  31.022  -66.932  -13.814 0.3000000119
118323  10.881  -54.703  -6.384 0.3000000119
119661  7.837  -56.425  -8.612 0.3000000119
119770  15.094  -66.694  -7.404 0.5000000000
119866  24.964  -62.651  -6.007 0.6999999881
120326  12.750  -63.038  -11.291 0.6000000238
120514  12.421  -52.229  -7.496 0.3000000119
120642  17.913  -68.731  -7.981 0.5000000000
120890  15.516  -65.155  -15.396 0.6000000238
121013  31.752  -64.389  -14.849 0.4000000060
121224  14.036  -67.225  -9.390 0.6000000238
121580  29.712  -72.583  -13.259 0.4000000060
121659  33.629  -62.157  -8.807 0.3000000119
121679  10.872  -53.437  -8.374 0.3000000119
121773  12.210  -65.532  -15.266 0.5000000000
121886  28.540  -71.319  -9.186 0.4000000060
121916  11.350  -61.037  -11.658 0.6000000238
122431  13.053  -59.703  -1.523 0.4000000060
122444  15.734  -67.609  -8.071 0.5000000000
122455  15.399  -68.163  -9.496 0.5000000000
122877  13.794  -63.997  -12.015 0.6000000238
123065  29.317  -63.557  -12.485 0.4000000060
123219  31.387  -72.557  -12.771 0.4000000060
123661  14.626  -67.391  -17.089 0.5000000000
123696  22.238  -64.393  -7.858 0.6000000238
124562  23.723  -59.023  -6.409 0.6000000238
125134  11.861  -54.876  -2.319 0.3000000119
125168  27.318  -65.489  -8.736 0.6999999881
126256  22.700  -65.042  -13.130 0.6999999881
126334  27.156  -68.837  -11.723 0.5000000000
126608  9.632  -55.764  -2.586 0.4000000060
126743  12.873  -59.439  -6.031 0.4000000060
126784  27.068  -57.255  -4.738 0.5000000000
126981  28.421  -63.649  -8.492 0.6000000238
127038  10.968  -62.677  -12.578 0.6000000238
127198  8.267  -61.371  -11.761 0.5000000000
