#!ascii label  , from subject sub-v2s16x51274_ses-1 vox2ras=TkReg
1689
4088  20.520  -73.541  -6.393 0.6999999881
4106  19.423  -73.731  -7.135 0.8000000119
4107  18.710  -73.455  -7.341 0.8000000119
117602  18.494  -73.496  -8.015 0.6999999881
3561  21.633  -74.125  -7.674 0.6000000238
3562  20.702  -74.237  -7.695 0.6000000238
3564  19.098  -73.839  -7.849 0.6000000238
3560  22.591  -74.140  -7.792 0.6000000238
4637  18.510  -72.821  -6.194 0.8000000119
4108  17.951  -73.134  -7.761 0.6999999881
4639  17.095  -72.435  -6.980 0.6999999881
4660  16.269  -72.565  -8.287 0.6999999881
3543  21.097  -73.839  -6.992 0.6000000238
4089  19.709  -73.510  -6.469 0.6999999881
4120  17.471  -73.132  -8.442 0.6999999881
3541  23.087  -73.916  -7.097 0.6000000238
3540  23.741  -74.717  -7.096 0.6000000238
3559  23.386  -74.462  -7.908 0.6000000238
117065  24.810  -75.984  -8.671 0.6000000238
3043  24.407  -75.390  -9.208 0.6000000238
4617  18.028  -72.215  -5.811 0.8000000119
5132  16.740  -71.283  -5.647 0.8000000119
115199  16.317  -71.546  -6.382 0.6999999881
5142  14.826  -70.896  -6.961 0.6999999881
5150  14.621  -71.226  -7.676 0.6999999881
4616  18.765  -72.547  -5.505 0.8000000119
5140  16.573  -72.033  -6.822 0.6999999881
5162  15.238  -71.784  -7.844 0.6999999881
4069  19.237  -73.082  -5.973 0.6999999881
4638  17.791  -72.536  -6.526 0.8000000119
4649  16.435  -72.328  -7.497 0.6999999881
4068  20.022  -73.215  -5.865 0.6999999881
3542  22.181  -73.717  -7.030 0.6999999881
3527  23.449  -74.263  -6.092 0.6000000238
4086  22.735  -73.434  -6.371 0.6000000238
3026  24.899  -76.050  -7.948 0.6000000238
3027  24.195  -75.192  -8.076 0.6000000238
2541  25.877  -76.676  -8.672 0.6000000238
2062  26.887  -78.023  -8.709 0.6999999881
2083  26.585  -77.782  -9.353 0.6000000238
1577  26.070  -78.681  -8.091 0.5000000000
1590  25.619  -78.594  -8.629 0.6000000238
2045  24.238  -78.305  -7.819 0.5000000000
5702  16.332  -70.636  -5.181 0.8999999762
5133  15.952  -70.945  -5.916 0.8000000119
5712  14.350  -70.238  -6.608 0.6999999881
5130  18.293  -71.958  -5.050 0.6999999881
5131  17.534  -71.614  -5.364 0.8999999762
5725  14.072  -70.563  -7.383 0.6999999881
4593  19.949  -72.279  -4.769 0.8000000119
4594  19.083  -72.180  -4.869 0.8000000119
4614  20.532  -72.753  -5.313 0.8000000119
4051  22.163  -72.524  -5.165 0.6999999881
110379  20.771  -73.199  -5.876 0.6999999881
108867  22.424  -72.957  -5.758 0.8000000119
4066  23.159  -73.430  -5.599 0.8000000119
2989  23.933  -74.910  -5.339 0.6999999881
2556  26.734  -77.531  -8.838 0.6999999881
1576  26.778  -78.333  -8.241 0.6999999881
5689  17.463  -70.572  -4.174 0.8999999762
5703  15.546  -70.298  -5.499 0.8000000119
124949  13.070  -69.643  -6.411 0.6999999881
5113  18.658  -71.502  -4.437 0.8000000119
108831  17.873  -71.253  -4.648 0.8000000119
5112  19.504  -71.661  -4.314 0.6999999881
4591  22.754  -72.374  -4.555 0.6999999881
4592  21.790  -72.038  -4.573 0.6000000238
4067  21.456  -72.868  -5.596 0.8000000119
4050  22.986  -72.865  -5.112 0.8000000119
3515  23.615  -74.250  -5.038 0.8000000119
3012  24.154  -75.208  -6.163 0.6999999881
3011  24.994  -75.990  -6.254 0.8000000119
110745  24.532  -75.652  -7.119 0.6999999881
2512  26.174  -76.455  -6.526 0.8000000119
2029  27.483  -77.971  -7.149 0.6999999881
2539  27.167  -77.721  -7.960 0.6999999881
2526  25.667  -76.469  -7.394 0.6999999881
2044  27.140  -78.134  -7.794 0.6999999881
5242  10.895  -72.148  -17.277 0.6000000238
119746  11.762  -71.721  -17.397 0.6000000238
126160  10.068  -70.736  -18.408 0.6000000238
7216  9.520  -69.189  -17.448 0.6999999881
5691  15.939  -69.925  -4.752 0.8999999762
5704  14.727  -69.930  -5.831 0.6999999881
5092  20.873  -71.245  -3.790 0.6000000238
4576  22.586  -71.763  -3.981 0.6000000238
4577  21.682  -71.480  -3.898 0.6000000238
4575  23.351  -72.414  -3.961 0.6999999881
4573  24.594  -73.197  -3.727 0.6999999881
4034  23.896  -73.179  -3.877 0.6999999881
8557  11.511  -66.666  -7.021 0.6999999881
7791  10.293  -67.628  -7.218 0.6999999881
4049  23.877  -73.934  -4.279 0.8000000119
106305  23.416  -73.521  -4.829 0.8000000119
8578  11.652  -66.579  -7.988 0.6000000238
7807  11.087  -66.882  -8.566 0.6000000238
7075  10.024  -67.957  -8.894 0.6999999881
108008  10.491  -67.526  -9.691 0.5000000000
119542  10.015  -68.077  -9.769 0.6999999881
3000  25.565  -75.900  -5.554 0.8000000119
3001  24.612  -75.455  -5.319 0.8000000119
112834  11.844  -66.579  -8.902 0.5000000000
7840  11.699  -66.963  -10.467 0.5000000000
2524  27.293  -77.243  -6.691 0.6999999881
105925  12.143  -67.162  -11.199 0.5000000000
7865  13.212  -67.807  -12.379 0.6000000238
7866  12.351  -67.621  -12.590 0.5000000000
7133  11.464  -67.777  -12.765 0.6000000238
7156  10.977  -68.379  -13.318 0.6999999881
5793  10.565  -70.432  -15.020 0.6999999881
7154  12.659  -68.220  -13.775 0.5000000000
7176  11.398  -68.667  -14.087 0.6000000238
6437  10.973  -69.535  -14.620 0.6000000238
5803  11.867  -71.353  -16.408 0.6000000238
114387  13.619  -68.133  -12.869 0.6000000238
6436  11.820  -69.321  -14.859 0.6000000238
5802  12.758  -70.976  -16.292 0.6000000238
7173  14.090  -68.853  -14.399 0.5000000000
6435  12.709  -69.332  -14.954 0.5000000000
5241  12.600  -71.461  -17.328 0.6000000238
5820  11.344  -71.231  -18.339 0.6000000238
7215  10.633  -69.475  -17.734 0.6999999881
7923  9.571  -67.708  -16.435 0.6000000238
7186  7.810  -68.159  -15.763 0.6999999881
6446  13.242  -70.200  -15.677 0.6000000238
5801  13.691  -70.833  -16.647 0.6000000238
114463  12.535  -70.910  -18.311 0.6000000238
7214  11.629  -69.273  -17.740 0.6999999881
7922  10.403  -67.578  -16.629 0.5000000000
6310  15.160  -69.556  -5.113 0.8999999762
5093  19.986  -71.124  -3.741 0.6000000238
5094  19.091  -70.982  -3.806 0.6999999881
6296  13.729  -68.779  -4.625 0.8000000119
6330  12.315  -69.693  -6.086 0.6999999881
7009  12.362  -68.890  -4.926 0.6999999881
114649  13.455  -67.922  -4.153 0.8000000119
110961  23.368  -71.764  -3.711 0.6999999881
8533  12.107  -66.643  -5.578 0.8000000119
7768  10.922  -67.677  -5.812 0.6000000238
110241  12.788  -66.137  -5.865 0.6999999881
8555  13.380  -66.246  -7.283 0.6000000238
2987  25.237  -75.366  -4.707 0.8000000119
124597  24.874  -74.717  -4.262 0.8000000119
8593  12.725  -66.578  -8.999 0.5000000000
2500  26.140  -75.826  -5.129 0.8000000119
7839  12.602  -67.038  -10.500 0.5000000000
7837  14.133  -67.638  -9.976 0.5000000000
7094  13.637  -67.804  -11.486 0.6000000238
7838  13.484  -67.457  -10.592 0.6000000238
7115  14.054  -68.207  -12.241 0.6000000238
7152  14.638  -68.554  -13.696 0.6000000238
8656  9.322  -66.671  -14.370 0.5000000000
6434  13.640  -69.452  -15.049 0.5000000000
7902  9.974  -66.980  -16.055 0.5000000000
7904  8.355  -67.745  -15.251 0.6000000238
6445  14.165  -70.254  -15.919 0.6000000238
5818  13.707  -70.702  -17.690 0.6999999881
117743  12.877  -69.548  -17.853 0.6999999881
7937  10.940  -68.369  -17.201 0.6999999881
107940  15.309  -69.506  -15.253 0.6000000238
7936  11.815  -68.311  -17.326 0.6000000238
113847  15.709  -70.145  -16.832 0.6999999881
7211  14.348  -69.293  -17.677 0.6000000238
7934  13.669  -68.357  -17.449 0.5000000000
5676  17.824  -70.138  -3.438 0.6999999881
5677  17.086  -69.862  -3.713 0.6999999881
6293  16.314  -69.433  -3.942 0.6999999881
6985  15.123  -68.491  -3.876 0.8000000119
6969  14.816  -67.698  -3.546 0.6999999881
8517  13.511  -66.248  -4.495 0.6999999881
7745  13.354  -67.024  -4.087 0.6999999881
9324  8.838  -65.048  -12.747 0.5000000000
7113  15.937  -68.593  -11.330 0.5000000000
115187  15.554  -68.580  -12.101 0.6000000238
8642  8.955  -66.410  -13.546 0.5000000000
7131  16.140  -68.660  -12.756 0.5000000000
7111  17.414  -68.540  -11.766 0.5000000000
7132  15.176  -68.548  -12.896 0.6000000238
7172  15.008  -68.959  -14.490 0.6000000238
117262  11.274  -67.537  -16.771 0.5000000000
7130  17.086  -68.702  -12.611 0.5000000000
7150  16.704  -68.726  -13.457 0.6000000238
6432  15.849  -69.045  -14.740 0.6000000238
6419  17.191  -68.845  -14.248 0.6000000238
6281  17.474  -69.338  -3.078 0.6999999881
6282  16.833  -69.168  -3.351 0.6999999881
6968  15.628  -67.983  -3.256 0.6999999881
6460  16.658  -69.264  -17.372 0.5000000000
7128  18.599  -68.378  -12.974 0.5000000000
7933  14.488  -68.228  -17.452 0.5000000000
7171  18.074  -68.838  -14.333 0.5000000000
6441  17.561  -69.429  -16.374 0.5000000000
122639  16.542  -69.778  -16.626 0.5000000000
6461  15.781  -69.559  -17.417 0.5000000000
7209  17.392  -68.727  -17.373 0.5000000000
8681  16.232  -66.860  -16.841 0.5000000000
7901  20.224  -68.340  -15.748 0.5000000000
7914  18.780  -68.166  -17.037 0.5000000000
7932  15.926  -68.746  -17.532 0.5000000000
7169  19.780  -68.510  -14.790 0.5000000000
7185  18.907  -68.999  -16.644 0.5000000000
116316  17.989  -69.085  -17.203 0.5000000000
113168  19.177  -68.425  -13.770 0.5000000000
7170  18.635  -68.978  -15.280 0.5000000000
118300  19.563  -67.963  -16.708 0.5000000000
112018  6.501  -62.722  -12.764 0.6000000238
10076  6.498  -63.574  -13.270 0.6000000238
125939  7.919  -62.743  -12.534 0.5000000000
11532  5.727  -61.750  -11.996 0.6999999881
115696  5.568  -62.525  -12.852 0.6000000238
10077  4.141  -63.462  -13.504 0.6000000238
10057  3.614  -63.701  -11.790 0.6999999881
115677  5.932  -62.074  -11.419 0.6000000238
11533  4.974  -61.961  -11.830 0.6999999881
10808  3.839  -62.992  -12.539 0.6999999881
10078  3.744  -63.911  -12.984 0.6999999881
109096  3.738  -64.561  -10.150 0.8000000119
11518  7.431  -62.010  -10.851 0.5000000000
12246  7.454  -61.631  -11.431 0.5000000000
10788  3.796  -62.882  -11.531 0.8000000119
10771  4.970  -63.318  -10.437 0.6000000238
9288  3.826  -64.977  -8.428 0.6999999881
11517  8.634  -62.206  -10.366 0.5000000000
12245  8.219  -61.310  -10.975 0.5000000000
109414  4.190  -64.587  -9.066 0.6999999881
124367  3.880  -65.269  -9.475 0.6999999881
10756  4.370  -63.849  -9.849 0.6999999881
10754  6.728  -63.830  -9.887 0.6999999881
124895  3.678  -65.541  -8.071 0.6999999881
9273  4.122  -64.929  -8.064 0.6999999881
10753  7.715  -63.720  -9.853 0.6000000238
10755  5.592  -63.801  -9.852 0.8000000119
12163  4.198  -61.306  -5.953 0.6999999881
12130  4.048  -61.750  -4.076 0.8000000119
11469  10.769  -62.219  -7.591 0.4000000060
9241  3.307  -65.563  -6.552 0.6999999881
11470  10.201  -63.103  -8.027 0.5000000000
9254  3.969  -65.259  -7.165 0.6999999881
10737  8.913  -63.667  -9.196 0.6000000238
111176  8.032  -64.368  -8.636 0.6000000238
10024  5.259  -64.322  -9.157 0.6999999881
10022  7.292  -64.321  -9.149 0.8000000119
10002  6.305  -64.592  -8.505 0.8000000119
22041  5.149  -50.524  -2.951 0.5000000000
21077  5.110  -51.274  -3.330 0.5000000000
20121  5.169  -52.034  -3.501 0.5000000000
115531  5.515  -57.926  -7.886 0.5000000000
13792  5.770  -59.414  -7.921 0.6000000238
14618  5.629  -58.726  -8.062 0.6000000238
15521  5.409  -57.333  -7.238 0.6000000238
17421  5.469  -55.649  -4.936 0.6000000238
12964  5.368  -60.141  -7.375 0.6999999881
13770  5.454  -59.523  -7.546 0.6999999881
12945  4.723  -60.738  -6.868 0.6999999881
116526  4.217  -60.780  -6.614 0.6999999881
9230  4.430  -65.372  -5.498 0.6999999881
9938  4.139  -65.150  -3.900 0.6999999881
10665  4.412  -63.768  -3.325 0.8000000119
10718  9.997  -63.768  -7.195 0.5000000000
9240  3.983  -65.384  -6.290 0.6999999881
9999  9.537  -63.920  -7.936 0.6000000238
9970  4.809  -64.965  -7.399 0.8000000119
10001  7.415  -64.597  -8.201 0.6999999881
9969  5.705  -65.185  -6.748 0.8000000119
10003  4.978  -64.645  -8.292 0.8000000119
22975  5.468  -49.689  -2.584 0.5000000000
121912  5.328  -50.272  -3.198 0.6000000238
22986  5.841  -49.622  -3.180 0.5000000000
22053  5.204  -50.942  -3.529 0.6000000238
21095  5.203  -51.542  -3.748 0.6000000238
19205  5.282  -52.908  -3.680 0.6000000238
20151  5.288  -52.303  -4.174 0.6000000238
19219  5.341  -53.036  -4.416 0.5000000000
16536  5.835  -57.371  -8.340 0.5000000000
16515  5.527  -57.126  -7.928 0.5000000000
13791  6.097  -59.428  -8.058 0.6000000238
16499  5.401  -56.369  -7.048 0.6000000238
16484  5.414  -56.665  -6.256 0.6999999881
18349  5.478  -54.865  -4.430 0.6000000238
12963  5.817  -60.072  -7.656 0.6000000238
12944  5.537  -60.685  -7.208 0.6999999881
13751  5.107  -59.454  -6.791 0.6999999881
14603  5.432  -58.553  -7.177 0.6999999881
106452  5.444  -57.737  -6.026 0.8000000119
119518  5.450  -56.250  -5.408 0.6999999881
12182  5.922  -61.068  -6.764 0.6999999881
12162  5.112  -61.472  -5.943 0.6999999881
12161  5.924  -61.369  -6.055 0.6999999881
12147  4.692  -61.626  -4.755 0.8000000119
11403  4.924  -62.890  -3.360 0.8000000119
11424  4.617  -62.021  -3.744 0.8000000119
9980  9.354  -64.247  -7.182 0.5000000000
9955  7.921  -64.789  -4.794 0.6000000238
9210  4.892  -65.223  -4.408 0.8000000119
9919  4.842  -64.666  -3.609 0.8000000119
107948  8.283  -64.477  -7.926 0.6000000238
9967  8.215  -64.790  -6.337 0.6999999881
9229  5.444  -65.320  -5.429 0.8000000119
9982  7.663  -64.764  -7.209 0.6999999881
9228  6.184  -65.315  -6.005 0.6999999881
107037  6.832  -64.816  -7.673 0.8000000119
23892  5.820  -48.631  -2.290 0.4000000060
23908  5.827  -49.164  -2.687 0.5000000000
22061  5.799  -50.751  -3.948 0.4000000060
22062  5.445  -51.101  -3.914 0.5000000000
20162  5.499  -52.778  -4.729 0.5000000000
15554  6.231  -57.920  -8.374 0.5000000000
17460  5.643  -56.189  -7.565 0.6000000238
17446  5.554  -55.481  -6.590 0.6000000238
18350  5.451  -54.121  -4.920 0.6000000238
13790  6.519  -59.569  -7.460 0.6000000238
115802  5.404  -55.708  -6.024 0.6999999881
17422  5.442  -55.218  -5.212 0.6999999881
12943  6.208  -60.623  -7.031 0.6000000238
11423  5.322  -62.060  -3.803 0.8000000119
9935  7.531  -64.591  -4.057 0.6999999881
9957  6.377  -65.223  -5.055 0.6999999881
9937  5.615  -64.889  -3.875 0.8000000119
9918  6.033  -64.455  -3.596 0.8000000119
112678  7.762  -64.973  -5.560 0.6999999881
23876  6.626  -48.473  -2.131 0.4000000060
23877  6.184  -47.698  -1.778 0.4000000060
25769  5.988  -46.978  -1.296 0.4000000060
22050  6.609  -50.390  -3.476 0.5000000000
22973  6.246  -49.083  -2.678 0.4000000060
25757  5.538  -46.445  -0.534 0.5000000000
21105  5.483  -51.923  -4.351 0.5000000000
116122  6.190  -53.840  -6.120 0.5000000000
19233  5.581  -53.716  -5.256 0.5000000000
19231  6.673  -53.461  -5.855 0.5000000000
18361  5.558  -54.522  -5.573 0.6999999881
12922  6.355  -61.033  -6.141 0.6000000238
113884  5.749  -62.974  -3.397 0.8000000119
9916  8.250  -64.189  -3.756 0.6000000238
123577  7.555  -64.133  -3.602 0.6000000238
11401  7.331  -62.486  -3.441 0.6999999881
12145  6.455  -61.846  -3.890 0.6999999881
9917  6.846  -64.322  -3.615 0.6999999881
26726  5.322  -45.436  0.532 0.3000000119
106109  7.246  -49.749  -2.400 0.4000000060
22959  7.242  -49.052  -1.960 0.3000000119
24809  6.765  -47.856  -1.486 0.4000000060
24797  6.405  -47.171  -1.189 0.4000000060
25756  6.113  -46.597  -0.702 0.4000000060
26744  5.851  -46.184  -0.173 0.5000000000
21094  6.343  -50.877  -3.948 0.4000000060
26725  5.858  -45.778  0.476 0.3000000119
21104  6.062  -51.539  -4.475 0.4000000060
19249  6.879  -54.032  -6.658 0.5000000000
114852  6.277  -52.332  -4.920 0.4000000060
19268  7.000  -54.532  -7.346 0.6000000238
21103  6.865  -51.806  -4.122 0.4000000060
19248  7.537  -53.668  -6.527 0.4000000060
20159  6.866  -52.901  -5.264 0.5000000000
12146  5.772  -61.670  -4.786 0.6999999881
11402  6.505  -62.811  -3.488 0.6999999881
26745  5.388  -45.864  0.056 0.4000000060
25742  6.288  -46.351  0.072 0.4000000060
26701  6.164  -45.547  1.270 0.3000000119
22040  7.220  -50.444  -2.912 0.3000000119
107284  7.401  -52.685  -4.168 0.4000000060
107066  8.167  -53.443  -6.238 0.4000000060
19230  7.583  -53.343  -5.659 0.4000000060
23867  7.328  -48.282  -0.839 0.3000000119
24796  6.980  -47.557  -0.676 0.3000000119
25755  6.614  -46.934  -0.342 0.4000000060
25741  6.869  -46.785  0.601 0.3000000119
25722  6.529  -46.153  0.944 0.3000000119
22958  7.866  -50.047  -1.313 0.3000000119
20119  7.766  -52.187  -2.794 0.3000000119
19228  8.611  -53.341  -4.083 0.3000000119
20138  8.024  -53.163  -3.674 0.3000000119
19229  8.568  -53.335  -5.294 0.3000000119
24780  7.201  -47.417  0.280 0.3000000119
25721  7.309  -46.527  1.428 0.3000000119
23852  7.549  -48.117  0.094 0.3000000119
24762  7.582  -47.226  1.088 0.3000000119
20118  8.249  -52.994  -2.743 0.3000000119
19188  8.626  -53.308  -3.252 0.3000000119
20148  9.433  -53.283  -4.591 0.3000000119
26684  5.778  -45.083  1.608 0.3000000119
23866  7.887  -48.933  -0.054 0.3000000119
23851  8.328  -48.496  0.764 0.3000000119
20101  9.626  -52.998  -2.018 0.3000000119
7116  10.533  -67.772  -11.123 0.6000000238
7134  10.694  -68.188  -12.522 0.6999999881
6409  10.348  -68.865  -12.990 0.6999999881
6422  10.046  -69.623  -13.367 0.6999999881
20161  5.753  -52.531  -4.953 0.4000000060
19250  5.949  -53.829  -6.048 0.6000000238
26700  6.919  -45.870  1.753 0.3000000119
3581  20.356  -74.476  -8.648 0.6999999881
4650  15.831  -72.180  -7.879 0.6999999881
4087  21.572  -73.329  -6.302 0.8000000119
2557  26.247  -77.238  -9.804 0.6000000238
2540  26.690  -77.072  -8.109 0.6999999881
112622  20.833  -72.196  -4.716 0.6000000238
117520  12.887  -69.327  -5.586 0.6999999881
2988  24.285  -74.810  -4.617 0.8000000119
2525  26.919  -77.076  -7.398 0.6999999881
114235  26.717  -76.368  -5.867 0.8000000119
7197  10.004  -68.363  -17.074 0.6999999881
7855  11.784  -67.403  -11.940 0.5000000000
119161  11.587  -70.358  -15.485 0.6000000238
7905  7.418  -67.842  -14.981 0.6000000238
5812  14.292  -70.456  -17.459 0.6999999881
6988  12.009  -68.052  -4.764 0.8000000119
8575  14.009  -66.575  -8.063 0.5000000000
7823  13.259  -66.978  -9.758 0.6000000238
7151  15.697  -68.665  -13.751 0.6000000238
9239  4.819  -65.282  -6.408 0.8000000119
825  22.573  -81.191  -3.740 0.4000000060
816  21.939  -81.434  -3.270 0.4000000060
1543  22.569  -79.089  -4.775 0.3000000119
838  22.317  -80.843  -4.665 0.4000000060
561  21.320  -81.892  -4.595 0.4000000060
554  21.209  -81.782  -3.878 0.4000000060
1978  25.391  -77.898  -2.424 0.4000000060
1980  24.211  -78.426  -2.944 0.5000000000
2001  23.981  -77.685  -3.892 0.3000000119
1522  23.631  -78.601  -3.556 0.4000000060
1505  23.340  -80.202  -3.282 0.4000000060
1140  22.853  -80.332  -4.130 0.3000000119
2002  23.365  -77.885  -4.486 0.3000000119
2000  24.807  -77.697  -3.330 0.4000000060
115778  25.879  -77.870  -3.466 0.4000000060
1999  25.967  -78.117  -4.481 0.3000000119
2019  23.235  -77.599  -5.359 0.4000000060
2018  23.958  -77.537  -4.847 0.3000000119
2030  24.413  -78.207  -6.943 0.4000000060
2031  23.307  -77.567  -6.248 0.4000000060
112965  23.375  -77.685  -7.181 0.4000000060
1976  27.600  -78.319  -3.520 0.4000000060
1998  26.981  -78.393  -4.407 0.4000000060
2483  28.270  -77.365  -3.763 0.5000000000
1520  27.201  -78.444  -5.504 0.4000000060
110103  24.106  -77.638  -5.788 0.4000000060
1542  25.198  -78.359  -6.233 0.5000000000
1540  26.943  -78.632  -6.049 0.4000000060
1563  25.653  -78.689  -7.245 0.4000000060
1612  25.862  -78.279  -9.507 0.6000000238
2063  24.716  -78.438  -8.779 0.4000000060
2966  28.681  -76.243  -3.728 0.6000000238
2967  28.115  -76.327  -4.236 0.6000000238
123061  27.496  -78.183  -5.728 0.6000000238
2498  27.776  -76.914  -4.601 0.6000000238
2510  27.639  -77.625  -5.406 0.6000000238
1561  27.230  -78.365  -6.890 0.5000000000
1560  27.496  -78.138  -6.690 0.6000000238
2511  27.425  -77.132  -5.905 0.6999999881
3511  28.450  -74.683  -4.414 0.6999999881
118340  27.552  -74.863  -4.538 0.6999999881
2984  28.220  -75.512  -4.320 0.6000000238
2985  27.457  -75.685  -4.723 0.6999999881
3512  26.556  -74.841  -4.519 0.6999999881
3513  25.565  -74.755  -4.346 0.6999999881
3514  24.434  -74.306  -4.137 0.6999999881
2499  27.232  -76.268  -5.251 0.6999999881
2986  26.286  -75.428  -4.735 0.6999999881
4065  28.104  -72.999  -5.228 0.5000000000
4046  27.400  -73.385  -4.747 0.6000000238
4047  26.709  -73.256  -4.478 0.6000000238
4048  25.959  -73.927  -4.234 0.6999999881
106841  26.083  -73.011  -4.179 0.6999999881
114472  25.390  -73.184  -3.865 0.6999999881
4612  26.855  -71.974  -5.146 0.6000000238
4589  25.772  -72.237  -3.976 0.6000000238
5671  22.474  -70.580  -3.191 0.5000000000
4674  16.098  -72.730  -9.156 0.6000000238
4121  16.835  -72.988  -8.751 0.6000000238
120077  24.994  -72.521  -3.656 0.6000000238
5088  25.050  -71.679  -3.635 0.6000000238
5089  24.442  -71.263  -3.505 0.5000000000
5091  22.950  -71.174  -3.498 0.5000000000
5164  13.617  -71.111  -8.901 0.6000000238
5163  14.508  -71.633  -8.514 0.6000000238
4662  14.746  -72.128  -9.176 0.6000000238
5129  26.345  -71.643  -4.540 0.6000000238
4574  24.152  -72.198  -3.598 0.5000000000
5152  11.382  -70.933  -8.145 0.6000000238
5727  12.230  -70.202  -7.604 0.6000000238
5737  12.501  -70.454  -8.403 0.6000000238
5165  12.780  -70.746  -9.100 0.6000000238
5736  13.191  -70.658  -8.498 0.6000000238
121291  12.697  -69.903  -6.985 0.6000000238
5726  13.163  -70.291  -7.774 0.6000000238
6279  19.107  -69.661  -2.755 0.6000000238
5110  25.732  -71.183  -4.042 0.6000000238
5153  10.632  -71.186  -7.305 0.6000000238
116972  9.702  -69.566  -6.321 0.6000000238
5714  11.856  -70.050  -6.646 0.6000000238
7026  9.953  -68.797  -6.155 0.6000000238
6331  11.443  -69.750  -5.820 0.6000000238
7781  10.290  -68.002  -6.280 0.5000000000
6313  11.952  -69.317  -5.391 0.6000000238
7010  11.279  -68.254  -5.271 0.5000000000
5167  10.788  -71.507  -8.268 0.6999999881
5154  9.889  -71.796  -7.529 0.6000000238
5716  10.137  -70.310  -6.321 0.6000000238
123442  9.488  -68.961  -6.611 0.6000000238
7053  9.787  -68.094  -7.774 0.6000000238
111851  7.445  -71.370  -10.760 0.6000000238
5143  9.757  -71.039  -6.772 0.6000000238
5717  9.325  -70.293  -6.619 0.6000000238
7054  9.248  -68.717  -8.328 0.5000000000
5730  7.967  -70.520  -7.714 0.6000000238
5753  8.209  -70.242  -9.937 0.6000000238
5188  7.766  -70.789  -10.258 0.6000000238
119705  7.760  -71.447  -11.453 0.6000000238
119127  8.245  -70.884  -7.280 0.6000000238
7076  9.505  -68.575  -9.425 0.6000000238
5745  8.409  -69.679  -8.798 0.6000000238
6370  8.919  -69.163  -9.094 0.5000000000
6382  8.854  -69.908  -10.550 0.6000000238
5762  8.694  -70.492  -11.396 0.5000000000
5205  8.428  -71.522  -12.652 0.5000000000
7117  10.000  -68.539  -11.256 0.6000000238
112694  9.640  -69.337  -11.703 0.6000000238
5771  9.299  -70.175  -12.122 0.6000000238
5204  9.164  -70.887  -12.950 0.6000000238
5223  8.692  -71.835  -14.147 0.6999999881
106224  8.007  -72.190  -14.228 0.6999999881
4734  8.243  -72.497  -16.126 0.6999999881
4747  7.853  -72.599  -16.856 0.6999999881
109554  9.606  -70.122  -12.897 0.6000000238
5783  9.685  -70.407  -13.650 0.6999999881
5232  9.629  -72.101  -15.752 0.6999999881
4723  8.684  -72.182  -15.215 0.6999999881
4733  9.085  -72.487  -16.368 0.6999999881
4758  8.777  -72.448  -17.761 0.6000000238
5804  10.992  -71.203  -15.791 0.6000000238
121381  22.734  -69.939  -2.873 0.5000000000
5672  21.555  -70.732  -3.304 0.5000000000
6952  22.300  -68.432  -2.575 0.5000000000
5655  22.006  -69.979  -2.788 0.5000000000
6267  20.761  -69.119  -2.436 0.6000000238
7740  22.829  -67.334  -4.214 0.6000000238
122738  22.581  -67.481  -3.109 0.6000000238
6953  21.350  -68.174  -2.481 0.6000000238
6268  19.765  -69.010  -2.454 0.6000000238
6269  18.800  -68.863  -2.522 0.6000000238
7741  21.304  -66.804  -3.853 0.5000000000
8479  20.589  -66.851  -2.724 0.6000000238
6270  17.959  -68.632  -2.618 0.6000000238
8513  19.275  -66.273  -3.847 0.6000000238
8482  18.065  -66.318  -2.865 0.5000000000
7713  17.695  -66.776  -2.571 0.6000000238
6967  16.347  -67.840  -2.895 0.6000000238
8528  18.042  -66.089  -4.410 0.5000000000
8499  16.487  -66.198  -3.026 0.6000000238
121141  13.655  -65.956  -6.278 0.5000000000
8530  15.142  -65.773  -5.507 0.5000000000
7727  14.017  -66.479  -3.878 0.6000000238
9195  15.891  -65.780  -3.611 0.6000000238
1562  26.682  -78.557  -7.538 0.6000000238
5673  20.553  -70.557  -3.223 0.5000000000
6396  9.464  -69.238  -10.870 0.6000000238
5222  9.375  -71.624  -14.789 0.6999999881
5674  19.601  -70.339  -3.152 0.6000000238
7725  15.275  -67.171  -3.226 0.6000000238
9208  14.177  -65.768  -4.708 0.6000000238
1151  22.361  -79.948  -4.889 0.3000000119
1523  23.056  -78.834  -4.227 0.3000000119
2017  24.754  -77.629  -4.476 0.4000000060
121353  24.728  -77.742  -5.332 0.4000000060
111674  28.065  -78.245  -3.537 0.4000000060
1521  26.731  -78.538  -5.297 0.3000000119
1997  27.528  -78.089  -4.604 0.5000000000
1541  25.940  -78.485  -5.531 0.5000000000
1539  27.377  -78.306  -6.252 0.5000000000
117819  26.395  -78.701  -6.617 0.5000000000
114484  26.963  -74.109  -4.544 0.6999999881
6348  8.816  -69.363  -7.596 0.6000000238
4765  7.368  -72.149  -18.220 0.6000000238
7709  21.365  -67.179  -2.785 0.6000000238
7762  20.201  -67.372  -5.140 0.5000000000
116378  19.928  -67.934  -2.417 0.6000000238
7711  19.310  -67.271  -2.440 0.6000000238
8511  20.679  -66.591  -3.515 0.5000000000
8481  18.994  -66.566  -2.752 0.6000000238
7744  18.818  -66.558  -4.731 0.5000000000
8515  17.183  -65.713  -4.046 0.5000000000
9226  15.677  -65.638  -4.834 0.5000000000
121299  13.895  -81.075  0.284 0.4000000060
336  14.739  -82.640  0.602 0.4000000060
107274  14.133  -81.786  0.010 0.5000000000
1068  12.288  -79.238  1.963 0.5000000000
1055  12.133  -79.096  2.904 0.5000000000
739  11.525  -80.426  3.098 0.5000000000
1082  12.529  -79.600  1.189 0.5000000000
1081  13.084  -79.190  1.176 0.5000000000
173  15.923  -83.505  0.598 0.4000000060
117972  16.238  -83.687  -0.396 0.5000000000
1141  18.960  -79.965  -4.374 0.3000000119
125122  18.393  -79.480  -4.666 0.3000000119
829  18.829  -81.128  -4.618 0.3000000119
828  19.653  -81.270  -4.096 0.3000000119
1428  12.741  -78.421  2.245 0.4000000060
111522  12.510  -78.341  3.245 0.5000000000
1045  12.067  -79.128  3.949 0.5000000000
1437  13.285  -78.578  1.680 0.4000000060
758  13.502  -79.719  0.874 0.4000000060
514  14.677  -81.721  1.047 0.3000000119
746  15.057  -80.457  2.227 0.3000000119
360  17.200  -83.263  -1.641 0.4000000060
162  15.785  -83.303  1.534 0.3000000119
120471  16.708  -83.492  0.128 0.4000000060
183  16.980  -83.608  -0.823 0.5000000000
161  16.514  -83.362  1.041 0.3000000119
1508  19.271  -79.002  -4.053 0.3000000119
1142  17.824  -79.140  -4.838 0.3000000119
818  20.367  -81.081  -3.609 0.3000000119
827  20.501  -81.777  -3.902 0.3000000119
1886  13.696  -77.275  2.854 0.3000000119
1887  12.822  -77.718  3.567 0.4000000060
1415  14.479  -77.773  2.458 0.3000000119
153  15.695  -83.087  2.301 0.3000000119
347  17.786  -82.897  -0.991 0.4000000060
540  17.445  -82.427  -1.468 0.4000000060
182  17.589  -83.210  -0.655 0.4000000060
152  16.480  -83.173  1.975 0.3000000119
1982  19.561  -78.082  -3.765 0.4000000060
115388  18.700  -78.065  -4.213 0.4000000060
105406  17.879  -78.243  -4.511 0.4000000060
2004  17.039  -77.770  -4.400 0.4000000060
2005  16.423  -77.196  -3.915 0.5000000000
126316  20.793  -79.345  -3.034 0.3000000119
1132  19.824  -80.148  -3.769 0.3000000119
1131  20.740  -80.378  -3.209 0.3000000119
817  21.083  -81.387  -3.373 0.3000000119
117202  23.050  -80.993  -3.292 0.3000000119
2398  13.971  -76.690  3.355 0.3000000119
530  18.614  -81.915  -0.174 0.3000000119
531  18.006  -81.929  -0.809 0.3000000119
124435  16.524  -80.010  -1.359 0.4000000060
794  15.936  -80.178  -1.722 0.4000000060
312  16.992  -82.913  2.668 0.3000000119
335  18.295  -82.692  0.430 0.3000000119
151  17.409  -82.923  1.752 0.3000000119
324  17.735  -82.987  0.863 0.3000000119
2470  13.928  -76.446  -2.271 0.5000000000
2458  13.322  -76.798  -1.787 0.5000000000
2468  21.588  -76.365  -2.223 0.3000000119
1965  20.652  -77.184  -3.019 0.3000000119
108038  21.406  -77.264  -2.467 0.3000000119
113602  19.862  -77.198  -3.498 0.3000000119
119815  16.700  -76.574  -3.636 0.5000000000
2489  15.077  -76.625  -3.223 0.5000000000
1981  20.504  -78.214  -3.230 0.3000000119
1983  18.965  -77.223  -3.837 0.4000000060
2003  18.014  -77.290  -4.156 0.4000000060
2501  17.225  -76.951  -3.929 0.5000000000
2488  15.981  -76.607  -3.447 0.5000000000
1506  21.434  -80.195  -2.581 0.3000000119
1130  21.624  -81.054  -2.783 0.3000000119
805  22.291  -81.219  -2.620 0.3000000119
804  22.716  -81.182  -2.309 0.3000000119
1129  23.222  -80.994  -2.438 0.4000000060
782  17.799  -80.795  -0.760 0.3000000119
1103  16.881  -79.479  -0.958 0.4000000060
299  16.703  -82.803  3.668 0.3000000119
334  18.971  -82.326  0.784 0.3000000119
110179  19.110  -81.958  0.443 0.3000000119
1113  15.991  -79.291  -1.233 0.4000000060
121656  17.815  -82.696  2.283 0.3000000119
105049  14.957  -78.751  -1.365 0.4000000060
1477  13.926  -77.918  -1.310 0.5000000000
2943  14.662  -75.931  -1.390 0.4000000060
2457  14.022  -76.632  -1.398 0.5000000000
2940  22.331  -75.620  -1.171 0.3000000119
2956  14.388  -76.102  -1.903 0.5000000000
2944  13.905  -76.477  -1.781 0.5000000000
2469  20.865  -76.403  -2.754 0.3000000119
2971  16.530  -75.838  -3.220 0.4000000060
109275  15.021  -75.541  -1.982 0.5000000000
2467  22.119  -77.386  -1.804 0.3000000119
2484  20.129  -76.391  -3.192 0.4000000060
2485  19.303  -76.402  -3.524 0.4000000060
2972  15.539  -76.022  -2.836 0.5000000000
1964  21.171  -77.993  -2.720 0.3000000119
2486  18.467  -76.490  -3.759 0.5000000000
119806  17.812  -76.552  -3.851 0.5000000000
1490  22.041  -80.108  -1.971 0.3000000119
1489  22.718  -80.132  -1.301 0.4000000060
1112  23.442  -80.590  -1.255 0.3000000119
1121  22.884  -80.925  -1.747 0.4000000060
1120  23.594  -80.732  -1.584 0.4000000060
3095  24.574  -75.303  -12.055 0.5000000000
1504  23.822  -80.070  -2.375 0.3000000119
117683  18.814  -82.523  3.453 0.3000000119
322  19.323  -82.286  1.640 0.3000000119
116622  16.663  -78.118  -0.518 0.3000000119
298  17.722  -82.649  3.109 0.3000000119
1936  16.055  -77.528  -0.470 0.3000000119
2446  14.862  -76.304  -0.800 0.5000000000
2942  15.255  -75.130  -1.325 0.4000000060
2929  15.219  -75.433  -0.775 0.3000000119
2928  22.658  -75.216  -0.363 0.3000000119
107381  15.568  -74.969  -1.859 0.5000000000
2941  21.656  -75.432  -1.829 0.3000000119
2954  16.833  -74.902  -2.706 0.4000000060
2955  15.918  -75.287  -2.483 0.4000000060
125424  20.399  -75.811  -2.892 0.4000000060
2968  19.671  -75.577  -3.151 0.4000000060
3495  18.229  -75.127  -3.281 0.4000000060
2970  17.438  -75.428  -3.298 0.4000000060
1949  22.806  -78.857  -1.016 0.3000000119
2969  18.782  -75.696  -3.467 0.4000000060
106183  18.013  -75.875  -3.633 0.5000000000
1476  23.412  -80.233  -0.802 0.3000000119
1460  24.381  -80.115  -0.151 0.4000000060
1111  24.012  -80.496  -0.794 0.4000000060
3611  24.044  -74.821  -10.901 0.5000000000
1119  24.034  -80.451  -1.490 0.4000000060
1475  24.602  -79.951  -0.372 0.5000000000
3094  25.107  -75.922  -11.982 0.5000000000
310  19.656  -82.352  2.557 0.3000000119
5175  13.236  -71.134  -9.700 0.5000000000
3468  15.760  -74.537  -1.419 0.3000000119
4675  14.507  -72.170  -9.954 0.5000000000
5186  12.175  -71.320  -10.435 0.6000000238
3437  23.262  -74.992  0.758 0.3000000119
3451  21.960  -74.849  -1.121 0.3000000119
2916  23.345  -75.875  0.422 0.3000000119
3480  20.897  -74.880  -2.211 0.3000000119
3484  16.733  -74.273  -2.157 0.4000000060
3485  16.154  -74.613  -2.059 0.4000000060
116766  18.310  -73.468  -9.118 0.5000000000
4136  10.212  -73.064  -9.885 0.5000000000
2953  20.322  -75.179  -2.678 0.3000000119
3494  19.029  -74.905  -3.106 0.3000000119
3482  18.337  -74.349  -2.721 0.3000000119
4020  18.666  -73.745  -2.223 0.3000000119
3602  18.897  -73.826  -9.312 0.5000000000
124038  23.256  -78.102  -0.300 0.3000000119
3600  20.621  -74.510  -9.672 0.5000000000
1948  23.795  -79.782  -0.157 0.3000000119
3599  21.678  -74.581  -9.938 0.5000000000
122966  24.370  -79.674  0.159 0.4000000060
3612  22.960  -74.486  -10.669 0.6000000238
1459  24.956  -79.697  0.067 0.4000000060
3597  23.390  -74.647  -9.827 0.5000000000
1474  25.511  -79.159  -0.362 0.4000000060
1947  25.095  -78.758  -1.317 0.3000000119
123963  24.296  -79.490  -2.001 0.4000000060
3078  25.308  -76.356  -11.337 0.6000000238
1470  29.739  -78.427  -1.095 0.3000000119
1485  28.645  -78.727  -1.694 0.4000000060
1946  26.272  -78.328  -1.510 0.4000000060
1979  24.704  -78.451  -2.195 0.3000000119
2568  25.739  -76.770  -10.652 0.6000000238
2595  25.127  -76.397  -11.842 0.5000000000
1960  29.891  -78.346  -1.867 0.3000000119
1484  29.300  -78.615  -1.588 0.5000000000
1503  27.436  -78.479  -2.360 0.4000000060
1977  26.754  -78.214  -3.040 0.4000000060
2098  25.710  -77.317  -10.773 0.6000000238
1973  30.543  -77.790  -2.265 0.3000000119
1962  28.221  -78.514  -2.648 0.4000000060
2481  30.236  -77.099  -3.031 0.4000000060
1974  29.644  -77.944  -2.666 0.5000000000
1975  28.728  -78.068  -3.063 0.4000000060
5177  11.683  -71.255  -9.760 0.6000000238
4677  11.146  -71.872  -9.919 0.6000000238
3423  24.066  -74.335  1.428 0.3000000119
3438  22.704  -74.599  0.321 0.3000000119
3452  22.016  -74.239  -0.308 0.3000000119
3465  21.310  -74.594  -1.599 0.3000000119
5178  10.962  -71.661  -9.196 0.6000000238
4678  10.546  -72.329  -9.475 0.6000000238
125046  24.058  -75.107  1.421 0.3000000119
3466  20.653  -74.244  -1.845 0.3000000119
3467  20.022  -73.947  -2.026 0.3000000119
4122  8.969  -73.283  -8.725 0.6000000238
2914  25.389  -75.586  1.040 0.3000000119
112138  20.180  -74.520  -2.370 0.3000000119
3481  19.353  -74.211  -2.476 0.3000000119
4123  8.179  -73.324  -8.346 0.6000000238
123069  23.975  -78.711  0.345 0.3000000119
4125  6.343  -73.301  -8.540 0.6000000238
3591  6.849  -74.020  -8.581 0.6000000238
4126  5.751  -73.681  -8.795 0.6000000238
111600  4.935  -73.647  -9.916 0.5000000000
1457  26.743  -78.760  -0.231 0.4000000060
1487  27.208  -78.659  -1.333 0.4000000060
2482  29.123  -77.118  -3.248 0.5000000000
3436  24.641  -73.958  1.216 0.3000000119
3964  24.015  -73.496  1.383 0.3000000119
3425  22.980  -74.251  0.951 0.3000000119
3439  22.344  -73.886  0.549 0.3000000119
3989  21.148  -73.665  -0.639 0.3000000119
4003  20.378  -73.610  -1.350 0.3000000119
3990  19.760  -72.987  -0.957 0.3000000119
118414  11.398  -71.135  -8.944 0.5000000000
107724  24.626  -74.904  1.347 0.3000000119
120047  9.542  -72.391  -8.022 0.5000000000
4663  10.260  -72.118  -8.549 0.6000000238
3435  25.362  -74.417  0.851 0.3000000119
4004  19.366  -73.461  -1.746 0.3000000119
4664  8.778  -72.770  -8.011 0.6000000238
107805  26.491  -74.006  -0.247 0.3000000119
4124  7.240  -73.258  -8.262 0.6000000238
1933  27.004  -78.421  0.043 0.3000000119
1934  26.094  -78.772  0.196 0.3000000119
4668  5.625  -73.042  -8.880 0.6000000238
4164  5.275  -73.233  -11.806 0.6000000238
125552  8.234  -72.228  -7.534 0.6000000238
4652  7.585  -71.894  -7.677 0.5000000000
5168  7.100  -71.564  -8.047 0.6000000238
4667  6.199  -72.489  -8.667 0.6000000238
4690  6.028  -72.380  -10.146 0.6000000238
4150  5.028  -73.464  -10.695 0.6000000238
4709  5.755  -72.727  -12.525 0.6000000238
110155  6.074  -72.680  -11.843 0.6000000238
4718  4.579  -72.487  -13.545 0.5000000000
4651  9.008  -72.142  -7.460 0.5000000000
5740  7.418  -70.850  -8.212 0.5000000000
5180  6.368  -71.876  -9.291 0.5000000000
4708  6.539  -72.488  -12.566 0.6000000238
5244  4.294  -71.413  -16.839 0.5000000000
5254  5.905  -72.030  -18.306 0.6000000238
5255  4.874  -71.716  -18.342 0.6000000238
122844  3.846  -71.526  -18.089 0.5000000000
5268  4.036  -71.373  -18.996 0.6000000238
5269  2.717  -71.320  -19.386 0.6000000238
109877  7.075  -71.234  -9.774 0.5000000000
109266  7.130  -72.351  -12.928 0.5000000000
4725  6.190  -72.003  -14.058 0.5000000000
4717  5.595  -72.393  -13.287 0.6000000238
4724  7.760  -72.263  -15.118 0.6000000238
4736  5.774  -71.688  -14.989 0.5000000000
5234  4.464  -71.367  -15.684 0.5000000000
125085  6.832  -72.234  -16.602 0.6000000238
4745  9.334  -72.549  -17.253 0.6000000238
4748  6.300  -72.107  -17.159 0.6000000238
5832  3.449  -71.058  -19.405 0.5000000000
8547  0.359  -66.531  -6.315 0.5000000000
5746  7.557  -70.598  -9.220 0.5000000000
4707  7.212  -72.229  -12.321 0.5000000000
4715  7.466  -72.227  -13.484 0.6000000238
114408  -0.262  -64.875  -5.741 0.5000000000
123718  -0.478  -64.134  -6.180 0.6000000238
8535  0.070  -66.116  -5.758 0.6000000238
8534  0.844  -66.252  -5.652 0.6000000238
8548  -0.214  -66.267  -6.470 0.5000000000
8559  1.715  -66.811  -7.045 0.5000000000
7810  2.665  -67.812  -8.091 0.5000000000
7223  2.544  -68.661  -17.713 0.5000000000
6481  2.916  -70.109  -19.304 0.5000000000
11404  3.959  -62.571  -3.407 0.6000000238
11405  2.997  -62.643  -3.413 0.6999999881
10667  2.622  -63.501  -3.444 0.6000000238
11406  2.209  -62.709  -3.471 0.6999999881
11408  0.992  -62.171  -3.741 0.6000000238
10683  0.161  -63.087  -4.382 0.6000000238
9922  2.110  -64.131  -3.632 0.6000000238
11407  1.489  -62.816  -3.574 0.6000000238
9920  3.852  -64.587  -3.551 0.6000000238
9940  2.357  -64.930  -3.943 0.6000000238
125879  0.995  -64.173  -4.004 0.6000000238
10682  0.654  -63.744  -4.123 0.5000000000
10684  -0.360  -63.234  -5.034 0.6000000238
9939  3.249  -65.215  -3.969 0.6000000238
9213  1.834  -65.365  -4.464 0.6000000238
9958  0.232  -64.840  -5.050 0.5000000000
9943  0.165  -63.906  -4.741 0.6000000238
126714  2.544  -65.370  -4.422 0.6000000238
9214  0.999  -65.223  -4.608 0.6000000238
9242  2.634  -65.846  -6.406 0.6000000238
9243  1.925  -66.043  -5.850 0.6000000238
8545  2.202  -66.245  -6.659 0.6000000238
8558  2.536  -66.489  -7.209 0.5000000000
7057  3.055  -68.421  -8.569 0.5000000000
118421  3.816  -68.796  -9.305 0.5000000000
7098  4.044  -69.058  -10.011 0.5000000000
120867  4.008  -69.058  -11.682 0.5000000000
12133  1.702  -62.116  -3.600 0.6000000238
12150  1.248  -61.524  -3.942 0.6999999881
9231  3.558  -65.471  -5.626 0.5000000000
9256  2.869  -65.853  -6.980 0.6000000238
8580  3.707  -66.621  -8.172 0.6000000238
7809  3.465  -67.727  -8.239 0.5000000000
7055  4.196  -67.552  -8.737 0.6000000238
108449  4.825  -67.600  -10.061 0.5000000000
8611  4.920  -66.410  -10.967 0.6000000238
7118  4.850  -68.082  -11.239 0.6000000238
12903  7.098  -60.263  -5.166 0.4000000060
12923  3.820  -60.846  -6.194 0.6999999881
13731  4.182  -59.555  -5.177 0.5000000000
13732  3.297  -59.683  -5.101 0.5000000000
109847  6.898  -61.428  -3.983 0.6000000238
112384  6.405  -61.346  -5.049 0.5000000000
13754  3.030  -60.168  -5.374 0.6000000238
13755  2.160  -59.783  -5.198 0.5000000000
12129  7.640  -61.589  -3.396 0.5000000000
12185  4.153  -61.171  -6.519 0.6000000238
12924  3.080  -60.554  -5.464 0.8000000119
106695  3.707  -61.390  -4.984 0.6999999881
12165  2.678  -60.868  -5.084 0.8000000119
12904  0.842  -60.585  -4.383 0.6999999881
8596  3.843  -65.570  -8.697 0.6000000238
106534  4.839  -66.822  -10.159 0.6000000238
14575  3.840  -59.140  -4.295 0.5000000000
12921  6.767  -60.526  -6.097 0.5000000000
13753  4.143  -59.928  -6.012 0.6999999881
14576  2.680  -58.953  -4.489 0.5000000000
12888  7.942  -60.632  -3.049 0.4000000060
12889  7.337  -60.455  -4.126 0.4000000060
11400  8.329  -62.820  -3.228 0.4000000060
10661  8.779  -63.612  -3.488 0.5000000000
10681  9.065  -64.160  -3.928 0.4000000060
14574  4.488  -58.877  -4.357 0.5000000000
14561  4.197  -58.532  -3.666 0.5000000000
13750  7.141  -59.814  -5.838 0.3000000119
14602  7.014  -59.183  -6.662 0.3000000119
14589  4.802  -59.080  -5.033 0.6000000238
11399  9.187  -62.976  -3.145 0.4000000060
10660  9.583  -63.554  -3.584 0.4000000060
109593  9.676  -64.243  -5.531 0.4000000060
14588  5.231  -58.736  -5.690 0.6000000238
10680  9.935  -63.927  -4.352 0.4000000060
14573  5.038  -58.475  -4.540 0.5000000000
14560  4.725  -58.361  -3.859 0.5000000000
15494  7.592  -57.400  -4.528 0.3000000119
113876  7.318  -58.305  -5.937 0.3000000119
15520  6.986  -58.376  -6.994 0.3000000119
14617  6.289  -58.719  -8.213 0.4000000060
10693  10.531  -63.621  -5.323 0.3000000119
10701  10.297  -63.728  -6.310 0.4000000060
111852  10.969  -63.101  -6.127 0.4000000060
120015  6.825  -57.881  -7.935 0.4000000060
118025  5.487  -57.005  -5.215 0.6000000238
15481  5.176  -57.749  -3.862 0.4000000060
15553  6.846  -57.334  -8.461 0.4000000060
16450  7.812  -56.896  -4.014 0.3000000119
16466  7.728  -56.770  -4.904 0.3000000119
119586  5.409  -57.161  -4.390 0.5000000000
16535  6.423  -57.125  -8.548 0.4000000060
17475  5.930  -56.722  -8.324 0.4000000060
18387  5.872  -55.326  -7.176 0.5000000000
17458  7.175  -55.762  -8.493 0.4000000060
18386  6.641  -55.159  -7.662 0.4000000060
19246  9.452  -53.518  -7.719 0.3000000119
19247  8.927  -53.258  -6.508 0.3000000119
19266  8.911  -54.187  -8.114 0.3000000119
106738  8.399  -53.599  -7.178 0.3000000119
24810  5.876  -47.459  -1.644 0.4000000060
20171  9.772  -52.870  -6.894 0.3000000119
4005  18.353  -73.266  -1.700 0.3000000119
1458  25.803  -79.098  -0.036 0.4000000060
18385  7.561  -55.017  -8.124 0.3000000119
9302  4.175  -65.365  -11.013 0.6000000238
24799  5.063  -46.995  -0.490 0.4000000060
10662  7.953  -63.512  -3.437 0.5000000000
19267  7.804  -54.214  -7.560 0.3000000119
4698  6.434  -72.379  -11.149 0.5000000000
107273  14.354  -79.903  1.323 0.4000000060
771  13.158  -80.431  0.321 0.5000000000
1056  11.698  -79.834  3.516 0.5000000000
196  16.819  -83.739  -1.642 0.5000000000
1524  18.493  -78.919  -4.473 0.4000000060
1426  14.083  -78.425  1.867 0.4000000060
195  17.314  -83.376  -1.225 0.4000000060
541  16.907  -82.761  -2.089 0.4000000060
1507  20.099  -79.139  -3.519 0.4000000060
1525  17.240  -78.535  -4.749 0.4000000060
1861  13.256  -76.665  4.421 0.3000000119
313  16.165  -82.999  2.904 0.3000000119
117251  18.189  -82.450  -0.401 0.3000000119
792  17.355  -81.352  -1.299 0.4000000060
793  16.617  -80.904  -1.665 0.4000000060
112730  21.301  -79.042  -2.608 0.4000000060
106910  17.138  -80.344  -1.135 0.4000000060
115985  23.058  -74.409  -11.800 0.5000000000
1122  22.182  -80.931  -2.229 0.4000000060
521  19.566  -81.993  1.186 0.3000000119
1463  15.722  -78.220  -0.816 0.4000000060
120797  14.767  -77.797  -0.991 0.5000000000
2952  20.982  -75.643  -2.493 0.3000000119
113330  22.624  -77.376  -1.075 0.3000000119
1963  21.943  -78.616  -2.021 0.3000000119
3079  24.743  -75.558  -11.125 0.6000000238
2444  15.892  -76.669  -0.276 0.3000000119
1937  15.188  -77.211  -0.678 0.4000000060
3496  17.663  -74.783  -2.947 0.3000000119
113661  21.137  -74.575  -9.116 0.5000000000
3453  15.573  -74.646  -0.709 0.3000000119
4021  17.866  -73.720  -2.169 0.3000000119
1471  29.049  -78.715  -0.993 0.4000000060
1473  26.517  -78.763  -0.556 0.4000000060
1959  31.195  -77.478  -1.945 0.3000000119
3979  21.624  -73.459  0.265 0.3000000119
4666  6.904  -72.394  -8.140 0.6000000238
114670  27.437  -78.746  -0.810 0.3000000119
125775  20.468  -73.171  -0.634 0.3000000119
3450  27.015  -74.590  -0.455 0.3000000119
5233  5.332  -71.470  -16.065 0.6000000238
12132  2.416  -61.975  -3.606 0.6999999881
12925  1.978  -60.324  -5.021 0.6999999881
12148  3.024  -61.252  -4.931 0.6999999881
12946  3.591  -60.543  -5.842 0.6000000238
14572  7.441  -58.265  -4.728 0.3000000119
116116  7.507  -57.492  -5.392 0.3000000119
3578  22.933  -74.433  -8.786 0.5000000000
117690  22.094  -74.325  -8.326 0.5000000000
4045  28.869  -73.802  -4.735 0.6000000238
4706  7.719  -72.061  -12.830 0.4000000060
4714  8.188  -71.962  -13.448 0.5000000000
5830  5.516  -71.361  -18.991 0.5000000000
5263  9.303  -71.620  -18.404 0.5000000000
5265  7.846  -71.697  -18.427 0.5000000000
5829  6.385  -71.454  -18.797 0.5000000000
6472  4.688  -69.644  -18.527 0.5000000000
6470  6.547  -70.053  -18.248 0.5000000000
5251  10.661  -71.797  -18.064 0.5000000000
7221  4.312  -68.715  -17.815 0.4000000060
5822  8.386  -70.586  -18.296 0.5000000000
5823  7.425  -70.457  -18.335 0.5000000000
7220  5.250  -68.906  -17.759 0.5000000000
7202  3.982  -68.081  -17.046 0.5000000000
6469  8.041  -69.735  -17.723 0.6000000238
117060  7.169  -69.506  -17.610 0.5000000000
7201  4.848  -68.192  -17.116 0.5000000000
7157  4.184  -68.158  -12.950 0.5000000000
7218  7.707  -68.938  -17.119 0.6000000238
7896  3.665  -67.961  -14.502 0.5000000000
7882  4.065  -67.606  -13.856 0.5000000000
7188  6.368  -68.390  -16.484 0.6000000238
7926  4.525  -67.566  -16.479 0.6000000238
7189  3.236  -68.058  -16.083 0.5000000000
7217  8.578  -69.064  -17.256 0.6000000238
7187  6.904  -68.121  -15.630 0.6000000238
7925  5.392  -67.857  -16.490 0.6000000238
7895  4.063  -66.998  -14.789 0.6000000238
7894  6.562  -67.511  -15.112 0.6000000238
7868  4.562  -67.405  -12.967 0.5000000000
7857  5.047  -67.370  -11.904 0.5000000000
7907  5.032  -67.095  -15.993 0.6000000238
121718  4.244  -66.805  -15.269 0.6000000238
111217  -0.273  -61.445  -4.355 0.5000000000
105161  -0.081  -60.561  -4.297 0.5000000000
12151  0.496  -61.415  -4.076 0.5000000000
8624  4.631  -65.922  -11.888 0.6000000238
8658  5.729  -65.989  -15.046 0.6000000238
7867  4.662  -66.355  -12.792 0.6000000238
8659  4.843  -65.920  -15.201 0.6000000238
9360  4.283  -65.514  -14.740 0.6000000238
9359  5.000  -65.263  -14.995 0.6000000238
16534  7.205  -56.776  -8.602 0.3000000119
23893  5.624  -48.837  -2.077 0.3000000119
2983  29.048  -75.368  -3.878 0.5000000000
2085  25.614  -77.845  -10.282 0.5000000000
2558  25.343  -76.355  -9.603 0.4000000060
4064  29.235  -73.179  -5.237 0.4000000060
3598  22.546  -74.547  -9.609 0.4000000060
121953  23.731  -74.800  -9.259 0.4000000060
3060  24.235  -75.109  -10.062 0.4000000060
4635  28.249  -72.176  -6.809 0.4000000060
109988  27.928  -72.365  -6.026 0.4000000060
4611  27.400  -72.243  -5.666 0.4000000060
3580  21.285  -74.452  -8.401 0.4000000060
5128  27.126  -71.320  -5.770 0.4000000060
125053  26.719  -71.239  -5.077 0.5000000000
7881  6.629  -66.517  -14.415 0.5000000000
8657  8.447  -67.020  -13.934 0.5000000000
9358  6.020  -65.470  -14.691 0.5000000000
9341  7.435  -65.618  -13.264 0.5000000000
9325  7.902  -65.007  -12.870 0.5000000000
10094  5.782  -64.107  -13.999 0.5000000000
126324  7.445  -64.214  -12.909 0.5000000000
12926  1.143  -59.571  -5.008 0.4000000060
14590  2.251  -59.404  -5.126 0.4000000060
10093  6.946  -64.627  -13.341 0.5000000000
10096  3.899  -64.265  -14.004 0.5000000000
110878  27.873  -73.976  -4.703 0.5000000000
4610  28.930  -72.582  -5.831 0.4000000060
4636  27.510  -71.920  -6.447 0.4000000060
1069  11.768  -79.803  2.566 0.4000000060
747  11.535  -80.552  2.321 0.4000000060
89  11.498  -85.319  -0.980 0.4000000060
1083  11.901  -79.938  1.692 0.4000000060
760  11.662  -80.630  1.404 0.4000000060
38  11.960  -85.324  -1.852 0.4000000060
515  11.530  -81.294  1.074 0.4000000060
117057  12.655  -85.151  -3.705 0.4000000060
122929  12.136  -85.053  -1.386 0.4000000060
121254  11.776  -84.617  -0.264 0.4000000060
772  12.487  -80.287  0.599 0.5000000000
759  12.067  -80.198  1.023 0.5000000000
524  12.434  -81.102  -0.106 0.4000000060
773  11.903  -80.764  0.561 0.4000000060
118891  12.167  -84.535  -1.030 0.4000000060
523  13.298  -81.255  -0.234 0.5000000000
124577  14.257  -83.060  -0.976 0.5000000000
532  12.883  -81.795  -0.752 0.5000000000
351  12.137  -81.986  -0.690 0.4000000060
525  11.669  -81.724  0.202 0.4000000060
186  14.135  -83.490  -1.379 0.4000000060
98  14.511  -84.479  -3.562 0.4000000060
93  14.239  -84.722  -3.096 0.4000000060
87  13.706  -84.562  -2.390 0.4000000060
82  12.790  -84.460  -1.764 0.4000000060
188  11.940  -83.629  -0.685 0.4000000060
94  13.301  -85.060  -2.971 0.4000000060
88  12.711  -84.989  -2.214 0.4000000060
199  14.453  -84.217  -1.960 0.5000000000
350  12.694  -82.481  -1.182 0.4000000060
120339  12.084  -82.717  -0.963 0.4000000060
92  15.080  -84.457  -3.056 0.5000000000
86  14.785  -84.483  -2.611 0.4000000060
187  12.598  -83.440  -1.357 0.4000000060
557  13.933  -82.015  -3.954 0.3000000119
820  12.872  -80.420  -3.230 0.3000000119
819  13.772  -81.018  -3.419 0.4000000060
377  14.734  -82.655  -3.701 0.3000000119
808  14.448  -80.689  -2.869 0.4000000060
556  14.570  -81.614  -3.373 0.4000000060
1967  11.481  -78.006  -2.801 0.3000000119
1125  12.368  -78.979  -2.408 0.4000000060
810  12.825  -79.712  -2.682 0.4000000060
809  13.632  -80.149  -2.787 0.4000000060
1492  12.027  -78.146  -2.279 0.4000000060
1124  13.352  -79.201  -2.194 0.4000000060
1115  14.123  -78.944  -1.744 0.4000000060
108276  14.799  -79.512  -1.871 0.3000000119
123521  14.877  -83.602  -3.798 0.3000000119
807  15.207  -80.414  -2.283 0.3000000119
549  15.059  -81.272  -2.868 0.4000000060
1966  12.257  -77.542  -2.456 0.4000000060
1123  14.294  -79.804  -2.319 0.3000000119
1491  12.724  -78.341  -1.936 0.4000000060
1478  13.069  -77.731  -1.620 0.4000000060
376  15.458  -83.289  -3.349 0.4000000060
555  15.330  -82.211  -3.159 0.4000000060
1988  11.719  -77.735  -3.246 0.4000000060
1114  15.376  -79.628  -1.690 0.3000000119
1986  13.563  -77.119  -3.443 0.4000000060
1987  12.608  -77.243  -3.033 0.4000000060
1985  14.559  -77.168  -3.681 0.4000000060
2491  13.353  -76.772  -2.628 0.4000000060
1479  12.502  -77.750  -1.937 0.4000000060
85  15.475  -84.333  -2.610 0.4000000060
114118  15.961  -83.835  -2.893 0.4000000060
548  15.712  -81.546  -2.595 0.3000000119
370  16.158  -82.803  -2.749 0.4000000060
806  15.975  -80.943  -2.104 0.3000000119
2007  15.005  -77.800  -4.323 0.4000000060
1984  15.527  -77.238  -3.817 0.4000000060
108338  14.684  -76.218  -2.507 0.4000000060
2459  12.879  -76.941  -2.221 0.4000000060
185  14.939  -83.590  -0.945 0.4000000060
361  16.557  -83.661  -2.293 0.3000000119
124405  14.908  -83.054  0.314 0.4000000060
115431  14.949  -84.019  -1.586 0.4000000060
108454  15.775  -83.816  -0.852 0.4000000060
105504  15.676  -84.101  -1.525 0.4000000060
5686  26.293  -70.736  -4.630 0.4000000060
160  17.072  -83.181  1.243 0.3000000119
163  15.222  -83.194  0.979 0.4000000060
171  17.759  -83.080  0.060 0.4000000060
172  17.203  -83.278  0.523 0.3000000119
174  15.344  -83.420  -0.089 0.5000000000
184  16.358  -83.918  -1.310 0.5000000000
197  16.116  -84.164  -2.183 0.4000000060
198  15.330  -84.300  -2.135 0.4000000060
200  13.516  -83.893  -1.752 0.4000000060
206  15.718  -84.204  -2.784 0.4000000060
209  15.253  -84.149  -3.400 0.5000000000
210  14.557  -84.155  -4.004 0.4000000060
300  15.926  -82.718  3.516 0.3000000119
311  18.646  -82.526  2.389 0.3000000119
323  18.372  -82.630  1.405 0.3000000119
325  15.328  -83.057  1.787 0.3000000119
337  13.618  -81.929  -0.542 0.5000000000
338  11.742  -82.682  -0.339 0.4000000060
346  18.038  -82.780  -0.287 0.3000000119
348  14.384  -82.727  -0.383 0.5000000000
349  13.572  -82.561  -1.054 0.4000000060
362  13.293  -83.065  -1.448 0.4000000060
508  11.388  -81.375  2.013 0.4000000060
522  18.574  -82.379  0.105 0.3000000119
547  16.454  -81.816  -2.224 0.4000000060
757  14.097  -80.518  0.767 0.4000000060
781  18.280  -80.321  -0.255 0.3000000119
815  22.716  -81.239  -2.889 0.3000000119
826  21.930  -81.559  -4.232 0.4000000060
1067  14.607  -79.243  1.835 0.4000000060
1080  13.782  -79.080  1.378 0.4000000060
1092  12.923  -79.757  0.753 0.5000000000
1116  13.417  -78.423  -1.692 0.4000000060
1153  18.300  -80.075  -4.878 0.3000000119
1406  12.455  -78.372  4.255 0.5000000000
1416  13.059  -77.679  2.848 0.4000000060
1427  13.466  -77.912  2.253 0.4000000060
1462  16.535  -78.779  -0.801 0.4000000060
1472  28.269  -78.785  -0.959 0.4000000060
1486  27.912  -78.760  -1.640 0.4000000060
1488  24.420  -79.957  -1.234 0.4000000060
1578  25.088  -78.683  -7.934 0.5000000000
1589  26.414  -78.365  -8.810 0.6000000238
1611  26.567  -78.019  -9.332 0.6999999881
1885  14.317  -77.088  2.975 0.3000000119
1950  14.266  -77.084  -1.049 0.5000000000
1951  13.461  -77.128  -1.451 0.5000000000
1952  12.820  -77.197  -1.852 0.4000000060
1961  29.095  -78.478  -2.318 0.4000000060
2016  27.612  -77.929  -6.344 0.6999999881
2084  26.132  -77.637  -9.962 0.5000000000
2097  25.957  -77.201  -10.578 0.5000000000
2466  31.852  -76.908  -2.186 0.3000000119
2471  13.381  -76.650  -2.069 0.5000000000
2480  31.204  -77.228  -2.681 0.3000000119
2487  17.295  -76.195  -3.634 0.5000000000
2490  14.145  -76.624  -2.991 0.4000000060
2582  25.633  -76.913  -11.202 0.6000000238
2904  23.746  -75.564  1.154 0.3000000119
3044  23.736  -74.785  -8.617 0.6000000238
3059  24.977  -75.917  -10.351 0.6000000238
3424  23.594  -74.677  1.245 0.3000000119
3434  26.210  -74.845  0.288 0.3000000119
3483  17.416  -74.267  -2.470 0.3000000119
3493  24.999  -74.051  -3.916 0.6999999881
3544  20.196  -73.881  -7.035 0.6999999881
3563  19.846  -74.153  -7.761 0.8000000119
3579  21.915  -74.531  -9.021 0.4000000060
3582  19.417  -74.135  -8.586 0.6000000238
3583  18.704  -73.684  -8.576 0.5000000000
3592  6.123  -74.162  -8.741 0.6000000238
3621  23.878  -74.683  -11.940 0.5000000000
3977  25.323  -73.395  0.600 0.3000000119
4002  21.019  -74.060  -1.318 0.3000000119
4033  24.313  -73.788  -3.907 0.8000000119
4090  18.965  -73.334  -6.618 0.8000000119
4091  18.259  -73.036  -6.901 0.6999999881
4119  18.081  -73.319  -8.555 0.6999999881
4133  17.576  -73.205  -9.297 0.5000000000
4139  5.291  -73.625  -9.297 0.5000000000
4587  27.172  -72.717  -4.950 0.6000000238
4588  26.510  -72.453  -4.521 0.6999999881
4590  23.452  -73.053  -4.346 0.6999999881
4613  21.341  -72.486  -5.077 0.8000000119
4615  19.568  -72.720  -5.367 0.8000000119
4648  17.067  -72.812  -7.837 0.6999999881
4661  15.413  -72.268  -8.612 0.6999999881
4665  7.742  -72.673  -7.829 0.6000000238
4679  9.696  -72.808  -8.869 0.6000000238
4680  5.813  -72.510  -9.277 0.6000000238
4691  5.390  -73.017  -9.815 0.6000000238
4697  7.196  -71.954  -11.464 0.5000000000
4699  5.687  -72.850  -10.925 0.6000000238
4716  6.628  -72.360  -13.322 0.5000000000
4726  5.024  -71.753  -14.183 0.5000000000
4735  6.408  -71.853  -15.936 0.5000000000
4744  10.061  -72.315  -17.629 0.6000000238
4746  8.542  -72.641  -17.044 0.6999999881
4749  5.313  -71.745  -17.395 0.6000000238
4757  9.426  -72.330  -17.872 0.6000000238
4759  7.857  -72.462  -17.656 0.6999999881
4764  8.284  -72.194  -18.135 0.6000000238
5090  23.755  -71.230  -3.463 0.5000000000
5111  20.370  -71.731  -4.268 0.6999999881
5114  17.109  -70.949  -4.910 0.8999999762
5139  17.162  -71.950  -6.201 0.6999999881
5141  15.554  -71.224  -6.627 0.6999999881
5144  8.845  -70.950  -6.903 0.6000000238
5149  15.889  -71.783  -7.194 0.6999999881
5151  13.891  -70.888  -8.148 0.6000000238
5155  8.351  -71.542  -7.314 0.5000000000
5156  7.706  -71.195  -7.638 0.5000000000
5166  11.956  -70.704  -8.988 0.5000000000
5169  6.602  -71.892  -8.472 0.6000000238
5174  14.069  -71.656  -9.404 0.6000000238
5176  12.390  -70.962  -9.802 0.6000000238
5179  6.903  -71.285  -8.738 0.6000000238
5185  12.858  -71.300  -10.482 0.6000000238
5187  8.039  -70.948  -11.074 0.6000000238
5189  6.753  -71.843  -10.446 0.5000000000
5195  8.272  -71.195  -11.808 0.5000000000
5206  7.790  -71.758  -12.092 0.4000000060
5215  9.275  -71.228  -13.881 0.6999999881
5216  8.766  -71.532  -13.403 0.5000000000
5224  4.950  -71.410  -15.067 0.5000000000
5230  11.259  -71.778  -16.604 0.6000000238
5231  10.517  -71.930  -16.213 0.6000000238
5243  9.961  -72.408  -16.737 0.6000000238
5250  11.429  -71.700  -17.966 0.6000000238
5252  9.800  -71.944  -18.167 0.5000000000
5253  9.064  -72.135  -18.177 0.5000000000
5262  10.210  -71.281  -18.424 0.6000000238
5264  8.644  -71.866  -18.350 0.5000000000
5266  6.520  -71.987  -18.420 0.6000000238
5267  5.234  -71.573  -18.763 0.6000000238
5654  23.290  -69.395  -2.852 0.5000000000
5656  21.121  -69.943  -2.730 0.6000000238
5657  20.233  -69.827  -2.686 0.6000000238
5675  18.666  -70.279  -3.302 0.6999999881
5688  18.242  -70.816  -3.955 0.8000000119
5690  16.695  -70.272  -4.424 0.8999999762
5711  15.149  -70.627  -6.220 0.6999999881
5713  13.515  -70.000  -6.927 0.6999999881
5715  10.974  -70.293  -6.253 0.6000000238
5728  11.366  -70.595  -7.176 0.6000000238
5729  10.556  -70.732  -6.668 0.6000000238
5738  11.909  -70.489  -8.139 0.6000000238
5739  7.914  -70.209  -8.509 0.5000000000
5772  8.784  -70.868  -12.183 0.5000000000
5782  10.242  -69.911  -14.205 0.6999999881
5794  9.864  -70.789  -14.487 0.6999999881
5800  14.493  -70.562  -16.923 0.6999999881
5805  10.140  -71.317  -15.324 0.6999999881
5813  13.789  -70.871  -17.453 0.6999999881
5814  13.297  -71.214  -17.213 0.6000000238
5819  13.124  -71.090  -17.875 0.6999999881
5821  9.374  -70.813  -18.435 0.5000000000
5827  8.588  -71.301  -18.506 0.5000000000
5828  7.206  -71.222  -18.686 0.5000000000
5831  4.575  -71.227  -19.149 0.5000000000
6265  22.517  -69.273  -2.624 0.5000000000
6266  21.668  -69.177  -2.492 0.6000000238
6280  18.270  -69.538  -2.863 0.6999999881
6283  16.316  -68.628  -3.302 0.6999999881
6294  15.535  -69.171  -4.369 0.6999999881
6295  14.721  -68.928  -4.572 0.8000000119
6311  14.292  -69.365  -5.262 0.8000000119
6312  13.046  -68.971  -4.938 0.6999999881
6314  11.197  -69.109  -5.377 0.6000000238
6315  10.614  -68.548  -5.712 0.6000000238
6329  13.785  -69.615  -6.062 0.6999999881
6332  10.513  -69.540  -5.846 0.6000000238
6333  9.105  -69.484  -6.850 0.6000000238
6349  8.579  -70.178  -7.166 0.6000000238
6358  8.719  -69.329  -8.343 0.6000000238
6359  8.316  -69.825  -7.970 0.6000000238
6371  8.628  -69.698  -9.616 0.6000000238
6381  9.198  -69.186  -10.001 0.5000000000
6410  9.835  -69.482  -12.519 0.6999999881
6420  16.414  -68.796  -14.224 0.6000000238
6421  10.611  -69.086  -13.820 0.6999999881
6429  18.377  -69.208  -16.155 0.5000000000
6430  17.641  -69.121  -15.299 0.5000000000
6431  16.684  -69.093  -15.031 0.6000000238
6433  14.553  -69.538  -15.178 0.5000000000
6440  18.069  -69.272  -16.957 0.5000000000
6442  16.930  -69.503  -15.946 0.5000000000
6443  16.048  -69.716  -15.827 0.5000000000
6444  15.099  -70.158  -16.148 0.6000000238
6447  12.380  -69.982  -15.456 0.6000000238
6452  17.152  -69.603  -16.981 0.5000000000
6453  16.352  -69.750  -17.143 0.5000000000
6454  15.014  -70.291  -17.230 0.6999999881
6462  14.924  -69.972  -17.560 0.5000000000
6463  14.045  -70.200  -17.697 0.6000000238
6464  13.239  -70.461  -17.984 0.6999999881
6465  12.439  -70.047  -18.132 0.6999999881
6466  11.695  -70.493  -18.316 0.6000000238
6467  9.899  -70.134  -18.081 0.6000000238
6468  8.966  -69.904  -17.879 0.6999999881
6471  5.648  -69.834  -18.381 0.5000000000
6473  3.724  -69.364  -18.587 0.5000000000
6478  5.988  -70.743  -18.862 0.5000000000
6479  5.085  -70.685  -19.054 0.5000000000
6480  4.060  -70.505  -19.148 0.5000000000
6954  20.482  -68.382  -2.420 0.6000000238
6955  19.265  -68.218  -2.433 0.6000000238
6956  18.566  -67.917  -2.426 0.6000000238
6957  17.747  -67.589  -2.493 0.6000000238
6958  16.924  -67.118  -2.669 0.6000000238
6966  17.048  -68.375  -2.813 0.6999999881
6986  14.047  -67.371  -3.761 0.6999999881
6987  12.857  -68.396  -4.596 0.6999999881
7038  9.767  -68.329  -6.829 0.6000000238
7039  9.290  -68.783  -7.274 0.6000000238
7056  3.789  -68.339  -8.791 0.5000000000
7077  4.417  -68.203  -9.462 0.5000000000
7093  14.385  -68.033  -10.694 0.5000000000
7095  10.285  -67.858  -10.377 0.6999999881
7096  9.784  -68.501  -10.371 0.6000000238
7097  4.685  -68.246  -10.421 0.5000000000
7114  14.803  -68.381  -11.528 0.6000000238
7119  4.350  -68.791  -11.023 0.5000000000
7129  17.903  -68.584  -12.682 0.5000000000
7135  10.124  -68.742  -12.130 0.6999999881
7136  4.505  -68.301  -12.032 0.5000000000
7148  18.372  -68.616  -13.568 0.5000000000
7149  17.587  -68.731  -13.413 0.5000000000
7153  13.613  -68.339  -13.622 0.6000000238
7155  11.586  -68.143  -13.459 0.6000000238
7158  3.691  -68.455  -13.493 0.5000000000
7174  13.143  -68.716  -14.375 0.5000000000
7175  12.240  -68.644  -14.353 0.5000000000
7184  19.552  -68.719  -16.218 0.5000000000
7194  19.265  -68.592  -16.680 0.5000000000
7195  18.603  -68.945  -17.045 0.5000000000
7196  17.399  -69.329  -17.188 0.5000000000
7198  9.097  -68.393  -16.837 0.6000000238
7199  8.194  -68.491  -16.569 0.6000000238
7200  7.315  -68.512  -16.364 0.6000000238
7203  3.239  -68.169  -16.917 0.5000000000
7208  18.160  -68.662  -17.224 0.5000000000
7210  15.167  -69.061  -17.641 0.5000000000
7212  13.524  -69.445  -17.748 0.6999999881
7213  12.295  -69.099  -17.700 0.6000000238
7219  6.262  -69.059  -17.527 0.5000000000
7222  3.415  -68.572  -17.787 0.5000000000
7708  22.155  -67.616  -2.805 0.6000000238
7710  20.647  -67.567  -2.501 0.6000000238
7712  18.402  -66.928  -2.471 0.6000000238
7722  22.956  -67.473  -3.497 0.6000000238
7723  22.050  -67.182  -3.392 0.6000000238
7724  15.973  -67.067  -2.910 0.6000000238
7726  14.668  -66.803  -3.497 0.6000000238
7742  20.553  -66.760  -4.283 0.5000000000
7743  19.718  -66.718  -4.536 0.5000000000
7746  12.753  -67.538  -4.452 0.8000000119
7763  19.322  -67.369  -5.376 0.5000000000
7766  12.255  -67.060  -4.870 0.8000000119
7767  11.581  -67.377  -5.324 0.6000000238
7790  10.925  -66.983  -7.617 0.6000000238
7792  3.020  -67.076  -7.693 0.5000000000
7793  2.181  -67.275  -7.566 0.5000000000
7808  10.435  -67.425  -8.191 0.6999999881
7822  13.599  -66.758  -8.887 0.5000000000
7824  11.218  -66.925  -9.568 0.5000000000
7825  10.631  -67.283  -9.002 0.5000000000
7826  4.608  -67.254  -9.415 0.6000000238
7841  10.889  -67.323  -10.418 0.5000000000
7842  5.077  -66.745  -11.651 0.6000000238
7843  5.107  -67.327  -10.903 0.6000000238
7854  12.661  -67.485  -11.801 0.5000000000
7856  10.969  -67.651  -11.915 0.5000000000
7878  12.913  -67.937  -13.117 0.6000000238
7879  12.145  -67.870  -13.295 0.5000000000
7880  7.490  -66.954  -13.914 0.5000000000
7891  8.857  -67.241  -14.784 0.6000000238
7892  7.937  -67.488  -14.421 0.5000000000
7893  7.050  -67.326  -14.471 0.5000000000
7903  9.226  -67.378  -15.700 0.6000000238
7906  5.958  -67.646  -15.824 0.6000000238
7908  4.300  -67.071  -15.859 0.6000000238
7909  3.767  -67.464  -15.481 0.5000000000
7913  19.979  -68.177  -16.353 0.5000000000
7915  17.783  -67.895  -17.181 0.5000000000
7916  16.852  -67.752  -17.199 0.5000000000
7917  16.005  -67.757  -17.263 0.5000000000
7918  15.244  -67.994  -17.392 0.5000000000
7924  8.721  -67.937  -16.134 0.6999999881
7927  3.785  -67.643  -16.306 0.5000000000
7931  16.574  -68.483  -17.432 0.5000000000
7935  12.753  -68.486  -17.469 0.6000000238
8478  21.072  -66.744  -3.126 0.5000000000
8480  19.842  -66.716  -2.689 0.6000000238
8483  17.307  -66.383  -2.807 0.6000000238
8495  20.343  -66.477  -2.998 0.5000000000
8496  19.563  -66.339  -3.071 0.6000000238
8497  18.756  -66.183  -3.245 0.5000000000
8498  17.285  -65.955  -3.211 0.5000000000
8500  15.442  -66.319  -3.353 0.6000000238
8501  14.677  -66.075  -3.782 0.6000000238
8512  20.038  -66.442  -3.669 0.5000000000
8514  18.605  -66.084  -3.930 0.5000000000
8516  14.202  -65.962  -4.171 0.6000000238
8518  12.799  -66.414  -5.081 0.6999999881
8531  14.311  -65.758  -5.445 0.6000000238
8532  13.502  -65.918  -5.305 0.6999999881
8541  14.671  -66.033  -6.252 0.5000000000
8542  12.841  -66.166  -6.642 0.6999999881
8543  12.139  -66.409  -6.424 0.6999999881
8544  11.419  -66.892  -6.080 0.6999999881
8546  1.292  -66.504  -6.403 0.6000000238
8556  12.400  -66.340  -7.415 0.6000000238
8560  0.811  -66.905  -6.990 0.5000000000
8576  13.087  -66.398  -8.177 0.5000000000
8577  12.341  -66.441  -8.329 0.6000000238
8579  4.238  -66.750  -8.838 0.6000000238
8594  12.204  -66.709  -9.741 0.5000000000
8595  4.329  -66.281  -9.431 0.6000000238
8643  7.932  -66.488  -13.369 0.5000000000
8644  6.985  -66.130  -13.796 0.5000000000
8645  4.151  -66.336  -14.223 0.5000000000
8660  4.238  -66.217  -14.965 0.6000000238
8671  9.654  -66.779  -15.254 0.5000000000
8672  5.544  -66.722  -15.359 0.6000000238
8673  4.653  -66.566  -15.414 0.6000000238
9194  16.619  -65.754  -3.551 0.5000000000
9196  15.210  -65.825  -3.792 0.6000000238
9197  14.733  -65.744  -4.200 0.6000000238
9206  16.220  -65.611  -4.146 0.5000000000
9207  15.412  -65.636  -4.187 0.6000000238
9209  5.791  -65.162  -4.496 0.8000000119
9211  3.885  -65.360  -4.671 0.6999999881
9212  3.045  -65.501  -4.884 0.6000000238
9227  14.881  -65.617  -4.783 0.6000000238
9232  2.771  -65.670  -5.757 0.6000000238
9233  1.401  -65.878  -5.029 0.6000000238
9234  0.544  -65.719  -5.190 0.6000000238
9235  -0.008  -65.520  -5.503 0.5000000000
9244  -0.288  -65.669  -6.041 0.5000000000
9255  3.414  -65.541  -7.233 0.6999999881
9274  3.759  -65.315  -7.772 0.6999999881
9314  3.892  -64.784  -11.974 0.6999999881
9323  9.751  -64.862  -12.848 0.5000000000
9326  3.948  -65.029  -13.118 0.6999999881
9339  9.427  -65.701  -13.167 0.5000000000
9340  8.436  -65.822  -12.995 0.5000000000
9342  6.411  -65.066  -14.004 0.5000000000
9343  5.299  -64.712  -14.561 0.5000000000
9344  4.333  -64.823  -14.548 0.5000000000
9921  2.942  -64.414  -3.566 0.6000000238
9933  9.172  -64.353  -4.624 0.4000000060
9934  8.433  -64.493  -4.351 0.6000000238
9936  6.507  -64.894  -4.097 0.6999999881
9941  1.463  -64.609  -4.059 0.6000000238
9942  0.726  -64.443  -4.407 0.5000000000
9954  8.637  -64.655  -5.352 0.6000000238
9956  7.209  -65.027  -4.825 0.6999999881
9959  -0.239  -64.057  -5.435 0.6000000238
9966  9.071  -64.494  -6.362 0.5000000000
9968  6.994  -65.201  -5.756 0.6999999881
9981  8.615  -64.534  -7.146 0.6000000238
9983  6.723  -65.083  -6.779 0.6999999881
9984  5.919  -64.898  -7.585 0.8000000119
10000  8.835  -64.112  -8.521 0.6000000238
10004  3.908  -64.727  -9.249 0.6999999881
10021  8.276  -64.034  -9.245 0.6000000238
10023  6.284  -64.263  -9.337 0.8000000119
10025  3.864  -64.001  -9.956 0.8000000119
10042  3.676  -63.670  -10.779 0.8000000119
10095  4.567  -64.039  -14.170 0.5000000000
10663  6.280  -63.727  -3.399 0.6999999881
10664  5.399  -63.921  -3.347 0.8000000119
10666  3.469  -63.624  -3.365 0.6000000238
10668  1.330  -63.702  -3.731 0.6000000238
10669  0.788  -62.951  -3.803 0.6000000238
10702  9.707  -64.149  -6.533 0.5000000000
10717  10.640  -63.136  -7.031 0.4000000060
10736  9.485  -63.461  -8.723 0.6000000238
10751  9.252  -62.986  -9.550 0.6000000238
10752  8.521  -63.368  -9.793 0.6000000238
10768  7.934  -62.964  -10.304 0.5000000000
10769  7.111  -63.061  -10.419 0.6999999881
10770  5.997  -63.030  -10.549 0.6999999881
10772  4.101  -63.225  -10.742 0.8000000119
10805  8.428  -63.328  -12.586 0.5000000000
10806  7.506  -63.308  -12.723 0.5000000000
10807  4.587  -62.642  -12.877 0.6000000238
10822  5.198  -63.252  -13.572 0.6000000238
11422  10.806  -63.296  -4.405 0.3000000119
11425  0.281  -62.241  -4.088 0.6000000238
11519  4.960  -62.552  -11.068 0.6000000238
11520  4.334  -62.479  -11.503 0.6999999881
11548  8.392  -62.252  -12.388 0.5000000000
11550  6.218  -61.951  -12.222 0.6999999881
11551  5.154  -62.016  -12.271 0.6000000238
11552  4.285  -62.239  -12.119 0.6999999881
12131  3.232  -61.748  -3.965 0.6999999881
12149  2.440  -61.443  -4.310 0.6999999881
12164  3.477  -61.049  -5.792 0.6999999881
12166  1.785  -61.037  -4.444 0.6999999881
12183  5.319  -61.149  -6.708 0.6999999881
12184  4.599  -61.165  -6.556 0.6999999881
12247  6.794  -61.895  -11.338 0.5000000000
12266  6.660  -61.721  -11.842 0.6999999881
13752  4.692  -59.581  -5.951 0.6000000238
13768  6.709  -60.038  -6.838 0.3000000119
13769  6.209  -60.014  -7.545 0.6000000238
13771  4.626  -60.336  -6.865 0.6999999881
13772  4.002  -60.584  -6.325 0.6999999881
13811  5.897  -58.783  -8.308 0.6000000238
14562  3.461  -58.559  -3.602 0.5000000000
14587  7.280  -58.989  -5.509 0.3000000119
14616  6.603  -58.969  -7.772 0.6000000238
15509  5.377  -57.828  -4.888 0.6000000238
15537  5.700  -58.009  -8.177 0.5000000000
16467  5.478  -56.437  -4.537 0.5000000000
16533  7.703  -56.245  -8.690 0.3000000119
17435  5.488  -55.090  -5.946 0.6999999881
17459  6.252  -55.942  -8.039 0.4000000060
17474  6.772  -56.481  -8.578 0.4000000060
18371  6.245  -54.502  -6.730 0.5000000000
18372  5.735  -54.773  -6.347 0.6000000238
18373  5.566  -54.862  -6.040 0.6999999881
19218  7.719  -53.171  -4.666 0.3000000119
19232  5.844  -53.250  -5.489 0.4000000060
19251  5.641  -54.381  -5.820 0.6999999881
20117  9.094  -53.277  -2.618 0.3000000119
20139  7.558  -52.467  -3.482 0.3000000119
20140  5.171  -52.165  -3.960 0.6000000238
20149  6.802  -52.412  -4.675 0.4000000060
20150  5.927  -52.161  -4.827 0.5000000000
20160  6.173  -52.719  -5.272 0.4000000060
21093  7.179  -51.290  -3.405 0.4000000060
21106  5.205  -51.832  -3.941 0.6000000238
22051  6.029  -50.159  -3.632 0.4000000060
22052  5.516  -50.352  -3.491 0.5000000000
22063  5.251  -51.452  -3.794 0.5000000000
22944  7.584  -49.095  -0.999 0.3000000119
22972  6.534  -49.666  -3.108 0.5000000000
22974  5.681  -49.256  -2.589 0.5000000000
22987  5.537  -49.708  -3.031 0.5000000000
23878  5.724  -48.069  -1.826 0.4000000060
23891  6.075  -48.471  -2.324 0.4000000060
24823  5.920  -48.018  -2.006 0.4000000060
26702  5.546  -45.195  0.980 0.3000000119
105465  4.275  -65.780  -10.155 0.6000000238
106769  6.858  -60.871  -4.931 0.4000000060
106984  6.866  -72.317  -17.944 0.6000000238
107178  19.089  -69.016  -16.030 0.5000000000
107359  7.338  -72.306  -16.106 0.6000000238
108890  14.717  -80.837  1.472 0.3000000119
108927  3.676  -64.361  -11.068 0.6999999881
109331  11.315  -67.316  -11.191 0.5000000000
109470  15.791  -68.765  -3.745 0.6999999881
109613  18.000  -65.948  -3.518 0.5000000000
110452  14.305  -68.382  -12.932 0.6000000238
110865  8.682  -62.358  -2.944 0.4000000060
111092  17.627  -72.792  -7.177 0.6999999881
111817  13.554  -69.232  -5.282 0.6999999881
111825  12.200  -71.333  -18.124 0.6000000238
112014  1.888  -61.611  -3.884 0.6000000238
112079  5.642  -68.450  -17.054 0.5000000000
112644  21.521  -74.254  -1.042 0.3000000119
112724  2.905  -69.014  -18.601 0.5000000000
112744  8.963  -64.297  -7.763 0.6000000238
112784  8.319  -70.471  -10.661 0.5000000000
113060  10.830  -67.240  -6.645 0.6999999881
113552  10.678  -70.625  -18.348 0.6000000238
113755  6.728  -72.398  -11.897 0.6000000238
113882  18.937  -68.726  -14.503 0.5000000000
114483  16.514  -68.660  -11.944 0.5000000000
114956  6.792  -49.126  -2.543 0.4000000060
115220  19.665  -69.741  -2.701 0.6000000238
115242  1.957  -63.375  -3.527 0.6999999881
115330  17.284  -83.354  -0.186 0.4000000060
115550  7.190  -72.228  -14.154 0.5000000000
115889  6.815  -72.052  -15.018 0.6000000238
116102  11.977  -68.224  -13.821 0.5000000000
116206  6.610  -62.296  -10.884 0.6000000238
116285  6.317  -66.848  -14.872 0.6000000238
116522  7.022  -71.778  -18.535 0.5000000000
116569  19.472  -68.795  -15.484 0.5000000000
117133  21.961  -67.096  -4.248 0.5000000000
117614  3.318  -68.841  -8.958 0.5000000000
117695  6.980  -68.843  -16.996 0.6000000238
117798  3.642  -60.188  -5.758 0.6000000238
117909  7.101  -63.542  -3.467 0.6000000238
118100  14.282  -68.251  -3.999 0.8000000119
118149  9.161  -71.550  -7.103 0.5000000000
118155  2.253  -65.705  -5.038 0.6000000238
118427  22.237  -71.173  -3.566 0.5000000000
118431  3.980  -65.215  -14.170 0.6000000238
118473  11.720  -68.787  -5.051 0.5000000000
118728  7.192  -72.456  -17.129 0.6999999881
118771  7.891  -71.051  -18.553 0.5000000000
118799  15.565  -70.005  -17.284 0.6999999881
119695  7.126  -48.459  -1.597 0.3000000119
119837  15.678  -82.826  2.856 0.3000000119
119971  6.716  -70.795  -18.721 0.5000000000
120085  28.052  -72.017  -7.596 0.4000000060
120693  12.789  -78.935  1.585 0.5000000000
120833  17.009  -81.873  -1.797 0.4000000060
121137  20.085  -67.173  -2.482 0.6000000238
121150  9.210  -69.852  -11.326 0.6000000238
121627  -0.369  -62.352  -4.676 0.5000000000
121842  7.491  -65.013  -6.336 0.6999999881
122392  8.124  -70.053  -9.228 0.5000000000
122580  14.775  -68.443  -12.317 0.6000000238
122797  10.447  -68.129  -11.795 0.6999999881
123242  12.898  -67.347  -11.128 0.6000000238
123305  5.891  -71.753  -18.641 0.6000000238
123407  15.230  -71.391  -7.264 0.6999999881
123872  5.975  -62.181  -3.741 0.8000000119
124359  19.724  -74.846  -2.792 0.3000000119
124829  18.364  -81.216  -0.381 0.3000000119
124832  16.135  -84.055  -2.564 0.4000000060
124921  23.015  -75.135  0.268 0.3000000119
125008  12.231  -77.594  -3.582 0.4000000060
125074  15.096  -70.352  -16.839 0.6999999881
125078  3.246  -65.964  -7.560 0.6000000238
125176  27.301  -77.590  -7.344 0.6999999881
125548  5.484  -64.519  -3.586 0.8000000119
125856  21.112  -71.739  -4.271 0.6000000238
125911  6.157  -72.533  -12.933 0.6000000238
126484  12.037  -71.074  -18.410 0.6000000238
126611  12.884  -66.812  -4.561 0.6999999881
126773  16.912  -69.542  -17.169 0.5000000000
126894  5.945  -62.992  -13.185 0.6000000238
127027  17.040  -69.611  -16.532 0.5000000000
127042  10.126  -68.133  -10.794 0.6999999881
127237  5.556  -65.322  -6.158 0.8000000119
