#!ascii label  , from subject sub-v2s16x51243_ses-1 vox2ras=TkReg
1445
86753  -40.667  7.594  11.426 0.0000000000
90029  -50.486  11.712  -1.417 0.0000000000
138390  -47.121  15.025  15.798 0.0000000000
88351  -48.455  9.661  8.108 0.0000000000
81629  -48.694  1.488  12.727 0.0000000000
136670  -40.578  10.893  4.572 0.0000000000
94662  -46.090  18.109  1.876 0.0000000000
97229  -44.966  21.905  5.283 0.0000000000
80600  -41.626  1.280  16.517 0.0000000000
87543  -43.218  8.432  8.255 0.0000000000
133397  -44.833  10.964  7.137 0.0000000000
89920  -39.983  11.228  9.684 0.0000000000
135475  -53.937  15.859  12.337 0.0000000000
94586  -47.240  18.396  9.147 0.0000000000
95932  -51.861  20.459  4.819 0.0000000000
97277  -47.257  22.185  0.774 0.0000000000
124847  -51.480  21.788  5.429 0.0000000000
88477  -46.299  10.174  -4.010 0.0000000000
87498  -39.987  8.363  15.283 0.0000000000
123288  -41.386  12.398  14.766 0.0000000000
86776  -54.084  8.184  10.319 0.0000000000
85154  -48.455  5.263  9.285 0.0000000000
83535  -43.418  3.233  9.076 0.0000000000
119766  -42.786  0.479  12.913 0.0000000000
89239  -46.968  10.708  0.379 0.0000000000
89261  -42.206  10.878  -1.480 0.0000000000
93292  -42.134  16.941  9.941 0.0000000000
92665  -42.824  15.821  4.104 0.0000000000
121227  -42.130  14.679  -1.895 0.0000000000
92676  -43.085  16.643  1.062 0.0000000000
95291  -40.377  19.882  2.350 0.0000000000
86772  -41.849  7.515  9.021 0.0000000000
88319  -42.860  10.443  9.407 0.0000000000
128549  -40.375  9.592  10.853 0.0000000000
94579  -53.347  17.332  9.942 0.0000000000
94602  -52.305  17.570  8.481 0.0000000000
94627  -53.895  19.114  6.831 0.0000000000
119477  -53.637  22.091  3.157 0.0000000000
89280  -48.568  11.228  -3.007 0.0000000000
88274  -38.446  9.768  16.044 0.0000000000
88277  -41.566  9.178  16.406 0.0000000000
83526  -49.010  3.908  10.875 0.0000000000
84387  -46.484  4.255  9.277 0.0000000000
82599  -46.251  2.641  10.709 0.0000000000
80629  -42.387  0.346  14.690 0.0000000000
83499  -37.346  3.219  11.996 0.0000000000
85950  -36.674  6.191  12.642 0.0000000000
84352  -34.957  4.506  13.194 0.0000000000
89162  -49.014  10.663  6.895 0.0000000000
89176  -42.796  10.136  5.980 0.0000000000
89194  -45.496  9.966  4.086 0.0000000000
88402  -43.214  9.398  2.447 0.0000000000
88440  -44.326  9.885  -0.764 0.0000000000
88410  -41.677  9.905  1.687 0.0000000000
91959  -44.049  13.999  15.325 0.0000000000
125184  -42.192  15.226  12.907 0.0000000000
93248  -45.129  16.293  12.528 0.0000000000
138227  -46.543  19.655  5.341 0.0000000000
94624  -44.276  18.677  6.573 0.0000000000
94000  -44.962  17.290  2.907 0.0000000000
122424  -43.183  14.579  1.650 0.0000000000
135119  -44.757  16.254  0.154 0.0000000000
92687  -42.507  15.382  -1.102 0.0000000000
94668  -45.274  18.066  0.625 0.0000000000
121908  -46.125  22.364  3.688 0.0000000000
96638  -42.545  21.140  1.116 0.0000000000
97251  -42.499  22.447  3.482 0.0000000000
95942  -39.827  20.728  3.558 0.0000000000
124419  -41.604  22.533  5.003 0.0000000000
88348  -45.749  9.524  8.168 0.0000000000
89935  -46.901  11.033  8.387 0.0000000000
89118  -45.042  11.069  9.120 0.0000000000
89931  -42.826  11.251  8.768 0.0000000000
89950  -40.191  11.347  7.317 0.0000000000
92588  -50.668  15.532  14.559 0.0000000000
93263  -47.877  16.666  11.748 0.0000000000
93934  -50.036  16.912  10.141 0.0000000000
125810  -48.924  19.692  6.732 0.0000000000
95954  -48.098  20.269  3.176 0.0000000000
95985  -47.570  19.948  -0.236 0.0000000000
96633  -50.743  22.011  0.932 0.0000000000
97243  -48.921  22.563  3.343 0.0000000000
121125  -48.048  21.568  6.213 0.0000000000
87647  -43.682  9.203  -3.377 0.0000000000
86744  -40.732  7.822  12.864 0.0000000000
89086  -40.092  9.789  13.339 0.0000000000
88294  -41.951  8.835  14.842 0.0000000000
89080  -44.083  10.051  16.001 0.0000000000
90652  -47.041  11.825  17.240 0.0000000000
91315  -46.573  13.271  19.509 0.0000000000
120577  -49.834  13.097  18.429 0.0000000000
124962  -51.318  8.593  8.447 0.0000000000
128553  -51.418  6.706  9.634 0.0000000000
86785  -48.602  7.004  7.858 0.0000000000
86009  -46.336  6.565  7.516 0.0000000000
85183  -43.701  5.851  7.620 0.0000000000
81599  -48.576  0.881  14.160 0.0000000000
81567  -44.273  1.509  16.351 0.0000000000
80617  -45.021  0.610  14.959 0.0000000000
80662  -46.460  0.827  12.675 0.0000000000
81651  -43.327  1.680  10.797 0.0000000000
85965  -39.444  5.947  10.874 0.0000000000
91447  -51.711  13.976  -0.840 0.0000000000
89181  -47.735  10.663  5.320 0.0000000000
89995  -48.134  11.122  2.117 0.0000000000
90792  -49.183  13.411  -2.848 0.0000000000
90054  -46.942  12.114  -3.573 0.0000000000
90065  -43.931  12.188  -5.563 0.0000000000
89286  -41.958  12.168  -4.492 0.0000000000
90679  -39.247  12.376  11.592 0.0000000000
91987  -39.496  14.641  10.000 0.0000000000
92007  -40.124  15.183  7.060 0.0000000000
93944  -45.127  17.793  9.689 0.0000000000
93974  -42.475  17.429  6.819 0.0000000000
92027  -41.199  13.938  4.567 0.0000000000
90756  -41.539  12.683  1.718 0.0000000000
90026  -41.528  12.743  -2.178 0.0000000000
90789  -40.844  13.209  -2.973 0.0000000000
95974  -44.694  20.285  0.728 0.0000000000
94660  -42.065  18.679  2.567 0.0000000000
93328  -40.058  16.643  4.036 0.0000000000
93990  -38.938  17.807  4.093 0.0000000000
95274  -37.393  19.254  3.901 0.0000000000
86759  -41.333  7.447  9.896 0.0000000000
88317  -41.388  9.049  9.643 0.0000000000
88307  -40.407  8.834  11.169 0.0000000000
94591  -53.641  18.032  8.361 0.0000000000
94628  -54.095  19.933  6.393 0.0000000000
89281  -49.340  11.822  -2.868 0.0000000000
82588  -48.978  2.751  11.702 0.0000000000
83511  -47.776  3.074  10.999 0.0000000000
82570  -47.845  2.055  11.757 0.0000000000
124746  -37.082  2.460  12.441 0.0000000000
83497  -35.886  3.728  12.633 0.0000000000
125392  -50.014  10.024  8.158 0.0000000000
89143  -48.531  10.630  7.747 0.0000000000
88365  -41.140  9.913  4.887 0.0000000000
88379  -43.366  9.463  4.089 0.0000000000
88389  -41.577  9.602  3.487 0.0000000000
136110  -42.792  9.445  1.769 0.0000000000
89205  -40.853  10.439  3.194 0.0000000000
91961  -45.670  14.340  15.798 0.0000000000
117127  -45.009  15.404  14.098 0.0000000000
117115  -45.793  15.674  13.898 0.0000000000
95284  -46.279  19.135  3.665 0.0000000000
94645  -45.560  18.912  4.434 0.0000000000
94001  -45.604  17.730  2.333 0.0000000000
93336  -44.709  16.497  2.120 0.0000000000
94008  -45.460  17.189  1.088 0.0000000000
94015  -45.015  16.984  0.209 0.0000000000
94669  -46.170  18.183  0.783 0.0000000000
97240  -45.538  22.208  4.356 0.0000000000
97253  -44.202  22.509  3.243 0.0000000000
127319  -43.993  22.327  4.910 0.0000000000
97237  -42.106  22.581  4.322 0.0000000000
97228  -43.336  22.310  5.581 0.0000000000
87556  -45.089  8.527  7.666 0.0000000000
88332  -45.420  10.556  8.796 0.0000000000
87544  -43.876  9.464  8.568 0.0000000000
89921  -41.691  10.925  9.475 0.0000000000
89922  -42.955  11.081  9.454 0.0000000000
89930  -41.179  11.141  9.003 0.0000000000
89136  -41.008  10.759  7.511 0.0000000000
89928  -39.603  11.873  8.366 0.0000000000
139923  -52.373  15.578  13.238 0.0000000000
93253  -50.736  16.017  12.117 0.0000000000
93266  -51.316  16.236  11.298 0.0000000000
95255  -51.191  19.242  6.754 0.0000000000
94615  -49.822  18.643  7.862 0.0000000000
95254  -49.894  19.596  6.643 0.0000000000
95930  -48.770  20.367  5.169 0.0000000000
95945  -49.418  20.567  4.208 0.0000000000
95967  -50.033  21.433  1.338 0.0000000000
95956  -51.223  21.262  2.961 0.0000000000
96602  -52.743  21.953  4.714 0.0000000000
97245  -51.574  22.553  2.523 0.0000000000
135200  -50.095  22.111  4.691 0.0000000000
96612  -48.541  22.228  4.434 0.0000000000
96600  -49.275  21.696  5.644 0.0000000000
87649  -45.035  9.467  -3.941 0.0000000000
86737  -39.485  7.761  13.664 0.0000000000
126542  -40.741  8.430  14.015 0.0000000000
120889  -40.680  8.355  14.477 0.0000000000
133653  -42.419  10.014  17.175 0.0000000000
88278  -43.046  9.450  15.935 0.0000000000
88264  -44.347  10.086  16.685 0.0000000000
89883  -45.273  10.911  16.541 0.0000000000
89872  -45.821  10.695  17.254 0.0000000000
91926  -45.554  14.650  19.086 0.0000000000
91317  -48.633  12.707  19.255 0.0000000000
91319  -50.587  13.498  19.160 0.0000000000
92543  -51.988  14.792  18.146 0.0000000000
92531  -51.048  15.209  18.785 0.0000000000
87546  -52.204  8.934  8.597 0.0000000000
87532  -52.710  8.426  9.210 0.0000000000
85146  -51.462  5.699  10.764 0.0000000000
85156  -50.205  5.748  9.754 0.0000000000
85996  -50.074  7.066  8.462 0.0000000000
85174  -48.833  5.861  8.797 0.0000000000
86010  -47.075  6.583  7.633 0.0000000000
85172  -47.235  5.480  8.417 0.0000000000
83555  -44.778  3.852  8.773 0.0000000000
84416  -44.766  5.074  7.778 0.0000000000
84402  -43.453  4.500  8.202 0.0000000000
81566  -43.336  1.522  16.496 0.0000000000
120089  -44.160  0.470  14.793 0.0000000000
117859  -43.839  0.424  13.913 0.0000000000
80649  -45.322  0.524  13.330 0.0000000000
80673  -44.140  0.696  12.340 0.0000000000
81625  -44.789  1.268  11.682 0.0000000000
124471  -43.043  1.183  11.435 0.0000000000
85952  -38.666  6.750  12.015 0.0000000000
85956  -37.627  6.011  11.984 0.0000000000
91436  -52.703  13.800  0.505 0.0000000000
89141  -45.874  11.349  8.038 0.0000000000
89160  -46.736  10.894  6.792 0.0000000000
89179  -46.034  10.572  5.769 0.0000000000
89218  -46.009  10.052  2.058 0.0000000000
117802  -47.393  10.639  2.631 0.0000000000
89230  -47.294  10.744  1.158 0.0000000000
90018  -48.618  11.785  0.394 0.0000000000
90028  -48.299  11.961  -0.764 0.0000000000
90791  -48.466  12.820  -2.966 0.0000000000
90040  -46.828  11.297  -1.411 0.0000000000
88451  -43.656  10.106  -1.389 0.0000000000
125215  -44.951  10.972  -3.257 0.0000000000
89275  -42.953  11.681  -3.691 0.0000000000
90074  -43.033  12.260  -5.370 0.0000000000
90051  -42.127  12.428  -4.170 0.0000000000
89896  -39.929  10.787  13.600 0.0000000000
89898  -39.334  10.951  12.355 0.0000000000
90674  -39.792  12.566  13.173 0.0000000000
93258  -42.157  16.171  11.489 0.0000000000
92612  -40.645  15.108  11.711 0.0000000000
93276  -40.943  16.016  10.344 0.0000000000
92636  -39.578  15.073  8.701 0.0000000000
93305  -40.577  16.114  8.269 0.0000000000
125134  -47.145  17.766  9.913 0.0000000000
93931  -46.393  17.444  10.541 0.0000000000
94585  -45.659  18.378  9.067 0.0000000000
93983  -43.385  17.673  5.553 0.0000000000
93975  -43.171  17.842  6.501 0.0000000000
93321  -42.399  16.626  5.477 0.0000000000
93320  -41.706  16.109  5.749 0.0000000000
92664  -42.074  15.223  4.515 0.0000000000
91415  -41.764  13.565  3.062 0.0000000000
91416  -42.470  14.057  2.440 0.0000000000
92052  -43.348  15.062  -1.021 0.0000000000
91435  -42.955  14.487  -0.574 0.0000000000
90776  -41.662  13.815  -2.054 0.0000000000
90790  -41.005  13.535  -2.748 0.0000000000
91456  -41.390  14.011  -2.254 0.0000000000
90775  -40.620  13.295  -2.256 0.0000000000
92056  -41.800  14.574  -1.963 0.0000000000
92681  -43.258  16.148  -0.181 0.0000000000
92051  -41.840  15.183  -0.384 0.0000000000
96643  -47.717  21.532  0.127 0.0000000000
95984  -45.883  20.548  0.076 0.0000000000
96649  -45.077  21.342  0.293 0.0000000000
95971  -41.856  21.086  1.361 0.0000000000
95964  -41.875  20.743  1.448 0.0000000000
94659  -40.919  19.067  2.804 0.0000000000
93998  -41.252  17.245  3.347 0.0000000000
94652  -40.398  18.312  3.364 0.0000000000
93991  -39.595  17.205  4.154 0.0000000000
94651  -39.333  18.834  3.226 0.0000000000
96606  -39.652  21.267  4.534 0.0000000000
95275  -37.889  19.508  3.691 0.0000000000
95940  -37.719  19.863  4.365 0.0000000000
95263  -37.083  19.518  4.655 0.0000000000
87542  -42.399  8.442  8.742 0.0000000000
88329  -42.974  9.437  8.829 0.0000000000
88318  -42.185  9.350  9.206 0.0000000000
89099  -41.122  10.088  10.212 0.0000000000
89910  -39.754  10.945  10.441 0.0000000000
93293  -52.725  16.626  9.954 0.0000000000
93950  -53.733  16.920  9.858 0.0000000000
94616  -53.605  17.918  7.891 0.0000000000
95267  -52.770  19.862  5.669 0.0000000000
95947  -53.071  21.361  3.647 0.0000000000
95934  -54.415  20.896  4.764 0.0000000000
96603  -54.380  21.468  4.966 0.0000000000
88465  -46.986  10.233  -3.331 0.0000000000
88287  -39.233  8.868  15.815 0.0000000000
87487  -40.372  8.770  15.885 0.0000000000
88275  -39.583  9.690  16.290 0.0000000000
84377  -48.535  4.311  10.319 0.0000000000
85153  -47.655  5.049  9.062 0.0000000000
84376  -47.706  4.085  10.082 0.0000000000
83538  -46.105  3.610  9.685 0.0000000000
137352  -44.630  3.024  9.637 0.0000000000
137639  -41.897  0.610  15.961 0.0000000000
117392  -41.004  0.340  14.038 0.0000000000
132332  -38.021  3.712  11.461 0.0000000000
85124  -37.109  5.570  12.172 0.0000000000
84356  -36.792  4.757  12.175 0.0000000000
121770  -35.498  5.166  12.845 0.0000000000
89177  -43.996  10.277  5.823 0.0000000000
128925  -45.379  10.240  5.008 0.0000000000
88368  -43.987  9.755  4.818 0.0000000000
88392  -44.470  9.546  3.214 0.0000000000
89228  -45.709  10.058  1.136 0.0000000000
132483  -45.876  10.365  -0.195 0.0000000000
88427  -43.983  9.489  0.826 0.0000000000
88426  -43.144  9.523  0.368 0.0000000000
88424  -41.898  10.277  0.140 0.0000000000
91350  -42.992  13.019  15.434 0.0000000000
91971  -41.555  14.109  13.650 0.0000000000
137128  -42.809  14.630  13.921 0.0000000000
123013  -43.500  15.573  13.016 0.0000000000
93259  -43.474  16.404  11.724 0.0000000000
95239  -46.686  19.517  7.099 0.0000000000
94613  -45.342  19.098  7.489 0.0000000000
95251  -45.645  19.404  6.094 0.0000000000
93984  -44.032  18.083  5.154 0.0000000000
93335  -43.716  16.148  3.318 0.0000000000
92671  -43.259  15.402  3.117 0.0000000000
93341  -44.049  15.801  2.215 0.0000000000
92677  -44.316  15.647  1.052 0.0000000000
92053  -43.673  15.474  -0.503 0.0000000000
92694  -42.735  15.292  -1.428 0.0000000000
93352  -44.203  16.246  -0.491 0.0000000000
93346  -43.981  16.521  -0.162 0.0000000000
94014  -44.577  17.155  0.429 0.0000000000
97268  -46.481  22.446  1.925 0.0000000000
97275  -44.862  22.106  1.058 0.0000000000
97266  -44.521  22.356  2.186 0.0000000000
97264  -42.816  22.052  2.567 0.0000000000
96629  -41.368  21.225  1.809 0.0000000000
95953  -40.188  20.439  2.604 0.0000000000
96619  -40.617  21.164  3.233 0.0000000000
96607  -40.331  21.690  4.137 0.0000000000
96594  -40.068  21.950  5.030 0.0000000000
88350  -47.606  9.574  8.048 0.0000000000
89121  -47.310  10.837  8.278 0.0000000000
88333  -46.280  10.503  8.570 0.0000000000
89119  -45.877  11.018  8.883 0.0000000000
89140  -45.030  11.337  8.350 0.0000000000
89110  -43.422  11.004  9.519 0.0000000000
89941  -43.739  11.335  8.668 0.0000000000
89139  -44.193  11.338  8.073 0.0000000000
89157  -42.454  10.549  6.825 0.0000000000
89156  -41.331  10.519  6.599 0.0000000000
89960  -40.302  11.214  5.952 0.0000000000
92577  -48.738  15.439  15.454 0.0000000000
92597  -47.752  15.984  13.875 0.0000000000
93244  -49.054  16.095  13.137 0.0000000000
93264  -48.819  16.536  11.656 0.0000000000
93946  -48.290  17.618  9.873 0.0000000000
93948  -50.870  17.075  9.492 0.0000000000
94600  -49.084  18.401  8.511 0.0000000000
95227  -47.735  19.207  7.982 0.0000000000
138565  -47.699  19.974  6.018 0.0000000000
95276  -46.999  19.851  4.752 0.0000000000
95296  -47.499  19.663  2.278 0.0000000000
139675  -47.244  19.243  0.379 0.0000000000
95965  -48.318  20.229  1.500 0.0000000000
96644  -49.218  21.352  0.431 0.0000000000
97279  -49.504  22.089  0.562 0.0000000000
96635  -52.276  22.322  2.407 0.0000000000
118825  -49.928  22.582  1.968 0.0000000000
97257  -48.618  22.599  2.376 0.0000000000
97242  -47.948  22.331  4.020 0.0000000000
96610  -46.773  21.878  4.957 0.0000000000
96597  -46.452  21.618  5.734 0.0000000000
86750  -40.492  7.728  12.137 0.0000000000
88301  -40.263  8.740  11.927 0.0000000000
129702  -40.899  7.995  13.330 0.0000000000
89082  -40.583  9.735  14.070 0.0000000000
89893  -41.299  10.717  14.806 0.0000000000
87500  -41.977  8.748  15.345 0.0000000000
89078  -42.620  9.715  15.404 0.0000000000
90666  -42.046  11.801  15.304 0.0000000000
90668  -43.632  12.326  15.834 0.0000000000
91344  -45.933  12.660  16.552 0.0000000000
116870  -47.039  13.698  16.748 0.0000000000
140900  -45.193  11.585  18.600 0.0000000000
89855  -47.189  11.529  18.154 0.0000000000
90654  -48.212  12.334  18.109 0.0000000000
130984  -48.375  14.308  16.947 0.0000000000
116918  -50.650  15.231  16.383 0.0000000000
92579  -51.999  15.404  16.294 0.0000000000
92590  -53.418  15.830  14.678 0.0000000000
88337  -50.734  9.444  8.246 0.0000000000
122409  -49.954  9.158  8.140 0.0000000000
85969  -52.669  6.572  10.853 0.0000000000
85981  -52.337  7.050  9.990 0.0000000000
86773  -50.971  7.182  8.893 0.0000000000
130654  -49.974  8.083  8.032 0.0000000000
87559  -48.083  8.582  7.693 0.0000000000
132812  -47.634  7.796  7.539 0.0000000000
86794  -45.795  7.219  7.379 0.0000000000
86792  -44.378  7.404  7.493 0.0000000000
85171  -46.439  5.334  8.233 0.0000000000
131732  -44.509  6.305  7.500 0.0000000000
86784  -43.426  7.420  7.753 0.0000000000
86782  -42.230  6.802  8.506 0.0000000000
81568  -45.837  1.870  16.338 0.0000000000
80602  -43.764  0.884  16.055 0.0000000000
81582  -45.261  1.148  15.777 0.0000000000
81583  -46.374  1.244  15.520 0.0000000000
80619  -47.087  0.925  14.832 0.0000000000
80651  -47.187  0.734  13.354 0.0000000000
81628  -47.227  1.124  12.537 0.0000000000
81641  -46.289  1.716  11.604 0.0000000000
82597  -44.578  2.269  10.502 0.0000000000
82615  -43.092  2.737  9.496 0.0000000000
123752  -40.596  7.012  11.057 0.0000000000
85953  -39.578  6.965  11.828 0.0000000000
86748  -39.236  7.262  12.440 0.0000000000
86736  -38.500  7.761  13.978 0.0000000000
87502  -38.194  7.933  14.870 0.0000000000
90761  -54.219  13.482  0.423 0.0000000000
90781  -52.994  13.748  -1.015 0.0000000000
118218  -51.645  13.955  -1.879 0.0000000000
89142  -47.594  10.953  8.040 0.0000000000
89182  -48.510  10.688  5.938 0.0000000000
125105  -46.283  10.366  4.728 0.0000000000
89209  -47.581  10.614  3.554 0.0000000000
89997  -49.642  11.672  2.504 0.0000000000
90768  -50.046  12.628  0.735 0.0000000000
90779  -50.541  13.501  -0.775 0.0000000000
90805  -50.381  13.941  -2.792 0.0000000000
90069  -48.895  12.986  -3.777 0.0000000000
90080  -48.045  12.525  -4.296 0.0000000000
90078  -46.487  11.711  -4.451 0.0000000000
89264  -45.486  10.716  -2.178 0.0000000000
89277  -45.406  11.576  -4.283 0.0000000000
88487  -45.196  11.039  -5.316 0.0000000000
88485  -43.665  11.128  -5.224 0.0000000000
88473  -42.410  10.996  -4.258 0.0000000000
88472  -41.641  11.247  -3.725 0.0000000000
88299  -39.805  9.699  12.059 0.0000000000
89097  -39.578  10.641  11.145 0.0000000000
90686  -39.195  12.287  10.764 0.0000000000
91364  -40.183  13.931  12.516 0.0000000000
91979  -39.374  14.055  10.748 0.0000000000
139904  -39.104  13.172  9.567 0.0000000000
91386  -39.256  13.332  8.106 0.0000000000
91391  -39.497  13.459  7.224 0.0000000000
91398  -40.198  13.120  5.605 0.0000000000
93249  -46.061  16.448  12.373 0.0000000000
93911  -44.966  16.946  11.085 0.0000000000
93928  -43.752  17.299  10.219 0.0000000000
94596  -44.487  18.475  8.321 0.0000000000
93957  -43.234  17.952  8.304 0.0000000000
93955  -41.851  17.190  8.715 0.0000000000
93311  -40.723  15.903  7.040 0.0000000000
92655  -40.729  14.662  5.719 0.0000000000
90722  -40.485  12.292  4.541 0.0000000000
89993  -40.848  11.578  3.003 0.0000000000
123607  -41.538  11.043  0.055 0.0000000000
91425  -42.694  14.084  1.093 0.0000000000
90767  -41.858  13.054  -0.473 0.0000000000
138143  -41.745  11.703  -1.156 0.0000000000
90038  -41.137  13.023  -3.100 0.0000000000
89273  -41.443  12.270  -3.818 0.0000000000
92057  -42.201  15.164  -1.550 0.0000000000
94674  -46.432  18.767  0.460 0.0000000000
95302  -45.460  19.118  0.574 0.0000000000
94007  -43.713  17.936  1.455 0.0000000000
95973  -43.544  20.841  0.788 0.0000000000
95300  -43.022  20.297  1.443 0.0000000000
94006  -42.904  17.852  2.178 0.0000000000
93334  -41.343  16.302  3.114 0.0000000000
93333  -40.665  16.478  3.642 0.0000000000
92026  -39.443  14.740  4.027 0.0000000000
94650  -38.500  19.026  3.219 0.0000000000
94649  -37.868  19.080  3.483 0.0000000000
141723  -45.930  21.745  7.629 0.0000000000
96564  -44.154  21.870  7.006 0.0000000000
120298  -42.924  22.295  6.856 0.0000000000
129003  -41.820  22.547  6.748 0.0000000000
97215  -40.146  22.506  6.477 0.0000000000
86758  -40.995  7.496  10.711 0.0000000000
87519  -41.227  8.146  10.223 0.0000000000
87518  -40.881  8.060  10.981 0.0000000000
90043  -50.070  12.424  -2.545 0.0000000000
82572  -49.300  2.175  12.333 0.0000000000
82589  -49.878  2.856  11.911 0.0000000000
82571  -48.493  2.086  12.017 0.0000000000
82587  -48.179  2.628  11.495 0.0000000000
134411  -36.436  2.447  12.800 0.0000000000
123897  -48.560  10.259  8.164 0.0000000000
89123  -49.128  10.343  8.003 0.0000000000
133703  -41.595  9.675  4.693 0.0000000000
88377  -41.314  9.734  4.226 0.0000000000
88376  -41.046  9.896  3.621 0.0000000000
89192  -40.838  10.272  4.251 0.0000000000
91962  -46.567  14.592  16.021 0.0000000000
92575  -46.037  15.015  15.251 0.0000000000
92585  -46.360  15.499  14.537 0.0000000000
94656  -46.252  18.657  2.657 0.0000000000
94655  -45.770  18.449  3.177 0.0000000000
94009  -45.885  17.715  1.129 0.0000000000
121838  -44.633  22.408  4.186 0.0000000000
97219  -44.093  21.872  5.992 0.0000000000
87555  -44.178  8.380  7.797 0.0000000000
88347  -44.832  9.528  8.379 0.0000000000
125168  -40.763  11.034  9.414 0.0000000000
89115  -40.675  11.056  8.213 0.0000000000
89929  -40.137  11.340  8.833 0.0000000000
130395  -53.288  15.692  12.542 0.0000000000
93254  -52.274  15.733  11.873 0.0000000000
93267  -52.777  16.215  11.215 0.0000000000
95266  -51.636  19.786  5.935 0.0000000000
95920  -50.464  20.152  5.738 0.0000000000
95931  -49.619  20.424  5.161 0.0000000000
118576  -50.563  20.639  4.397 0.0000000000
141497  -50.235  20.787  3.652 0.0000000000
95946  -51.853  21.077  3.699 0.0000000000
121469  -51.599  22.249  4.321 0.0000000000
96601  -50.462  21.757  5.510 0.0000000000
88464  -46.313  9.439  -2.995 0.0000000000
134555  -45.827  8.956  -2.684 0.0000000000
87642  -45.177  8.795  -2.892 0.0000000000
88463  -45.718  9.403  -3.468 0.0000000000
87503  -39.477  8.037  14.500 0.0000000000
89061  -43.297  10.128  17.351 0.0000000000
141598  -43.915  10.252  17.437 0.0000000000
89063  -45.061  10.295  16.983 0.0000000000
89047  -44.303  10.618  17.758 0.0000000000
92521  -49.730  14.497  19.298 0.0000000000
92522  -50.884  14.357  19.129 0.0000000000
87534  -54.635  8.799  9.763 0.0000000000
87533  -53.602  8.623  9.551 0.0000000000
86775  -53.122  7.788  9.989 0.0000000000
85979  -49.699  6.174  9.013 0.0000000000
85173  -48.025  5.646  8.609 0.0000000000
83554  -43.873  3.807  8.612 0.0000000000
84403  -44.346  4.469  8.236 0.0000000000
84401  -42.672  4.597  8.329 0.0000000000
83553  -42.927  3.842  8.560 0.0000000000
81565  -42.449  1.603  16.618 0.0000000000
80660  -43.541  0.459  13.031 0.0000000000
80648  -44.444  0.478  13.177 0.0000000000
80672  -43.150  0.699  12.177 0.0000000000
85141  -38.373  4.962  11.297 0.0000000000
85131  -38.459  5.477  11.374 0.0000000000
85130  -37.845  5.392  11.668 0.0000000000
89998  -50.376  11.895  2.660 0.0000000000
89159  -45.854  10.927  6.865 0.0000000000
89229  -46.506  10.398  1.188 0.0000000000
89219  -46.895  10.473  1.907 0.0000000000
90017  -47.727  11.290  0.357 0.0000000000
90027  -47.339  11.315  -0.565 0.0000000000
89252  -46.544  10.699  -0.382 0.0000000000
88450  -42.928  10.358  -1.485 0.0000000000
89262  -43.407  10.662  -2.370 0.0000000000
89274  -42.491  11.572  -2.708 0.0000000000
124815  -40.750  11.731  14.497 0.0000000000
90675  -40.026  11.767  13.809 0.0000000000
140865  -40.572  12.746  13.986 0.0000000000
93277  -42.344  16.608  10.692 0.0000000000
93257  -41.515  16.173  10.907 0.0000000000
130141  -41.574  16.506  10.165 0.0000000000
93299  -40.815  16.262  9.087 0.0000000000
93291  -41.568  16.792  9.360 0.0000000000
135556  -46.506  18.266  9.329 0.0000000000
93329  -43.335  16.619  4.285 0.0000000000
93322  -42.989  17.056  5.082 0.0000000000
136205  -42.751  16.424  4.772 0.0000000000
92657  -42.269  15.931  4.960 0.0000000000
92029  -42.520  14.951  3.726 0.0000000000
92035  -42.153  14.248  3.394 0.0000000000
91446  -42.854  14.951  -1.579 0.0000000000
139198  -41.045  13.636  -2.740 0.0000000000
91457  -42.521  15.057  -1.710 0.0000000000
92675  -42.423  15.982  1.186 0.0000000000
93340  -42.131  16.631  2.420 0.0000000000
96642  -46.596  21.595  0.089 0.0000000000
96641  -45.391  21.745  0.398 0.0000000000
95963  -41.118  20.928  1.643 0.0000000000
95292  -41.176  20.043  2.009 0.0000000000
95283  -39.918  19.370  2.826 0.0000000000
95928  -38.998  20.858  4.857 0.0000000000
87530  -41.854  8.477  9.191 0.0000000000
89107  -40.858  10.621  9.964 0.0000000000
89098  -40.213  10.245  10.747 0.0000000000
93936  -54.070  16.923  10.283 0.0000000000
94604  -53.794  17.996  8.071 0.0000000000
94603  -53.470  17.821  8.428 0.0000000000
94626  -53.373  18.578  7.083 0.0000000000
95256  -52.483  19.099  6.570 0.0000000000
95257  -53.511  19.311  6.453 0.0000000000
95268  -53.855  20.119  5.561 0.0000000000
94636  -53.998  19.743  6.257 0.0000000000
95910  -54.409  20.826  6.305 0.0000000000
95921  -54.546  20.871  5.528 0.0000000000
96586  -54.214  21.673  5.625 0.0000000000
89267  -48.709  10.668  -1.985 0.0000000000
89266  -48.123  10.454  -2.408 0.0000000000
89279  -47.846  10.721  -3.192 0.0000000000
83525  -48.161  3.675  10.626 0.0000000000
82600  -47.013  2.840  10.810 0.0000000000
83523  -46.553  3.257  10.299 0.0000000000
83522  -45.742  3.016  10.179 0.0000000000
83537  -45.180  3.366  9.510 0.0000000000
81635  -38.738  1.934  11.656 0.0000000000
82582  -38.217  2.729  11.574 0.0000000000
84357  -37.314  4.174  11.812 0.0000000000
83498  -36.631  3.918  12.263 0.0000000000
85120  -34.840  5.290  13.395 0.0000000000
88367  -43.015  9.688  5.067 0.0000000000
88391  -43.637  9.429  3.178 0.0000000000
88380  -44.054  9.504  3.709 0.0000000000
88403  -44.231  9.458  2.374 0.0000000000
88414  -45.103  9.693  1.785 0.0000000000
88428  -44.921  9.713  0.955 0.0000000000
88413  -44.385  9.512  1.545 0.0000000000
88411  -42.111  9.594  1.877 0.0000000000
139942  -43.136  9.451  1.146 0.0000000000
119941  -42.238  9.669  0.971 0.0000000000
88425  -42.506  9.813  -0.058 0.0000000000
139562  -41.667  10.249  0.874 0.0000000000
91358  -43.326  13.796  15.082 0.0000000000
91965  -43.016  14.270  14.465 0.0000000000
91966  -43.724  14.431  14.684 0.0000000000
123763  -45.116  15.791  13.368 0.0000000000
92594  -43.809  15.350  13.574 0.0000000000
92607  -44.266  15.819  12.963 0.0000000000
92606  -43.530  15.976  12.446 0.0000000000
93247  -44.210  16.331  12.146 0.0000000000
95252  -46.413  19.613  6.137 0.0000000000
95238  -45.845  19.437  6.872 0.0000000000
95264  -45.910  19.415  5.372 0.0000000000
94654  -45.138  18.095  3.700 0.0000000000
94644  -44.768  18.439  4.803 0.0000000000
93993  -44.412  17.707  4.183 0.0000000000
93992  -43.687  17.356  4.659 0.0000000000
93999  -44.123  16.917  3.642 0.0000000000
93342  -45.036  16.601  0.493 0.0000000000
140951  -44.707  16.120  1.163 0.0000000000
92682  -44.359  15.889  -0.169 0.0000000000
92689  -43.908  16.007  -0.617 0.0000000000
92683  -44.442  16.329  -0.308 0.0000000000
93347  -44.559  16.403  -0.213 0.0000000000
124849  -45.990  22.499  2.815 0.0000000000
97267  -45.461  22.419  1.998 0.0000000000
97254  -45.204  22.482  3.236 0.0000000000
97252  -43.345  22.503  3.356 0.0000000000
97265  -43.637  22.209  2.377 0.0000000000
96621  -42.004  21.821  2.711 0.0000000000
96620  -41.264  21.529  2.908 0.0000000000
97250  -41.673  22.270  3.557 0.0000000000
97236  -41.381  22.432  4.205 0.0000000000
97235  -40.807  22.299  4.701 0.0000000000
97226  -41.124  22.486  5.527 0.0000000000
88349  -46.689  9.516  8.022 0.0000000000
88334  -47.098  10.435  8.368 0.0000000000
89933  -45.481  11.152  8.844 0.0000000000
89942  -44.543  11.229  9.024 0.0000000000
88330  -43.672  10.523  9.233 0.0000000000
89932  -43.694  11.156  9.317 0.0000000000
89138  -43.196  11.162  7.842 0.0000000000
89158  -43.598  10.725  6.929 0.0000000000
89137  -42.019  10.809  7.657 0.0000000000
89135  -40.476  11.036  7.528 0.0000000000
89155  -40.483  10.906  6.799 0.0000000000
124933  -40.697  10.660  6.003 0.0000000000
131358  -40.096  11.620  6.847 0.0000000000
92587  -49.229  15.648  14.585 0.0000000000
92598  -48.663  15.916  13.879 0.0000000000
92599  -49.722  15.729  13.737 0.0000000000
93265  -49.942  16.397  11.490 0.0000000000
93280  -49.365  16.706  10.865 0.0000000000
93933  -48.857  17.196  10.381 0.0000000000
93947  -49.405  17.405  9.690 0.0000000000
93949  -52.693  16.843  9.537 0.0000000000
93959  -51.673  17.284  8.964 0.0000000000
136548  -49.477  19.299  7.291 0.0000000000
95241  -48.584  19.252  7.655 0.0000000000
95240  -47.554  19.495  7.335 0.0000000000
117746  -48.057  19.740  6.725 0.0000000000
95944  -48.374  20.405  4.297 0.0000000000
95929  -47.809  20.202  5.195 0.0000000000
95943  -47.630  20.173  4.274 0.0000000000
120917  -47.107  19.686  3.638 0.0000000000
95966  -49.144  20.643  2.115 0.0000000000
95976  -49.121  20.857  0.725 0.0000000000
95977  -49.911  21.715  0.659 0.0000000000
97283  -49.351  21.760  0.429 0.0000000000
97280  -50.235  22.186  0.862 0.0000000000
95958  -53.491  22.121  2.899 0.0000000000
96624  -52.882  22.057  2.561 0.0000000000
96625  -52.971  22.277  2.730 0.0000000000
97244  -50.335  22.677  2.894 0.0000000000
97258  -51.067  22.551  2.114 0.0000000000
97256  -47.795  22.523  3.222 0.0000000000
96599  -48.327  21.793  5.361 0.0000000000
96611  -47.631  22.027  4.764 0.0000000000
96598  -47.320  21.641  5.689 0.0000000000
87641  -44.367  8.615  -2.648 0.0000000000
87640  -42.891  9.093  -2.671 0.0000000000
87511  -40.702  7.864  12.627 0.0000000000
131642  -40.940  8.512  14.335 0.0000000000
88297  -40.738  8.593  13.836 0.0000000000
88293  -41.242  8.820  14.394 0.0000000000
89083  -41.312  9.669  14.553 0.0000000000
87488  -41.334  8.755  15.915 0.0000000000
133947  -41.876  8.885  16.064 0.0000000000
88290  -43.531  9.762  15.900 0.0000000000
88289  -42.696  9.392  15.579 0.0000000000
89079  -43.387  9.914  15.706 0.0000000000
89888  -42.791  10.868  15.538 0.0000000000
90667  -42.838  12.041  15.599 0.0000000000
89889  -43.732  10.979  15.867 0.0000000000
90662  -46.000  11.517  16.694 0.0000000000
90661  -45.053  12.394  16.359 0.0000000000
91954  -46.140  13.652  16.416 0.0000000000
91345  -46.711  12.744  16.847 0.0000000000
91911  -46.001  14.142  19.509 0.0000000000
90619  -45.103  12.544  19.206 0.0000000000
90620  -46.223  12.441  19.193 0.0000000000
90639  -45.992  11.586  18.638 0.0000000000
90621  -47.236  12.330  19.089 0.0000000000
91330  -49.908  12.813  18.960 0.0000000000
90642  -48.800  12.486  18.707 0.0000000000
116869  -49.074  12.745  18.358 0.0000000000
91346  -47.943  13.637  17.181 0.0000000000
91347  -49.009  13.487  17.640 0.0000000000
91956  -49.242  14.466  17.101 0.0000000000
91957  -50.367  14.637  17.260 0.0000000000
92562  -52.519  15.555  17.097 0.0000000000
92561  -51.636  14.949  17.409 0.0000000000
92580  -52.964  15.757  15.861 0.0000000000
92581  -53.355  16.009  15.432 0.0000000000
118557  -53.379  9.925  8.581 0.0000000000
88338  -51.559  9.595  8.312 0.0000000000
87545  -50.545  8.619  8.250 0.0000000000
85157  -51.031  6.031  10.074 0.0000000000
85147  -52.132  6.005  10.981 0.0000000000
85968  -51.847  6.328  10.415 0.0000000000
86760  -53.022  7.175  10.575 0.0000000000
86774  -51.717  7.418  9.218 0.0000000000
85995  -49.135  6.635  8.365 0.0000000000
86786  -49.227  7.496  7.947 0.0000000000
86797  -49.084  8.619  7.840 0.0000000000
86796  -48.393  7.699  7.670 0.0000000000
86795  -46.820  7.413  7.453 0.0000000000
86793  -45.153  7.694  7.436 0.0000000000
86007  -44.972  6.892  7.398 0.0000000000
84405  -46.892  4.821  8.808 0.0000000000
123065  -46.075  4.660  8.603 0.0000000000
84415  -43.928  5.052  7.689 0.0000000000
85184  -44.417  5.602  7.594 0.0000000000
86006  -43.920  6.711  7.532 0.0000000000
86005  -43.205  6.476  7.738 0.0000000000
126907  -42.770  6.899  8.013 0.0000000000
85992  -42.577  6.228  8.134 0.0000000000
131107  -44.413  2.600  16.979 0.0000000000
82532  -45.259  2.721  16.917 0.0000000000
82533  -46.142  2.764  16.833 0.0000000000
127989  -45.035  1.911  16.475 0.0000000000
80614  -42.063  0.430  15.476 0.0000000000
131299  -42.357  0.688  16.042 0.0000000000
80615  -42.817  0.464  15.417 0.0000000000
80603  -44.368  0.765  15.616 0.0000000000
80618  -45.763  0.770  15.075 0.0000000000
137371  -46.370  0.763  14.764 0.0000000000
80661  -45.768  0.671  12.765 0.0000000000
80650  -46.200  0.591  13.379 0.0000000000
81611  -47.965  1.017  12.984 0.0000000000
81627  -46.575  1.292  12.128 0.0000000000
81626  -45.779  1.132  12.082 0.0000000000
81652  -44.237  1.710  10.977 0.0000000000
81653  -44.929  1.851  11.018 0.0000000000
128156  -43.879  2.136  10.438 0.0000000000
82616  -44.015  2.678  9.764 0.0000000000
82596  -43.210  2.276  10.072 0.0000000000
85143  -39.923  5.326  10.278 0.0000000000
85966  -40.224  6.282  10.537 0.0000000000
133456  -39.883  6.635  11.215 0.0000000000
136011  -40.322  7.271  11.678 0.0000000000
137432  -37.273  6.264  12.390 0.0000000000
86735  -37.506  7.678  14.241 0.0000000000
86730  -37.255  7.834  15.054 0.0000000000
87496  -37.736  8.316  15.364 0.0000000000
90010  -54.389  12.694  1.056 0.0000000000
91438  -54.208  13.703  1.125 0.0000000000
90770  -51.771  13.639  0.303 0.0000000000
136486  -53.382  14.192  -0.099 0.0000000000
91448  -52.844  14.155  -0.624 0.0000000000
90796  -52.326  14.037  -1.387 0.0000000000
91460  -52.258  14.108  -1.418 0.0000000000
89180  -46.899  10.615  5.593 0.0000000000
89161  -47.594  10.760  6.388 0.0000000000
118738  -46.274  10.238  3.879 0.0000000000
89220  -48.252  11.028  2.995 0.0000000000
89996  -48.874  11.446  2.368 0.0000000000
90009  -49.443  11.876  1.662 0.0000000000
90777  -49.102  12.974  -1.450 0.0000000000
118649  -49.431  12.623  -0.232 0.0000000000
90778  -49.850  13.431  -1.394 0.0000000000
91458  -50.838  13.973  -1.833 0.0000000000
124212  -49.784  13.663  -2.969 0.0000000000
90804  -49.562  13.428  -3.082 0.0000000000
90055  -47.649  12.507  -3.286 0.0000000000
90802  -48.205  12.880  -4.005 0.0000000000
90811  -48.080  12.672  -4.200 0.0000000000
90079  -47.741  12.144  -4.450 0.0000000000
90810  -47.673  12.402  -4.303 0.0000000000
88441  -45.248  10.131  -0.436 0.0000000000
89251  -45.950  10.588  -1.134 0.0000000000
89250  -45.108  10.322  -1.233 0.0000000000
89289  -44.450  11.575  -4.407 0.0000000000
90066  -44.914  11.933  -5.394 0.0000000000
90077  -44.903  11.917  -5.367 0.0000000000
90076  -44.385  12.217  -6.037 0.0000000000
88486  -44.402  10.860  -5.283 0.0000000000
89297  -44.020  11.967  -6.108 0.0000000000
90063  -42.544  12.238  -4.774 0.0000000000
89287  -42.574  12.108  -5.130 0.0000000000
88296  -40.447  8.695  12.831 0.0000000000
126883  -39.226  11.684  12.026 0.0000000000
89901  -39.258  11.044  11.634 0.0000000000
123866  -39.243  11.735  11.362 0.0000000000
89909  -39.328  11.384  10.912 0.0000000000
91970  -40.818  14.092  13.124 0.0000000000
91976  -40.766  14.605  12.460 0.0000000000
91988  -39.864  14.882  10.619 0.0000000000
91975  -39.951  14.602  11.329 0.0000000000
91366  -39.116  13.191  10.334 0.0000000000
91374  -39.147  13.887  9.827 0.0000000000
90698  -39.241  12.647  8.845 0.0000000000
91380  -39.088  13.642  9.008 0.0000000000
92642  -39.622  14.955  7.855 0.0000000000
125632  -39.357  14.101  7.738 0.0000000000
92006  -39.667  14.397  7.118 0.0000000000
91397  -39.820  13.175  6.400 0.0000000000
121243  -40.241  13.907  5.950 0.0000000000
93242  -47.502  16.291  13.134 0.0000000000
93241  -46.706  16.355  12.843 0.0000000000
93250  -47.348  16.509  12.359 0.0000000000
93930  -45.486  17.422  10.447 0.0000000000
93912  -45.924  17.066  11.146 0.0000000000
93929  -44.610  17.379  10.319 0.0000000000
93279  -44.167  17.017  10.788 0.0000000000
93943  -44.243  17.697  9.576 0.0000000000
135859  -45.031  18.726  8.023 0.0000000000
94612  -44.502  18.723  7.425 0.0000000000
93967  -43.015  17.877  7.503 0.0000000000
93956  -42.511  17.540  8.308 0.0000000000
93966  -42.301  17.415  7.547 0.0000000000
93965  -41.768  17.119  7.993 0.0000000000
93973  -41.805  17.046  7.147 0.0000000000
92020  -41.379  14.715  5.002 0.0000000000
92656  -41.222  15.356  5.677 0.0000000000
91403  -40.636  13.195  4.790 0.0000000000
90723  -40.893  13.048  4.128 0.0000000000
90733  -40.727  12.241  3.710 0.0000000000
90734  -41.226  13.094  3.522 0.0000000000
125759  -41.143  11.960  2.303 0.0000000000
90006  -41.323  11.806  1.560 0.0000000000
90016  -41.519  11.870  0.490 0.0000000000
92036  -42.851  14.718  2.810 0.0000000000
91445  -42.445  14.210  -1.368 0.0000000000
122912  -41.733  12.332  -0.922 0.0000000000
89260  -41.677  11.910  -2.130 0.0000000000
90049  -40.825  12.937  -3.200 0.0000000000
90800  -40.991  13.113  -3.088 0.0000000000
89272  -40.866  12.236  -3.179 0.0000000000
90037  -40.526  12.563  -2.748 0.0000000000
92688  -43.262  15.595  -0.905 0.0000000000
91433  -40.433  13.852  0.276 0.0000000000
92050  -41.363  14.544  -0.665 0.0000000000
94670  -46.722  18.801  0.672 0.0000000000
95311  -47.135  19.255  0.113 0.0000000000
95983  -45.030  20.764  0.369 0.0000000000
95309  -45.585  19.835  0.451 0.0000000000
95301  -44.335  19.579  1.198 0.0000000000
94667  -44.287  18.460  1.261 0.0000000000
96632  -43.926  21.898  1.287 0.0000000000
96640  -44.430  21.611  0.641 0.0000000000
96639  -43.390  21.248  0.830 0.0000000000
95293  -42.429  19.633  1.939 0.0000000000
94661  -43.190  18.606  2.028 0.0000000000
94005  -42.103  17.598  2.760 0.0000000000
93997  -40.260  17.337  3.764 0.0000000000
92663  -40.168  15.934  3.933 0.0000000000
92668  -40.078  15.111  3.628 0.0000000000
92662  -39.671  15.498  4.173 0.0000000000
93327  -39.497  16.321  4.378 0.0000000000
129795  -39.009  17.089  4.463 0.0000000000
93989  -38.114  17.588  4.574 0.0000000000
95952  -39.508  20.078  2.791 0.0000000000
95282  -39.154  19.590  3.001 0.0000000000
95951  -39.017  20.103  3.319 0.0000000000
94641  -37.337  18.790  4.013 0.0000000000
93988  -37.072  18.014  4.744 0.0000000000
97204  -44.430  22.267  7.784 0.0000000000
97218  -43.462  22.105  6.549 0.0000000000
97203  -43.460  22.392  7.519 0.0000000000
97216  -41.041  22.580  6.449 0.0000000000
87529  -41.570  8.115  9.578 0.0000000000
88308  -40.741  8.947  10.392 0.0000000000
94590  -53.066  17.461  9.163 0.0000000000
95230  -53.837  19.159  7.436 0.0000000000
137828  -54.026  19.864  6.867 0.0000000000
95902  -54.118  20.989  7.091 0.0000000000
89071  -38.675  10.613  16.449 0.0000000000
83512  -48.576  3.285  11.206 0.0000000000
82586  -47.431  2.455  11.365 0.0000000000
82585  -46.677  2.285  11.263 0.0000000000
82567  -36.513  3.103  12.517 0.0000000000
125935  -50.150  10.254  7.926 0.0000000000
126879  -49.511  10.488  7.551 0.0000000000
88366  -41.893  9.737  5.258 0.0000000000
88378  -42.160  9.488  4.318 0.0000000000
88390  -42.551  9.410  3.212 0.0000000000
88401  -42.461  9.470  2.384 0.0000000000
88400  -41.709  9.658  2.572 0.0000000000
89217  -41.256  10.182  2.394 0.0000000000
91960  -44.844  14.260  15.471 0.0000000000
137738  -44.343  14.547  14.888 0.0000000000
91968  -45.397  14.790  15.164 0.0000000000
125126  -46.301  19.454  4.662 0.0000000000
93348  -44.746  16.522  -0.089 0.0000000000
94016  -45.585  17.770  0.688 0.0000000000
117978  -45.931  18.384  0.526 0.0000000000
97239  -43.847  22.558  4.014 0.0000000000
97238  -43.081  22.583  4.424 0.0000000000
97227  -42.457  22.518  5.400 0.0000000000
88331  -44.537  10.564  9.021 0.0000000000
89109  -42.700  10.878  9.547 0.0000000000
135225  -42.415  10.995  9.528 0.0000000000
123463  -42.166  11.136  9.221 0.0000000000
89116  -41.616  11.034  8.437 0.0000000000
89940  -40.078  11.406  7.945 0.0000000000
92600  -51.036  15.582  13.505 0.0000000000
92608  -50.191  15.855  12.907 0.0000000000
92609  -51.584  15.643  12.654 0.0000000000
93281  -50.592  16.527  10.658 0.0000000000
95243  -51.537  18.473  7.485 0.0000000000
123957  -51.176  18.204  7.953 0.0000000000
95242  -50.430  18.975  7.368 0.0000000000
95919  -49.296  20.166  5.963 0.0000000000
95955  -48.946  20.533  3.401 0.0000000000
117773  -50.007  20.967  2.777 0.0000000000
96622  -51.050  21.763  1.724 0.0000000000
97230  -53.201  22.320  3.337 0.0000000000
97246  -52.914  22.357  2.781 0.0000000000
96615  -52.065  22.547  3.103 0.0000000000
96614  -50.865  22.504  3.596 0.0000000000
96613  -49.583  22.382  4.017 0.0000000000
140506  -49.110  22.069  4.854 0.0000000000
141415  -48.593  21.597  5.945 0.0000000000
87648  -44.513  9.100  -3.437 0.0000000000
87508  -40.607  7.981  13.602 0.0000000000
87504  -41.289  8.662  14.603 0.0000000000
140146  -41.792  9.697  16.816 0.0000000000
88261  -42.382  9.296  16.355 0.0000000000
88262  -43.162  9.707  16.681 0.0000000000
88279  -43.738  9.800  16.310 0.0000000000
88291  -44.101  10.001  16.175 0.0000000000
89890  -44.448  10.629  16.280 0.0000000000
89074  -44.631  10.342  16.572 0.0000000000
89064  -45.438  10.537  16.869 0.0000000000
123029  -46.452  11.010  17.257 0.0000000000
91912  -46.927  14.065  19.556 0.0000000000
91316  -47.641  13.132  19.428 0.0000000000
91913  -48.348  13.670  19.498 0.0000000000
132470  -49.245  12.868  19.264 0.0000000000
91331  -50.728  13.386  19.034 0.0000000000
91943  -51.139  14.217  18.307 0.0000000000
91944  -51.376  13.984  18.865 0.0000000000
91930  -51.813  14.696  18.335 0.0000000000
87547  -53.087  9.259  8.913 0.0000000000
87531  -51.961  8.118  8.817 0.0000000000
85980  -50.569  6.454  9.300 0.0000000000
86011  -47.796  6.966  7.633 0.0000000000
85994  -48.336  6.366  8.196 0.0000000000
85993  -47.577  6.147  8.002 0.0000000000
85187  -46.791  5.972  7.819 0.0000000000
84386  -45.649  4.040  9.042 0.0000000000
84404  -45.225  4.530  8.384 0.0000000000
84414  -43.174  5.156  7.830 0.0000000000
85182  -42.994  5.788  7.822 0.0000000000
117391  -41.852  0.323  13.980 0.0000000000
80630  -43.284  0.407  14.668 0.0000000000
80631  -44.751  0.485  14.067 0.0000000000
80632  -45.735  0.578  14.246 0.0000000000
125103  -45.047  0.699  12.536 0.0000000000
81640  -43.798  1.187  11.563 0.0000000000
84374  -39.461  4.480  10.397 0.0000000000
85142  -38.998  5.176  10.870 0.0000000000
85958  -39.077  6.369  11.443 0.0000000000
85132  -38.831  5.808  11.255 0.0000000000
85957  -38.283  6.087  11.668 0.0000000000
85951  -37.866  6.537  12.260 0.0000000000
90760  -52.756  13.446  1.559 0.0000000000
90759  -51.745  13.203  1.381 0.0000000000
90758  -50.894  12.910  1.144 0.0000000000
121947  -46.798  11.219  8.009 0.0000000000
139144  -46.349  11.160  7.488 0.0000000000
89207  -45.931  10.015  3.160 0.0000000000
131411  -46.591  10.320  2.603 0.0000000000
128441  -47.548  10.803  1.824 0.0000000000
90007  -47.991  11.223  1.256 0.0000000000
90008  -48.712  11.561  1.475 0.0000000000
138379  -48.827  12.326  -0.440 0.0000000000
90042  -48.521  12.730  -1.997 0.0000000000
90041  -47.756  12.030  -1.922 0.0000000000
133881  -47.087  11.845  -2.472 0.0000000000
89263  -44.417  10.392  -2.003 0.0000000000
89276  -43.941  10.977  -3.304 0.0000000000
89288  -43.447  11.926  -4.543 0.0000000000
90064  -43.068  12.337  -5.304 0.0000000000
90052  -42.603  12.289  -4.702 0.0000000000
129486  -39.569  10.685  12.977 0.0000000000
89895  -39.457  11.589  12.936 0.0000000000
90677  -39.405  12.429  12.360 0.0000000000
117671  -42.137  15.686  12.178 0.0000000000
92604  -41.411  15.222  12.341 0.0000000000
92613  -41.432  15.688  11.606 0.0000000000
92624  -40.848  15.635  11.019 0.0000000000
92622  -39.929  15.216  10.058 0.0000000000
91994  -39.301  14.480  9.246 0.0000000000
92631  -40.420  15.747  9.719 0.0000000000
129777  -40.001  15.527  8.299 0.0000000000
92643  -40.259  15.659  7.709 0.0000000000
93914  -47.504  17.066  11.189 0.0000000000
93913  -46.736  17.100  11.193 0.0000000000
137767  -47.118  17.366  10.687 0.0000000000
93945  -46.038  17.820  9.816 0.0000000000
94633  -43.793  18.302  6.091 0.0000000000
93982  -42.696  17.301  5.950 0.0000000000
93313  -42.052  16.863  6.296 0.0000000000
134213  -41.712  15.480  5.156 0.0000000000
92028  -41.795  14.475  4.182 0.0000000000
91408  -41.470  13.713  3.909 0.0000000000
91424  -42.001  13.417  2.016 0.0000000000
92044  -43.404  14.793  0.107 0.0000000000
90788  -40.358  12.777  -2.308 0.0000000000
91455  -41.063  13.937  -2.224 0.0000000000
92680  -42.496  15.625  -0.097 0.0000000000
92043  -41.697  15.349  1.057 0.0000000000
96651  -47.639  20.813  -0.271 0.0000000000
128123  -46.764  19.930  -0.090 0.0000000000
132787  -46.716  20.756  -0.253 0.0000000000
96650  -45.872  21.373  0.005 0.0000000000
95972  -42.572  21.018  0.992 0.0000000000
94653  -41.391  18.160  3.107 0.0000000000
93996  -39.589  17.994  3.728 0.0000000000
94643  -38.904  18.475  3.588 0.0000000000
135482  -39.209  20.616  4.082 0.0000000000
95941  -38.434  20.169  4.020 0.0000000000
95273  -36.906  19.081  4.277 0.0000000000
95926  -37.562  20.166  5.361 0.0000000000
129972  -42.069  10.297  9.619 0.0000000000
89108  -41.927  10.664  9.655 0.0000000000
93268  -53.667  16.477  11.376 0.0000000000
93919  -54.017  16.882  10.646 0.0000000000
93294  -53.544  16.807  9.909 0.0000000000
93960  -53.105  17.309  9.182 0.0000000000
124161  -52.649  17.810  7.937 0.0000000000
95244  -52.521  18.393  7.351 0.0000000000
95933  -53.504  20.662  4.608 0.0000000000
95948  -53.961  21.593  3.946 0.0000000000
95269  -54.344  20.499  5.542 0.0000000000
118614  -54.360  21.197  4.666 0.0000000000
96616  -54.089  21.506  4.460 0.0000000000
97231  -53.930  21.967  4.257 0.0000000000
96585  -52.129  21.748  5.964 0.0000000000
87497  -38.775  8.361  15.342 0.0000000000
88276  -40.708  9.292  16.387 0.0000000000
136852  -39.455  10.657  16.616 0.0000000000
89072  -40.236  10.268  16.667 0.0000000000
89073  -41.093  9.902  16.778 0.0000000000
84378  -49.442  4.531  10.565 0.0000000000
84389  -48.953  4.865  9.910 0.0000000000
123066  -48.091  4.654  9.680 0.0000000000
84388  -47.291  4.442  9.458 0.0000000000
83524  -47.350  3.461  10.436 0.0000000000
83539  -46.933  3.811  9.833 0.0000000000
83536  -44.315  3.322  9.231 0.0000000000
130818  -41.400  0.571  15.812 0.0000000000
80628  -41.421  0.307  14.882 0.0000000000
84365  -37.925  4.562  11.504 0.0000000000
139124  -37.361  4.894  11.816 0.0000000000
85123  -36.316  5.407  12.529 0.0000000000
84355  -36.069  4.556  12.511 0.0000000000
127646  -35.924  6.034  12.924 0.0000000000
120710  -45.120  10.504  5.927 0.0000000000
89178  -44.643  10.124  5.198 0.0000000000
89193  -44.728  9.840  4.520 0.0000000000
139374  -44.162  9.598  4.196 0.0000000000
88381  -44.673  9.644  3.862 0.0000000000
88393  -45.140  9.733  3.416 0.0000000000
88404  -45.151  9.701  2.681 0.0000000000
89237  -45.450  10.052  0.357 0.0000000000
130853  -44.652  9.709  0.144 0.0000000000
88412  -43.628  9.412  1.702 0.0000000000
125564  -43.880  9.555  -0.014 0.0000000000
88439  -43.263  9.734  -0.593 0.0000000000
88438  -42.616  10.104  -0.785 0.0000000000
89249  -42.195  10.349  -0.525 0.0000000000
90671  -42.186  12.768  15.130 0.0000000000
91356  -41.621  13.380  14.349 0.0000000000
91357  -42.567  13.585  14.777 0.0000000000
91964  -42.299  14.144  14.142 0.0000000000
91972  -42.242  14.689  13.532 0.0000000000
92583  -44.233  15.045  14.256 0.0000000000
92593  -42.976  15.176  13.417 0.0000000000
92605  -42.879  15.602  12.671 0.0000000000
116852  -42.819  16.443  11.381 0.0000000000
95226  -47.005  19.261  7.916 0.0000000000
94598  -46.514  18.756  8.581 0.0000000000
94614  -46.156  19.242  7.744 0.0000000000
94625  -44.981  19.143  6.529 0.0000000000
94635  -45.169  19.071  5.490 0.0000000000
94634  -44.474  18.674  5.764 0.0000000000
92037  -43.598  15.151  2.061 0.0000000000
92045  -43.784  15.202  0.757 0.0000000000
92058  -43.133  15.336  -1.176 0.0000000000
93351  -43.877  16.082  -0.629 0.0000000000
94013  -43.568  17.260  1.173 0.0000000000
97276  -45.935  22.167  0.900 0.0000000000
96631  -43.062  21.666  1.585 0.0000000000
96630  -42.220  21.482  1.745 0.0000000000
95962  -40.596  20.426  2.174 0.0000000000
95290  -39.866  20.012  2.516 0.0000000000
96628  -40.742  20.983  2.086 0.0000000000
96608  -40.952  22.101  3.748 0.0000000000
88335  -47.883  10.345  8.235 0.0000000000
89120  -46.609  10.937  8.581 0.0000000000
89934  -46.284  11.113  8.588 0.0000000000
89117  -44.194  11.066  9.343 0.0000000000
127900  -41.885  10.102  6.056 0.0000000000
89175  -41.212  10.225  5.625 0.0000000000
89174  -40.714  10.569  5.197 0.0000000000
92576  -47.695  15.327  15.482 0.0000000000
121658  -47.250  15.624  14.550 0.0000000000
92586  -48.187  15.679  14.609 0.0000000000
93243  -48.240  16.185  13.337 0.0000000000
93251  -48.295  16.392  12.538 0.0000000000
93252  -49.440  16.267  12.331 0.0000000000
93932  -47.865  17.371  10.544 0.0000000000
141642  -47.879  18.067  9.460 0.0000000000
93282  -52.036  16.435  10.521 0.0000000000
93935  -51.472  16.642  9.933 0.0000000000
94601  -50.614  17.900  8.437 0.0000000000
94589  -49.991  17.606  9.007 0.0000000000
94588  -48.745  17.943  9.258 0.0000000000
94587  -48.068  18.433  8.891 0.0000000000
94599  -47.444  18.825  8.482 0.0000000000
95253  -47.244  19.721  6.490 0.0000000000
95265  -47.106  19.855  5.671 0.0000000000
95918  -48.393  20.126  6.006 0.0000000000
138375  -46.652  19.548  4.222 0.0000000000
95285  -46.733  19.137  2.608 0.0000000000
94663  -46.514  18.578  1.621 0.0000000000
95295  -47.054  19.118  1.421 0.0000000000
95304  -47.696  19.631  0.877 0.0000000000
95975  -48.334  20.122  0.158 0.0000000000
95987  -48.649  20.672  0.169 0.0000000000
96652  -48.554  21.114  0.033 0.0000000000
97278  -48.523  21.985  0.470 0.0000000000
141265  -48.076  22.358  1.009 0.0000000000
95957  -52.666  21.742  2.720 0.0000000000
96623  -52.008  22.042  2.156 0.0000000000
96634  -51.430  22.255  1.633 0.0000000000
97260  -52.381  22.373  2.540 0.0000000000
97259  -51.753  22.360  2.125 0.0000000000
97271  -51.063  22.323  1.564 0.0000000000
97270  -48.950  22.442  1.175 0.0000000000
97269  -47.653  22.495  1.963 0.0000000000
97255  -46.806  22.529  3.016 0.0000000000
97241  -47.033  22.259  4.061 0.0000000000
120909  -46.284  22.100  4.456 0.0000000000
96609  -45.955  21.833  5.115 0.0000000000
96596  -45.680  21.593  6.004 0.0000000000
87514  -40.673  7.958  11.742 0.0000000000
89892  -40.540  10.805  14.265 0.0000000000
130055  -41.445  11.544  14.984 0.0000000000
87499  -41.191  8.535  15.166 0.0000000000
87505  -41.876  8.749  14.903 0.0000000000
87489  -42.453  9.040  15.583 0.0000000000
87506  -42.344  8.937  15.056 0.0000000000
89077  -41.979  9.612  15.011 0.0000000000
89887  -41.999  10.758  15.249 0.0000000000
91351  -43.769  13.243  15.610 0.0000000000
90669  -44.393  11.665  16.201 0.0000000000
91352  -44.514  13.388  15.858 0.0000000000
91353  -45.301  13.515  16.164 0.0000000000
91955  -47.540  14.610  16.404 0.0000000000
124519  -45.660  10.930  18.014 0.0000000000
89854  -46.531  11.135  17.887 0.0000000000
89856  -47.025  11.409  17.644 0.0000000000
129400  -47.509  11.935  18.559 0.0000000000
90641  -47.742  11.993  18.253 0.0000000000
90653  -47.531  11.903  17.744 0.0000000000
91337  -47.579  12.654  17.397 0.0000000000
92559  -48.435  15.018  16.330 0.0000000000
92560  -49.449  15.164  16.333 0.0000000000
92578  -49.845  15.439  15.451 0.0000000000
118029  -50.991  15.406  15.547 0.0000000000
125533  -52.269  15.556  14.106 0.0000000000
92601  -53.555  15.753  13.532 0.0000000000
92602  -54.109  15.913  12.848 0.0000000000
93238  -53.548  16.114  14.570 0.0000000000
88339  -52.440  9.739  8.406 0.0000000000
89125  -51.732  10.070  8.119 0.0000000000
89124  -50.846  10.053  8.148 0.0000000000
88336  -49.223  9.874  8.174 0.0000000000
86787  -51.337  7.798  8.678 0.0000000000
132137  -50.706  7.850  8.414 0.0000000000
87558  -47.140  8.484  7.586 0.0000000000
87557  -46.048  8.315  7.502 0.0000000000
140824  -44.681  7.983  7.525 0.0000000000
85186  -45.987  5.871  7.670 0.0000000000
84417  -45.616  5.197  7.991 0.0000000000
85185  -45.134  5.818  7.570 0.0000000000
86008  -45.535  6.462  7.470 0.0000000000
141106  -44.441  6.821  7.461 0.0000000000
86783  -42.611  7.581  8.323 0.0000000000
137668  -49.038  1.301  13.196 0.0000000000
82516  -46.474  3.494  17.471 0.0000000000
130029  -47.043  2.834  16.772 0.0000000000
81569  -46.752  1.974  16.268 0.0000000000
80601  -43.099  0.775  16.077 0.0000000000
80616  -43.606  0.563  15.469 0.0000000000
81570  -47.649  2.085  16.244 0.0000000000
81584  -47.346  1.481  15.586 0.0000000000
81598  -47.950  1.071  14.877 0.0000000000
80633  -46.719  0.644  14.116 0.0000000000
80634  -47.610  0.751  14.146 0.0000000000
80635  -47.998  0.838  13.636 0.0000000000
121639  -47.911  1.540  12.279 0.0000000000
81642  -47.150  1.735  11.809 0.0000000000
138786  -46.028  2.170  11.137 0.0000000000
82584  -45.541  1.756  11.359 0.0000000000
82598  -45.435  2.354  10.702 0.0000000000
82617  -44.945  2.762  10.031 0.0000000000
80671  -42.379  0.922  11.662 0.0000000000
81639  -42.461  1.459  10.960 0.0000000000
81650  -42.519  1.978  10.302 0.0000000000
82595  -41.927  2.238  9.982 0.0000000000
82614  -42.449  2.499  9.705 0.0000000000
83534  -42.392  3.186  9.091 0.0000000000
86749  -40.174  7.469  12.298 0.0000000000
86743  -40.018  7.581  12.978 0.0000000000
88286  -38.129  8.944  15.721 0.0000000000
88285  -37.185  8.929  15.656 0.0000000000
88273  -37.428  9.773  15.925 0.0000000000
89070  -37.732  10.596  16.334 0.0000000000
90032  -53.778  13.120  -0.268 0.0000000000
91437  -53.736  14.030  0.569 0.0000000000
90782  -53.776  13.990  -0.356 0.0000000000
90031  -53.031  12.556  -0.508 0.0000000000
90780  -52.298  13.022  -1.319 0.0000000000
90045  -51.607  13.383  -1.923 0.0000000000
89122  -48.116  10.609  8.049 0.0000000000
118803  -48.140  10.785  7.208 0.0000000000
119679  -47.410  10.950  7.412 0.0000000000
126107  -47.101  10.504  4.811 0.0000000000
89208  -46.771  10.381  3.320 0.0000000000
89210  -48.427  10.798  3.873 0.0000000000
89984  -49.130  11.281  3.296 0.0000000000
90757  -50.181  12.233  1.846 0.0000000000
90769  -50.935  13.382  0.166 0.0000000000
90019  -49.227  12.058  0.867 0.0000000000
91459  -51.448  14.063  -1.862 0.0000000000
90794  -51.109  13.781  -2.304 0.0000000000
90044  -50.953  12.893  -2.306 0.0000000000
90057  -49.546  12.919  -3.309 0.0000000000
90056  -48.863  12.161  -3.566 0.0000000000
90803  -48.976  13.181  -3.585 0.0000000000
90812  -48.313  12.811  -4.021 0.0000000000
89291  -48.238  11.716  -3.982 0.0000000000
89290  -47.497  11.262  -4.098 0.0000000000
88478  -46.870  10.896  -4.419 0.0000000000
88488  -46.161  11.081  -4.847 0.0000000000
89265  -46.367  11.307  -2.337 0.0000000000
89278  -45.976  11.505  -3.458 0.0000000000
90053  -46.474  11.806  -4.417 0.0000000000
88476  -45.595  10.209  -4.481 0.0000000000
121999  -44.936  10.246  -4.755 0.0000000000
88475  -44.222  9.868  -4.448 0.0000000000
88474  -43.257  10.260  -4.385 0.0000000000
89296  -43.253  12.044  -5.611 0.0000000000
88484  -42.932  11.403  -5.050 0.0000000000
88462  -42.813  9.717  -3.614 0.0000000000
89091  -40.015  9.762  11.428 0.0000000000
89087  -39.453  10.475  12.044 0.0000000000
89090  -39.574  10.376  11.684 0.0000000000
122240  -39.452  11.709  10.149 0.0000000000
135292  -40.948  13.552  13.658 0.0000000000
91361  -40.283  13.369  13.175 0.0000000000
91360  -39.711  13.204  12.504 0.0000000000
137853  -40.181  14.440  11.977 0.0000000000
91363  -39.631  13.790  11.765 0.0000000000
126512  -39.205  13.143  11.208 0.0000000000
90693  -39.209  12.467  9.811 0.0000000000
89919  -39.492  11.833  9.246 0.0000000000
129718  -39.468  12.460  7.931 0.0000000000
92000  -39.268  14.287  8.443 0.0000000000
138397  -39.433  12.900  7.600 0.0000000000
90703  -39.681  12.476  7.124 0.0000000000
90709  -40.078  12.235  6.243 0.0000000000
89971  -40.443  11.367  5.033 0.0000000000
92596  -46.751  15.962  13.712 0.0000000000
93240  -45.929  16.120  13.138 0.0000000000
125188  -46.360  16.717  11.715 0.0000000000
93261  -45.552  16.642  11.753 0.0000000000
116934  -44.786  16.566  11.767 0.0000000000
93260  -44.156  16.668  11.389 0.0000000000
93278  -43.369  16.791  10.890 0.0000000000
93927  -42.860  17.178  10.120 0.0000000000
94597  -45.645  18.807  8.262 0.0000000000
138969  -45.128  18.532  8.557 0.0000000000
94584  -44.727  18.249  9.036 0.0000000000
94611  -43.723  18.372  7.025 0.0000000000
94595  -43.759  18.361  7.937 0.0000000000
93958  -43.817  18.075  8.808 0.0000000000
93942  -43.347  17.549  9.490 0.0000000000
93941  -42.426  17.355  9.288 0.0000000000
93300  -41.286  16.670  8.524 0.0000000000
139579  -40.649  16.091  7.673 0.0000000000
92649  -41.154  15.820  6.277 0.0000000000
92648  -40.669  15.287  6.321 0.0000000000
92012  -40.216  14.572  6.421 0.0000000000
90714  -40.268  12.209  5.355 0.0000000000
139100  -40.495  11.591  4.327 0.0000000000
89983  -40.594  11.142  3.829 0.0000000000
89994  -41.013  11.017  2.297 0.0000000000
90745  -41.308  12.687  2.794 0.0000000000
89248  -41.790  10.920  -0.796 0.0000000000
91434  -42.230  13.463  0.455 0.0000000000
134882  -41.653  12.548  0.834 0.0000000000
137047  -42.052  11.797  -2.408 0.0000000000
90039  -41.565  12.517  -3.445 0.0000000000
90062  -41.796  12.326  -4.088 0.0000000000
90050  -41.196  12.684  -3.251 0.0000000000
123586  -41.165  11.421  -3.267 0.0000000000
95310  -46.361  19.429  0.202 0.0000000000
95303  -46.037  18.952  0.330 0.0000000000
95982  -44.247  21.158  0.514 0.0000000000
95294  -43.454  19.350  1.689 0.0000000000
119761  -42.755  17.196  2.067 0.0000000000
92669  -40.836  15.582  3.207 0.0000000000
92661  -39.023  15.419  4.626 0.0000000000
95281  -38.424  19.497  3.366 0.0000000000
94642  -38.200  18.571  3.738 0.0000000000
94640  -36.587  18.778  4.563 0.0000000000
96570  -51.587  21.914  6.944 0.0000000000
96582  -48.803  21.582  6.590 0.0000000000
96581  -47.331  21.527  6.659 0.0000000000
122817  -46.769  21.530  6.339 0.0000000000
96580  -46.216  21.528  6.463 0.0000000000
96579  -45.629  21.586  7.049 0.0000000000
96565  -45.374  22.044  7.900 0.0000000000
131731  -44.863  21.824  7.314 0.0000000000
96595  -44.867  21.687  6.468 0.0000000000
120706  -42.917  22.327  6.177 0.0000000000
97217  -42.385  22.451  6.439 0.0000000000
97202  -42.440  22.602  7.345 0.0000000000
122509  -41.740  22.535  5.924 0.0000000000
97225  -40.476  22.343  5.649 0.0000000000
81621  -36.834  1.844  12.865 0.0000000000
88263  -43.871  9.930  16.981 0.0000000000
88288  -42.429  9.062  15.032 0.0000000000
88454  -47.962  10.111  -1.794 0.0000000000
89048  -45.082  10.523  17.527 0.0000000000
89062  -44.485  10.197  17.194 0.0000000000
89085  -39.695  10.072  12.576 0.0000000000
89206  -41.184  9.832  3.052 0.0000000000
89238  -46.176  10.379  0.437 0.0000000000
89298  -44.609  11.858  -6.029 0.0000000000
89299  -45.069  11.592  -5.429 0.0000000000
89300  -47.197  11.580  -4.506 0.0000000000
89304  -44.344  12.134  -6.157 0.0000000000
89305  -44.528  12.040  -6.082 0.0000000000
89884  -46.064  10.816  16.913 0.0000000000
89939  -39.803  11.828  7.583 0.0000000000
90058  -50.008  13.226  -3.083 0.0000000000
90067  -47.921  11.966  -4.472 0.0000000000
90068  -48.295  12.552  -4.167 0.0000000000
90075  -43.780  12.050  -5.833 0.0000000000
90622  -48.266  12.276  18.893 0.0000000000
90623  -49.288  12.548  19.025 0.0000000000
90640  -46.857  11.711  18.606 0.0000000000
90663  -46.603  11.223  17.040 0.0000000000
90793  -49.879  13.644  -2.449 0.0000000000
90795  -52.041  13.814  -1.768 0.0000000000
90801  -47.655  12.540  -4.036 0.0000000000
91318  -50.047  12.859  19.050 0.0000000000
91338  -50.647  13.390  18.776 0.0000000000
91439  -54.271  13.635  0.959 0.0000000000
91449  -53.649  14.115  -0.307 0.0000000000
91450  -54.168  14.049  0.271 0.0000000000
91461  -53.006  14.085  -0.897 0.0000000000
91467  -50.452  14.056  -2.907 0.0000000000
91468  -50.915  13.911  -2.358 0.0000000000
91929  -51.510  14.355  18.722 0.0000000000
91967  -44.891  14.920  14.741 0.0000000000
91973  -43.436  14.828  14.048 0.0000000000
91977  -41.514  14.691  13.030 0.0000000000
92019  -40.700  13.954  5.223 0.0000000000
92532  -51.894  15.183  18.377 0.0000000000
92563  -53.022  15.922  16.340 0.0000000000
92584  -45.567  15.267  14.616 0.0000000000
92589  -52.154  15.516  15.167 0.0000000000
92595  -44.490  15.490  13.647 0.0000000000
92610  -53.592  15.887  11.890 0.0000000000
92614  -42.824  16.091  12.028 0.0000000000
92623  -40.377  15.463  10.470 0.0000000000
92630  -39.735  15.179  9.444 0.0000000000
92637  -40.160  15.676  8.917 0.0000000000
93255  -53.918  16.070  12.156 0.0000000000
93262  -47.091  16.744  11.725 0.0000000000
93283  -53.424  16.638  10.448 0.0000000000
93284  -53.944  16.889  10.090 0.0000000000
93306  -41.164  16.497  7.623 0.0000000000
93312  -41.408  16.414  6.667 0.0000000000
93915  -48.356  16.931  11.080 0.0000000000
94617  -53.783  18.273  7.765 0.0000000000
94618  -53.854  18.862  7.281 0.0000000000
95312  -47.798  19.604  -0.065 0.0000000000
95922  -54.601  21.201  5.110 0.0000000000
95935  -54.710  20.976  4.978 0.0000000000
95936  -54.512  21.209  4.879 0.0000000000
95986  -48.208  20.221  -0.146 0.0000000000
96645  -50.309  22.025  0.721 0.0000000000
96646  -50.994  22.089  1.083 0.0000000000
96653  -49.949  22.011  0.532 0.0000000000
97261  -52.691  22.484  2.679 0.0000000000
97272  -51.632  22.355  1.639 0.0000000000
119578  -44.243  12.659  16.017 0.0000000000
119824  -46.513  11.907  16.836 0.0000000000
121265  -43.057  17.727  8.847 0.0000000000
127812  -39.382  13.011  11.903 0.0000000000
133198  -50.149  13.686  17.977 0.0000000000
133498  -39.818  13.908  6.564 0.0000000000
134821  -46.712  16.551  12.195 0.0000000000
135638  -46.811  15.245  15.274 0.0000000000
136534  -49.812  21.878  0.524 0.0000000000
137942  -53.481  16.114  14.705 0.0000000000
138651  -48.387  12.881  17.751 0.0000000000
139746  -41.089  13.501  4.361 0.0000000000
139776  -48.159  18.848  8.323 0.0000000000
139837  -41.052  16.292  9.731 0.0000000000
140553  -40.309  15.169  11.043 0.0000000000
141000  -51.247  13.732  18.969 0.0000000000
141324  -45.029  6.377  7.458 0.0000000000
