#!ascii label  , from subject sub-v2s16x51243_ses-1 vox2ras=TkReg
879
24300  25.666  -57.809  -26.268 0.6000000238
20266  23.284  -62.209  -31.153 0.6999999881
20271  24.973  -62.573  -32.616 0.6999999881
21041  25.236  -61.259  -29.198 0.8999999762
21856  25.351  -60.427  -28.725 0.8000000119
22656  25.519  -59.557  -28.037 0.8000000119
23437  26.108  -58.075  -27.138 0.6000000238
25191  26.434  -56.553  -26.365 0.6999999881
25179  26.313  -56.392  -25.469 0.6999999881
21882  23.055  -60.955  -30.223 0.6999999881
21047  22.576  -61.338  -29.576 0.6999999881
21056  24.125  -61.904  -31.792 0.6999999881
21890  25.489  -60.995  -32.161 0.6000000238
21057  26.121  -62.464  -32.873 0.6999999881
20270  26.620  -62.883  -32.615 0.6999999881
21050  26.921  -62.230  -31.721 0.8000000119
21866  27.256  -60.585  -30.680 0.8000000119
21867  26.245  -60.915  -29.856 0.8000000119
22669  26.540  -59.117  -28.638 0.8000000119
23454  26.587  -58.347  -27.941 0.6000000238
25202  26.809  -56.847  -27.191 0.6000000238
26102  26.727  -55.826  -26.009 0.6999999881
25170  27.108  -55.737  -24.155 0.6999999881
21869  22.919  -60.703  -29.654 0.5000000000
21043  22.334  -61.247  -28.574 0.6000000238
21868  23.288  -60.288  -30.014 0.4000000060
21881  23.649  -60.591  -30.758 0.6000000238
21880  24.426  -60.312  -31.342 0.5000000000
21889  27.069  -61.151  -32.937 0.6000000238
21053  27.314  -61.716  -32.914 0.8000000119
21878  27.987  -60.887  -32.298 0.6999999881
22677  28.118  -59.467  -30.682 0.6999999881
23478  27.459  -58.981  -29.465 0.6999999881
24311  27.412  -57.219  -27.933 0.5000000000
25201  27.495  -56.425  -27.659 0.6000000238
26101  27.194  -55.276  -26.576 0.6000000238
26093  27.213  -55.207  -25.657 0.6000000238
27029  28.065  -54.787  -23.795 0.5000000000
23469  22.805  -59.190  -27.277 0.5000000000
21845  22.254  -60.399  -27.218 0.6000000238
21846  21.743  -60.546  -26.814 0.6000000238
133272  22.858  -60.036  -28.394 0.5000000000
22700  26.882  -60.242  -32.495 0.5000000000
22699  28.272  -60.317  -32.894 0.6000000238
22698  28.547  -59.709  -32.558 0.6000000238
23477  28.436  -58.818  -30.245 0.6000000238
126717  28.638  -58.048  -29.856 0.5000000000
25215  28.174  -56.825  -28.481 0.5000000000
25200  28.271  -56.020  -28.216 0.6000000238
26112  27.532  -55.541  -27.403 0.6000000238
27051  27.631  -54.599  -25.293 0.5000000000
27039  28.064  -54.022  -24.960 0.5000000000
134336  29.224  -53.624  -22.293 0.5000000000
128676  28.552  -54.341  -23.347 0.5000000000
22657  22.161  -59.813  -26.715 0.5000000000
22642  21.382  -59.238  -26.441 0.5000000000
22680  23.561  -59.610  -29.634 0.5000000000
22679  24.337  -59.134  -30.339 0.4000000060
24332  24.959  -57.840  -29.715 0.3000000119
23489  25.062  -58.494  -30.581 0.4000000060
23488  25.868  -58.614  -31.477 0.3000000119
24341  25.788  -57.861  -30.776 0.3000000119
23497  26.935  -59.402  -32.335 0.5000000000
24340  27.993  -58.307  -32.512 0.5000000000
24346  29.581  -58.028  -32.356 0.5000000000
24331  29.606  -57.763  -30.738 0.5000000000
24319  28.912  -57.264  -29.476 0.5000000000
25214  29.036  -56.437  -29.142 0.6000000238
26111  28.291  -55.127  -28.050 0.6000000238
27061  27.508  -54.571  -26.178 0.5000000000
27050  27.845  -54.057  -25.682 0.5000000000
27962  28.840  -53.543  -23.700 0.5000000000
22641  22.189  -58.816  -26.537 0.5000000000
23456  22.970  -58.325  -26.917 0.5000000000
23455  23.590  -57.811  -27.508 0.5000000000
119430  24.078  -58.080  -28.374 0.4000000060
23479  23.921  -58.800  -29.111 0.5000000000
24322  24.576  -57.565  -28.762 0.4000000060
25226  25.594  -56.583  -29.593 0.3000000119
25235  26.957  -56.744  -31.084 0.3000000119
25241  29.155  -57.289  -32.492 0.4000000060
24338  29.883  -58.198  -31.885 0.5000000000
24330  30.209  -57.297  -31.506 0.4000000060
27070  27.607  -54.552  -27.194 0.5000000000
27990  28.097  -53.101  -27.138 0.5000000000
27060  27.817  -53.751  -26.509 0.5000000000
27948  29.199  -53.220  -22.874 0.5000000000
27961  29.216  -52.828  -23.529 0.4000000060
27974  28.553  -53.451  -24.614 0.5000000000
24302  21.065  -57.078  -26.325 0.5000000000
23439  22.108  -57.790  -26.506 0.5000000000
24314  22.940  -57.385  -26.791 0.5000000000
24313  23.539  -56.916  -27.320 0.4000000060
25217  24.615  -56.833  -28.391 0.4000000060
25216  25.080  -56.194  -28.712 0.3000000119
25225  26.245  -56.219  -30.124 0.3000000119
25234  27.966  -56.500  -31.697 0.4000000060
25233  29.116  -56.300  -32.012 0.4000000060
26145  30.130  -55.959  -31.958 0.4000000060
25240  29.939  -56.973  -32.126 0.4000000060
25239  30.575  -56.274  -31.666 0.4000000060
26130  30.792  -55.636  -30.802 0.5000000000
26121  29.957  -55.166  -29.675 0.5000000000
26122  29.090  -55.598  -28.877 0.6000000238
136319  28.261  -53.029  -26.362 0.4000000060
118634  28.786  -52.789  -25.010 0.5000000000
24301  22.053  -56.804  -26.482 0.4000000060
25203  23.298  -55.967  -27.371 0.4000000060
25204  22.793  -56.430  -26.845 0.4000000060
26125  23.794  -55.633  -27.848 0.4000000060
26124  24.470  -55.483  -28.239 0.4000000060
26134  25.724  -55.761  -29.309 0.4000000060
26133  26.447  -55.425  -29.780 0.4000000060
26141  27.020  -55.899  -30.707 0.4000000060
26140  27.976  -55.642  -31.244 0.4000000060
26139  29.010  -55.349  -31.580 0.4000000060
26144  30.775  -55.480  -31.636 0.5000000000
26129  30.998  -54.976  -31.135 0.5000000000
28014  30.429  -53.840  -30.258 0.6000000238
28005  29.132  -53.817  -28.616 0.5000000000
29995  29.056  -52.070  -28.348 0.4000000060
28970  28.500  -52.579  -27.743 0.4000000060
26104  21.530  -55.703  -26.003 0.4000000060
26114  22.584  -55.497  -27.053 0.4000000060
25192  22.053  -55.948  -26.471 0.4000000060
26113  22.909  -54.955  -27.685 0.4000000060
26123  25.148  -55.250  -28.650 0.4000000060
26132  27.219  -55.111  -30.322 0.4000000060
137005  28.018  -54.910  -30.860 0.4000000060
27099  29.968  -54.993  -31.628 0.4000000060
27092  30.793  -54.423  -31.126 0.5000000000
28013  30.458  -53.497  -30.737 0.4000000060
28004  29.878  -53.351  -29.416 0.6000000238
27063  22.065  -55.317  -26.001 0.4000000060
27062  22.539  -54.570  -26.906 0.4000000060
27072  22.718  -54.191  -27.641 0.4000000060
122136  23.655  -54.839  -28.056 0.4000000060
131151  24.429  -54.791  -28.318 0.4000000060
27081  24.907  -54.261  -28.542 0.4000000060
28017  25.943  -54.007  -28.865 0.5000000000
27088  26.630  -54.575  -29.547 0.4000000060
27087  27.530  -54.227  -30.152 0.3000000119
28022  28.227  -53.684  -30.460 0.3000000119
27095  28.776  -54.401  -30.983 0.4000000060
28991  30.149  -52.714  -30.715 0.4000000060
28984  30.294  -52.421  -30.451 0.4000000060
28985  30.313  -52.921  -30.090 0.5000000000
26094  21.243  -55.622  -25.408 0.4000000060
27071  22.930  -54.137  -28.037 0.4000000060
28009  22.956  -53.415  -28.189 0.4000000060
28008  23.887  -53.375  -28.433 0.3000000119
28978  25.012  -52.493  -28.538 0.3000000119
28016  26.763  -53.667  -29.354 0.3000000119
28987  27.721  -52.405  -29.771 0.3000000119
28993  28.489  -52.944  -30.431 0.3000000119
30011  30.101  -51.883  -30.594 0.4000000060
30003  30.272  -51.521  -30.338 0.4000000060
27053  22.498  -54.769  -25.992 0.3000000119
27992  22.825  -54.062  -26.661 0.3000000119
28000  22.779  -53.583  -27.666 0.3000000119
28981  22.666  -52.994  -28.058 0.3000000119
28980  23.132  -52.613  -28.230 0.3000000119
28979  23.833  -52.014  -28.447 0.3000000119
28977  25.970  -52.179  -28.719 0.4000000060
29996  25.914  -51.268  -28.763 0.4000000060
30007  26.908  -51.851  -29.141 0.3000000119
30006  27.838  -51.512  -29.720 0.3000000119
28986  28.860  -52.034  -30.443 0.3000000119
30012  29.724  -51.484  -30.619 0.4000000060
133620  30.092  -50.318  -30.466 0.4000000060
129546  30.414  -50.045  -29.609 0.4000000060
29997  24.842  -51.611  -28.578 0.4000000060
30937  25.872  -50.258  -28.824 0.4000000060
30948  26.912  -50.954  -29.206 0.4000000060
30947  27.884  -50.662  -29.660 0.3000000119
30946  28.828  -50.207  -30.195 0.4000000060
31910  29.454  -49.509  -30.283 0.4000000060
32841  29.932  -48.948  -30.313 0.4000000060
140106  29.719  -50.061  -30.474 0.4000000060
31921  30.174  -49.052  -30.176 0.4000000060
126519  27.055  -50.134  -29.235 0.4000000060
31912  27.434  -49.454  -29.299 0.5000000000
31911  28.460  -49.475  -29.742 0.4000000060
32827  29.822  -48.479  -30.100 0.4000000060
32812  30.577  -48.653  -29.380 0.3000000119
33761  30.200  -48.099  -29.827 0.3000000119
23438  25.488  -58.516  -26.743 0.6999999881
21045  26.147  -61.766  -30.323 0.8000000119
24321  27.204  -57.909  -28.297 0.6000000238
22678  27.177  -59.686  -29.929 0.6999999881
23466  27.050  -58.511  -28.653 0.6999999881
27040  27.851  -54.631  -24.540 0.6000000238
22691  24.576  -59.670  -31.143 0.4000000060
22690  25.429  -59.283  -31.533 0.4000000060
21877  28.194  -60.376  -32.762 0.6999999881
22688  28.747  -59.788  -31.981 0.6999999881
24320  27.964  -57.563  -28.812 0.6999999881
23468  23.451  -58.626  -27.910 0.5000000000
23485  29.613  -58.966  -31.907 0.5000000000
120756  26.823  -57.557  -31.591 0.4000000060
26131  29.904  -55.999  -29.889 0.6000000238
27069  28.367  -54.239  -27.954 0.5000000000
27079  29.922  -54.260  -29.531 0.6000000238
27089  25.876  -54.921  -29.055 0.3000000119
28020  30.302  -53.676  -31.065 0.4000000060
32826  30.371  -48.434  -29.748 0.3000000119
134735  24.026  -64.042  -24.377 0.6000000238
18550  24.307  -64.351  -22.975 0.6000000238
125358  25.944  -65.311  -20.565 0.6000000238
17661  26.844  -65.328  -20.453 0.6000000238
16776  23.452  -66.315  -24.491 0.5000000000
18558  23.713  -64.648  -24.764 0.6000000238
139413  23.739  -63.127  -26.648 0.6999999881
18573  23.855  -63.820  -25.095 0.6999999881
137869  23.712  -65.048  -24.273 0.6000000238
121466  24.569  -62.951  -23.768 0.6000000238
19366  24.683  -63.478  -22.844 0.6000000238
19365  25.224  -62.918  -22.209 0.6000000238
19349  25.720  -63.233  -21.324 0.6000000238
19336  26.034  -63.895  -20.774 0.6000000238
19335  27.258  -63.166  -20.521 0.6000000238
19334  29.420  -63.573  -20.347 0.6999999881
17719  23.764  -65.495  -27.015 0.6000000238
18618  24.141  -64.503  -28.680 0.6999999881
17720  23.679  -66.135  -26.331 0.5000000000
18600  23.822  -64.711  -27.708 0.6999999881
18590  23.686  -65.152  -26.220 0.6999999881
122385  23.906  -62.618  -26.220 0.6999999881
20197  24.442  -62.580  -24.588 0.6999999881
19377  24.915  -62.498  -23.046 0.5000000000
20130  26.949  -62.442  -20.710 0.6000000238
134011  28.184  -61.686  -20.374 0.6000000238
131025  28.695  -62.976  -20.272 0.6999999881
20942  28.918  -61.259  -20.107 0.6999999881
20127  30.657  -62.629  -20.440 0.6999999881
20940  30.737  -61.632  -20.262 0.6999999881
21864  33.135  -60.937  -29.851 0.4000000060
23425  32.760  -59.084  -26.410 0.5000000000
116728  32.706  -60.215  -23.685 0.6000000238
21788  32.588  -60.792  -22.943 0.6000000238
20938  31.831  -60.644  -20.649 0.6999999881
15958  22.247  -67.333  -31.483 0.5000000000
16856  24.127  -66.394  -29.880 0.5000000000
16871  24.257  -66.126  -30.457 0.6000000238
16838  23.711  -66.619  -28.486 0.5000000000
19468  24.524  -64.364  -29.681 0.6999999881
17770  24.379  -65.894  -29.766 0.5000000000
17734  23.891  -65.853  -27.869 0.6000000238
19456  24.344  -63.555  -28.998 0.6999999881
119676  23.874  -63.877  -28.122 0.6999999881
122927  23.762  -62.765  -27.142 0.6999999881
20186  24.733  -61.972  -23.909 0.6999999881
20148  26.233  -62.481  -21.186 0.6000000238
21770  27.118  -60.958  -21.140 0.6000000238
21755  27.969  -60.879  -20.566 0.6999999881
21752  30.445  -60.740  -20.066 0.6999999881
22553  31.165  -60.131  -20.342 0.6999999881
21778  32.641  -60.474  -21.961 0.6000000238
21750  31.979  -59.962  -20.632 0.6000000238
17797  21.540  -65.752  -32.008 0.5000000000
120132  21.026  -68.090  -32.453 0.4000000060
16899  23.179  -66.206  -32.305 0.5000000000
16901  21.779  -67.028  -32.680 0.5000000000
16873  22.936  -66.889  -31.566 0.5000000000
17806  23.607  -65.654  -32.160 0.6000000238
17795  24.438  -65.284  -31.715 0.6000000238
131797  25.852  -63.599  -31.700 0.6999999881
18641  24.856  -64.813  -31.344 0.6000000238
136615  24.854  -63.652  -30.056 0.6999999881
20246  23.893  -62.223  -27.870 0.6999999881
127401  24.537  -61.870  -24.740 0.6999999881
135038  25.368  -60.980  -23.087 0.6999999881
20974  25.648  -61.314  -22.506 0.6999999881
20973  26.347  -60.910  -21.907 0.6999999881
132357  27.452  -60.278  -21.083 0.6999999881
118087  28.127  -59.842  -20.760 0.8000000119
22554  30.236  -59.871  -20.147 0.6999999881
23415  33.731  -58.778  -24.161 0.5000000000
22568  33.340  -59.006  -21.768 0.6000000238
22552  31.693  -59.371  -20.545 0.6000000238
17798  20.634  -66.043  -31.873 0.4000000060
18648  22.326  -65.322  -31.872 0.6000000238
18652  23.226  -65.520  -32.192 0.6000000238
18647  23.695  -64.576  -32.165 0.6000000238
18650  24.859  -64.344  -32.315 0.6000000238
19473  26.106  -63.432  -32.306 0.6000000238
20260  25.982  -62.623  -30.720 0.6999999881
20261  24.988  -62.939  -29.835 0.6999999881
21030  24.198  -61.512  -27.577 0.6999999881
116768  24.160  -61.768  -26.163 0.6999999881
21836  24.491  -60.332  -26.679 0.8000000119
21800  24.608  -60.667  -25.031 0.8000000119
21790  25.340  -60.381  -23.436 0.6000000238
22571  27.284  -59.505  -21.645 0.6000000238
23368  28.873  -58.453  -20.760 0.8000000119
22555  29.469  -59.583  -20.291 0.6999999881
124960  33.569  -58.863  -25.021 0.5000000000
23405  33.783  -58.704  -23.178 0.6000000238
24225  32.164  -58.101  -20.713 0.6999999881
23404  34.311  -58.040  -23.698 0.6000000238
125529  21.562  -64.435  -30.718 0.5000000000
18631  20.727  -64.726  -29.488 0.4000000060
132908  20.201  -65.015  -29.151 0.4000000060
19472  22.313  -63.597  -30.802 0.5000000000
17784  21.035  -65.234  -31.209 0.5000000000
19475  22.961  -63.992  -31.645 0.6000000238
19474  23.830  -63.676  -32.173 0.6000000238
20275  25.777  -63.111  -32.797 0.6000000238
20265  26.600  -63.077  -31.907 0.6999999881
21042  24.476  -61.721  -28.542 0.8000000119
21844  24.782  -60.239  -27.678 0.8000000119
22618  24.741  -59.123  -25.501 0.6000000238
23407  25.316  -58.851  -24.056 0.6000000238
23397  27.298  -58.557  -22.064 0.6999999881
119322  28.448  -57.840  -21.268 0.6999999881
24228  29.882  -57.457  -20.504 0.6999999881
23396  33.698  -58.540  -22.376 0.6000000238
25123  31.959  -57.115  -20.661 0.6000000238
26035  32.210  -56.145  -20.708 0.6000000238
139514  34.028  -58.133  -22.882 0.6000000238
24244  33.373  -57.280  -21.721 0.6000000238
20263  21.853  -62.759  -29.199 0.5000000000
19469  21.580  -63.506  -29.486 0.5000000000
18619  20.495  -64.479  -28.668 0.5000000000
18601  20.124  -64.240  -27.891 0.5000000000
20262  22.305  -62.199  -29.812 0.5000000000
20268  22.104  -63.069  -29.987 0.5000000000
20272  23.941  -62.775  -32.029 0.6000000238
22640  24.860  -59.618  -27.033 0.6999999881
23426  25.108  -58.392  -25.830 0.6000000238
24270  26.165  -57.713  -23.610 0.6000000238
24269  26.924  -57.327  -23.068 0.6000000238
24247  28.173  -57.171  -21.715 0.6999999881
24257  27.571  -57.222  -22.328 0.6000000238
24246  29.263  -56.910  -20.877 0.6000000238
24227  30.838  -57.098  -20.416 0.6999999881
24282  34.712  -57.590  -24.515 0.5000000000
25137  33.392  -56.362  -21.755 0.4000000060
21048  22.119  -61.984  -28.906 0.5000000000
20247  21.117  -62.207  -27.587 0.5000000000
20248  20.415  -62.577  -27.405 0.5000000000
129024  19.673  -61.916  -27.210 0.5000000000
116868  17.417  -61.685  -27.371 0.5000000000
133667  16.642  -61.490  -27.217 0.5000000000
120509  25.894  -56.904  -25.063 0.6000000238
25158  26.877  -56.482  -23.608 0.6000000238
26059  27.826  -55.875  -22.810 0.4000000060
25139  29.418  -56.135  -20.954 0.5000000000
26037  30.414  -55.512  -20.570 0.4000000060
122767  32.887  -55.823  -21.096 0.4000000060
26036  31.662  -55.574  -20.551 0.5000000000
21859  22.068  -61.040  -27.576 0.6000000238
21031  21.219  -61.380  -27.029 0.5000000000
21032  19.940  -61.023  -26.880 0.5000000000
21033  18.859  -61.067  -27.186 0.5000000000
21849  17.256  -60.236  -27.052 0.5000000000
21850  16.813  -60.508  -26.924 0.5000000000
21818  16.005  -61.193  -26.241 0.4000000060
20213  15.463  -61.876  -25.772 0.5000000000
20201  15.867  -62.683  -25.328 0.4000000060
18562  15.774  -64.226  -24.798 0.4000000060
17699  14.746  -65.519  -25.040 0.4000000060
119935  27.342  -55.990  -23.389 0.6000000238
26069  28.268  -55.082  -22.884 0.4000000060
26038  29.743  -55.324  -20.886 0.4000000060
135613  31.826  -54.939  -20.570 0.4000000060
21847  20.822  -60.469  -26.618 0.5000000000
22658  19.625  -59.922  -26.743 0.4000000060
21848  17.901  -59.960  -27.013 0.4000000060
136777  17.457  -59.992  -26.879 0.5000000000
21816  17.272  -60.415  -25.884 0.4000000060
21009  16.919  -61.193  -25.575 0.5000000000
21008  17.869  -60.897  -25.409 0.4000000060
20200  17.467  -62.293  -25.151 0.5000000000
20212  16.362  -61.985  -25.446 0.5000000000
122643  17.355  -63.864  -24.509 0.3000000119
18561  16.832  -64.510  -24.427 0.3000000119
17692  17.140  -66.041  -23.707 0.3000000119
27019  28.720  -54.516  -22.643 0.4000000060
22643  20.532  -59.562  -26.540 0.5000000000
22644  19.312  -58.881  -26.616 0.5000000000
22645  18.508  -58.831  -26.328 0.4000000060
23440  20.934  -58.100  -26.459 0.4000000060
23441  19.554  -57.977  -26.549 0.4000000060
23442  18.872  -58.207  -26.470 0.4000000060
23427  18.695  -58.267  -25.638 0.4000000060
24303  19.859  -57.240  -26.353 0.4000000060
24304  19.057  -57.458  -26.355 0.4000000060
25182  18.940  -57.232  -26.137 0.4000000060
25194  20.188  -56.553  -26.061 0.4000000060
24286  19.391  -57.195  -25.153 0.4000000060
23419  19.434  -57.999  -24.807 0.4000000060
21801  19.955  -59.920  -24.386 0.4000000060
25181  19.288  -56.952  -25.731 0.4000000060
24285  20.035  -57.107  -24.373 0.4000000060
23418  20.600  -58.350  -23.857 0.4000000060
22612  20.205  -59.164  -24.149 0.4000000060
26105  20.648  -56.055  -25.679 0.4000000060
118645  20.602  -60.190  -23.499 0.4000000060
123015  20.913  -59.933  -22.770 0.4000000060
26095  20.501  -55.874  -24.970 0.3000000119
126589  20.090  -56.252  -24.629 0.4000000060
115860  20.652  -56.423  -23.773 0.4000000060
23408  21.082  -58.655  -23.104 0.4000000060
24272  21.146  -57.675  -23.179 0.3000000119
24284  25.446  -57.640  -25.206 0.6000000238
20267  22.619  -62.618  -30.557 0.5000000000
25171  26.428  -56.478  -24.505 0.6000000238
27008  29.435  -54.647  -21.445 0.4000000060
18517  25.616  -64.598  -20.829 0.6000000238
126148  29.452  -61.872  -20.086 0.6999999881
21753  29.510  -60.462  -20.069 0.6999999881
22637  31.994  -59.610  -26.918 0.5000000000
23424  33.590  -58.555  -25.793 0.5000000000
21797  32.182  -60.214  -24.656 0.5000000000
22609  33.196  -59.319  -24.668 0.4000000060
22600  33.049  -60.024  -22.739 0.6000000238
15971  22.355  -67.237  -32.176 0.5000000000
20995  24.700  -61.212  -24.497 0.6999999881
23385  32.778  -58.661  -21.144 0.6000000238
18646  24.935  -64.545  -32.050 0.6000000238
21779  25.776  -60.516  -22.694 0.6999999881
22570  28.061  -58.742  -21.259 0.8000000119
129378  30.857  -59.209  -20.341 0.6999999881
17785  20.230  -65.497  -30.917 0.4000000060
22611  24.872  -59.364  -24.610 0.6000000238
22588  26.162  -59.098  -22.871 0.6000000238
24229  29.115  -57.674  -20.812 0.6999999881
23367  29.622  -58.304  -20.519 0.6999999881
24290  34.431  -57.918  -25.444 0.5000000000
24298  34.124  -58.109  -26.319 0.5000000000
24226  31.443  -57.806  -20.533 0.6999999881
24245  32.775  -57.665  -21.138 0.6000000238
23417  25.010  -58.502  -24.882 0.6999999881
23398  26.660  -58.313  -22.836 0.6999999881
24258  27.274  -57.880  -22.447 0.6999999881
25125  30.591  -56.207  -20.476 0.6000000238
135826  33.835  -57.783  -22.301 0.6000000238
25149  33.999  -55.989  -22.503 0.6000000238
19457  21.331  -63.281  -28.640 0.5000000000
19439  20.280  -63.399  -27.635 0.5000000000
19440  19.546  -63.735  -27.502 0.4000000060
25159  26.390  -57.010  -23.804 0.6000000238
25140  28.689  -56.450  -21.506 0.6000000238
18575  14.809  -63.845  -25.292 0.3000000119
26049  29.057  -55.549  -21.490 0.5000000000
26991  31.587  -54.282  -20.545 0.4000000060
22622  17.207  -60.285  -26.408 0.5000000000
117781  16.881  -62.958  -25.010 0.4000000060
17698  15.588  -65.827  -24.557 0.4000000060
25180  19.875  -56.440  -25.521 0.4000000060
25172  19.643  -56.697  -25.109 0.4000000060
15126  33.610  -67.840  -33.786 0.3000000119
15995  34.360  -67.440  -34.761 0.3000000119
17702  33.023  -64.988  -25.679 0.4000000060
18586  35.125  -64.040  -26.359 0.4000000060
17731  34.732  -65.232  -27.499 0.4000000060
17752  34.854  -65.529  -28.629 0.4000000060
136296  31.444  -63.607  -25.518 0.4000000060
18570  31.234  -64.570  -25.354 0.4000000060
18571  30.134  -64.777  -25.301 0.4000000060
19390  29.458  -64.362  -24.994 0.5000000000
17694  29.538  -65.755  -24.301 0.5000000000
17688  29.722  -65.714  -23.325 0.5000000000
20206  34.317  -62.168  -25.463 0.4000000060
19407  33.767  -63.445  -25.381 0.5000000000
17703  32.131  -65.218  -25.584 0.5000000000
15842  29.319  -67.326  -22.559 0.5000000000
19406  34.915  -62.621  -25.565 0.5000000000
18587  34.292  -64.298  -25.862 0.5000000000
19423  35.491  -63.212  -26.046 0.5000000000
18599  35.397  -64.577  -27.264 0.4000000060
18598  36.194  -64.402  -27.925 0.4000000060
17751  35.544  -65.201  -28.826 0.4000000060
17768  36.030  -65.103  -29.245 0.4000000060
17794  35.372  -66.072  -31.154 0.3000000119
17804  35.976  -66.193  -32.011 0.4000000060
21028  32.553  -61.671  -27.915 0.4000000060
20230  30.815  -62.251  -26.866 0.4000000060
21006  30.471  -61.952  -26.275 0.4000000060
21023  33.185  -61.469  -26.440 0.4000000060
20208  32.244  -62.497  -25.902 0.4000000060
20229  31.323  -62.258  -27.004 0.4000000060
19409  30.066  -63.292  -25.418 0.4000000060
20196  30.117  -62.864  -25.245 0.5000000000
19376  29.705  -64.313  -24.343 0.5000000000
21808  34.350  -60.863  -25.843 0.4000000060
130879  33.862  -61.817  -25.574 0.4000000060
19408  32.773  -63.489  -25.383 0.4000000060
20185  30.328  -63.013  -24.282 0.5000000000
19375  30.233  -63.691  -23.805 0.5000000000
18542  30.259  -65.183  -22.545 0.5000000000
17681  30.374  -65.357  -21.631 0.6000000238
19347  30.537  -64.166  -20.785 0.6000000238
16752  29.562  -66.467  -20.998 0.6000000238
20126  31.293  -62.203  -20.647 0.6000000238
19332  30.876  -63.403  -20.785 0.6000000238
17659  28.863  -65.465  -20.452 0.5000000000
19455  37.060  -64.071  -28.241 0.4000000060
133368  27.645  -63.861  -20.424 0.5000000000
17767  36.719  -65.045  -29.696 0.4000000060
17780  37.263  -65.165  -30.237 0.4000000060
21812  30.664  -61.461  -26.573 0.4000000060
21811  31.065  -60.731  -26.085 0.5000000000
20992  31.013  -61.503  -24.800 0.5000000000
20985  31.446  -61.806  -23.744 0.5000000000
19364  30.898  -63.692  -22.319 0.5000000000
20972  31.732  -62.006  -22.509 0.5000000000
19363  31.071  -63.704  -21.167 0.6000000238
20957  31.941  -61.714  -21.415 0.6000000238
124766  31.653  -62.319  -21.471 0.6000000238
14272  32.851  -69.222  -35.261 0.3000000119
139913  35.145  -67.641  -33.625 0.3000000119
17809  39.304  -66.185  -34.074 0.3000000119
21842  33.227  -61.348  -28.523 0.4000000060
122326  32.742  -61.356  -28.823 0.4000000060
21854  32.232  -61.105  -28.963 0.4000000060
21843  31.185  -61.345  -27.822 0.4000000060
22617  31.539  -60.165  -26.502 0.4000000060
21798  31.424  -60.775  -25.136 0.5000000000
21810  31.813  -60.138  -25.580 0.4000000060
21789  31.948  -60.953  -23.990 0.5000000000
18512  29.985  -64.092  -20.489 0.6000000238
18514  28.220  -64.586  -20.393 0.5000000000
22654  31.524  -60.701  -28.191 0.4000000060
127644  30.216  -63.767  -25.453 0.4000000060
133124  29.870  -66.392  -21.623 0.5000000000
17802  39.283  -66.098  -33.805 0.3000000119
21029  31.671  -61.868  -27.788 0.4000000060
20993  30.457  -62.091  -25.492 0.5000000000
20184  31.055  -62.521  -23.438 0.5000000000
20166  31.302  -62.831  -22.183 0.6000000238
125830  29.898  -52.133  -30.780 0.3000000119
15128  32.824  -68.671  -34.737 0.3000000119
15829  29.401  -66.967  -21.706 0.5000000000
15928  23.282  -66.812  -28.791 0.5000000000
15943  22.009  -67.244  -30.412 0.5000000000
15972  21.627  -67.755  -32.237 0.4000000060
15984  22.078  -67.211  -32.520 0.5000000000
15985  21.368  -67.599  -32.590 0.4000000060
15986  20.781  -67.878  -32.648 0.4000000060
15994  34.943  -67.284  -34.575 0.3000000119
16734  29.543  -65.955  -20.670 0.5000000000
16735  28.922  -66.322  -20.640 0.5000000000
16758  29.646  -66.541  -22.490 0.5000000000
16777  16.361  -66.297  -24.100 0.3000000119
16790  23.560  -66.241  -25.409 0.5000000000
16823  23.909  -66.429  -28.238 0.6000000238
16837  24.014  -66.349  -29.095 0.5000000000
16857  23.600  -66.706  -29.562 0.5000000000
16858  22.952  -67.008  -30.561 0.5000000000
16872  23.696  -66.531  -30.718 0.5000000000
16886  24.098  -65.972  -31.329 0.6000000238
16887  23.456  -66.363  -31.816 0.5000000000
16888  22.740  -66.742  -32.266 0.5000000000
16900  22.502  -66.605  -32.456 0.5000000000
17657  30.057  -64.644  -20.614 0.6000000238
17658  29.780  -65.283  -20.618 0.5000000000
17673  30.129  -65.887  -21.104 0.6000000238
17674  25.171  -65.294  -20.901 0.6000000238
17682  30.179  -65.942  -22.041 0.5000000000
17689  23.618  -65.504  -23.800 0.6000000238
17695  23.577  -65.487  -24.705 0.5000000000
17697  16.337  -65.303  -24.363 0.4000000060
17707  23.613  -65.319  -25.508 0.6000000238
17717  32.732  -65.691  -26.116 0.4000000060
17735  23.961  -66.655  -27.260 0.6000000238
17754  24.111  -65.868  -28.766 0.6000000238
17769  35.374  -65.508  -29.408 0.4000000060
17772  19.517  -65.401  -29.272 0.4000000060
17781  35.877  -65.748  -30.572 0.3000000119
17783  24.481  -65.572  -30.814 0.6000000238
17793  36.899  -65.993  -31.784 0.4000000060
17796  23.868  -65.764  -32.057 0.6000000238
17805  24.300  -65.041  -32.127 0.6000000238
18513  29.297  -64.499  -20.428 0.6000000238
18515  27.262  -64.586  -20.440 0.6000000238
18516  26.390  -64.590  -20.552 0.6000000238
18529  30.360  -65.046  -20.944 0.6000000238
18541  30.640  -64.547  -21.684 0.6000000238
18544  24.649  -64.203  -22.274 0.6000000238
18548  30.343  -64.411  -23.073 0.5000000000
18549  29.870  -64.906  -23.569 0.5000000000
18551  23.948  -64.630  -23.835 0.6000000238
18556  29.630  -64.979  -24.329 0.5000000000
18557  24.322  -63.802  -23.725 0.6000000238
18563  15.240  -64.844  -24.861 0.4000000060
18568  33.356  -64.234  -25.455 0.5000000000
18569  32.368  -64.342  -25.369 0.5000000000
18574  23.678  -64.455  -25.689 0.6999999881
18589  23.672  -64.474  -26.647 0.6999999881
18615  36.628  -64.615  -28.898 0.4000000060
18616  35.960  -64.827  -28.646 0.4000000060
18617  35.452  -64.965  -28.158 0.4000000060
18620  19.927  -64.957  -28.403 0.4000000060
18629  24.572  -65.045  -30.297 0.6999999881
18630  21.278  -64.230  -29.876 0.5000000000
18640  25.466  -64.070  -31.878 0.6999999881
18642  20.892  -64.992  -30.307 0.4000000060
18645  25.513  -63.844  -32.358 0.6000000238
18649  25.378  -63.697  -32.545 0.6000000238
18651  24.113  -64.921  -32.249 0.6000000238
19333  30.246  -63.441  -20.454 0.6000000238
19348  26.481  -63.176  -20.770 0.6000000238
19389  29.639  -63.707  -25.066 0.5000000000
19393  17.988  -63.262  -24.653 0.3000000119
19394  16.309  -63.583  -24.861 0.4000000060
19395  15.329  -63.286  -25.263 0.4000000060
19410  29.522  -64.058  -25.126 0.5000000000
19411  23.723  -63.557  -26.097 0.6999999881
19424  34.665  -63.434  -25.669 0.5000000000
19425  30.570  -62.786  -25.937 0.4000000060
19426  23.700  -63.635  -27.201 0.6999999881
19437  35.928  -63.869  -26.884 0.4000000060
19438  23.809  -63.069  -28.044 0.6999999881
19458  20.734  -63.755  -28.219 0.5000000000
19467  25.641  -63.388  -30.895 0.6999999881
19470  21.066  -64.018  -29.040 0.5000000000
19471  25.170  -64.201  -30.900 0.6999999881
19476  22.241  -64.470  -31.367 0.6000000238
19477  26.066  -63.283  -32.670 0.6000000238
19478  24.546  -64.145  -32.396 0.6000000238
20128  28.782  -62.148  -20.207 0.6999999881
20129  27.867  -62.470  -20.407 0.6000000238
20147  31.379  -62.894  -20.942 0.6000000238
20149  25.706  -62.508  -21.738 0.6000000238
20167  30.773  -63.134  -23.228 0.5000000000
20168  25.424  -62.109  -22.416 0.6999999881
20205  35.039  -61.932  -25.494 0.5000000000
20207  33.331  -62.580  -25.482 0.4000000060
20209  31.202  -62.755  -26.130 0.4000000060
20210  30.452  -62.538  -25.839 0.4000000060
20211  24.300  -62.213  -25.384 0.6999999881
20228  35.801  -62.189  -25.739 0.5000000000
20231  30.620  -62.163  -26.580 0.4000000060
20232  23.884  -62.009  -26.954 0.6999999881
20244  31.055  -61.966  -27.529 0.4000000060
20245  30.724  -62.031  -27.096 0.4000000060
20249  19.570  -62.809  -27.356 0.4000000060
20257  24.383  -62.574  -28.800 0.6999999881
20258  21.550  -62.515  -28.325 0.5000000000
20259  20.969  -63.010  -27.859 0.5000000000
20264  27.014  -62.302  -32.537 0.6999999881
20269  26.904  -62.245  -32.771 0.6999999881
20273  23.112  -63.110  -31.370 0.5000000000
20274  26.421  -62.841  -32.778 0.6999999881
20276  24.768  -63.369  -32.578 0.6000000238
20939  31.633  -61.509  -20.672 0.6000000238
20941  29.857  -61.330  -19.952 0.6999999881
20943  27.425  -61.687  -20.658 0.6000000238
20956  32.247  -60.994  -21.191 0.6000000238
20958  26.648  -61.712  -21.161 0.6000000238
20959  25.974  -61.818  -21.806 0.6000000238
20971  32.238  -61.234  -22.158 0.6000000238
20984  32.125  -61.431  -23.096 0.5000000000
20986  30.630  -62.278  -24.548 0.5000000000
20987  25.159  -61.652  -23.118 0.6999999881
20994  25.003  -61.083  -23.716 0.6999999881
20998  17.944  -61.726  -25.226 0.4000000060
21002  34.571  -61.388  -25.587 0.4000000060
21003  33.870  -61.321  -25.816 0.4000000060
21004  33.162  -61.903  -25.798 0.4000000060
21005  30.719  -61.383  -25.744 0.5000000000
21007  24.454  -61.333  -25.407 0.6999999881
21010  15.973  -61.311  -25.885 0.5000000000
21024  32.218  -62.022  -26.781 0.4000000060
21025  30.589  -61.929  -26.834 0.4000000060
21026  24.339  -61.057  -26.310 0.6999999881
21034  17.810  -60.770  -27.257 0.5000000000
21035  16.917  -60.802  -27.177 0.5000000000
21038  32.680  -61.110  -29.226 0.4000000060
21039  32.134  -61.448  -28.541 0.4000000060
21040  31.535  -61.649  -28.090 0.4000000060
21044  21.768  -61.747  -27.986 0.6000000238
21046  25.137  -62.100  -29.556 0.8999999762
21049  27.441  -61.656  -32.517 0.8000000119
21051  23.471  -61.368  -30.953 0.6999999881
21052  22.806  -61.725  -30.378 0.5000000000
21054  26.542  -61.756  -32.811 0.6999999881
21055  25.250  -61.757  -32.391 0.6000000238
21751  31.177  -60.952  -20.319 0.6999999881
21754  28.685  -60.472  -20.322 0.6999999881
21769  32.546  -60.116  -21.107 0.6000000238
21799  24.867  -60.314  -24.313 0.6999999881
21809  33.898  -60.934  -26.175 0.4000000060
21813  24.590  -59.925  -25.215 0.8000000119
21814  24.434  -60.499  -25.785 0.8000000119
21817  16.566  -60.783  -26.085 0.5000000000
21832  34.466  -60.510  -26.423 0.4000000060
21833  33.528  -61.018  -27.056 0.4000000060
21834  30.909  -60.953  -27.038 0.4000000060
21835  30.787  -61.775  -27.236 0.4000000060
21837  21.445  -59.996  -26.529 0.5000000000
21838  16.639  -60.693  -26.617 0.5000000000
21855  31.683  -61.208  -28.517 0.4000000060
21857  24.662  -60.964  -28.180 0.8000000119
21858  22.563  -60.519  -28.248 0.6000000238
21865  32.618  -60.777  -29.430 0.4000000060
21879  27.224  -61.463  -31.377 0.8000000119
21888  27.682  -61.078  -32.847 0.6999999881
21891  24.289  -61.082  -31.575 0.6999999881
21894  27.325  -61.629  -32.956 0.6000000238
22556  28.775  -59.238  -20.605 0.8000000119
22569  32.398  -59.397  -20.862 0.6000000238
22572  26.919  -60.292  -21.635 0.6999999881
22585  33.440  -59.268  -22.548 0.6000000238
22586  33.054  -59.732  -21.878 0.6000000238
22587  26.764  -59.062  -22.346 0.6999999881
22589  25.752  -59.763  -23.057 0.6000000238
22599  33.310  -59.462  -23.591 0.5000000000
22601  25.663  -59.160  -23.440 0.6000000238
22602  25.270  -59.631  -23.800 0.6000000238
22603  20.868  -59.302  -23.326 0.4000000060
22610  32.519  -59.673  -25.160 0.5000000000
22615  32.971  -59.168  -25.556 0.4000000060
22616  32.237  -59.579  -26.032 0.5000000000
22619  24.548  -59.717  -26.102 0.6000000238
22638  31.401  -60.405  -27.448 0.4000000060
22639  24.939  -59.048  -26.395 0.6999999881
22655  25.938  -58.783  -27.598 0.6000000238
22659  18.608  -59.505  -26.732 0.4000000060
22660  17.162  -60.210  -26.861 0.5000000000
22670  26.239  -59.989  -29.284 0.8000000119
22671  23.212  -59.499  -28.450 0.5000000000
22681  23.059  -60.228  -29.090 0.5000000000
22687  29.323  -59.258  -32.363 0.5000000000
22689  27.891  -60.093  -31.325 0.6999999881
22692  23.894  -59.888  -30.533 0.4000000060
22701  25.561  -60.217  -31.881 0.5000000000
23364  32.166  -58.818  -20.724 0.6000000238
23365  31.527  -58.574  -20.529 0.6999999881
23366  30.603  -58.199  -20.424 0.6999999881
23384  33.389  -58.181  -21.695 0.6000000238
23386  27.786  -57.891  -21.841 0.6999999881
23406  25.888  -58.514  -23.482 0.6000000238
23416  25.520  -58.030  -24.247 0.6000000238
23423  34.131  -58.328  -24.784 0.5000000000
23453  32.609  -59.196  -27.315 0.5000000000
23457  18.632  -58.948  -26.488 0.5000000000
23465  27.715  -58.274  -29.170 0.6999999881
23467  24.424  -58.164  -29.130 0.5000000000
23476  29.406  -58.628  -31.095 0.5000000000
23486  29.142  -59.266  -31.471 0.6000000238
23487  26.840  -58.471  -32.002 0.5000000000
23494  29.554  -58.784  -32.342 0.5000000000
23495  29.203  -58.929  -32.692 0.5000000000
23496  28.397  -59.438  -32.771 0.5000000000
24256  33.896  -56.945  -22.343 0.6000000238
24268  34.256  -57.478  -22.943 0.6000000238
24283  25.902  -57.253  -24.401 0.6000000238
24291  25.943  -57.073  -25.846 0.6000000238
24292  18.920  -57.469  -25.689 0.4000000060
24293  18.722  -57.897  -26.207 0.4000000060
24299  26.250  -57.326  -26.741 0.6999999881
24312  26.712  -57.627  -27.529 0.6000000238
24323  24.157  -57.324  -27.975 0.4000000060
24339  28.013  -57.381  -32.217 0.4000000060
24345  30.177  -57.219  -31.836 0.4000000060
24347  28.966  -57.968  -32.755 0.4000000060
25124  31.394  -56.313  -20.509 0.5000000000
25126  29.978  -55.955  -20.617 0.5000000000
25138  32.763  -56.727  -21.168 0.6000000238
25150  27.988  -56.503  -22.205 0.6000000238
25151  27.413  -56.572  -22.882 0.6000000238
25190  26.918  -56.028  -26.886 0.6999999881
25193  21.192  -56.237  -26.149 0.4000000060
25195  19.379  -56.924  -26.109 0.4000000060
25218  24.055  -56.495  -27.776 0.4000000060
25224  29.897  -56.802  -30.418 0.4000000060
25227  25.139  -57.095  -29.096 0.3000000119
25232  30.707  -56.435  -31.408 0.5000000000
25236  26.056  -57.003  -30.501 0.3000000119
26058  28.387  -55.728  -22.126 0.4000000060
26070  27.691  -55.417  -23.539 0.6000000238
26082  27.374  -55.170  -24.818 0.6000000238
26083  26.791  -55.756  -25.091 0.6999999881
26103  22.276  -55.289  -26.567 0.4000000060
26137  30.968  -55.099  -31.382 0.5000000000
26138  31.017  -55.637  -31.460 0.5000000000
26990  32.360  -54.558  -20.703 0.4000000060
26993  29.969  -54.610  -20.910 0.4000000060
27009  28.749  -54.947  -22.053 0.4000000060
27018  29.080  -54.238  -22.121 0.4000000060
27080  29.137  -54.722  -28.720 0.5000000000
27082  23.764  -54.118  -28.270 0.4000000060
27085  30.750  -54.307  -30.840 0.5000000000
27086  30.610  -54.691  -30.458 0.5000000000
27093  30.633  -54.685  -31.374 0.5000000000
27094  29.879  -54.214  -31.297 0.4000000060
27949  28.973  -53.938  -22.852 0.5000000000
27982  28.304  -53.387  -25.544 0.5000000000
27997  28.409  -53.383  -27.881 0.5000000000
27998  27.958  -53.780  -27.322 0.5000000000
28006  25.999  -53.076  -28.704 0.5000000000
28007  25.024  -53.333  -28.523 0.3000000119
28010  22.676  -53.583  -27.997 0.4000000060
28015  27.566  -53.291  -29.849 0.3000000119
28021  29.241  -53.581  -30.924 0.4000000060
28931  29.465  -52.348  -22.853 0.4000000060
28951  29.013  -52.865  -24.256 0.5000000000
28963  28.460  -52.309  -26.848 0.4000000060
28976  29.045  -52.899  -28.519 0.6000000238
28988  26.845  -52.753  -29.215 0.3000000119
28992  29.687  -52.774  -30.865 0.3000000119
30005  28.790  -51.090  -30.300 0.4000000060
30944  30.276  -50.653  -30.276 0.4000000060
30945  30.288  -51.054  -29.782 0.4000000060
30954  30.109  -51.098  -30.527 0.4000000060
30955  29.625  -50.706  -30.521 0.4000000060
31909  30.449  -49.183  -29.791 0.3000000119
31922  30.046  -49.600  -30.418 0.4000000060
32828  29.224  -48.853  -29.949 0.4000000060
32840  30.104  -48.507  -30.069 0.4000000060
115844  26.439  -59.876  -22.328 0.6000000238
116083  28.463  -60.276  -32.360 0.6999999881
116711  28.904  -59.914  -20.358 0.6999999881
116733  24.436  -60.921  -27.182 0.6999999881
117356  36.129  -65.883  -31.163 0.3000000119
117667  34.787  -64.676  -26.673 0.4000000060
118585  29.349  -58.935  -20.484 0.6999999881
118695  38.468  -65.998  -33.757 0.3000000119
118850  25.439  -65.980  -20.671 0.6000000238
119099  30.315  -54.899  -20.680 0.4000000060
119241  24.054  -65.232  -28.441 0.6999999881
119312  28.342  -54.136  -24.181 0.5000000000
120006  18.575  -62.024  -27.347 0.5000000000
120512  25.341  -59.086  -27.171 0.6999999881
120965  34.208  -65.729  -28.040 0.4000000060
121307  22.640  -59.907  -27.686 0.6000000238
121383  20.867  -68.432  -32.042 0.4000000060
121607  31.013  -55.718  -20.458 0.4000000060
122047  30.019  -59.024  -20.300 0.6999999881
122179  24.500  -58.485  -29.782 0.3000000119
122454  31.041  -54.991  -20.499 0.4000000060
122693  22.706  -60.804  -29.080 0.5000000000
123123  28.531  -63.782  -20.357 0.6999999881
123395  29.636  -62.669  -20.208 0.6999999881
123650  26.813  -63.866  -20.535 0.6000000238
123727  24.329  -65.192  -29.249 0.6999999881
124074  28.628  -52.546  -25.828 0.4000000060
124632  24.194  -61.441  -26.803 0.6999999881
125632  36.621  -65.523  -30.588 0.4000000060
126255  24.116  -63.026  -25.296 0.6999999881
126997  29.968  -56.624  -20.530 0.6000000238
127111  32.259  -63.032  -25.578 0.4000000060
127113  35.995  -65.489  -29.925 0.4000000060
127666  24.261  -63.371  -24.477 0.6999999881
127683  20.336  -58.727  -26.526 0.4000000060
128078  22.529  -54.826  -27.236 0.4000000060
129108  21.757  -63.744  -30.175 0.5000000000
129637  24.437  -56.141  -28.158 0.4000000060
130055  32.940  -54.965  -21.064 0.4000000060
130663  30.258  -49.806  -30.243 0.4000000060
131386  27.901  -49.996  -29.605 0.3000000119
131477  32.367  -55.331  -20.726 0.4000000060
131776  35.096  -56.890  -24.388 0.5000000000
132111  32.856  -59.389  -21.339 0.6000000238
132152  30.076  -62.025  -20.113 0.6999999881
133422  24.076  -52.731  -28.524 0.3000000119
133650  18.784  -60.258  -26.980 0.5000000000
133991  21.695  -65.017  -31.401 0.5000000000
134366  22.289  -66.257  -32.459 0.6000000238
134434  22.903  -64.785  -31.834 0.6000000238
134673  25.442  -64.004  -21.226 0.6000000238
135238  22.979  -66.133  -32.381 0.6000000238
135373  25.462  -57.266  -29.926 0.3000000119
135870  27.625  -55.140  -24.177 0.6999999881
136299  18.120  -59.488  -26.615 0.4000000060
136422  34.187  -62.826  -25.416 0.4000000060
136552  28.698  -51.941  -27.623 0.4000000060
137025  20.503  -61.847  -27.177 0.5000000000
137222  27.971  -63.240  -20.373 0.6999999881
138655  30.551  -56.250  -30.729 0.5000000000
139293  32.798  -59.777  -24.369 0.6000000238
139568  28.722  -57.194  -21.235 0.6999999881
139748  18.277  -60.437  -27.144 0.5000000000
139890  31.651  -62.173  -20.893 0.6000000238
140078  30.027  -48.155  -29.998 0.4000000060
140082  31.233  -63.299  -21.553 0.6000000238
