#!ascii label  , from subject sub-v2s16x51243_ses-1 vox2ras=TkReg
239
73015  27.631  -6.385  -35.122 0.0000000000
63608  26.873  -16.119  -31.339 0.0000000000
76615  24.356  -2.027  -35.648 0.0000000000
86144  22.110  8.274  -37.821 0.0000000000
61622  25.660  -18.033  -30.121 0.0000000000
79193  26.477  0.818  -36.325 0.0000000000
81838  25.570  3.739  -36.521 0.0000000000
71270  25.341  -9.187  -33.978 0.0000000000
68645  26.948  -12.316  -32.620 0.0000000000
70449  29.270  -9.659  -33.723 0.0000000000
132476  29.446  -5.454  -38.197 0.0000000000
136639  30.105  -7.737  -35.461 0.0000000000
74800  26.185  -4.227  -35.122 0.0000000000
76605  27.783  -2.297  -36.949 0.0000000000
84480  23.153  6.036  -37.966 0.0000000000
138779  24.784  6.341  -36.025 0.0000000000
65638  28.292  -14.518  -32.001 0.0000000000
134162  25.013  2.244  -36.674 0.0000000000
80936  24.759  3.612  -37.760 0.0000000000
72143  26.862  -7.910  -33.963 0.0000000000
70451  27.000  -9.647  -33.549 0.0000000000
72142  28.076  -7.740  -34.333 0.0000000000
62581  26.135  -17.427  -30.610 0.0000000000
75694  25.625  -3.455  -35.422 0.0000000000
75706  27.322  -3.195  -36.806 0.0000000000
118213  26.405  -2.070  -36.180 0.0000000000
80077  26.566  1.896  -36.144 0.0000000000
122730  27.075  0.990  -36.239 0.0000000000
86149  20.524  8.466  -40.434 0.0000000000
128358  22.004  5.893  -39.718 0.0000000000
84481  22.614  6.771  -38.411 0.0000000000
88745  25.458  10.944  -35.631 0.0000000000
86964  25.979  9.754  -35.456 0.0000000000
127394  24.622  7.847  -35.658 0.0000000000
129063  25.919  8.208  -35.319 0.0000000000
84466  26.163  6.200  -34.980 0.0000000000
67652  28.237  -12.706  -32.519 0.0000000000
66629  27.932  -13.430  -32.311 0.0000000000
60584  24.869  -19.134  -30.237 0.0000000000
78354  25.174  -0.082  -35.785 0.0000000000
126853  25.061  1.443  -36.376 0.0000000000
126073  25.863  2.065  -36.502 0.0000000000
81837  26.122  3.158  -36.109 0.0000000000
68659  25.333  -11.513  -33.202 0.0000000000
128524  26.232  -10.626  -33.447 0.0000000000
69616  28.065  -10.831  -33.268 0.0000000000
69605  29.039  -11.057  -33.194 0.0000000000
73032  28.425  -5.919  -35.973 0.0000000000
140374  28.882  -7.240  -35.570 0.0000000000
73930  29.949  -6.327  -37.904 0.0000000000
73017  25.452  -6.981  -34.503 0.0000000000
73935  25.114  -5.876  -34.701 0.0000000000
73918  26.761  -5.889  -35.051 0.0000000000
74798  27.834  -4.576  -36.734 0.0000000000
75705  28.354  -3.615  -38.063 0.0000000000
126785  28.576  -2.183  -36.661 0.0000000000
78352  26.858  -0.566  -35.895 0.0000000000
78345  27.860  -0.685  -35.554 0.0000000000
82809  23.414  4.760  -37.658 0.0000000000
86139  22.783  8.398  -36.905 0.0000000000
85295  23.488  7.686  -36.668 0.0000000000
84474  23.871  6.234  -37.290 0.0000000000
83643  24.572  4.846  -37.395 0.0000000000
83642  25.090  4.473  -36.754 0.0000000000
83623  26.266  5.229  -34.957 0.0000000000
65639  26.275  -14.581  -31.789 0.0000000000
67654  26.659  -12.995  -32.185 0.0000000000
71266  29.722  -8.892  -34.250 0.0000000000
135630  29.749  -9.601  -33.685 0.0000000000
80945  23.545  3.414  -37.096 0.0000000000
81865  23.805  3.956  -37.449 0.0000000000
72154  27.212  -7.130  -34.508 0.0000000000
59621  23.818  -20.257  -29.330 0.0000000000
60572  24.188  -19.553  -29.781 0.0000000000
62595  26.425  -16.847  -31.172 0.0000000000
76607  25.020  -2.793  -35.654 0.0000000000
76606  25.987  -2.682  -35.794 0.0000000000
76614  25.438  -1.941  -35.812 0.0000000000
81836  26.796  2.951  -35.405 0.0000000000
80923  27.000  2.290  -35.565 0.0000000000
86145  21.531  8.268  -39.122 0.0000000000
85301  21.061  7.573  -40.074 0.0000000000
84482  21.720  6.675  -39.679 0.0000000000
85300  21.976  7.548  -38.669 0.0000000000
86127  25.966  8.964  -35.402 0.0000000000
127356  26.727  8.549  -35.253 0.0000000000
67651  29.113  -12.365  -32.482 0.0000000000
67644  28.728  -13.118  -32.257 0.0000000000
63610  25.173  -16.235  -31.466 0.0000000000
79195  24.379  0.927  -36.069 0.0000000000
80934  25.404  2.825  -37.063 0.0000000000
81850  25.577  3.186  -37.061 0.0000000000
80933  25.981  2.592  -36.519 0.0000000000
86986  21.090  9.820  -39.345 0.0000000000
69618  25.222  -10.962  -33.674 0.0000000000
70452  25.984  -9.674  -33.656 0.0000000000
70450  28.217  -9.785  -33.545 0.0000000000
127955  27.334  -10.372  -33.391 0.0000000000
127565  28.910  -10.325  -33.452 0.0000000000
61623  25.058  -18.424  -30.376 0.0000000000
121163  28.868  -5.678  -36.953 0.0000000000
73031  29.346  -6.275  -36.765 0.0000000000
73931  29.569  -6.059  -38.001 0.0000000000
72156  25.070  -7.760  -34.362 0.0000000000
131147  25.153  -4.156  -35.226 0.0000000000
73934  26.044  -5.389  -34.878 0.0000000000
73933  27.142  -4.953  -35.544 0.0000000000
74799  27.276  -3.953  -36.170 0.0000000000
76613  27.240  -2.410  -36.638 0.0000000000
76612  27.827  -3.131  -37.472 0.0000000000
76604  28.201  -2.886  -37.545 0.0000000000
79194  25.682  0.632  -36.245 0.0000000000
132480  25.976  -0.252  -35.885 0.0000000000
78353  26.403  0.028  -35.959 0.0000000000
79187  27.395  0.141  -35.734 0.0000000000
128826  22.628  5.974  -39.097 0.0000000000
83650  22.302  5.346  -38.993 0.0000000000
82810  22.483  4.827  -37.997 0.0000000000
83649  22.885  5.362  -38.127 0.0000000000
87840  25.322  10.175  -35.495 0.0000000000
87856  24.658  10.664  -35.712 0.0000000000
86966  23.895  9.348  -35.870 0.0000000000
86138  23.601  8.606  -36.183 0.0000000000
131437  24.725  6.979  -35.799 0.0000000000
85285  24.122  7.298  -36.097 0.0000000000
84473  24.391  6.460  -36.530 0.0000000000
125427  24.286  5.670  -37.054 0.0000000000
83635  24.792  5.605  -36.400 0.0000000000
84465  27.097  6.905  -34.784 0.0000000000
84456  27.064  5.962  -34.675 0.0000000000
83622  27.153  5.122  -34.631 0.0000000000
65640  25.478  -14.522  -31.743 0.0000000000
68646  26.091  -12.079  -32.647 0.0000000000
66618  27.780  -14.105  -32.128 0.0000000000
66630  27.235  -13.598  -32.139 0.0000000000
126927  27.687  -14.677  -32.054 0.0000000000
136082  26.999  -14.638  -31.909 0.0000000000
133031  29.779  -7.636  -35.570 0.0000000000
71283  29.132  -7.666  -35.170 0.0000000000
71282  29.869  -8.245  -35.086 0.0000000000
126316  24.106  1.861  -36.417 0.0000000000
80086  23.842  2.642  -36.799 0.0000000000
80935  24.809  3.055  -37.464 0.0000000000
81851  25.251  3.726  -37.597 0.0000000000
71284  25.669  -8.220  -33.999 0.0000000000
71269  26.417  -8.846  -33.753 0.0000000000
71268  27.827  -8.710  -33.790 0.0000000000
119975  28.941  -9.118  -33.999 0.0000000000
62582  25.367  -17.636  -30.592 0.0000000000
61621  26.147  -17.788  -29.865 0.0000000000
62566  26.578  -17.419  -29.970 0.0000000000
75704  29.251  -3.954  -38.288 0.0000000000
74813  29.689  -4.977  -38.284 0.0000000000
75693  26.547  -3.313  -35.792 0.0000000000
126659  26.772  -2.670  -36.307 0.0000000000
77517  26.677  -1.673  -36.164 0.0000000000
133435  26.422  1.389  -36.363 0.0000000000
80066  27.264  1.563  -35.624 0.0000000000
87839  25.953  10.431  -35.561 0.0000000000
86965  25.254  9.325  -35.457 0.0000000000
86129  24.442  8.777  -35.642 0.0000000000
86128  25.266  8.464  -35.460 0.0000000000
85284  25.345  7.555  -35.454 0.0000000000
84467  25.326  6.437  -35.594 0.0000000000
85283  26.230  7.396  -35.088 0.0000000000
85282  27.292  7.811  -35.040 0.0000000000
68644  27.793  -12.250  -32.714 0.0000000000
67653  27.399  -12.925  -32.388 0.0000000000
61624  24.282  -18.648  -30.264 0.0000000000
62596  25.757  -17.015  -31.187 0.0000000000
63609  26.150  -16.110  -31.527 0.0000000000
123263  24.770  -1.011  -35.585 0.0000000000
80085  25.821  1.403  -36.466 0.0000000000
80924  26.465  2.540  -35.999 0.0000000000
81821  26.591  3.655  -35.120 0.0000000000
134053  21.071  9.001  -39.660 0.0000000000
130762  21.729  9.030  -38.445 0.0000000000
130909  25.845  -11.409  -33.219 0.0000000000
68658  26.572  -11.594  -33.049 0.0000000000
69617  27.123  -11.035  -33.261 0.0000000000
68657  27.439  -11.660  -32.997 0.0000000000
68656  28.232  -11.592  -33.016 0.0000000000
68643  28.704  -11.944  -32.818 0.0000000000
68642  29.603  -11.484  -32.776 0.0000000000
72153  28.267  -7.117  -35.011 0.0000000000
73014  28.703  -6.717  -35.747 0.0000000000
73013  29.393  -7.073  -35.997 0.0000000000
120582  29.891  -7.001  -36.050 0.0000000000
73929  30.421  -6.078  -37.881 0.0000000000
73029  30.191  -6.238  -36.838 0.0000000000
73012  30.522  -6.563  -35.939 0.0000000000
72155  26.063  -7.384  -34.302 0.0000000000
73016  26.444  -6.617  -34.637 0.0000000000
73919  25.783  -6.250  -34.667 0.0000000000
73917  27.597  -5.666  -35.548 0.0000000000
73932  28.082  -5.278  -36.363 0.0000000000
74797  28.663  -5.027  -37.560 0.0000000000
74815  27.922  -3.941  -37.705 0.0000000000
74814  28.832  -4.448  -38.171 0.0000000000
75692  28.915  -3.111  -37.593 0.0000000000
77518  25.913  -1.109  -35.768 0.0000000000
124627  26.516  -0.860  -35.847 0.0000000000
77516  27.167  -1.434  -36.229 0.0000000000
128795  26.962  0.195  -36.001 0.0000000000
78346  27.323  -0.653  -35.884 0.0000000000
77511  27.862  -1.486  -36.176 0.0000000000
129392  23.044  4.423  -37.331 0.0000000000
86979  22.330  9.111  -37.349 0.0000000000
86978  23.095  9.408  -36.495 0.0000000000
85296  22.666  7.617  -37.550 0.0000000000
84475  23.321  6.879  -37.455 0.0000000000
85286  24.010  8.021  -35.912 0.0000000000
85294  23.965  6.976  -36.916 0.0000000000
83644  23.807  5.287  -37.593 0.0000000000
135675  23.971  4.283  -37.668 0.0000000000
81853  24.730  4.029  -37.898 0.0000000000
82797  24.988  4.174  -37.861 0.0000000000
83634  25.517  5.356  -35.715 0.0000000000
82787  25.723  4.450  -35.734 0.0000000000
121827  26.030  3.825  -35.685 0.0000000000
82773  26.422  4.406  -34.951 0.0000000000
64619  25.809  -15.196  -31.708 0.0000000000
64618  26.705  -15.236  -31.711 0.0000000000
66631  26.264  -13.507  -31.937 0.0000000000
131246  26.773  -13.714  -31.983 0.0000000000
65651  26.583  -14.120  -31.864 0.0000000000
71267  29.045  -8.400  -34.430 0.0000000000
71281  30.024  -8.410  -34.912 0.0000000000
69615  29.515  -10.253  -33.436 0.0000000000
62597  25.074  -17.135  -30.955 0.0000000000
69604  29.712  -10.748  -33.145 0.0000000000
70439  30.006  -10.077  -33.296 0.0000000000
73030  29.707  -6.466  -36.660 0.0000000000
73948  29.995  -6.037  -38.327 0.0000000000
81852  25.120  3.789  -37.998 0.0000000000
82798  24.421  4.462  -37.751 0.0000000000
83651  21.547  5.348  -39.628 0.0000000000
124432  25.185  3.402  -37.687 0.0000000000
127628  26.556  9.374  -35.445 0.0000000000
