#!ascii label  , from subject sub-v2s16x51247_ses-1 vox2ras=TkReg
436
59110  -20.306  -7.733  -52.386 0.0000000000
56566  -13.998  -10.397  -51.230 0.0000000000
119414  -20.458  -12.977  -53.652 0.0000000000
53605  -16.117  -13.703  -48.652 0.0000000000
69304  -20.541  4.235  -56.144 0.0000000000
64496  -19.169  -1.306  -58.416 0.0000000000
62676  -17.013  -3.144  -52.914 0.0000000000
50865  -14.717  -16.598  -45.965 0.0000000000
55614  -14.632  -11.796  -49.782 0.0000000000
53591  -13.754  -13.448  -47.530 0.0000000000
66857  -20.197  1.668  -56.993 0.0000000000
66038  -20.092  0.503  -53.389 0.0000000000
59117  -15.117  -7.636  -53.437 0.0000000000
60848  -13.697  -4.874  -53.646 0.0000000000
60840  -18.358  -5.253  -52.497 0.0000000000
61757  -21.111  -4.224  -55.846 0.0000000000
59988  -21.211  -6.819  -56.473 0.0000000000
57505  -20.954  -9.650  -56.686 0.0000000000
59082  -13.031  -8.013  -50.643 0.0000000000
58300  -16.765  -8.638  -51.808 0.0000000000
56584  -20.834  -10.666  -53.860 0.0000000000
56560  -18.230  -11.042  -50.746 0.0000000000
53617  -18.438  -13.406  -50.895 0.0000000000
51787  -19.031  -16.407  -50.488 0.0000000000
65296  -16.678  -0.835  -53.092 0.0000000000
63589  -20.711  -1.904  -54.015 0.0000000000
62723  -18.988  -3.363  -58.791 0.0000000000
52670  -13.347  -14.436  -46.377 0.0000000000
51752  -15.617  -15.469  -47.460 0.0000000000
54637  -12.812  -12.160  -48.044 0.0000000000
54610  -11.944  -12.261  -46.576 0.0000000000
66813  -19.782  1.421  -53.164 0.0000000000
66029  -17.753  0.673  -52.649 0.0000000000
59107  -17.258  -7.190  -52.460 0.0000000000
59963  -16.171  -6.412  -53.294 0.0000000000
59956  -19.052  -6.239  -52.323 0.0000000000
111385  -21.053  -6.180  -53.556 0.0000000000
59125  -21.433  -7.467  -54.635 0.0000000000
114453  -21.062  -8.338  -56.839 0.0000000000
58323  -21.354  -8.827  -54.832 0.0000000000
121918  -13.720  -9.441  -51.455 0.0000000000
57481  -14.483  -8.953  -52.480 0.0000000000
57470  -14.716  -9.596  -51.914 0.0000000000
114108  -17.012  -9.451  -51.291 0.0000000000
56558  -16.183  -10.661  -50.701 0.0000000000
53610  -16.114  -12.957  -49.056 0.0000000000
54658  -17.433  -12.670  -49.957 0.0000000000
53612  -17.294  -13.624  -49.777 0.0000000000
52697  -18.293  -14.449  -50.759 0.0000000000
52692  -17.153  -14.529  -49.532 0.0000000000
69289  -20.472  4.649  -54.293 0.0000000000
70132  -20.407  5.539  -54.523 0.0000000000
70144  -20.605  5.172  -55.929 0.0000000000
70985  -20.021  6.312  -57.524 0.0000000000
68471  -19.209  3.536  -58.521 0.0000000000
66086  -19.564  0.542  -57.822 0.0000000000
61740  -15.470  -4.242  -53.770 0.0000000000
63588  -14.886  -3.137  -54.103 0.0000000000
63579  -16.762  -2.259  -53.057 0.0000000000
64434  -18.357  -1.460  -52.763 0.0000000000
63567  -18.994  -2.172  -52.818 0.0000000000
60877  -19.710  -5.499  -58.305 0.0000000000
119145  -20.404  -4.289  -57.338 0.0000000000
61789  -18.678  -5.439  -59.612 0.0000000000
119018  -20.534  -11.481  -53.569 0.0000000000
116334  -20.886  -11.251  -55.329 0.0000000000
51733  -14.032  -16.016  -45.595 0.0000000000
51742  -13.680  -15.199  -45.960 0.0000000000
52671  -14.154  -14.777  -46.612 0.0000000000
51744  -15.315  -15.928  -46.923 0.0000000000
56545  -13.506  -11.004  -49.695 0.0000000000
55621  -14.825  -11.306  -50.423 0.0000000000
55601  -13.462  -11.627  -49.013 0.0000000000
54639  -14.006  -12.539  -48.600 0.0000000000
118592  -14.928  -13.270  -48.246 0.0000000000
68447  -20.521  2.983  -54.198 0.0000000000
67638  -20.260  2.497  -56.959 0.0000000000
67610  -20.566  2.228  -54.635 0.0000000000
66055  -20.558  0.782  -55.793 0.0000000000
65316  -20.566  -0.006  -55.510 0.0000000000
59953  -13.580  -6.725  -52.825 0.0000000000
59973  -14.334  -5.887  -53.615 0.0000000000
60850  -16.068  -5.578  -53.390 0.0000000000
61733  -18.303  -4.082  -52.627 0.0000000000
61743  -20.065  -3.663  -53.012 0.0000000000
104889  -20.648  -4.837  -53.350 0.0000000000
60871  -21.231  -5.951  -56.271 0.0000000000
59994  -20.121  -6.852  -58.000 0.0000000000
59151  -19.689  -8.239  -59.056 0.0000000000
49974  -15.679  -18.206  -46.325 0.0000000000
49987  -15.950  -17.670  -46.764 0.0000000000
58308  -14.555  -8.224  -53.066 0.0000000000
59105  -15.413  -8.029  -53.148 0.0000000000
59097  -17.811  -7.652  -51.891 0.0000000000
58317  -20.907  -9.261  -53.183 0.0000000000
57474  -18.826  -9.076  -51.414 0.0000000000
56572  -19.460  -10.594  -51.584 0.0000000000
54671  -19.765  -12.131  -52.120 0.0000000000
55622  -16.199  -11.341  -50.219 0.0000000000
55624  -18.320  -11.865  -50.618 0.0000000000
106863  -19.412  -12.963  -51.930 0.0000000000
53623  -19.496  -14.062  -51.963 0.0000000000
51798  -20.249  -15.877  -51.428 0.0000000000
108946  -18.637  2.131  -59.059 0.0000000000
65291  -18.113  -0.550  -52.708 0.0000000000
65297  -20.015  -0.453  -53.255 0.0000000000
104584  -20.543  -1.457  -55.989 0.0000000000
62702  -20.920  -3.114  -54.618 0.0000000000
103842  -20.339  -2.735  -56.938 0.0000000000
63615  -19.078  -2.344  -58.577 0.0000000000
105474  -21.078  -10.069  -55.850 0.0000000000
113199  -21.083  -11.324  -57.658 0.0000000000
53560  -11.968  -13.449  -45.721 0.0000000000
53575  -13.114  -13.749  -46.873 0.0000000000
52681  -14.449  -14.267  -47.234 0.0000000000
52688  -16.042  -14.474  -48.279 0.0000000000
50877  -16.378  -16.936  -47.577 0.0000000000
51753  -16.297  -16.050  -47.964 0.0000000000
51764  -17.228  -16.067  -49.108 0.0000000000
66028  -16.805  0.726  -52.847 0.0000000000
59109  -19.403  -7.203  -52.024 0.0000000000
59108  -18.272  -6.971  -52.018 0.0000000000
59119  -20.796  -7.422  -52.950 0.0000000000
59965  -20.971  -6.780  -53.247 0.0000000000
59120  -21.240  -7.572  -53.714 0.0000000000
109078  -21.374  -8.200  -54.351 0.0000000000
121606  -21.250  -8.227  -53.776 0.0000000000
57447  -13.304  -10.135  -50.062 0.0000000000
57461  -13.154  -9.308  -50.224 0.0000000000
57462  -13.612  -9.869  -50.974 0.0000000000
57469  -14.106  -9.737  -51.708 0.0000000000
56567  -14.457  -10.316  -51.394 0.0000000000
56568  -15.257  -10.178  -51.392 0.0000000000
56557  -15.028  -10.816  -50.968 0.0000000000
53611  -16.714  -13.678  -49.220 0.0000000000
54652  -16.765  -12.830  -49.498 0.0000000000
52696  -17.697  -14.554  -50.175 0.0000000000
69296  -20.599  4.588  -55.176 0.0000000000
121521  -20.543  5.066  -54.767 0.0000000000
69312  -20.387  4.856  -56.806 0.0000000000
118701  -19.498  4.205  -58.190 0.0000000000
68466  -20.252  3.916  -57.043 0.0000000000
65340  -19.508  -0.383  -57.896 0.0000000000
66097  -19.203  0.240  -58.357 0.0000000000
65356  -18.960  -0.387  -58.664 0.0000000000
111098  -18.682  -1.016  -59.013 0.0000000000
62687  -16.560  -3.920  -53.070 0.0000000000
62685  -15.460  -3.448  -53.790 0.0000000000
63578  -16.171  -3.050  -53.340 0.0000000000
106596  -16.034  -2.203  -53.405 0.0000000000
63565  -17.448  -2.544  -52.829 0.0000000000
63566  -18.139  -2.368  -52.759 0.0000000000
60885  -19.130  -5.995  -59.191 0.0000000000
54682  -20.723  -12.289  -54.165 0.0000000000
54683  -21.315  -12.721  -54.965 0.0000000000
49973  -14.861  -17.586  -45.727 0.0000000000
50853  -14.259  -16.844  -45.358 0.0000000000
51743  -14.571  -15.694  -46.353 0.0000000000
50866  -15.146  -16.421  -46.496 0.0000000000
56527  -13.097  -11.086  -48.930 0.0000000000
55600  -12.919  -11.636  -48.471 0.0000000000
54624  -13.142  -12.708  -47.823 0.0000000000
54638  -13.389  -12.218  -48.436 0.0000000000
53602  -13.700  -12.786  -48.098 0.0000000000
54640  -14.728  -12.739  -48.626 0.0000000000
53603  -14.290  -13.071  -48.133 0.0000000000
68438  -20.206  2.911  -53.512 0.0000000000
67604  -20.449  2.174  -53.928 0.0000000000
114036  -19.280  0.768  -52.819 0.0000000000
66814  -20.331  1.380  -53.719 0.0000000000
66039  -20.540  0.614  -54.004 0.0000000000
115830  -20.403  0.129  -56.395 0.0000000000
65308  -20.605  -0.133  -54.505 0.0000000000
59115  -14.070  -6.885  -53.380 0.0000000000
102070  -15.096  -6.962  -53.604 0.0000000000
60839  -17.461  -5.434  -52.651 0.0000000000
61742  -16.838  -4.897  -52.906 0.0000000000
108707  -17.649  -4.737  -52.609 0.0000000000
102825  -19.077  -4.582  -52.619 0.0000000000
60842  -20.306  -5.367  -52.891 0.0000000000
117847  -21.465  -6.798  -54.901 0.0000000000
59975  -21.432  -6.101  -54.743 0.0000000000
59987  -20.765  -6.371  -57.186 0.0000000000
59995  -20.692  -7.267  -57.383 0.0000000000
59140  -20.024  -7.784  -58.209 0.0000000000
59141  -20.626  -8.145  -57.505 0.0000000000
58336  -21.199  -8.750  -56.352 0.0000000000
58345  -20.705  -9.073  -57.461 0.0000000000
56603  -20.568  -10.273  -57.896 0.0000000000
49080  -15.155  -18.886  -45.788 0.0000000000
49088  -15.929  -19.148  -46.246 0.0000000000
59095  -13.003  -7.304  -51.101 0.0000000000
59943  -13.376  -7.301  -52.114 0.0000000000
59096  -13.412  -8.157  -51.557 0.0000000000
57482  -15.052  -8.988  -52.533 0.0000000000
58309  -14.937  -8.510  -53.011 0.0000000000
58310  -16.074  -8.250  -52.594 0.0000000000
58311  -16.946  -7.893  -52.261 0.0000000000
58301  -17.532  -8.253  -51.750 0.0000000000
58303  -19.035  -8.365  -51.639 0.0000000000
57473  -17.835  -8.992  -51.374 0.0000000000
56570  -17.922  -10.051  -51.031 0.0000000000
56571  -18.825  -10.024  -51.246 0.0000000000
120676  -18.482  -10.493  -51.047 0.0000000000
55633  -19.814  -11.185  -51.980 0.0000000000
55629  -19.367  -11.459  -51.528 0.0000000000
104222  -15.573  -11.183  -50.451 0.0000000000
55615  -15.629  -11.725  -49.882 0.0000000000
54659  -18.099  -12.588  -50.445 0.0000000000
54665  -18.656  -12.485  -50.965 0.0000000000
54666  -19.204  -12.308  -51.481 0.0000000000
53622  -18.943  -13.235  -51.496 0.0000000000
52698  -18.949  -15.412  -50.969 0.0000000000
52704  -19.589  -15.263  -51.483 0.0000000000
51788  -19.760  -16.287  -50.956 0.0000000000
67646  -19.483  2.838  -58.127 0.0000000000
66868  -19.217  1.941  -58.433 0.0000000000
61731  -13.120  -5.132  -53.077 0.0000000000
107493  -15.718  -0.718  -53.473 0.0000000000
107167  -17.289  -0.166  -52.792 0.0000000000
64435  -19.215  -1.463  -52.872 0.0000000000
109088  -19.757  -1.136  -53.107 0.0000000000
64448  -20.346  -1.265  -53.572 0.0000000000
64468  -20.640  -0.836  -55.217 0.0000000000
63594  -20.787  -1.778  -54.942 0.0000000000
62703  -21.150  -3.972  -54.794 0.0000000000
62688  -20.440  -3.190  -53.462 0.0000000000
115883  -20.947  -3.398  -55.521 0.0000000000
62716  -19.473  -3.961  -58.404 0.0000000000
62717  -20.122  -3.648  -57.611 0.0000000000
63607  -19.664  -2.839  -57.992 0.0000000000
62722  -18.417  -3.832  -59.513 0.0000000000
107036  -20.800  -10.030  -53.320 0.0000000000
57493  -21.134  -9.862  -53.971 0.0000000000
56590  -20.950  -10.540  -54.903 0.0000000000
111551  -21.058  -11.282  -56.775 0.0000000000
52656  -12.765  -14.733  -45.601 0.0000000000
120554  -12.176  -14.118  -45.531 0.0000000000
52669  -12.584  -13.997  -46.191 0.0000000000
51751  -14.915  -15.092  -47.018 0.0000000000
52682  -15.342  -14.528  -47.643 0.0000000000
51762  -15.999  -15.142  -47.935 0.0000000000
50876  -15.748  -16.835  -46.964 0.0000000000
110006  -16.886  -16.299  -48.561 0.0000000000
55585  -12.419  -11.686  -47.902 0.0000000000
55568  -12.039  -11.673  -47.104 0.0000000000
54623  -12.467  -12.446  -47.419 0.0000000000
53590  -12.936  -13.137  -47.306 0.0000000000
67603  -20.125  2.036  -53.461 0.0000000000
66804  -18.934  1.544  -52.711 0.0000000000
113320  -18.506  0.936  -52.639 0.0000000000
59118  -15.735  -7.175  -53.340 0.0000000000
59954  -16.641  -6.807  -52.958 0.0000000000
59955  -17.659  -6.275  -52.517 0.0000000000
108964  -19.980  -5.948  -52.561 0.0000000000
109544  -20.587  -6.098  -53.002 0.0000000000
59966  -21.342  -6.669  -54.098 0.0000000000
59130  -21.398  -7.348  -55.651 0.0000000000
59135  -21.139  -7.661  -56.708 0.0000000000
106661  -21.303  -8.069  -56.162 0.0000000000
57497  -21.272  -9.183  -55.668 0.0000000000
58288  -12.999  -8.587  -50.232 0.0000000000
58289  -13.395  -8.918  -51.003 0.0000000000
58299  -13.809  -9.046  -51.928 0.0000000000
57471  -15.492  -9.437  -51.827 0.0000000000
56569  -16.194  -9.843  -51.266 0.0000000000
113857  -16.955  -10.137  -50.921 0.0000000000
56559  -17.333  -10.784  -50.582 0.0000000000
54650  -15.308  -12.373  -49.191 0.0000000000
54651  -16.117  -12.326  -49.459 0.0000000000
53616  -17.863  -13.537  -50.353 0.0000000000
52703  -18.864  -14.321  -51.359 0.0000000000
51786  -18.289  -15.533  -50.448 0.0000000000
118044  -20.220  4.407  -53.703 0.0000000000
70138  -20.575  5.410  -55.169 0.0000000000
70148  -20.447  5.878  -56.632 0.0000000000
69316  -18.904  4.369  -58.806 0.0000000000
66087  -19.967  0.905  -57.322 0.0000000000
112067  -19.185  0.982  -58.406 0.0000000000
63587  -14.484  -2.518  -54.205 0.0000000000
63577  -15.350  -2.540  -53.813 0.0000000000
64445  -16.297  -1.527  -53.282 0.0000000000
65290  -17.483  -1.072  -52.831 0.0000000000
64433  -17.522  -1.863  -52.841 0.0000000000
63580  -20.371  -2.288  -53.512 0.0000000000
61764  -20.809  -4.619  -56.756 0.0000000000
61770  -19.867  -4.568  -58.001 0.0000000000
61780  -19.278  -4.991  -58.793 0.0000000000
61779  -18.845  -4.408  -59.151 0.0000000000
56579  -20.536  -10.619  -53.012 0.0000000000
55646  -20.792  -11.366  -54.515 0.0000000000
55647  -21.065  -11.915  -55.188 0.0000000000
51732  -13.173  -15.592  -45.239 0.0000000000
56544  -12.917  -10.330  -49.179 0.0000000000
56555  -13.771  -10.676  -50.625 0.0000000000
56556  -14.278  -10.866  -50.919 0.0000000000
55620  -14.081  -11.333  -50.286 0.0000000000
55613  -13.905  -11.759  -49.583 0.0000000000
54648  -13.802  -12.076  -48.987 0.0000000000
54649  -14.361  -12.218  -49.145 0.0000000000
53604  -15.462  -13.111  -48.631 0.0000000000
122337  -19.349  3.858  -53.117 0.0000000000
103348  -20.025  3.804  -53.409 0.0000000000
105644  -20.566  3.798  -54.626 0.0000000000
103222  -20.593  3.621  -55.506 0.0000000000
68461  -20.452  3.216  -56.463 0.0000000000
68457  -20.579  2.883  -55.743 0.0000000000
67628  -20.471  2.355  -56.291 0.0000000000
66845  -20.521  1.579  -56.070 0.0000000000
66830  -20.581  1.511  -55.179 0.0000000000
66072  -20.317  0.855  -56.647 0.0000000000
66071  -20.031  0.148  -57.196 0.0000000000
65324  -20.035  -0.631  -57.168 0.0000000000
122716  -14.061  -5.410  -53.637 0.0000000000
103511  -15.569  -6.348  -53.546 0.0000000000
60849  -15.422  -5.686  -53.650 0.0000000000
118832  -15.054  -5.338  -53.810 0.0000000000
61741  -16.076  -4.592  -53.394 0.0000000000
61732  -17.347  -3.990  -52.726 0.0000000000
62677  -17.820  -3.180  -52.722 0.0000000000
61734  -19.310  -3.780  -52.775 0.0000000000
61744  -20.569  -4.079  -53.460 0.0000000000
61753  -21.251  -4.659  -54.489 0.0000000000
60851  -20.872  -5.545  -53.444 0.0000000000
60859  -21.376  -5.316  -54.611 0.0000000000
61765  -21.233  -5.095  -56.071 0.0000000000
60870  -20.830  -5.489  -56.972 0.0000000000
60878  -20.217  -5.940  -57.772 0.0000000000
60004  -19.279  -6.857  -59.481 0.0000000000
60005  -19.607  -7.339  -58.848 0.0000000000
53636  -20.761  -13.600  -53.510 0.0000000000
49986  -15.341  -17.203  -46.377 0.0000000000
59104  -13.948  -7.570  -53.047 0.0000000000
59116  -14.636  -7.497  -53.432 0.0000000000
58307  -13.882  -8.328  -52.519 0.0000000000
59106  -16.333  -7.589  -52.883 0.0000000000
58312  -19.622  -8.069  -51.896 0.0000000000
109027  -20.942  -8.265  -53.146 0.0000000000
57475  -19.604  -8.873  -51.785 0.0000000000
114998  -20.046  -9.479  -52.098 0.0000000000
122583  -18.376  -9.527  -51.255 0.0000000000
114055  -19.530  -9.717  -51.651 0.0000000000
56578  -20.057  -10.380  -52.193 0.0000000000
55634  -20.181  -11.379  -52.650 0.0000000000
54672  -20.185  -12.449  -53.150 0.0000000000
54657  -16.691  -11.914  -49.838 0.0000000000
55623  -17.596  -11.700  -50.287 0.0000000000
55628  -18.815  -11.659  -51.032 0.0000000000
112426  -20.231  -13.417  -53.082 0.0000000000
53624  -20.160  -14.173  -52.492 0.0000000000
52705  -20.174  -15.139  -51.970 0.0000000000
67637  -20.060  3.039  -57.391 0.0000000000
67645  -18.916  2.767  -58.807 0.0000000000
66867  -18.688  1.381  -59.000 0.0000000000
120318  -17.922  0.016  -52.676 0.0000000000
66031  -19.460  0.061  -52.916 0.0000000000
65298  -20.440  -0.297  -53.767 0.0000000000
65325  -20.414  -0.637  -56.294 0.0000000000
64481  -19.719  -1.260  -57.640 0.0000000000
120247  -19.746  -2.842  -52.963 0.0000000000
110909  -20.729  -2.738  -53.948 0.0000000000
122081  -20.815  -2.433  -54.485 0.0000000000
62710  -20.661  -3.665  -56.598 0.0000000000
120723  -20.709  -2.921  -56.056 0.0000000000
63601  -20.617  -2.238  -55.955 0.0000000000
121253  -20.342  -1.944  -56.626 0.0000000000
103627  -19.516  -1.943  -57.996 0.0000000000
64495  -18.619  -1.822  -59.085 0.0000000000
57489  -21.264  -8.899  -53.982 0.0000000000
56591  -21.221  -9.584  -54.869 0.0000000000
56597  -20.926  -10.876  -55.972 0.0000000000
120849  -20.783  -10.897  -57.797 0.0000000000
53574  -12.355  -13.151  -46.628 0.0000000000
52680  -13.766  -14.131  -46.930 0.0000000000
53592  -14.716  -13.707  -47.787 0.0000000000
114022  -15.445  -13.781  -48.176 0.0000000000
111365  -15.843  -16.225  -47.387 0.0000000000
51763  -16.574  -15.373  -48.565 0.0000000000
52691  -16.628  -14.479  -48.894 0.0000000000
51773  -17.032  -15.215  -49.191 0.0000000000
50002  -16.386  -17.583  -47.180 0.0000000000
53630  -19.768  -13.201  -52.521 0.0000000000
54677  -20.953  -13.162  -54.182 0.0000000000
55652  -21.116  -11.631  -56.102 0.0000000000
56604  -20.863  -10.634  -56.936 0.0000000000
57472  -16.250  -9.228  -51.650 0.0000000000
57483  -15.787  -8.825  -52.236 0.0000000000
57484  -20.337  -8.759  -52.385 0.0000000000
57485  -20.476  -9.742  -52.667 0.0000000000
58302  -18.298  -8.304  -51.619 0.0000000000
58316  -14.925  -8.061  -53.311 0.0000000000
58330  -21.391  -8.260  -55.359 0.0000000000
58344  -20.088  -8.699  -58.379 0.0000000000
59098  -18.720  -7.706  -51.789 0.0000000000
59957  -20.255  -6.759  -52.502 0.0000000000
59962  -14.551  -6.633  -53.588 0.0000000000
59964  -16.801  -5.938  -52.960 0.0000000000
59974  -14.939  -6.043  -53.719 0.0000000000
59981  -21.409  -6.429  -55.543 0.0000000000
60841  -19.471  -5.317  -52.575 0.0000000000
60852  -21.257  -5.797  -54.047 0.0000000000
60858  -14.464  -5.203  -53.793 0.0000000000
60864  -21.406  -5.604  -55.388 0.0000000000
60886  -19.622  -6.425  -58.601 0.0000000000
61735  -19.975  -4.497  -52.825 0.0000000000
61745  -21.121  -4.987  -53.918 0.0000000000
61752  -21.021  -4.286  -54.024 0.0000000000
61758  -21.359  -4.792  -55.195 0.0000000000
61771  -20.330  -5.049  -57.541 0.0000000000
62678  -18.709  -3.062  -52.759 0.0000000000
62686  -15.961  -3.852  -53.473 0.0000000000
62697  -20.870  -3.550  -53.992 0.0000000000
63608  -20.002  -1.995  -57.385 0.0000000000
64446  -16.956  -1.509  -52.994 0.0000000000
64447  -19.796  -1.852  -53.079 0.0000000000
64460  -20.703  -1.024  -54.204 0.0000000000
64482  -20.188  -1.318  -56.887 0.0000000000
64513  -18.170  -1.266  -59.547 0.0000000000
66030  -18.573  0.162  -52.705 0.0000000000
66047  -20.582  0.715  -54.854 0.0000000000
66820  -20.539  1.450  -54.315 0.0000000000
66856  -19.632  1.366  -57.775 0.0000000000
67620  -20.575  2.260  -55.478 0.0000000000
68465  -19.736  3.652  -57.821 0.0000000000
69279  -20.394  3.776  -53.885 0.0000000000
69311  -19.936  4.501  -57.578 0.0000000000
106413  -20.616  2.967  -55.001 0.0000000000
108252  -18.883  -10.862  -51.167 0.0000000000
109142  -15.357  -8.544  -52.801 0.0000000000
109624  -20.844  -2.637  -55.239 0.0000000000
109876  -16.838  -11.254  -50.265 0.0000000000
110441  -15.502  -5.025  -53.683 0.0000000000
111315  -19.100  -0.694  -52.824 0.0000000000
114924  -19.787  2.212  -57.623 0.0000000000
121576  -20.235  -0.262  -56.804 0.0000000000
122121  -20.852  -4.550  -53.694 0.0000000000
