#!ascii label  , from subject sub-v2s16x51247_ses-1 vox2ras=TkReg
1563
1597  -17.726  -78.965  -38.869 0.5000000000
1608  -16.533  -79.099  -39.881 0.6000000238
106296  -25.717  -76.749  -32.950 0.3000000119
1616  -15.567  -79.257  -40.988 0.5000000000
1963  -23.896  -78.490  -34.977 0.4000000060
2404  -25.283  -77.334  -34.987 0.4000000060
113967  -26.556  -76.064  -34.518 0.4000000060
2836  -25.490  -76.999  -33.755 0.3000000119
105428  -19.312  -78.420  -40.998 0.5000000000
2029  -19.133  -78.453  -39.986 0.5000000000
1609  -17.208  -78.884  -39.713 0.5000000000
2038  -18.894  -78.345  -41.617 0.6000000238
2037  -17.681  -78.452  -41.428 0.5000000000
1618  -16.833  -78.899  -40.337 0.6000000238
2820  -26.224  -76.369  -32.466 0.3000000119
1629  -16.081  -79.016  -41.340 0.5000000000
1573  -22.970  -79.244  -35.719 0.5000000000
1572  -22.257  -79.456  -35.195 0.5000000000
2036  -16.679  -78.629  -41.696 0.6000000238
2416  -25.256  -77.740  -36.551 0.5000000000
2403  -24.555  -78.016  -35.312 0.4000000060
106103  -25.940  -76.621  -34.665 0.4000000060
3280  -27.152  -75.511  -33.979 0.3000000119
2837  -26.406  -76.232  -33.421 0.3000000119
2867  -25.672  -77.454  -37.554 0.4000000060
2849  -25.791  -77.069  -36.063 0.4000000060
2850  -26.383  -76.434  -35.647 0.4000000060
3307  -26.779  -76.263  -36.655 0.4000000060
2447  -21.095  -77.511  -38.939 0.6999999881
116536  -21.396  -77.935  -40.343 0.6999999881
2020  -21.379  -78.335  -39.381 0.6999999881
122972  -18.245  -79.025  -38.463 0.5000000000
2900  -20.609  -76.250  -39.376 0.6999999881
2901  -21.133  -76.864  -40.377 0.6999999881
2040  -21.208  -78.129  -41.288 0.8000000119
2031  -20.959  -78.350  -40.762 0.5000000000
2051  -19.509  -78.056  -42.166 0.6999999881
107520  -19.247  -79.421  -37.520 0.5000000000
116743  -21.233  -77.553  -42.063 0.6999999881
1589  -20.838  -79.557  -37.316 0.4000000060
1580  -22.483  -79.452  -36.235 0.5000000000
3252  -27.025  -75.619  -31.933 0.3000000119
114867  -18.786  -77.731  -42.402 0.6000000238
1581  -23.208  -79.183  -36.565 0.5000000000
113614  -23.521  -78.966  -36.393 0.5000000000
3266  -27.323  -75.289  -32.502 0.3000000119
2050  -18.379  -78.167  -42.078 0.5000000000
1981  -24.115  -78.658  -36.938 0.5000000000
2884  -25.893  -77.123  -38.175 0.4000000060
2429  -25.215  -77.817  -37.810 0.4000000060
3308  -27.342  -75.545  -36.134 0.4000000060
3294  -27.534  -75.128  -34.885 0.4000000060
3319  -26.433  -76.671  -38.014 0.3000000119
3320  -27.079  -75.949  -37.746 0.4000000060
116628  -20.800  -74.587  -36.065 0.5000000000
3812  -20.600  -75.060  -37.792 0.6000000238
3301  -20.929  -75.345  -36.070 0.6000000238
3329  -20.531  -76.189  -37.705 0.6000000238
2889  -20.798  -77.103  -38.047 0.6000000238
4329  -20.877  -73.191  -36.231 0.5000000000
4347  -21.336  -73.241  -37.913 0.5000000000
3813  -21.071  -74.048  -38.261 0.6000000238
121597  -20.577  -75.579  -37.237 0.6000000238
3341  -20.494  -75.767  -38.568 0.6999999881
2018  -20.315  -78.482  -39.881 0.6000000238
3728  -25.685  -74.902  -30.303 0.3000000119
5485  -22.730  -72.048  -39.938 0.6999999881
4927  -21.987  -72.896  -39.152 0.6000000238
4367  -21.851  -73.627  -39.680 0.6000000238
3832  -21.350  -74.100  -39.008 0.6000000238
3348  -21.273  -74.775  -39.747 0.6999999881
114230  -21.360  -76.172  -40.956 0.6999999881
2004  -21.614  -78.869  -38.735 0.6000000238
1989  -22.184  -79.102  -38.359 0.6000000238
1588  -20.046  -79.463  -37.577 0.5000000000
5473  -22.615  -71.442  -39.292 0.6999999881
4937  -22.811  -72.547  -40.640 0.6000000238
4941  -22.929  -73.008  -41.498 0.6000000238
3855  -22.015  -74.313  -40.734 0.6000000238
3358  -22.021  -75.269  -42.389 0.6999999881
116861  -20.947  -75.996  -42.806 0.6999999881
1590  -21.965  -79.405  -37.705 0.5000000000
6094  -23.122  -71.344  -40.249 0.6999999881
5497  -23.686  -71.643  -42.395 0.6000000238
4938  -23.288  -72.170  -41.466 0.6999999881
3863  -22.465  -74.419  -42.381 0.6000000238
3866  -21.736  -74.548  -43.198 0.6000000238
2466  -19.494  -77.420  -42.524 0.6999999881
114503  -22.849  -78.966  -38.015 0.5000000000
1990  -23.612  -78.630  -37.767 0.5000000000
4378  -23.268  -72.922  -42.973 0.6000000238
3874  -22.115  -73.729  -43.452 0.6000000238
3373  -20.233  -75.266  -43.285 0.6000000238
2915  -19.443  -76.686  -42.823 0.6000000238
2477  -18.555  -76.951  -42.792 0.6000000238
2439  -23.978  -78.232  -38.036 0.5000000000
3281  -27.552  -75.065  -33.220 0.3000000119
4951  -23.372  -71.550  -43.618 0.6999999881
4950  -22.637  -72.057  -43.853 0.6000000238
4385  -22.783  -72.965  -43.445 0.6000000238
3873  -21.106  -73.977  -43.600 0.6000000238
3872  -20.008  -74.260  -43.650 0.5000000000
3372  -19.200  -75.057  -43.516 0.5000000000
112005  -16.999  -76.142  -43.442 0.5000000000
2476  -17.464  -76.957  -42.977 0.5000000000
2891  -25.057  -77.482  -38.102 0.5000000000
3834  -27.351  -74.554  -39.510 0.3000000119
3816  -27.296  -75.122  -39.119 0.3000000119
3799  -27.556  -75.293  -38.084 0.3000000119
3800  -28.172  -74.607  -36.746 0.4000000060
3787  -27.848  -74.832  -35.702 0.4000000060
111686  -16.068  -76.092  -43.498 0.5000000000
3342  -26.983  -75.030  -39.397 0.3000000119
3332  -26.955  -75.561  -38.881 0.3000000119
114415  -27.637  -75.264  -36.842 0.4000000060
4294  -21.468  -73.511  -34.236 0.5000000000
4311  -21.130  -73.781  -34.945 0.5000000000
3760  -22.656  -74.068  -33.757 0.5000000000
3772  -22.287  -74.564  -34.316 0.5000000000
4862  -20.905  -72.145  -34.151 0.5000000000
4893  -20.913  -72.421  -35.958 0.5000000000
4894  -21.181  -72.487  -36.766 0.5000000000
107170  -20.793  -73.975  -36.534 0.5000000000
3289  -21.870  -75.105  -34.907 0.5000000000
3303  -22.287  -75.856  -35.409 0.6000000238
2879  -21.341  -76.853  -36.851 0.6000000238
107537  -21.493  -71.829  -37.146 0.5000000000
2425  -21.215  -77.284  -37.674 0.6000000238
2437  -21.889  -78.076  -38.608 0.8000000119
3722  -25.224  -74.808  -29.375 0.3000000119
119353  -21.947  -70.996  -37.948 0.6000000238
5472  -22.246  -71.199  -38.497 0.6000000238
118029  -22.202  -71.834  -38.640 0.6000000238
2865  -23.698  -76.617  -36.691 0.4000000060
4244  -25.510  -73.857  -29.985 0.3000000119
6082  -23.049  -70.698  -39.819 0.6999999881
2427  -23.356  -77.968  -38.010 0.5000000000
2005  -22.238  -78.753  -38.527 0.6000000238
115546  -26.270  -75.207  -30.910 0.3000000119
109181  -27.034  -74.437  -31.577 0.3000000119
6083  -23.566  -69.859  -40.515 0.6999999881
2882  -24.452  -77.184  -37.851 0.4000000060
4254  -27.578  -74.129  -32.040 0.3000000119
6099  -24.117  -70.612  -42.626 0.6000000238
5501  -23.825  -71.101  -43.172 0.6999999881
2890  -24.268  -77.845  -38.032 0.4000000060
114596  -28.210  -74.240  -33.939 0.3000000119
114100  -24.533  -69.632  -42.920 0.6000000238
6104  -23.174  -70.463  -43.769 0.6999999881
4949  -21.657  -72.274  -43.934 0.6000000238
4383  -20.318  -73.266  -43.804 0.5000000000
4382  -19.374  -73.440  -43.644 0.5000000000
3370  -17.458  -75.357  -43.544 0.6000000238
3317  -25.015  -76.702  -38.036 0.4000000060
2892  -25.623  -76.845  -38.274 0.4000000060
4929  -28.354  -72.683  -39.810 0.3000000119
4357  -27.654  -73.813  -39.674 0.3000000119
4919  -28.595  -72.765  -39.722 0.3000000119
4350  -28.986  -73.152  -38.866 0.3000000119
4333  -28.666  -73.925  -37.156 0.4000000060
3777  -28.429  -73.996  -34.540 0.3000000119
5498  -20.133  -71.932  -42.914 0.6000000238
4943  -18.576  -73.057  -42.516 0.5000000000
4376  -17.732  -73.496  -42.591 0.5000000000
4380  -17.726  -73.854  -43.382 0.5000000000
3869  -16.397  -74.571  -43.299 0.5000000000
112140  -16.623  -75.256  -43.510 0.6000000238
3814  -26.336  -75.485  -38.748 0.3000000119
3833  -27.196  -74.479  -39.528 0.3000000119
4944  -19.476  -72.470  -42.943 0.5000000000
118149  -17.480  -73.654  -43.090 0.5000000000
3865  -16.249  -74.288  -42.802 0.5000000000
3860  -15.358  -74.702  -41.602 0.5000000000
4825  -21.703  -71.941  -32.841 0.5000000000
4826  -22.311  -72.303  -32.804 0.5000000000
115203  -22.347  -73.557  -33.542 0.5000000000
4279  -23.451  -73.297  -33.371 0.5000000000
4280  -24.069  -73.436  -33.713 0.5000000000
3762  -24.111  -73.997  -34.055 0.5000000000
5438  -20.641  -71.435  -34.672 0.5000000000
4293  -21.066  -72.963  -34.558 0.5000000000
3774  -24.445  -74.240  -34.582 0.4000000060
5449  -20.866  -71.497  -35.753 0.5000000000
3292  -24.498  -74.927  -35.335 0.4000000060
4238  -25.194  -73.787  -29.064 0.3000000119
107592  -25.348  -73.163  -29.499 0.3000000119
6048  -21.381  -70.432  -36.933 0.6000000238
3304  -23.151  -75.995  -35.468 0.4000000060
3305  -24.049  -75.843  -35.931 0.4000000060
6748  -21.983  -69.676  -38.018 0.6000000238
105916  -22.913  -70.079  -39.498 0.6000000238
4245  -26.062  -73.270  -30.676 0.3000000119
117335  -26.416  -72.730  -31.118 0.3000000119
2866  -24.399  -76.403  -37.170 0.4000000060
6770  -23.764  -68.962  -40.701 0.6000000238
122104  -25.271  -75.436  -37.352 0.4000000060
3797  -25.652  -75.291  -38.044 0.4000000060
4827  -28.047  -73.611  -32.634 0.3000000119
116839  -24.577  -69.333  -42.577 0.6999999881
3815  -26.746  -74.961  -39.253 0.3000000119
4348  -27.355  -73.665  -39.537 0.3000000119
5421  -23.655  -71.954  -32.994 0.5000000000
113785  -23.061  -72.736  -32.950 0.5000000000
109822  -24.381  -71.912  -33.593 0.5000000000
5432  -25.343  -71.299  -34.547 0.4000000060
4842  -21.197  -71.890  -33.356 0.5000000000
4865  -25.284  -72.253  -34.666 0.4000000060
4296  -24.606  -73.610  -34.351 0.4000000060
5409  -21.280  -71.289  -32.761 0.6000000238
3775  -25.003  -74.092  -35.119 0.4000000060
4312  -25.556  -73.717  -35.774 0.4000000060
4794  -25.871  -72.330  -30.470 0.3000000119
111077  -25.570  -72.972  -30.054 0.3000000119
6769  -22.983  -69.178  -39.606 0.6000000238
3786  -25.293  -74.751  -36.385 0.4000000060
3306  -24.839  -75.695  -36.902 0.4000000060
4331  -25.845  -74.215  -37.000 0.4000000060
4332  -26.330  -73.656  -37.492 0.4000000060
3798  -26.215  -74.690  -38.442 0.3000000119
121519  -27.756  -72.522  -39.534 0.3000000119
6799  -24.701  -68.762  -42.962 0.6000000238
5412  -23.502  -71.155  -32.654 0.5000000000
5423  -24.814  -71.149  -33.871 0.5000000000
6687  -25.762  -69.913  -34.547 0.4000000060
121316  -25.645  -70.598  -34.719 0.4000000060
5986  -22.736  -71.002  -32.333 0.5000000000
5988  -24.105  -70.320  -32.808 0.5000000000
5433  -25.849  -71.123  -35.169 0.4000000060
6032  -20.614  -70.601  -35.226 0.6000000238
5985  -21.461  -70.679  -32.323 0.6000000238
6657  -23.616  -69.830  -32.292 0.6000000238
5439  -25.676  -71.832  -35.091 0.4000000060
6714  -21.108  -69.684  -36.497 0.6000000238
6002  -20.485  -70.524  -33.353 0.6000000238
107270  -26.659  -71.831  -36.678 0.4000000060
4879  -26.346  -72.723  -36.521 0.4000000060
6729  -21.514  -69.626  -37.253 0.6000000238
4313  -26.008  -73.385  -36.350 0.4000000060
5461  -27.205  -71.808  -37.787 0.4000000060
4895  -26.817  -72.903  -38.086 0.4000000060
6073  -27.996  -71.160  -38.940 0.4000000060
4253  -26.855  -73.530  -31.453 0.3000000119
119528  -27.052  -72.540  -31.667 0.3000000119
7435  -22.311  -68.825  -38.527 0.6000000238
110614  -27.630  -71.865  -38.843 0.4000000060
4828  -28.434  -72.552  -33.082 0.3000000119
4808  -27.561  -73.323  -32.016 0.3000000119
7451  -23.537  -68.251  -40.240 0.6000000238
121725  -24.710  -68.227  -42.603 0.6000000238
8119  -24.078  -67.389  -41.023 0.6999999881
8101  -22.623  -66.868  -37.556 0.6999999881
108148  -24.592  -67.496  -42.374 0.6000000238
113463  -23.796  -66.424  -40.413 0.6999999881
8740  -23.455  -66.367  -39.175 0.6999999881
8131  -24.320  -66.462  -41.827 0.6000000238
8088  -22.656  -66.583  -36.571 0.6999999881
8706  -22.221  -66.604  -35.297 0.6000000238
8752  -24.029  -65.532  -41.590 0.6999999881
8725  -23.507  -65.761  -37.007 0.6999999881
6003  -24.724  -70.379  -33.523 0.5000000000
6677  -25.968  -69.192  -34.319 0.5000000000
6659  -25.012  -69.147  -33.054 0.5000000000
7375  -25.734  -68.739  -33.537 0.5000000000
6676  -25.297  -69.629  -33.776 0.5000000000
116713  -27.350  -68.071  -35.242 0.5000000000
6688  -26.341  -69.523  -35.066 0.4000000060
6018  -26.096  -70.334  -35.173 0.4000000060
5973  -21.752  -70.025  -31.856 0.6000000238
6636  -23.879  -69.151  -32.036 0.6000000238
105487  -25.334  -68.516  -32.701 0.6000000238
8041  -27.029  -67.295  -33.354 0.6000000238
6049  -27.061  -69.925  -36.323 0.4000000060
6686  -20.440  -69.806  -34.769 0.6000000238
7346  -24.999  -68.209  -31.934 0.6000000238
8023  -25.686  -67.877  -32.308 0.6000000238
118352  -26.996  -70.794  -36.687 0.4000000060
7409  -20.933  -68.963  -36.073 0.6000000238
104907  -20.383  -69.763  -32.910 0.6000000238
112129  -21.702  -69.316  -31.489 0.6000000238
8006  -24.586  -67.809  -31.211 0.6000000238
8007  -25.393  -67.520  -31.546 0.6000000238
5451  -27.532  -70.994  -37.798 0.4000000060
107017  -28.662  -68.932  -38.637 0.4000000060
7383  -20.374  -69.045  -34.369 0.6000000238
102342  -20.401  -69.015  -32.470 0.6000000238
7344  -22.187  -68.824  -31.132 0.6000000238
7993  -25.025  -67.154  -30.801 0.6000000238
9281  -26.820  -65.599  -31.057 0.6000000238
6731  -28.131  -69.949  -38.235 0.4000000060
6771  -28.927  -69.681  -39.388 0.4000000060
7425  -22.168  -67.909  -37.968 0.6000000238
8074  -20.705  -68.411  -34.931 0.5000000000
7343  -21.205  -68.721  -31.270 0.6000000238
7332  -22.743  -68.219  -30.707 0.6000000238
8657  -25.411  -66.450  -30.461 0.6000000238
117259  -26.871  -65.025  -30.667 0.6999999881
7450  -22.820  -68.171  -39.198 0.6999999881
8100  -21.824  -67.779  -36.985 0.6000000238
114939  -20.358  -68.403  -32.695 0.6000000238
7331  -21.749  -68.213  -30.698 0.6000000238
9268  -25.739  -65.749  -30.130 0.6000000238
10577  -27.242  -63.532  -30.520 0.6000000238
11224  -27.701  -62.228  -31.042 0.6000000238
7973  -23.207  -67.032  -29.875 0.6000000238
8645  -24.973  -66.028  -29.786 0.6000000238
10576  -26.717  -63.855  -29.924 0.6000000238
11823  -27.446  -61.870  -30.371 0.6000000238
8040  -21.105  -67.100  -34.069 0.6000000238
8022  -20.436  -67.644  -32.516 0.6000000238
8643  -23.144  -66.520  -29.497 0.5000000000
9936  -25.381  -64.404  -29.048 0.6000000238
11197  -27.076  -62.274  -29.824 0.6000000238
7988  -20.713  -67.350  -30.909 0.5000000000
9409  -23.790  -65.064  -39.610 0.6999999881
8717  -23.569  -65.406  -36.063 0.6999999881
8689  -21.975  -66.090  -33.758 0.5000000000
8664  -20.578  -66.554  -31.412 0.6000000238
8642  -22.127  -66.476  -29.492 0.5000000000
9237  -24.655  -64.743  -28.794 0.5000000000
110510  -21.639  -65.710  -29.303 0.6000000238
10045  -13.574  -64.239  -38.993 0.6000000238
10688  -14.305  -64.516  -39.363 0.6000000238
116891  -14.172  -64.088  -40.389 0.6000000238
7376  -26.355  -68.555  -34.182 0.5000000000
8059  -26.880  -67.931  -34.097 0.5000000000
8708  -27.750  -67.460  -35.212 0.5000000000
7397  -27.196  -68.665  -35.692 0.5000000000
6033  -26.626  -70.127  -35.773 0.4000000060
8008  -26.179  -67.209  -31.926 0.5000000000
117381  -27.442  -66.479  -32.941 0.5000000000
9309  -28.429  -65.005  -33.660 0.5000000000
7412  -28.207  -68.249  -37.253 0.4000000060
8102  -28.666  -67.691  -37.894 0.4000000060
9308  -27.942  -65.699  -33.022 0.5000000000
9987  -28.408  -64.169  -33.228 0.5000000000
6050  -27.417  -70.135  -37.069 0.4000000060
117956  -28.523  -68.407  -38.014 0.4000000060
7436  -28.883  -68.124  -38.632 0.4000000060
9972  -27.763  -64.478  -31.940 0.5000000000
9973  -28.110  -63.998  -32.432 0.5000000000
9296  -28.121  -64.786  -32.727 0.5000000000
114717  -28.200  -69.096  -37.859 0.4000000060
9960  -27.517  -64.047  -31.190 0.6000000238
11242  -28.236  -62.658  -32.499 0.6000000238
10588  -27.644  -63.147  -31.251 0.6000000238
111299  -28.165  -61.938  -32.162 0.5000000000
13374  -27.910  -59.675  -31.166 0.4000000060
13375  -28.263  -59.842  -31.863 0.4000000060
14230  -28.547  -58.604  -32.687 0.4000000060
11812  -26.902  -61.071  -29.512 0.6000000238
12556  -27.650  -60.372  -30.645 0.6000000238
14209  -27.822  -58.683  -31.006 0.5000000000
14210  -28.339  -58.386  -31.920 0.4000000060
15029  -28.549  -57.815  -32.711 0.4000000060
15835  -28.535  -56.855  -32.743 0.4000000060
9436  -23.349  -64.831  -42.521 0.6999999881
10562  -25.539  -63.645  -28.804 0.6000000238
13358  -27.487  -59.453  -30.406 0.5000000000
15825  -28.292  -56.561  -31.993 0.4000000060
8698  -22.965  -65.354  -34.299 0.6000000238
9235  -22.909  -65.070  -28.579 0.5000000000
10548  -24.801  -63.067  -28.258 0.5000000000
13342  -26.955  -59.264  -29.739 0.5000000000
14996  -27.422  -57.809  -30.558 0.5000000000
112378  -27.977  -56.984  -31.509 0.4000000060
113646  -28.240  -55.891  -31.907 0.4000000060
8678  -21.595  -65.837  -32.938 0.6000000238
11795  -25.486  -61.409  -28.444 0.5000000000
10672  -12.478  -63.757  -38.020 0.6999999881
10037  -13.200  -64.310  -38.241 0.6000000238
114309  -13.070  -64.737  -36.972 0.6999999881
10038  -13.946  -64.776  -38.309 0.6000000238
9335  -13.733  -65.287  -35.751 0.6000000238
9388  -14.743  -65.191  -38.440 0.6000000238
9355  -14.472  -65.510  -36.390 0.6000000238
9336  -14.665  -65.573  -35.540 0.6000000238
9318  -14.097  -65.377  -34.772 0.6000000238
9305  -15.438  -65.185  -33.235 0.6000000238
10046  -14.977  -64.554  -40.237 0.5000000000
9375  -16.049  -66.008  -37.062 0.6000000238
103771  -15.937  -65.947  -36.155 0.6000000238
9337  -15.511  -65.764  -35.428 0.6000000238
9319  -15.005  -65.599  -34.760 0.6000000238
8076  -27.671  -67.953  -35.834 0.5000000000
9390  -16.461  -65.653  -39.099 0.5000000000
114339  -16.200  -65.890  -38.000 0.5000000000
103449  -16.338  -65.916  -35.395 0.5000000000
116966  -16.516  -65.455  -33.874 0.5000000000
8042  -27.366  -67.331  -34.065 0.4000000060
8700  -28.248  -66.205  -34.473 0.5000000000
110350  -28.627  -66.371  -36.898 0.5000000000
110274  -28.479  -67.314  -37.134 0.4000000060
103386  -16.901  -66.067  -38.262 0.5000000000
9376  -16.968  -66.211  -37.372 0.5000000000
9322  -17.634  -65.666  -34.650 0.5000000000
116842  -17.849  -65.184  -33.857 0.5000000000
9326  -28.482  -65.456  -34.445 0.5000000000
8727  -28.773  -66.816  -37.879 0.4000000060
8736  -28.887  -66.396  -38.910 0.4000000060
103940  -28.691  -65.094  -40.065 0.4000000060
9391  -17.378  -65.973  -38.847 0.5000000000
9357  -17.595  -66.226  -36.554 0.5000000000
109835  -18.103  -66.100  -35.965 0.6000000238
106111  -18.545  -65.342  -34.481 0.6000000238
8111  -28.958  -67.277  -38.707 0.4000000060
9377  -18.906  -66.118  -37.636 0.6000000238
9358  -18.654  -66.114  -36.678 0.6000000238
9339  -18.870  -65.855  -35.821 0.6999999881
11253  -28.445  -62.679  -33.268 0.4000000060
114633  -28.473  -61.802  -33.499 0.5000000000
9435  -19.395  -65.117  -42.424 0.6000000238
113163  -28.496  -61.030  -33.270 0.5000000000
106349  -28.599  -59.249  -33.218 0.4000000060
10075  -20.724  -64.502  -41.978 0.6000000238
13397  -28.472  -59.952  -32.601 0.4000000060
10076  -21.802  -64.410  -42.183 0.6000000238
107302  -23.003  -64.535  -40.174 0.6000000238
15037  -28.685  -57.225  -33.659 0.4000000060
10021  -23.564  -64.796  -36.783 0.6000000238
9396  -23.725  -64.948  -38.581 0.6999999881
9279  -20.761  -65.607  -31.161 0.6000000238
9250  -20.874  -64.810  -30.015 0.6000000238
9234  -21.988  -65.077  -28.749 0.5000000000
10547  -23.846  -63.632  -28.132 0.5000000000
10671  -11.783  -63.371  -37.323 0.6999999881
10006  -12.418  -64.527  -35.701 0.6999999881
9993  -11.904  -64.165  -34.989 0.6000000238
9995  -13.404  -65.024  -34.255 0.6000000238
9978  -12.889  -64.565  -33.695 0.6000000238
9303  -14.045  -65.187  -33.872 0.6000000238
117343  -15.918  -64.195  -32.498 0.6999999881
9967  -16.487  -64.567  -32.720 0.6000000238
118191  -16.185  -65.131  -33.152 0.6000000238
9344  -28.524  -65.883  -35.155 0.5000000000
103049  -28.620  -65.529  -35.896 0.5000000000
116525  -28.139  -67.221  -35.841 0.5000000000
10022  -28.661  -65.435  -36.846 0.5000000000
9981  -17.090  -65.026  -33.261 0.6000000238
9968  -17.358  -64.245  -32.695 0.5000000000
120218  -28.612  -64.693  -37.124 0.5000000000
9382  -28.764  -65.928  -37.890 0.5000000000
9397  -28.719  -65.507  -39.012 0.4000000060
122669  -19.595  -64.392  -33.588 0.6000000238
9306  -18.758  -64.795  -33.733 0.6000000238
9969  -18.279  -63.850  -32.717 0.5000000000
10636  -28.598  -63.504  -34.592 0.5000000000
120521  -19.918  -65.065  -40.847 0.6000000238
9406  -19.715  -65.593  -39.325 0.4000000060
9393  -19.229  -65.908  -38.483 0.6000000238
9324  -20.141  -65.103  -35.065 0.6000000238
9996  -19.721  -64.849  -34.335 0.6000000238
10605  -20.454  -63.199  -32.732 0.6000000238
104563  -28.537  -62.576  -34.194 0.4000000060
121675  -28.491  -62.154  -35.412 0.4000000060
9407  -20.724  -65.301  -39.170 0.5000000000
9394  -20.176  -65.577  -38.382 0.5000000000
118368  -20.642  -65.400  -36.858 0.6000000238
9360  -20.280  -65.458  -36.307 0.6999999881
9997  -21.335  -64.540  -34.620 0.6000000238
103631  -20.679  -64.207  -33.725 0.6000000238
10620  -21.300  -63.617  -33.105 0.6000000238
11870  -28.536  -61.129  -33.954 0.5000000000
10064  -20.501  -64.793  -40.998 0.6000000238
9380  -21.518  -65.072  -37.098 0.6000000238
9361  -21.406  -65.033  -36.284 0.6000000238
9985  -21.980  -64.056  -33.744 0.6000000238
10607  -22.142  -63.504  -32.374 0.6000000238
11241  -21.923  -62.586  -32.013 0.6000000238
12602  -28.562  -60.304  -33.479 0.4000000060
9408  -21.866  -64.806  -39.139 0.5000000000
9395  -21.411  -65.127  -38.123 0.6000000238
9342  -22.386  -64.620  -35.416 0.6000000238
9959  -22.227  -63.725  -32.369 0.6000000238
10587  -22.049  -63.172  -31.896 0.6000000238
103361  -22.217  -64.542  -40.139 0.6000000238
10039  -22.660  -64.685  -38.265 0.6000000238
10031  -22.608  -64.701  -37.369 0.6000000238
114413  -22.977  -64.714  -34.100 0.6000000238
9971  -22.320  -64.187  -32.581 0.6000000238
9293  -22.254  -64.920  -32.734 0.6000000238
8690  -22.680  -65.168  -33.552 0.6000000238
10546  -22.831  -63.677  -28.158 0.5000000000
11175  -23.827  -62.736  -27.954 0.5000000000
109035  -11.309  -62.665  -37.158 0.6999999881
10649  -11.796  -63.986  -35.965 0.6999999881
11911  -10.616  -60.847  -37.826 0.6999999881
11276  -10.938  -62.274  -36.517 0.6999999881
10662  -11.389  -63.229  -36.356 0.6999999881
10648  -11.427  -63.489  -35.341 0.6999999881
10635  -12.105  -64.178  -33.973 0.6000000238
122723  -13.576  -63.918  -32.584 0.6000000238
10600  -14.674  -63.469  -32.412 0.5000000000
9966  -14.192  -64.197  -32.571 0.6999999881
10601  -15.561  -63.516  -32.425 0.5000000000
10602  -16.564  -63.666  -32.459 0.5000000000
10603  -17.637  -63.389  -32.520 0.5000000000
106201  -28.641  -64.541  -36.099 0.4000000060
102930  -28.564  -64.250  -37.922 0.5000000000
104301  -28.460  -63.622  -38.754 0.5000000000
10041  -28.548  -64.539  -39.122 0.5000000000
104558  -28.446  -63.805  -39.764 0.4000000060
10650  -28.597  -63.597  -35.539 0.4000000060
10673  -28.502  -63.477  -37.671 0.4000000060
113851  -19.656  -62.951  -32.593 0.6000000238
112641  -20.773  -62.456  -32.424 0.6000000238
11223  -21.797  -62.329  -31.527 0.6000000238
105837  -21.743  -61.768  -31.747 0.6000000238
9958  -21.894  -63.887  -31.728 0.6000000238
10561  -21.217  -62.835  -29.599 0.6000000238
103054  -21.617  -60.812  -30.652 0.6000000238
11810  -21.445  -61.309  -28.946 0.5000000000
9935  -21.056  -64.179  -29.543 0.6000000238
104937  -21.565  -62.729  -28.696 0.5000000000
11174  -22.988  -62.410  -27.938 0.5000000000
12679  -10.270  -60.066  -38.047 0.6999999881
11898  -10.606  -61.196  -36.731 0.6999999881
11268  -10.675  -61.821  -35.722 0.6999999881
11269  -11.007  -62.720  -35.586 0.6999999881
11260  -11.198  -62.792  -34.044 0.6000000238
11251  -11.818  -63.363  -33.390 0.6999999881
11252  -12.448  -63.315  -32.799 0.4000000060
13502  -9.369  -59.297  -38.183 0.6999999881
13488  -10.147  -59.469  -37.341 0.6999999881
12640  -10.558  -60.370  -35.555 0.6000000238
11877  -10.668  -61.198  -34.941 0.6000000238
10599  -13.767  -63.350  -32.471 0.5000000000
12678  -7.679  -59.867  -38.114 0.6999999881
121373  -8.208  -59.223  -37.930 0.6999999881
11237  -15.025  -62.675  -32.522 0.5000000000
118414  -6.858  -60.270  -37.747 0.6999999881
113781  -15.934  -62.827  -32.526 0.5000000000
107164  -6.087  -60.535  -37.461 0.6000000238
12676  -4.606  -61.250  -37.168 0.6000000238
121554  -3.757  -61.512  -36.799 0.6000000238
110591  -2.128  -61.928  -36.518 0.5000000000
12636  -3.212  -60.943  -34.891 0.5000000000
106980  -28.434  -62.779  -38.444 0.4000000060
122267  -28.364  -62.281  -40.059 0.4000000060
13340  -21.486  -60.031  -29.239 0.6000000238
11864  -11.493  -61.455  -33.307 0.5000000000
120182  -12.104  -62.774  -32.822 0.5000000000
13471  -9.753  -58.842  -36.931 0.6000000238
13457  -10.453  -59.462  -35.668 0.6000000238
12616  -10.724  -60.043  -34.845 0.6000000238
12617  -10.983  -60.774  -33.996 0.6000000238
11234  -12.104  -62.025  -32.782 0.5000000000
11235  -12.897  -62.664  -32.534 0.5000000000
108462  -14.281  -62.144  -32.566 0.5000000000
13485  -7.482  -59.520  -37.400 0.6999999881
14275  -8.687  -58.615  -36.730 0.6000000238
14277  -9.977  -58.727  -36.153 0.6000000238
13438  -10.593  -59.208  -34.819 0.6000000238
13418  -10.782  -58.979  -34.068 0.6000000238
11866  -15.628  -61.594  -33.073 0.5000000000
13469  -6.849  -59.803  -36.879 0.6999999881
122082  -8.302  -58.789  -36.220 0.6000000238
104112  -8.959  -58.510  -35.041 0.6000000238
14248  -9.592  -58.484  -34.568 0.6000000238
118293  -10.323  -58.654  -33.907 0.6000000238
12659  -6.121  -60.268  -36.765 0.6000000238
13456  -7.678  -59.276  -36.051 0.6000000238
13436  -8.209  -59.068  -34.544 0.6000000238
13437  -8.906  -58.653  -34.103 0.6000000238
12638  -5.889  -60.436  -35.726 0.6000000238
12615  -6.471  -60.170  -34.974 0.6000000238
13416  -7.450  -59.597  -34.019 0.6000000238
13417  -8.108  -59.193  -33.597 0.6000000238
12637  -4.950  -60.830  -35.386 0.5000000000
110148  -4.052  -61.056  -35.058 0.5000000000
12596  -5.222  -60.416  -33.916 0.5000000000
13415  -6.684  -59.867  -33.460 0.6000000238
120987  -7.380  -59.531  -33.274 0.6000000238
115041  -28.447  -61.189  -39.479 0.4000000060
108893  -1.260  -60.759  -35.701 0.5000000000
120415  -4.490  -60.437  -33.914 0.5000000000
13414  -5.693  -59.987  -33.238 0.6000000238
104625  -6.972  -59.519  -32.732 0.6000000238
12611  -2.584  -59.789  -34.599 0.5000000000
13412  -3.371  -59.410  -33.955 0.5000000000
12595  -3.965  -60.114  -33.772 0.4000000060
112700  -4.733  -60.011  -33.440 0.5000000000
13388  -6.434  -59.213  -32.293 0.6000000238
11865  -12.159  -61.059  -32.860 0.6000000238
11850  -13.416  -61.153  -32.568 0.5000000000
107845  -13.545  -61.883  -32.509 0.5000000000
12598  -11.621  -60.408  -33.343 0.6000000238
107254  -12.874  -60.703  -32.600 0.5000000000
11851  -14.904  -61.792  -32.738 0.5000000000
13391  -11.631  -59.160  -32.889 0.6999999881
13420  -12.293  -59.540  -32.604 0.6999999881
14238  -9.653  -58.523  -33.722 0.6000000238
14240  -10.950  -58.820  -33.274 0.6999999881
109414  -9.553  -58.564  -32.865 0.6000000238
14223  -10.755  -58.605  -32.407 0.6999999881
14221  -9.086  -58.597  -32.131 0.6000000238
14222  -9.935  -58.462  -32.259 0.6999999881
14220  -8.178  -58.929  -32.003 0.6000000238
14201  -9.498  -58.384  -31.407 0.6999999881
104007  -1.540  -58.339  -35.442 0.5000000000
13413  -4.244  -59.392  -33.403 0.4000000060
14219  -5.624  -58.891  -32.410 0.6000000238
14199  -7.518  -58.571  -31.259 0.6000000238
14247  -3.207  -58.325  -34.174 0.5000000000
14237  -4.512  -58.607  -33.037 0.4000000060
110767  -5.441  -58.174  -32.272 0.5000000000
111766  -14.192  -61.270  -32.617 0.5000000000
12582  -14.522  -60.525  -32.605 0.5000000000
12580  -12.957  -59.951  -32.486 0.6000000238
13392  -13.556  -59.495  -32.157 0.5000000000
13393  -14.470  -59.649  -32.277 0.5000000000
14225  -12.182  -58.970  -32.084 0.6999999881
14203  -11.391  -58.514  -31.635 0.6999999881
14202  -10.410  -58.372  -31.540 0.6000000238
14200  -8.561  -58.493  -31.276 0.6999999881
14181  -9.983  -58.098  -30.786 0.6000000238
13370  -6.777  -58.770  -31.679 0.6000000238
14179  -8.093  -58.066  -30.568 0.6000000238
15042  -3.855  -57.082  -34.148 0.5000000000
15025  -4.848  -57.940  -32.735 0.4000000060
15012  -5.870  -57.684  -31.741 0.6000000238
15838  -4.444  -56.762  -33.710 0.4000000060
15830  -4.820  -57.148  -32.989 0.4000000060
15818  -5.681  -56.765  -31.869 0.5000000000
111559  -12.848  -59.385  -32.154 0.6000000238
13372  -14.080  -58.940  -31.691 0.5000000000
13371  -13.130  -58.845  -31.545 0.6000000238
14204  -12.264  -58.457  -31.218 0.6000000238
114480  -11.608  -58.216  -30.901 0.6000000238
14183  -12.133  -57.932  -30.585 0.5000000000
14989  -10.482  -57.690  -30.283 0.6000000238
119912  -8.616  -57.449  -29.945 0.6999999881
14968  -10.121  -57.229  -29.808 0.5000000000
14986  -6.902  -57.334  -30.539 0.6000000238
15819  -6.272  -57.083  -31.159 0.5000000000
16656  -5.639  -55.899  -32.290 0.4000000060
108785  -6.134  -56.025  -31.337 0.5000000000
19929  -6.964  -51.326  -31.632 0.4000000060
19930  -7.892  -50.904  -31.654 0.3000000119
105911  -7.526  -51.281  -32.464 0.4000000060
14205  -13.825  -58.313  -31.166 0.5000000000
106562  -6.083  -51.519  -33.128 0.3000000119
19955  -6.876  -51.447  -32.823 0.4000000060
14990  -11.933  -57.325  -30.075 0.5000000000
14992  -13.705  -57.734  -30.782 0.5000000000
19165  -6.055  -52.357  -34.984 0.3000000119
19972  -6.692  -51.667  -33.911 0.4000000060
14969  -10.974  -57.117  -29.798 0.5000000000
19185  -5.583  -52.800  -35.192 0.3000000119
115366  -9.398  -56.985  -29.607 0.6000000238
14966  -7.956  -56.767  -29.676 0.6999999881
15774  -9.256  -56.043  -29.304 0.6000000238
118119  -6.431  -55.244  -31.237 0.5000000000
118301  -6.941  -56.032  -30.050 0.5000000000
16632  -6.635  -55.648  -30.582 0.4000000060
17469  -7.915  -54.824  -29.745 0.4000000060
22425  -7.612  -49.050  -30.641 0.3000000119
21592  -8.352  -49.629  -31.024 0.3000000119
116081  -8.956  -49.791  -31.606 0.3000000119
20777  -9.245  -50.265  -32.205 0.3000000119
19956  -8.265  -51.186  -32.745 0.4000000060
107146  -13.236  -57.325  -30.451 0.5000000000
19990  -7.215  -52.181  -34.608 0.4000000060
19974  -8.626  -51.692  -33.752 0.4000000060
15795  -12.651  -56.830  -30.027 0.5000000000
19166  -6.834  -52.591  -35.100 0.4000000060
19167  -7.618  -52.847  -34.833 0.4000000060
15776  -10.928  -56.312  -29.501 0.5000000000
120975  -12.441  -56.288  -29.785 0.5000000000
19187  -7.041  -53.003  -35.287 0.4000000060
16619  -10.329  -55.600  -29.327 0.5000000000
16617  -8.602  -55.216  -29.387 0.5000000000
16618  -9.508  -55.067  -29.290 0.5000000000
17522  -6.472  -54.577  -32.865 0.3000000119
17509  -6.633  -54.695  -31.687 0.4000000060
17485  -7.489  -54.535  -30.411 0.4000000060
106874  -9.052  -54.573  -29.473 0.4000000060
22428  -7.020  -48.058  -31.451 0.3000000119
21595  -8.980  -49.135  -31.589 0.3000000119
118597  -9.931  -49.236  -32.613 0.4000000060
20778  -9.939  -49.911  -32.742 0.4000000060
118511  -15.885  -56.781  -32.017 0.4000000060
19958  -9.792  -50.728  -33.234 0.4000000060
15821  -15.387  -56.398  -31.400 0.4000000060
19991  -8.152  -52.389  -34.388 0.4000000060
113719  -9.467  -51.519  -33.729 0.4000000060
15796  -14.196  -56.296  -30.569 0.4000000060
19992  -9.342  -52.438  -34.257 0.4000000060
16621  -12.264  -55.665  -29.607 0.5000000000
17557  -7.356  -53.581  -34.425 0.3000000119
113599  -11.714  -55.017  -29.381 0.5000000000
17524  -7.822  -53.862  -32.128 0.3000000119
23265  -7.640  -47.874  -32.227 0.3000000119
116940  -8.935  -48.217  -32.546 0.3000000119
22435  -9.418  -48.696  -32.350 0.3000000119
22448  -10.006  -48.653  -33.154 0.4000000060
21616  -10.399  -49.456  -33.289 0.4000000060
104348  -10.953  -49.984  -34.229 0.3000000119
20790  -10.492  -50.447  -33.669 0.4000000060
117384  -16.326  -56.704  -32.622 0.4000000060
15832  -16.724  -56.503  -33.169 0.4000000060
19975  -10.292  -51.732  -34.219 0.4000000060
15797  -14.909  -56.002  -30.902 0.4000000060
16634  -13.658  -55.745  -30.178 0.4000000060
19168  -8.722  -52.917  -34.519 0.3000000119
16622  -13.042  -55.227  -29.764 0.4000000060
18367  -7.557  -53.110  -34.854 0.3000000119
18368  -9.246  -53.145  -34.284 0.3000000119
18348  -8.978  -53.449  -33.911 0.3000000119
18277  -9.033  -53.946  -29.812 0.4000000060
23280  -6.320  -46.825  -35.007 0.3000000119
22447  -9.627  -48.104  -34.234 0.4000000060
118857  -10.043  -48.323  -34.859 0.4000000060
112735  -10.595  -48.914  -34.089 0.4000000060
15854  -17.514  -56.292  -34.984 0.4000000060
15833  -17.089  -55.984  -33.050 0.4000000060
119589  -11.433  -50.678  -35.256 0.4000000060
16659  -15.918  -55.935  -31.719 0.4000000060
16658  -15.525  -55.608  -31.226 0.4000000060
106488  -10.316  -52.709  -34.439 0.3000000119
16635  -14.420  -55.490  -30.503 0.4000000060
18369  -10.248  -53.141  -34.283 0.3000000119
17473  -12.341  -54.733  -29.491 0.5000000000
103589  -8.280  -53.267  -34.361 0.3000000119
18349  -9.868  -53.349  -34.043 0.3000000119
114385  -12.303  -53.964  -29.469 0.5000000000
18311  -9.363  -53.332  -31.673 0.3000000119
113891  -10.570  -53.991  -29.452 0.4000000060
17511  -7.961  -53.945  -31.052 0.4000000060
23294  -6.954  -46.739  -35.423 0.3000000119
21636  -10.926  -49.644  -36.110 0.3000000119
21637  -11.582  -50.298  -36.124 0.3000000119
15841  -17.173  -56.349  -33.964 0.4000000060
20802  -11.105  -51.280  -34.675 0.3000000119
16670  -16.566  -55.889  -32.311 0.4000000060
16679  -17.735  -55.711  -33.400 0.3000000119
19993  -11.094  -52.387  -34.648 0.3000000119
17489  -15.534  -54.856  -30.896 0.4000000060
16660  -17.175  -54.992  -31.893 0.4000000060
19153  -10.745  -53.054  -34.385 0.3000000119
19154  -11.254  -52.836  -34.274 0.3000000119
17474  -13.005  -54.277  -29.613 0.4000000060
18329  -9.421  -53.463  -33.126 0.3000000119
19122  -10.650  -52.585  -31.450 0.3000000119
19103  -9.985  -52.899  -31.034 0.3000000119
19093  -11.320  -52.705  -29.941 0.3000000119
20803  -11.749  -51.354  -35.257 0.3000000119
21638  -12.248  -50.145  -36.499 0.3000000119
16671  -17.469  -55.417  -32.589 0.3000000119
17512  -16.269  -55.117  -31.484 0.4000000060
19976  -11.735  -52.362  -34.633 0.3000000119
17488  -14.776  -54.742  -30.503 0.4000000060
17490  -16.129  -54.187  -30.916 0.4000000060
19139  -10.716  -53.171  -33.748 0.3000000119
18312  -10.168  -53.181  -32.566 0.3000000119
18281  -12.669  -53.375  -29.639 0.3000000119
112667  -11.825  -52.185  -30.375 0.3000000119
19996  -12.920  -51.273  -34.843 0.3000000119
19959  -11.962  -52.328  -33.673 0.3000000119
18314  -17.519  -53.665  -31.437 0.3000000119
19140  -11.364  -52.646  -33.169 0.3000000119
18293  -14.928  -53.215  -30.348 0.3000000119
19105  -11.253  -52.272  -30.744 0.3000000119
19095  -13.032  -52.702  -29.910 0.3000000119
19978  -13.282  -51.051  -33.847 0.3000000119
21617  -13.958  -49.868  -34.278 0.3000000119
19960  -12.546  -51.531  -32.605 0.3000000119
18294  -15.785  -53.318  -30.616 0.3000000119
20779  -13.853  -50.610  -33.137 0.3000000119
20792  -14.325  -50.188  -33.498 0.3000000119
18289  -9.474  -53.367  -30.410 0.4000000060
103704  -8.474  -53.645  -33.075 0.3000000119
103471  -8.623  -53.604  -31.997 0.3000000119
2019  -21.114  -78.377  -39.741 0.6000000238
2002  -19.488  -78.690  -38.981 0.5000000000
2016  -18.029  -78.624  -39.774 0.5000000000
2028  -17.460  -78.641  -40.495 0.5000000000
2017  -18.516  -78.769  -39.000 0.5000000000
1571  -21.701  -79.614  -35.564 0.5000000000
2454  -21.424  -77.759  -41.012 0.6999999881
2426  -22.196  -77.767  -37.831 0.6999999881
2908  -21.531  -76.993  -42.010 0.6999999881
2457  -20.398  -78.031  -42.134 0.6999999881
1578  -20.400  -79.736  -36.341 0.4000000060
2916  -20.340  -76.967  -42.595 0.6999999881
1991  -24.051  -78.473  -37.710 0.5000000000
4281  -28.236  -73.986  -33.290 0.3000000119
2428  -24.552  -78.173  -37.927 0.5000000000
2893  -26.019  -76.621  -38.488 0.3000000119
3290  -22.679  -75.279  -34.752 0.6000000238
3315  -20.740  -76.038  -36.791 0.6000000238
108978  -23.872  -74.564  -34.337 0.5000000000
4915  -21.835  -72.531  -38.433 0.6000000238
3352  -21.584  -75.325  -40.872 0.6999999881
3729  -26.318  -74.335  -30.907 0.3000000119
116614  -22.712  -73.875  -42.352 0.6000000238
3862  -22.192  -74.936  -41.715 0.6000000238
104150  -21.481  -76.111  -42.323 0.6999999881
2438  -22.763  -78.396  -38.211 0.5000000000
1600  -20.785  -79.247  -38.187 0.5000000000
3365  -21.006  -74.911  -43.226 0.6000000238
2925  -19.878  -76.024  -43.065 0.6999999881
4947  -19.767  -72.763  -43.604 0.5000000000
120943  -17.780  -74.863  -43.598 0.5000000000
6103  -22.509  -70.766  -43.844 0.6000000238
4379  -16.982  -73.994  -43.219 0.5000000000
4349  -28.523  -73.816  -38.611 0.3000000119
2881  -23.544  -77.393  -37.497 0.5000000000
4297  -28.581  -73.563  -33.994 0.3000000119
4375  -17.032  -73.855  -42.690 0.5000000000
4878  -25.773  -72.700  -35.496 0.4000000060
4795  -26.394  -72.103  -31.109 0.3000000119
6656  -21.067  -70.071  -32.156 0.6000000238
8110  -22.768  -67.216  -38.620 0.6999999881
8087  -21.773  -67.326  -35.972 0.6000000238
8688  -20.896  -66.833  -33.198 0.6000000238
6634  -22.463  -69.452  -31.588 0.6000000238
8692  -28.243  -65.769  -33.853 0.5000000000
7426  -27.827  -68.945  -37.079 0.4000000060
8665  -25.824  -66.804  -31.174 0.6000000238
8666  -26.678  -66.338  -31.593 0.5000000000
8656  -24.589  -66.724  -30.176 0.6000000238
12566  -28.304  -60.561  -32.165 0.4000000060
10067  -23.343  -64.658  -40.736 0.6000000238
9363  -23.910  -64.965  -36.976 0.6999999881
9373  -14.394  -65.347  -37.412 0.6000000238
8060  -27.330  -67.730  -34.657 0.4000000060
115113  -28.595  -64.231  -34.078 0.4000000060
14243  -28.639  -58.273  -33.415 0.4000000060
11811  -26.275  -61.236  -28.895 0.4000000060
10082  -22.128  -64.723  -42.907 0.6000000238
9354  -13.670  -65.171  -36.730 0.6000000238
120689  -16.561  -66.056  -35.892 0.6000000238
10034  -28.649  -65.067  -37.962 0.5000000000
108507  -17.955  -66.269  -37.430 0.5000000000
9982  -18.022  -64.579  -33.160 0.6000000238
9392  -18.234  -66.108  -38.451 0.4000000060
10008  -23.442  -64.788  -35.653 0.5000000000
11261  -28.492  -62.024  -34.890 0.5000000000
9986  -22.528  -64.378  -33.585 0.6000000238
10020  -22.652  -64.662  -36.420 0.5000000000
109920  -4.528  -61.955  -37.952 0.6000000238
12635  -2.455  -60.522  -34.986 0.5000000000
13439  -11.091  -59.663  -33.965 0.5000000000
14261  -9.641  -58.555  -35.504 0.6000000238
14249  -10.218  -58.673  -34.689 0.6000000238
13419  -11.687  -59.637  -33.165 0.6000000238
13435  -7.407  -59.591  -35.053 0.6000000238
14259  -1.822  -59.181  -35.219 0.5000000000
12581  -13.714  -60.392  -32.507 0.5000000000
14180  -9.050  -58.079  -30.631 0.6000000238
15034  -4.237  -57.681  -33.393 0.5000000000
107812  -6.302  -51.477  -32.214 0.3000000119
14184  -13.003  -58.089  -30.775 0.5000000000
16657  -6.087  -55.179  -32.015 0.3000000119
15013  -14.466  -57.681  -31.118 0.4000000060
15820  -14.712  -56.796  -31.001 0.4000000060
17484  -6.815  -54.876  -30.771 0.4000000060
17523  -7.099  -54.175  -32.340 0.3000000119
109939  -10.209  -54.746  -29.331 0.5000000000
22434  -8.186  -47.773  -32.942 0.3000000119
19170  -10.658  -52.944  -34.443 0.3000000119
17487  -13.863  -54.725  -30.067 0.4000000060
18290  -10.097  -53.094  -30.204 0.3000000119
18280  -11.851  -53.316  -29.588 0.4000000060
24208  -7.881  -46.718  -35.831 0.3000000119
112812  -14.446  -53.903  -30.194 0.4000000060
19977  -12.582  -51.704  -34.087 0.3000000119
3807  -12.962  -73.693  -37.860 0.5000000000
111501  -14.318  -74.112  -38.803 0.5000000000
120024  -14.384  -74.461  -39.604 0.5000000000
3852  -15.509  -74.667  -40.678 0.4000000060
4340  -13.523  -73.469  -37.267 0.5000000000
3808  -13.884  -73.734  -38.011 0.5000000000
111570  -15.274  -74.027  -38.565 0.5000000000
3827  -15.095  -74.367  -39.326 0.5000000000
3853  -16.160  -74.476  -40.421 0.5000000000
102598  -16.082  -74.529  -41.221 0.4000000060
115099  -14.043  -73.336  -36.720 0.4000000060
4341  -14.572  -73.591  -37.315 0.5000000000
3828  -15.916  -74.228  -39.065 0.5000000000
4372  -17.334  -73.843  -41.729 0.4000000060
4342  -16.225  -73.646  -37.068 0.5000000000
3810  -16.506  -73.806  -37.827 0.5000000000
121209  -16.017  -73.986  -38.372 0.5000000000
3811  -17.293  -73.671  -37.949 0.5000000000
3829  -16.787  -73.981  -38.730 0.5000000000
114179  -18.183  -73.524  -39.309 0.5000000000
4364  -18.108  -73.641  -40.016 0.5000000000
4939  -18.755  -73.091  -41.322 0.4000000060
4343  -17.046  -73.549  -37.192 0.5000000000
4925  -18.763  -73.042  -39.147 0.5000000000
4366  -18.979  -73.015  -40.541 0.5000000000
4940  -19.252  -72.666  -41.768 0.5000000000
6046  -18.300  -70.918  -37.228 0.5000000000
4327  -17.434  -73.133  -36.711 0.5000000000
4892  -18.261  -72.227  -37.161 0.5000000000
4913  -18.752  -72.674  -38.426 0.5000000000
5470  -19.042  -71.897  -38.306 0.5000000000
110702  -19.528  -72.173  -39.671 0.5000000000
5483  -19.961  -71.579  -39.966 0.5000000000
4936  -19.591  -72.424  -40.709 0.5000000000
5495  -19.942  -72.137  -41.963 0.5000000000
109857  -19.088  -71.015  -38.208 0.5000000000
122688  -18.910  -70.283  -38.241 0.5000000000
7449  -19.897  -68.592  -39.735 0.5000000000
113658  -19.884  -70.700  -39.398 0.5000000000
6787  -20.571  -68.960  -40.269 0.5000000000
5484  -20.459  -70.714  -40.320 0.5000000000
122154  -20.958  -70.184  -40.979 0.5000000000
6093  -21.212  -69.400  -41.007 0.5000000000
6092  -20.885  -70.878  -41.547 0.5000000000
6098  -21.589  -70.046  -42.109 0.5000000000
5492  -20.290  -71.594  -41.091 0.5000000000
5496  -20.554  -71.522  -42.278 0.5000000000
5499  -20.779  -71.617  -43.278 0.5000000000
8761  -20.304  -66.233  -42.698 0.5000000000
8770  -21.954  -65.361  -43.048 0.6000000238
8130  -21.150  -67.675  -41.247 0.5000000000
118669  -21.342  -68.467  -41.190 0.5000000000
8146  -23.427  -66.482  -42.797 0.5000000000
6798  -23.197  -68.607  -43.099 0.5000000000
7478  -23.453  -67.582  -42.830 0.5000000000
6100  -22.080  -70.416  -43.383 0.5000000000
6801  -23.678  -69.309  -43.511 0.5000000000
6097  -21.237  -70.952  -42.769 0.5000000000
120675  -19.586  -65.396  -42.683 0.5000000000
10081  -21.054  -64.696  -42.746 0.5000000000
8771  -23.064  -65.513  -42.905 0.6000000238
10694  -12.147  -63.342  -40.501 0.5000000000
10686  -13.006  -63.199  -40.169 0.6000000238
10693  -11.228  -63.262  -40.297 0.5000000000
11305  -12.376  -62.891  -40.216 0.5000000000
10679  -12.951  -63.585  -39.175 0.6000000238
11299  -11.797  -62.388  -39.834 0.6000000238
11304  -11.641  -62.672  -40.138 0.5000000000
11298  -11.061  -62.059  -39.734 0.6000000238
112744  -10.879  -61.544  -39.400 0.5000000000
10678  -11.963  -63.067  -38.266 0.6000000238
11928  -11.301  -61.747  -38.697 0.6000000238
11938  -9.875  -61.384  -39.395 0.5000000000
110801  -10.938  -61.252  -39.095 0.6000000238
11912  -11.019  -61.769  -37.630 0.6000000238
121639  -9.222  -61.164  -39.132 0.5000000000
12701  -10.097  -60.453  -38.837 0.5000000000
11926  -7.421  -61.445  -38.669 0.5000000000
12689  -6.161  -60.980  -38.064 0.6000000238
10667  -3.503  -63.411  -37.421 0.6000000238
11285  -3.979  -63.189  -38.061 0.5000000000
103601  -8.034  -60.526  -38.545 0.6000000238
12690  -8.985  -60.481  -38.809 0.5000000000
11910  -5.357  -61.174  -37.721 0.5000000000
11897  -2.997  -62.000  -36.997 0.6000000238
11909  -3.773  -61.976  -37.500 0.6000000238
11887  -3.202  -61.376  -35.928 0.6000000238
4880  -29.172  -72.708  -35.026 0.3000000119
5441  -29.735  -71.583  -35.853 0.3000000119
103913  -28.657  -73.879  -35.967 0.3000000119
6052  -31.228  -70.076  -37.187 0.3000000119
4334  -29.121  -73.232  -37.431 0.3000000119
3788  -28.369  -74.214  -35.360 0.3000000119
3776  -28.055  -74.518  -34.674 0.3000000119
4373  -18.091  -73.456  -41.571 0.4000000060
6797  -22.057  -69.015  -42.073 0.5000000000
8147  -24.348  -66.881  -42.664 0.5000000000
10696  -13.487  -63.679  -40.544 0.5000000000
3845  -16.510  -74.272  -39.729 0.4000000060
4369  -17.727  -73.790  -40.702 0.5000000000
113877  -17.901  -73.440  -38.023 0.5000000000
5448  -18.160  -71.504  -36.896 0.5000000000
5459  -18.629  -71.464  -37.603 0.5000000000
6058  -18.005  -70.334  -37.398 0.5000000000
6767  -19.387  -69.099  -39.161 0.5000000000
6081  -20.182  -70.080  -39.629 0.5000000000
7477  -21.997  -67.777  -41.912 0.5000000000
4881  -29.441  -72.316  -35.774 0.3000000119
108045  -29.923  -71.666  -37.256 0.3000000119
122278  -29.947  -71.424  -36.472 0.3000000119
4315  -29.072  -73.172  -36.046 0.3000000119
103212  -29.394  -72.629  -36.609 0.3000000119
6062  -30.755  -70.615  -37.419 0.3000000119
17514  -17.610  -54.334  -31.717 0.3000000119
1564  -22.778  -79.174  -34.800 0.5000000000
1579  -21.504  -79.646  -36.496 0.5000000000
1591  -23.153  -79.157  -37.271 0.5000000000
1598  -18.823  -79.147  -38.225 0.5000000000
1599  -19.795  -79.139  -38.197 0.5000000000
1601  -21.574  -79.288  -38.146 0.5000000000
1617  -16.268  -79.119  -40.618 0.6000000238
1970  -23.529  -78.831  -35.539 0.5000000000
1971  -24.200  -78.497  -35.922 0.5000000000
1980  -23.687  -78.864  -37.201 0.5000000000
2003  -20.613  -78.793  -38.940 0.6000000238
2027  -16.811  -78.772  -40.994 0.6000000238
2030  -20.152  -78.422  -40.819 0.5000000000
2032  -21.304  -78.086  -40.544 0.8000000119
2039  -20.063  -78.298  -41.663 0.6999999881
2415  -24.733  -78.272  -36.961 0.5000000000
2458  -20.960  -78.086  -41.886 0.6999999881
2459  -21.361  -77.652  -41.662 0.6999999881
2465  -17.909  -77.681  -42.484 0.5000000000
2467  -20.178  -77.720  -42.349 0.6999999881
2468  -20.804  -77.664  -42.254 0.6999999881
2863  -21.857  -76.425  -36.085 0.6000000238
2864  -22.736  -76.637  -36.214 0.4000000060
2868  -26.229  -76.942  -37.114 0.4000000060
2880  -22.395  -77.269  -36.961 0.4000000060
2883  -25.494  -77.380  -38.124 0.4000000060
2897  -20.601  -76.654  -38.638 0.6000000238
2905  -20.897  -75.779  -40.092 0.6999999881
2906  -21.482  -76.987  -41.405 0.6999999881
2917  -21.168  -76.977  -42.335 0.6999999881
2923  -17.926  -76.142  -43.307 0.6000000238
2924  -18.869  -76.031  -43.190 0.6000000238
3265  -26.837  -75.891  -32.486 0.3000000119
3291  -23.556  -75.282  -34.842 0.4000000060
3293  -26.922  -75.749  -35.242 0.4000000060
3302  -21.538  -75.615  -35.594 0.6000000238
3316  -21.235  -76.099  -36.187 0.6000000238
3318  -25.371  -76.081  -38.161 0.4000000060
3330  -25.884  -76.144  -38.602 0.3000000119
3331  -26.408  -76.025  -38.627 0.3000000119
3347  -20.671  -75.489  -39.277 0.6000000238
3366  -21.666  -75.272  -42.781 0.6000000238
3369  -15.679  -75.227  -43.391 0.6000000238
3371  -18.231  -75.309  -43.520 0.5000000000
3735  -26.796  -75.089  -31.441 0.3000000119
3736  -27.417  -74.945  -31.980 0.3000000119
3748  -27.766  -74.526  -32.695 0.3000000119
3761  -23.437  -73.983  -33.718 0.5000000000
3763  -27.933  -74.532  -33.394 0.3000000119
3771  -21.594  -74.280  -34.596 0.5000000000
3773  -23.055  -74.678  -34.166 0.5000000000
3784  -20.854  -73.916  -35.718 0.5000000000
3785  -21.161  -74.689  -35.368 0.5000000000
3796  -20.649  -74.967  -36.798 0.6000000238
3809  -15.541  -73.803  -37.738 0.5000000000
3817  -27.989  -74.621  -38.553 0.3000000119
3826  -13.263  -73.969  -38.659 0.5000000000
3830  -17.668  -73.687  -38.672 0.5000000000
3831  -20.775  -74.864  -38.754 0.6999999881
3835  -27.892  -74.137  -39.529 0.3000000119
3843  -14.913  -74.636  -40.117 0.4000000060
3844  -15.701  -74.472  -39.866 0.5000000000
3846  -17.447  -73.944  -39.678 0.5000000000
3854  -16.870  -74.228  -40.754 0.4000000060
3856  -22.590  -73.920  -41.668 0.6000000238
3861  -16.554  -74.195  -41.935 0.4000000060
3867  -22.207  -74.554  -42.883 0.6000000238
3870  -17.299  -74.534  -43.483 0.5000000000
3871  -18.216  -74.413  -43.612 0.5000000000
4267  -28.444  -73.296  -33.257 0.3000000119
4277  -21.831  -73.256  -33.611 0.5000000000
4278  -22.892  -73.479  -33.341 0.5000000000
4295  -21.988  -73.904  -33.958 0.5000000000
4310  -20.881  -73.132  -35.361 0.5000000000
4314  -28.776  -73.504  -34.982 0.3000000119
4328  -17.929  -72.844  -37.083 0.5000000000
4330  -21.075  -73.201  -37.082 0.5000000000
4344  -17.678  -73.311  -37.425 0.5000000000
4345  -18.301  -72.939  -37.747 0.5000000000
4346  -20.864  -74.027  -37.398 0.6000000238
4355  -18.311  -73.275  -38.536 0.5000000000
4356  -21.588  -73.375  -38.731 0.5000000000
4358  -28.200  -73.509  -39.703 0.3000000119
4365  -18.631  -73.274  -39.887 0.5000000000
4370  -18.397  -73.404  -40.640 0.5000000000
4371  -22.439  -73.366  -40.649 0.6000000238
4374  -22.966  -73.362  -42.332 0.6000000238
4377  -22.754  -73.751  -42.916 0.6000000238
4381  -18.533  -73.638  -43.468 0.5000000000
4384  -21.338  -73.086  -43.857 0.5000000000
4386  -23.224  -72.338  -43.426 0.6000000238
4788  -25.407  -72.393  -29.528 0.3000000119
4843  -21.758  -72.573  -33.206 0.5000000000
4844  -22.369  -73.020  -33.176 0.5000000000
4845  -23.904  -72.714  -33.358 0.5000000000
4863  -21.349  -72.751  -33.820 0.5000000000
4864  -24.666  -72.709  -34.052 0.5000000000
4866  -28.907  -73.009  -34.382 0.3000000119
4877  -20.789  -72.300  -35.039 0.5000000000
4903  -18.648  -72.271  -37.835 0.5000000000
4904  -21.489  -72.485  -37.552 0.6000000238
4905  -27.419  -72.646  -39.111 0.4000000060
4914  -19.194  -72.390  -39.026 0.5000000000
4916  -22.304  -72.254  -39.182 0.6999999881
4918  -28.075  -73.215  -39.893 0.3000000119
4926  -19.157  -72.770  -39.806 0.5000000000
4928  -22.368  -72.789  -39.834 0.6000000238
4942  -23.345  -72.573  -42.342 0.6000000238
4945  -23.587  -72.076  -43.045 0.6999999881
4946  -18.893  -73.036  -43.338 0.5000000000
4948  -20.699  -72.524  -43.810 0.5000000000
5408  -20.807  -71.119  -33.134 0.6000000238
5410  -22.055  -71.451  -32.466 0.5000000000
5411  -22.867  -71.846  -32.589 0.5000000000
5422  -24.223  -71.150  -33.203 0.5000000000
5430  -20.669  -71.320  -33.758 0.6000000238
5431  -24.892  -71.837  -34.163 0.5000000000
5440  -26.146  -71.866  -35.721 0.4000000060
5447  -17.712  -71.620  -36.165 0.5000000000
5450  -21.275  -71.239  -36.674 0.5000000000
5452  -29.657  -71.985  -36.533 0.3000000119
5453  -30.324  -71.036  -36.898 0.3000000119
5460  -21.639  -71.117  -37.391 0.6000000238
5463  -30.335  -71.288  -37.890 0.3000000119
5471  -19.499  -71.470  -38.984 0.5000000000
5493  -23.135  -71.881  -40.691 0.6000000238
5494  -23.626  -71.219  -41.401 0.6999999881
5500  -21.618  -71.183  -43.664 0.6000000238
5502  -20.262  -72.151  -43.510 0.6000000238
5503  -21.146  -71.860  -43.816 0.6000000238
5504  -22.094  -71.508  -43.923 0.5000000000
5505  -22.936  -71.123  -43.914 0.6999999881
5506  -23.576  -70.672  -43.608 0.6999999881
5974  -22.720  -70.157  -32.030 0.6000000238
5984  -20.783  -70.466  -32.672 0.6000000238
5987  -23.354  -70.491  -32.386 0.5000000000
6016  -20.426  -70.597  -34.233 0.6000000238
6017  -25.254  -70.465  -34.175 0.4000000060
6047  -20.956  -70.531  -36.151 0.6000000238
6059  -21.779  -70.405  -37.642 0.6000000238
6060  -27.813  -70.366  -37.948 0.4000000060
6069  -18.578  -70.599  -37.767 0.5000000000
6070  -19.376  -70.473  -38.712 0.5000000000
6071  -22.185  -70.481  -38.293 0.6000000238
6072  -22.593  -70.647  -38.989 0.6999999881
6080  -19.653  -69.882  -39.136 0.5000000000
6095  -23.530  -70.671  -40.696 0.6000000238
6101  -22.986  -70.027  -43.753 0.5000000000
6102  -24.153  -70.156  -43.274 0.6999999881
6105  -23.746  -69.958  -43.584 0.6000000238
6632  -20.639  -68.906  -31.837 0.6000000238
6633  -21.085  -69.470  -31.765 0.6000000238
6635  -23.183  -69.489  -31.838 0.6000000238
6655  -20.683  -69.617  -32.284 0.6000000238
6658  -24.347  -69.485  -32.634 0.5000000000
6674  -20.276  -68.903  -33.350 0.6000000238
6675  -24.694  -69.760  -33.185 0.5000000000
6698  -20.723  -69.758  -35.694 0.6000000238
6699  -26.870  -69.400  -35.752 0.4000000060
6715  -27.388  -69.297  -36.519 0.4000000060
6730  -27.777  -69.614  -37.409 0.4000000060
6746  -18.327  -69.843  -38.128 0.5000000000
6747  -19.055  -69.706  -38.632 0.5000000000
6749  -22.494  -69.845  -38.785 0.6000000238
6750  -28.470  -69.640  -38.643 0.4000000060
6768  -20.066  -69.378  -39.602 0.5000000000
6788  -24.469  -69.058  -41.913 0.6000000238
6800  -22.611  -69.550  -43.167 0.5000000000
6802  -24.361  -69.345  -43.292 0.6999999881
7330  -20.998  -68.011  -30.903 0.6000000238
7333  -23.711  -68.066  -30.907 0.6000000238
7342  -20.688  -68.146  -31.432 0.6000000238
7345  -24.193  -68.500  -31.626 0.6000000238
7360  -20.438  -68.322  -32.059 0.6000000238
7361  -24.630  -68.826  -32.363 0.6000000238
7362  -26.366  -68.068  -33.506 0.5000000000
7384  -26.868  -68.424  -34.832 0.5000000000
7394  -20.620  -69.044  -35.279 0.6000000238
7395  -21.033  -68.258  -35.630 0.6000000238
7396  -26.694  -68.970  -35.222 0.4000000060
7410  -21.323  -68.828  -36.807 0.6000000238
7411  -27.701  -68.481  -36.473 0.4000000060
7424  -21.738  -68.752  -37.608 0.6000000238
7463  -20.484  -68.191  -40.449 0.5000000000
7479  -24.588  -67.851  -42.849 0.6000000238
7480  -24.347  -68.422  -43.116 0.6000000238
7971  -21.725  -67.059  -29.938 0.5000000000
7972  -22.623  -67.079  -29.838 0.6000000238
7989  -21.367  -67.569  -30.441 0.6000000238
7990  -22.248  -67.650  -30.246 0.6000000238
7991  -23.230  -67.505  -30.262 0.6000000238
7992  -24.167  -67.384  -30.525 0.6000000238
8005  -20.498  -67.511  -31.703 0.6000000238
8024  -26.346  -67.602  -32.764 0.5000000000
8039  -20.456  -67.859  -33.335 0.6000000238
8058  -20.563  -68.139  -34.210 0.6000000238
8075  -21.299  -67.466  -34.995 0.6000000238
8089  -28.096  -67.723  -36.496 0.5000000000
8118  -23.368  -67.343  -39.749 0.6999999881
8145  -22.166  -66.962  -42.202 0.5000000000
8153  -24.272  -67.203  -42.852 0.5000000000
8641  -21.182  -66.278  -29.872 0.6000000238
8644  -24.095  -66.271  -29.573 0.6000000238
8654  -20.738  -66.421  -30.622 0.6000000238
8655  -23.761  -66.935  -29.964 0.6000000238
8658  -26.192  -66.101  -30.773 0.6000000238
8667  -27.237  -65.662  -31.645 0.5000000000
8677  -20.664  -66.645  -32.323 0.6000000238
8679  -26.853  -66.829  -32.459 0.5000000000
8680  -27.384  -66.063  -32.260 0.5000000000
8691  -27.753  -66.529  -33.740 0.5000000000
8697  -22.183  -66.356  -34.579 0.5000000000
8699  -27.778  -66.995  -34.551 0.4000000060
8707  -23.187  -65.550  -35.095 0.6000000238
8709  -28.220  -66.670  -35.180 0.4000000060
8718  -23.883  -65.090  -36.669 0.6999999881
8719  -28.406  -66.991  -36.446 0.5000000000
8726  -23.824  -65.187  -37.317 0.6999999881
8734  -23.529  -65.986  -38.021 0.6999999881
8735  -23.717  -65.485  -38.778 0.6999999881
8741  -23.876  -65.505  -40.521 0.6999999881
8762  -21.450  -66.152  -42.592 0.6000000238
8763  -22.473  -66.055  -42.754 0.6000000238
8764  -24.048  -65.843  -42.440 0.6000000238
8768  -18.936  -66.240  -42.682 0.5000000000
8769  -20.774  -65.475  -42.973 0.5000000000
8772  -23.882  -66.148  -42.664 0.6000000238
9236  -23.835  -64.974  -28.607 0.5000000000
9251  -21.275  -64.948  -29.292 0.5000000000
9252  -22.536  -65.795  -29.057 0.5000000000
9253  -23.505  -65.698  -29.022 0.5000000000
9254  -24.418  -65.485  -29.162 0.5000000000
9255  -25.309  -65.179  -29.457 0.6000000238
9256  -25.996  -65.159  -29.886 0.6000000238
9267  -20.818  -65.565  -30.357 0.5000000000
9269  -26.374  -65.408  -30.429 0.6999999881
9280  -21.599  -64.759  -31.845 0.6000000238
9282  -27.335  -64.945  -31.294 0.5000000000
9291  -15.684  -64.732  -32.751 0.6999999881
9292  -21.103  -65.688  -32.065 0.6000000238
9294  -22.644  -64.589  -33.469 0.6000000238
9295  -27.655  -65.270  -32.150 0.5000000000
9304  -14.711  -65.202  -33.504 0.6000000238
9307  -23.134  -64.896  -34.203 0.5000000000
9320  -15.907  -65.682  -34.560 0.5000000000
9321  -16.804  -65.767  -34.694 0.5000000000
9323  -19.182  -65.454  -35.100 0.6999999881
9325  -23.428  -65.013  -34.710 0.6000000238
9338  -17.244  -66.054  -35.593 0.5000000000
9340  -19.751  -65.476  -35.692 0.6000000238
9341  -20.897  -65.039  -35.578 0.6000000238
9343  -23.598  -65.001  -35.366 0.6000000238
9356  -15.170  -65.718  -36.070 0.6000000238
9359  -19.440  -65.782  -36.317 0.6000000238
9362  -23.799  -64.999  -36.236 0.6000000238
9364  -28.488  -66.355  -35.944 0.5000000000
9374  -15.352  -65.648  -37.709 0.6000000238
9378  -19.717  -65.803  -37.021 0.6000000238
9379  -20.485  -65.489  -37.539 0.6000000238
9381  -23.836  -64.927  -37.708 0.6999999881
9389  -15.561  -65.455  -38.677 0.5000000000
9401  -15.038  -65.004  -39.268 0.5000000000
9402  -15.679  -65.112  -39.717 0.5000000000
9405  -17.948  -65.817  -39.403 0.4000000060
9423  -19.308  -65.335  -40.523 0.6000000238
9424  -20.210  -65.286  -40.127 0.5000000000
9425  -23.736  -64.952  -40.880 0.6999999881
9437  -23.779  -65.067  -42.146 0.6999999881
9441  -20.281  -65.138  -42.822 0.5000000000
9442  -21.452  -64.979  -43.072 0.6000000238
9443  -22.547  -64.973  -43.106 0.6000000238
9444  -23.427  -65.205  -42.765 0.6999999881
9920  -21.545  -64.307  -28.827 0.5000000000
9921  -22.396  -64.359  -28.431 0.5000000000
9922  -23.327  -64.355  -28.322 0.5000000000
9923  -24.106  -64.354  -28.413 0.5000000000
9924  -24.753  -64.004  -28.482 0.5000000000
9937  -25.861  -64.700  -29.561 0.6000000238
9948  -21.181  -63.930  -30.555 0.6000000238
9949  -26.459  -64.663  -30.047 0.6000000238
9950  -27.074  -64.351  -30.578 0.6999999881
9957  -21.002  -64.742  -30.920 0.6000000238
9965  -13.372  -64.329  -32.933 0.6000000238
9970  -19.269  -63.506  -32.769 0.6000000238
9979  -14.103  -64.805  -33.144 0.6000000238
9980  -14.885  -64.814  -32.843 0.6999999881
9983  -18.949  -64.166  -33.115 0.6000000238
9984  -20.011  -63.827  -33.142 0.6000000238
9994  -12.680  -64.710  -34.713 0.6000000238
9998  -22.673  -64.509  -34.450 0.6000000238
9999  -23.353  -64.875  -34.748 0.5000000000
10000  -28.594  -64.826  -34.444 0.5000000000
10007  -13.012  -64.955  -35.490 0.6000000238
10018  -12.372  -64.214  -36.798 0.6999999881
10019  -13.013  -64.870  -36.256 0.6000000238
10029  -12.898  -64.407  -37.511 0.6000000238
10030  -13.517  -64.826  -37.523 0.6000000238
10032  -23.304  -64.683  -37.601 0.6000000238
10033  -23.719  -64.851  -37.435 0.6999999881
10040  -23.460  -64.773  -38.284 0.6999999881
10048  -21.143  -64.934  -40.080 0.6000000238
10049  -22.882  -64.591  -39.241 0.6000000238
10050  -23.494  -64.809  -39.602 0.6999999881
10056  -11.098  -64.247  -40.383 0.5000000000
10063  -19.774  -64.840  -41.687 0.6000000238
10065  -21.487  -64.502  -41.113 0.6000000238
10066  -22.658  -64.442  -41.236 0.6000000238
10077  -22.795  -64.564  -42.396 0.6000000238
10078  -23.418  -64.685  -41.732 0.6000000238
10080  -20.187  -64.781  -42.467 0.6000000238
10083  -22.912  -64.838  -42.881 0.6999999881
10544  -21.270  -63.541  -29.080 0.6000000238
10545  -21.911  -63.596  -28.472 0.6000000238
10549  -25.777  -62.819  -28.703 0.6000000238
10563  -26.285  -63.353  -29.291 0.6000000238
10564  -26.913  -63.055  -29.857 0.6000000238
10575  -21.533  -62.997  -30.765 0.6000000238
10589  -28.013  -63.255  -32.079 0.6000000238
10598  -13.074  -63.630  -32.653 0.4000000060
10606  -21.719  -63.162  -32.508 0.6000000238
10608  -28.331  -63.393  -32.862 0.5000000000
10618  -11.529  -63.562  -34.383 0.6999999881
10619  -12.548  -63.975  -33.134 0.6000000238
10621  -22.223  -63.760  -32.968 0.6000000238
10622  -22.435  -63.996  -32.875 0.6000000238
10668  -4.206  -63.526  -37.763 0.5000000000
10675  -3.946  -63.364  -37.831 0.5000000000
10680  -28.369  -62.931  -39.712 0.4000000060
10687  -13.643  -63.741  -39.877 0.5000000000
10695  -12.909  -63.369  -40.568 0.6000000238
11173  -22.168  -62.172  -28.244 0.5000000000
11176  -24.444  -62.291  -28.073 0.5000000000
11177  -25.228  -62.207  -28.329 0.5000000000
11178  -26.053  -62.013  -28.739 0.4000000060
11195  -21.290  -62.044  -29.295 0.5000000000
11196  -26.689  -61.799  -29.329 0.6000000238
11206  -21.461  -62.151  -30.383 0.5000000000
11207  -27.364  -62.689  -30.467 0.6000000238
11225  -27.939  -62.511  -31.748 0.6000000238
11236  -13.752  -62.570  -32.462 0.5000000000
11259  -10.851  -62.273  -34.807 0.6000000238
11280  -2.397  -63.028  -37.358 0.6000000238
11281  -3.307  -63.142  -37.690 0.6000000238
11282  -11.529  -62.515  -38.034 0.6999999881
11286  -4.470  -62.835  -38.342 0.5000000000
11289  -11.837  -62.404  -39.085 0.6000000238
11290  -12.357  -63.082  -38.898 0.6000000238
11291  -28.396  -61.997  -39.224 0.4000000060
11300  -12.400  -62.820  -39.755 0.6000000238
11793  -23.699  -61.824  -27.938 0.5000000000
11794  -24.633  -61.583  -28.113 0.5000000000
11822  -21.375  -61.264  -29.897 0.6000000238
11835  -21.789  -61.430  -31.166 0.6000000238
11836  -27.758  -61.302  -30.991 0.6000000238
11837  -28.103  -61.235  -31.807 0.4000000060
11849  -12.791  -61.584  -32.572 0.5000000000
11858  -28.366  -61.319  -32.644 0.5000000000
11878  -10.969  -61.862  -33.972 0.6000000238
11881  -28.505  -61.310  -34.748 0.5000000000
11888  -10.525  -60.991  -35.859 0.6000000238
11890  -28.491  -61.601  -35.589 0.4000000060
11908  -3.073  -62.634  -37.492 0.6000000238
11923  -3.828  -62.693  -37.914 0.6000000238
11925  -6.435  -61.652  -38.512 0.5000000000
11927  -10.447  -60.687  -38.653 0.5000000000
11939  -10.412  -61.055  -39.175 0.6000000238
11940  -11.298  -61.840  -39.412 0.6000000238
11941  -28.439  -61.670  -40.325 0.4000000060
12538  -21.432  -60.705  -29.278 0.6000000238
12539  -26.504  -60.459  -29.126 0.4000000060
12540  -27.167  -60.211  -29.794 0.6000000238
12555  -21.372  -60.399  -29.938 0.6000000238
12565  -28.001  -60.495  -31.432 0.6000000238
12587  -28.459  -60.610  -32.794 0.4000000060
12597  -6.107  -60.282  -34.053 0.6000000238
12599  -12.291  -60.168  -32.836 0.6000000238
12612  -3.275  -60.271  -34.328 0.5000000000
12613  -4.698  -60.688  -34.502 0.5000000000
12614  -5.574  -60.513  -34.735 0.5000000000
12639  -6.861  -59.935  -36.021 0.6000000238
12657  -4.281  -61.153  -36.097 0.6000000238
12658  -5.222  -60.786  -36.420 0.6000000238
12660  -10.422  -60.130  -36.418 0.6999999881
12677  -6.668  -60.056  -37.255 0.6999999881
12691  -9.613  -59.954  -38.589 0.5000000000
12692  -10.096  -60.097  -38.478 0.6999999881
12700  -9.769  -60.680  -39.041 0.5000000000
13387  -5.053  -59.336  -32.880 0.4000000060
13389  -7.263  -59.134  -32.057 0.6000000238
13390  -7.769  -59.245  -32.731 0.6000000238
13455  -1.850  -60.091  -35.178 0.5000000000
13470  -7.331  -59.475  -36.661 0.6999999881
13472  -10.215  -59.147  -36.431 0.6000000238
13486  -8.885  -58.928  -37.926 0.6999999881
13487  -9.560  -58.978  -37.722 0.6999999881
13501  -8.679  -59.623  -38.374 0.6000000238
13503  -9.917  -59.521  -38.134 0.6999999881
14166  -27.217  -58.578  -30.179 0.5000000000
14178  -7.308  -57.949  -30.649 0.6000000238
14182  -10.871  -58.152  -30.891 0.6000000238
14198  -6.109  -58.492  -31.889 0.6000000238
14218  -5.059  -58.604  -32.624 0.5000000000
14224  -11.416  -58.828  -32.507 0.6999999881
14236  -3.831  -58.571  -33.554 0.4000000060
14239  -10.234  -58.559  -33.118 0.6000000238
14246  -2.621  -58.859  -34.566 0.5000000000
14260  -8.913  -58.474  -35.931 0.6000000238
14262  -10.248  -58.814  -35.504 0.6000000238
14274  -7.935  -58.985  -36.807 0.6000000238
14276  -9.374  -58.585  -36.450 0.6000000238
14287  -8.390  -58.893  -37.421 0.6000000238
14288  -9.125  -58.666  -37.277 0.6000000238
14967  -8.687  -56.680  -29.529 0.6000000238
14970  -11.813  -56.498  -29.691 0.5000000000
14987  -7.662  -57.422  -30.174 0.6000000238
14988  -9.606  -57.624  -30.141 0.5000000000
14991  -12.595  -57.515  -30.371 0.5000000000
14993  -13.966  -57.083  -30.670 0.4000000060
15014  -15.266  -57.256  -31.489 0.4000000060
15016  -27.947  -57.717  -31.297 0.4000000060
15017  -28.330  -57.398  -32.011 0.4000000060
15026  -5.303  -57.392  -32.364 0.4000000060
15041  -3.306  -57.421  -34.527 0.5000000000
15772  -7.518  -56.059  -29.691 0.5000000000
15773  -8.284  -56.053  -29.426 0.5000000000
15775  -10.157  -56.575  -29.497 0.6000000238
15777  -12.949  -56.083  -29.882 0.5000000000
15793  -6.634  -56.482  -30.556 0.5000000000
15794  -7.227  -56.697  -30.054 0.6999999881
15831  -5.263  -56.584  -32.637 0.5000000000
16616  -7.865  -55.484  -29.580 0.5000000000
16620  -11.347  -55.660  -29.440 0.5000000000
16633  -7.213  -55.317  -29.999 0.4000000060
16636  -15.060  -55.354  -30.796 0.4000000060
16675  -28.417  -55.308  -32.234 0.4000000060
17470  -8.537  -54.521  -29.669 0.4000000060
17471  -9.695  -54.284  -29.482 0.4000000060
17472  -11.560  -54.163  -29.403 0.5000000000
17486  -8.231  -54.192  -30.126 0.4000000060
17510  -7.215  -54.296  -31.330 0.4000000060
17513  -16.929  -54.292  -31.381 0.3000000119
17525  -17.960  -54.728  -32.199 0.4000000060
18278  -9.891  -53.596  -29.781 0.3000000119
18279  -11.158  -53.412  -29.589 0.4000000060
18291  -13.570  -53.552  -29.830 0.3000000119
18310  -8.731  -53.658  -30.743 0.4000000060
18328  -7.731  -53.842  -32.979 0.3000000119
18330  -10.159  -53.346  -33.723 0.3000000119
18347  -8.059  -53.601  -33.802 0.3000000119
18350  -10.385  -53.244  -34.178 0.3000000119
18382  -6.603  -53.216  -35.344 0.4000000060
19092  -10.586  -53.174  -29.808 0.3000000119
19094  -12.183  -52.614  -29.903 0.3000000119
19104  -10.622  -52.703  -30.432 0.3000000119
19169  -9.811  -53.000  -34.419 0.3000000119
19171  -11.158  -52.715  -34.583 0.3000000119
19186  -6.425  -52.894  -35.350 0.3000000119
19928  -6.049  -51.488  -31.332 0.4000000060
19957  -9.074  -51.003  -32.912 0.4000000060
19973  -7.628  -51.645  -33.664 0.4000000060
20761  -7.850  -50.400  -30.880 0.3000000119
20765  -8.535  -50.299  -31.489 0.3000000119
20776  -8.642  -50.724  -32.115 0.3000000119
20791  -13.586  -50.599  -34.144 0.3000000119
21604  -9.491  -49.532  -32.074 0.4000000060
21627  -11.063  -49.708  -35.068 0.3000000119
21648  -11.005  -49.666  -36.912 0.3000000119
22429  -8.211  -48.707  -31.316 0.3000000119
22461  -10.570  -48.909  -35.207 0.4000000060
23271  -6.555  -47.173  -33.855 0.3000000119
23281  -7.353  -47.356  -34.539 0.3000000119
23282  -9.009  -47.938  -33.360 0.3000000119
101818  -20.293  -69.789  -33.780 0.6000000238
102170  -28.505  -61.771  -34.259 0.4000000060
102420  -27.560  -57.010  -30.885 0.5000000000
102637  -8.696  -48.409  -32.021 0.3000000119
102691  -10.547  -61.589  -39.478 0.5000000000
102808  -26.413  -68.921  -34.734 0.5000000000
102934  -10.129  -64.595  -40.332 0.5000000000
103045  -26.067  -64.112  -29.419 0.6000000238
103421  -28.569  -64.095  -37.034 0.4000000060
103981  -19.680  -65.820  -37.801 0.6000000238
103996  -18.245  -65.806  -35.261 0.6000000238
104594  -28.441  -59.206  -32.296 0.4000000060
104716  -21.668  -76.002  -41.801 0.6999999881
104906  -11.144  -63.004  -34.809 0.6999999881
105337  -7.073  -60.729  -38.287 0.6999999881
105392  -6.330  -59.661  -32.855 0.6000000238
105854  -11.537  -62.407  -33.289 0.5000000000
105974  -28.528  -62.729  -35.213 0.4000000060
106275  -23.401  -78.433  -38.024 0.5000000000
106396  -10.831  -52.800  -32.596 0.3000000119
107329  -24.351  -68.241  -41.510 0.6000000238
107525  -8.265  -53.037  -34.567 0.4000000060
107716  -24.177  -70.073  -41.824 0.6999999881
108038  -22.370  -68.231  -42.255 0.5000000000
108047  -5.818  -59.465  -32.674 0.6000000238
108183  -13.360  -65.127  -34.999 0.6000000238
108227  -28.659  -64.318  -34.957 0.5000000000
108787  -21.095  -63.504  -29.834 0.6000000238
108805  -11.336  -57.764  -30.402 0.6000000238
109082  -10.423  -60.336  -37.283 0.6999999881
109123  -23.179  -63.097  -27.975 0.5000000000
109148  -15.154  -64.214  -32.483 0.6999999881
109155  -20.589  -69.774  -40.208 0.5000000000
109182  -27.083  -75.595  -33.060 0.3000000119
109331  -27.396  -61.079  -30.173 0.6000000238
109752  -21.857  -71.717  -37.940 0.6999999881
109842  -28.530  -60.775  -35.369 0.5000000000
109979  -26.408  -70.998  -35.806 0.4000000060
110154  -15.891  -74.462  -42.075 0.5000000000
110442  -15.288  -54.049  -30.543 0.4000000060
110664  -15.219  -65.756  -36.798 0.6000000238
110741  -22.416  -62.956  -28.158 0.5000000000
111094  -23.215  -68.830  -31.373 0.6000000238
111119  -10.958  -54.847  -29.318 0.5000000000
111190  -1.002  -59.011  -35.705 0.5000000000
111192  -18.382  -78.459  -40.730 0.5000000000
111512  -15.255  -65.464  -33.989 0.6000000238
111530  -13.446  -56.571  -30.286 0.4000000060
111697  -26.709  -74.162  -39.051 0.3000000119
111775  -21.018  -66.964  -30.286 0.5000000000
111966  -25.211  -73.196  -34.834 0.4000000060
112159  -22.153  -72.831  -43.797 0.6000000238
112313  -19.846  -79.658  -36.950 0.4000000060
112505  -14.308  -62.831  -32.441 0.5000000000
112596  -3.938  -60.664  -34.308 0.5000000000
113415  -22.450  -79.397  -37.198 0.5000000000
113533  -27.931  -61.839  -31.534 0.6000000238
113742  -5.993  -51.654  -33.955 0.3000000119
113925  -28.182  -59.168  -31.643 0.4000000060
114057  -18.109  -73.393  -43.167 0.5000000000
114204  -19.020  -74.099  -43.672 0.5000000000
114392  -27.781  -74.832  -33.961 0.3000000119
114937  -14.719  -73.823  -38.092 0.5000000000
115047  -15.437  -73.604  -36.963 0.5000000000
115547  -17.487  -66.199  -38.057 0.5000000000
115683  -20.974  -77.272  -39.554 0.6999999881
115828  -16.716  -66.147  -36.424 0.6000000238
116080  -20.786  -78.299  -41.357 0.8000000119
116290  -28.532  -63.446  -33.695 0.5000000000
116527  -6.838  -59.961  -34.295 0.6000000238
116644  -21.182  -71.896  -36.493 0.5000000000
117417  -28.367  -62.086  -32.826 0.5000000000
117572  -6.622  -58.064  -31.168 0.6000000238
117598  -27.804  -63.784  -31.762 0.6000000238
117620  -2.151  -58.324  -35.108 0.5000000000
117636  -22.445  -68.071  -38.564 0.6000000238
117726  -23.736  -65.710  -39.647 0.6999999881
117812  -23.781  -65.218  -38.001 0.6999999881
118203  -20.827  -76.728  -37.337 0.6000000238
118668  -22.746  -66.296  -35.785 0.6000000238
118760  -30.162  -70.964  -36.145 0.3000000119
119009  -13.540  -64.810  -33.544 0.6000000238
119030  -8.786  -58.840  -33.016 0.6000000238
119085  -8.263  -58.898  -35.479 0.6000000238
119251  -24.031  -65.960  -41.095 0.6999999881
119359  -14.613  -65.404  -34.190 0.6000000238
120129  -28.099  -70.491  -38.565 0.4000000060
120210  -23.110  -64.625  -35.029 0.6000000238
120757  -28.287  -73.082  -32.836 0.3000000119
120979  -21.686  -63.437  -31.331 0.6000000238
121027  -11.808  -63.735  -36.605 0.6999999881
121252  -17.174  -65.453  -34.048 0.5000000000
121296  -19.170  -72.845  -41.055 0.5000000000
121330  -15.480  -62.205  -32.744 0.5000000000
121333  -27.158  -61.624  -29.823 0.6000000238
121484  -5.464  -60.737  -37.155 0.6000000238
121601  -28.626  -65.909  -36.361 0.5000000000
121826  -25.906  -68.184  -32.983 0.6000000238
122006  -15.874  -65.423  -33.714 0.6000000238
122197  -10.003  -58.503  -34.259 0.6000000238
122264  -21.063  -65.467  -29.744 0.5000000000
122294  -11.223  -59.217  -33.508 0.6999999881
122378  -3.635  -57.809  -33.893 0.5000000000
122421  -26.501  -62.558  -29.266 0.6000000238
122506  -21.312  -68.245  -36.310 0.6000000238
122590  -4.926  -56.467  -33.276 0.4000000060
122615  -22.123  -70.700  -32.147 0.6000000238
122625  -10.873  -61.216  -38.447 0.6000000238
122685  -26.750  -75.371  -38.969 0.3000000119
122831  -10.261  -58.942  -35.958 0.6000000238
