#!ascii label  , from subject sub-v2s16x51247_ses-1 vox2ras=TkReg
1204
47512  15.762  -13.844  27.394 0.0000000000
48383  24.240  -14.096  36.220 0.0000000000
64100  35.534  2.320  10.020 0.0000000000
54454  26.397  -7.343  18.978 0.0000000000
51432  28.636  -9.933  27.943 0.0000000000
71211  45.572  10.483  1.648 0.0000000000
61355  36.150  -0.631  13.972 0.0000000000
57518  31.079  -4.151  12.730 0.0000000000
46571  12.045  -15.121  26.938 0.0000000000
45717  19.049  -15.971  31.497 0.0000000000
44010  23.120  -18.002  29.177 0.0000000000
45762  18.142  -16.572  24.874 0.0000000000
69390  39.609  8.384  6.550 0.0000000000
48405  16.838  -13.414  33.876 0.0000000000
51376  14.363  -10.163  31.764 0.0000000000
66707  40.753  5.422  9.660 0.0000000000
49416  10.266  -12.392  31.273 0.0000000000
44872  8.782  -17.651  33.425 0.0000000000
116285  28.593  -2.228  18.056 0.0000000000
54406  28.152  -8.337  23.143 0.0000000000
106624  24.992  -10.891  23.425 0.0000000000
49450  22.354  -12.268  27.578 0.0000000000
59396  35.957  -3.107  15.644 0.0000000000
59428  34.060  -3.216  13.331 0.0000000000
59399  33.121  -2.866  15.502 0.0000000000
62198  38.291  0.639  15.833 0.0000000000
46612  14.640  -16.064  24.628 0.0000000000
44961  13.054  -16.876  25.618 0.0000000000
48482  13.446  -13.846  26.413 0.0000000000
46552  17.501  -15.089  29.305 0.0000000000
45740  18.628  -16.223  27.898 0.0000000000
46593  17.224  -15.574  26.225 0.0000000000
126205  16.387  -17.288  23.589 0.0000000000
64134  36.436  2.417  7.623 0.0000000000
120097  37.915  2.946  11.889 0.0000000000
65000  38.928  3.445  9.785 0.0000000000
65024  38.264  3.715  7.864 0.0000000000
53292  13.423  -8.584  34.587 0.0000000000
52386  12.199  -9.779  30.873 0.0000000000
53307  11.715  -8.077  33.276 0.0000000000
50339  7.115  -11.640  36.752 0.0000000000
48397  8.713  -14.128  34.454 0.0000000000
44854  8.190  -17.568  35.173 0.0000000000
41716  7.251  -20.447  36.271 0.0000000000
42891  6.648  -18.861  38.005 0.0000000000
56451  27.869  -6.124  25.517 0.0000000000
118186  28.843  -9.161  25.143 0.0000000000
50498  28.469  -10.655  23.724 0.0000000000
127401  27.013  -10.673  25.866 0.0000000000
112120  22.791  -18.937  25.739 0.0000000000
46558  23.452  -15.668  28.438 0.0000000000
111675  23.263  -17.250  24.926 0.0000000000
47543  22.087  -14.431  24.562 0.0000000000
126674  26.805  -4.333  18.230 0.0000000000
57510  27.087  -4.583  15.101 0.0000000000
109962  25.869  -7.922  15.474 0.0000000000
71234  48.407  10.572  -0.666 0.0000000000
70342  46.709  9.470  0.227 0.0000000000
63114  35.451  1.239  12.183 0.0000000000
60474  33.560  -1.587  11.521 0.0000000000
63099  37.901  2.110  13.945 0.0000000000
44871  21.488  -16.600  33.508 0.0000000000
121916  23.122  -16.073  32.637 0.0000000000
44911  20.605  -17.518  29.885 0.0000000000
44944  20.500  -17.996  26.965 0.0000000000
125250  19.781  -18.494  23.758 0.0000000000
71136  40.915  10.818  8.696 0.0000000000
72009  41.803  10.901  5.928 0.0000000000
70320  42.358  9.725  3.340 0.0000000000
70336  43.732  9.275  1.506 0.0000000000
48437  16.788  -13.789  31.079 0.0000000000
49438  15.231  -12.360  28.977 0.0000000000
50369  15.865  -12.097  33.235 0.0000000000
47458  17.572  -14.310  32.818 0.0000000000
68511  40.018  7.441  8.559 0.0000000000
50439  12.848  -11.693  28.467 0.0000000000
108758  11.040  -13.721  29.018 0.0000000000
45729  10.165  -16.181  30.795 0.0000000000
51365  8.749  -10.202  33.149 0.0000000000
46530  9.404  -15.511  32.747 0.0000000000
41659  4.809  -19.821  41.274 0.0000000000
108775  32.115  -1.478  18.135 0.0000000000
113645  26.617  -4.445  20.791 0.0000000000
114225  26.990  -5.243  23.278 0.0000000000
54430  27.266  -7.638  21.457 0.0000000000
125613  28.717  -10.373  21.285 0.0000000000
50526  26.697  -11.365  21.559 0.0000000000
50542  23.430  -11.627  20.903 0.0000000000
48414  22.763  -13.275  32.242 0.0000000000
118511  23.991  -10.843  30.382 0.0000000000
50436  25.720  -10.613  28.383 0.0000000000
50476  23.743  -10.847  25.832 0.0000000000
49489  22.151  -12.418  23.578 0.0000000000
58398  29.866  -2.843  15.120 0.0000000000
56601  28.091  -5.113  12.074 0.0000000000
59373  35.753  -3.042  16.399 0.0000000000
59397  34.601  -3.244  15.682 0.0000000000
59375  33.803  -2.688  16.203 0.0000000000
59394  37.152  -2.273  16.385 0.0000000000
47533  15.080  -14.762  25.582 0.0000000000
47534  14.389  -14.675  25.597 0.0000000000
48480  15.035  -13.551  26.810 0.0000000000
47501  16.416  -14.253  28.078 0.0000000000
46569  17.294  -15.352  27.279 0.0000000000
46582  16.655  -15.015  26.720 0.0000000000
46610  16.088  -15.704  24.892 0.0000000000
64117  36.257  2.557  8.940 0.0000000000
125385  37.090  2.731  10.817 0.0000000000
64087  37.910  2.995  10.890 0.0000000000
64108  36.810  2.720  9.444 0.0000000000
64116  36.889  2.748  8.533 0.0000000000
48364  8.096  -13.972  37.472 0.0000000000
47427  8.506  -14.961  36.184 0.0000000000
44849  7.815  -17.280  36.538 0.0000000000
43956  7.586  -18.952  36.035 0.0000000000
114303  7.320  -18.684  36.752 0.0000000000
41704  6.837  -20.066  37.016 0.0000000000
54347  28.789  -7.467  26.746 0.0000000000
117276  29.132  -9.300  26.626 0.0000000000
51457  29.040  -10.203  25.177 0.0000000000
50460  28.235  -10.423  26.675 0.0000000000
125291  24.586  -12.244  35.463 0.0000000000
44052  22.271  -19.441  24.471 0.0000000000
44956  23.344  -18.383  25.514 0.0000000000
44051  22.836  -19.197  24.143 0.0000000000
45786  22.674  -17.386  23.658 0.0000000000
56547  26.240  -5.713  18.221 0.0000000000
55563  26.049  -6.404  16.749 0.0000000000
71195  45.399  11.026  2.377 0.0000000000
72055  46.265  11.607  2.416 0.0000000000
72071  46.750  11.227  1.639 0.0000000000
71209  47.190  10.812  0.975 0.0000000000
70333  46.335  9.869  0.687 0.0000000000
62227  35.577  0.038  13.048 0.0000000000
61377  34.232  -0.449  11.702 0.0000000000
60463  34.755  -1.468  12.706 0.0000000000
124593  32.681  -3.739  13.311 0.0000000000
58435  33.044  -3.223  12.048 0.0000000000
58444  31.769  -3.992  11.780 0.0000000000
61341  37.070  -0.424  14.987 0.0000000000
62225  36.824  0.837  14.015 0.0000000000
63101  36.458  1.198  13.273 0.0000000000
45756  12.558  -16.405  26.230 0.0000000000
121230  11.178  -16.798  28.212 0.0000000000
45707  20.217  -16.240  32.590 0.0000000000
115973  21.130  -17.220  31.744 0.0000000000
45726  19.630  -16.591  30.946 0.0000000000
45754  18.334  -16.389  25.851 0.0000000000
44935  19.207  -16.734  27.256 0.0000000000
44958  19.583  -17.412  25.792 0.0000000000
120847  20.096  -17.952  25.333 0.0000000000
44984  19.256  -17.918  23.848 0.0000000000
44985  18.388  -17.622  23.604 0.0000000000
50551  28.273  -11.252  19.489 0.0000000000
70282  40.340  9.695  7.411 0.0000000000
71994  41.452  11.316  7.487 0.0000000000
70290  40.471  9.765  6.466 0.0000000000
70321  41.632  9.437  3.660 0.0000000000
70329  41.910  9.092  2.857 0.0000000000
70328  42.654  9.405  2.557 0.0000000000
48427  16.814  -13.574  32.122 0.0000000000
115061  16.454  -13.029  32.179 0.0000000000
49398  16.306  -12.778  33.387 0.0000000000
47448  17.281  -13.875  33.339 0.0000000000
47469  17.134  -14.071  31.756 0.0000000000
69366  40.441  8.587  9.440 0.0000000000
67603  40.362  6.730  9.168 0.0000000000
66727  38.241  5.130  6.947 0.0000000000
112450  14.874  -10.997  30.591 0.0000000000
49439  14.379  -11.789  28.711 0.0000000000
51408  14.044  -10.629  29.966 0.0000000000
51412  10.852  -10.786  30.865 0.0000000000
50408  11.302  -11.604  29.710 0.0000000000
125214  10.665  -13.272  30.306 0.0000000000
47493  10.574  -14.790  30.033 0.0000000000
48440  10.405  -13.830  31.055 0.0000000000
52334  8.350  -9.572  33.677 0.0000000000
45690  8.777  -16.097  34.257 0.0000000000
112430  9.101  -14.867  33.526 0.0000000000
111062  8.979  -16.720  33.276 0.0000000000
43984  9.469  -18.084  31.942 0.0000000000
58328  26.863  -3.658  20.487 0.0000000000
55434  27.980  -7.317  24.264 0.0000000000
114944  27.295  -5.542  24.042 0.0000000000
54393  27.701  -7.212  23.484 0.0000000000
55493  27.143  -6.987  21.960 0.0000000000
54420  27.581  -7.846  22.089 0.0000000000
53431  28.004  -9.151  21.252 0.0000000000
53425  28.325  -9.143  22.039 0.0000000000
50486  26.891  -10.884  24.084 0.0000000000
50512  27.644  -11.100  22.655 0.0000000000
106625  25.878  -10.942  22.960 0.0000000000
50527  25.042  -11.255  21.435 0.0000000000
50515  24.090  -11.117  22.958 0.0000000000
44900  22.687  -17.149  30.703 0.0000000000
117948  23.018  -15.227  32.247 0.0000000000
46542  22.998  -15.944  30.256 0.0000000000
106231  22.560  -14.046  28.235 0.0000000000
48447  22.284  -13.354  29.825 0.0000000000
50422  22.862  -11.375  28.834 0.0000000000
113745  24.380  -10.725  29.164 0.0000000000
109812  23.710  -10.873  28.363 0.0000000000
50450  24.477  -10.714  27.553 0.0000000000
50452  22.694  -11.555  27.078 0.0000000000
119120  21.543  -15.002  22.738 0.0000000000
48503  21.921  -12.913  23.921 0.0000000000
60398  30.092  -1.699  17.781 0.0000000000
59378  30.768  -2.051  16.428 0.0000000000
59379  29.323  -2.311  16.725 0.0000000000
56594  26.564  -5.935  13.898 0.0000000000
57522  27.593  -4.665  13.589 0.0000000000
71237  48.524  10.391  -1.407 0.0000000000
60439  36.121  -2.227  14.640 0.0000000000
60452  35.145  -2.137  13.457 0.0000000000
58408  35.226  -3.126  14.463 0.0000000000
58410  33.973  -3.527  14.283 0.0000000000
58411  32.297  -3.494  14.188 0.0000000000
61309  38.373  -0.663  16.789 0.0000000000
60423  37.202  -1.736  15.864 0.0000000000
45766  13.664  -16.705  24.974 0.0000000000
46598  12.985  -15.574  25.902 0.0000000000
47524  12.638  -14.245  26.635 0.0000000000
45728  18.162  -15.464  30.394 0.0000000000
45733  18.723  -15.967  29.596 0.0000000000
45741  18.156  -15.671  28.721 0.0000000000
45755  17.727  -15.774  26.884 0.0000000000
45763  17.643  -16.065  25.476 0.0000000000
127580  16.908  -16.911  23.738 0.0000000000
45778  16.490  -16.275  24.347 0.0000000000
45779  15.106  -16.596  24.221 0.0000000000
68548  38.601  7.078  4.907 0.0000000000
49380  16.133  -12.221  35.536 0.0000000000
64987  39.557  3.526  11.155 0.0000000000
64993  39.671  3.644  10.269 0.0000000000
65818  39.981  4.324  9.290 0.0000000000
65834  39.459  4.732  8.490 0.0000000000
65011  38.461  3.524  8.560 0.0000000000
64133  37.137  2.851  7.768 0.0000000000
52347  14.077  -9.592  33.098 0.0000000000
51392  13.639  -9.823  31.146 0.0000000000
114400  12.935  -8.889  32.270 0.0000000000
52349  11.558  -8.908  32.141 0.0000000000
120620  10.830  -9.335  32.027 0.0000000000
51356  7.783  -10.191  34.399 0.0000000000
126350  8.319  -13.247  35.584 0.0000000000
45678  8.619  -15.885  34.988 0.0000000000
44862  8.453  -17.583  34.345 0.0000000000
42939  7.782  -19.997  35.015 0.0000000000
54367  28.526  -7.721  25.304 0.0000000000
53394  28.539  -8.639  24.243 0.0000000000
52449  28.784  -9.707  23.177 0.0000000000
51463  29.182  -10.102  24.244 0.0000000000
50485  27.736  -10.818  24.317 0.0000000000
122390  26.241  -10.692  24.686 0.0000000000
44022  22.249  -18.668  27.289 0.0000000000
109204  23.739  -17.009  29.047 0.0000000000
44943  23.711  -17.857  27.028 0.0000000000
46581  23.363  -15.804  26.613 0.0000000000
47520  22.900  -14.959  26.715 0.0000000000
126617  22.085  -13.221  26.180 0.0000000000
46608  22.527  -15.381  25.000 0.0000000000
45787  22.028  -16.471  22.932 0.0000000000
58350  27.303  -3.558  18.176 0.0000000000
58377  27.693  -3.488  16.597 0.0000000000
57485  26.723  -4.843  16.178 0.0000000000
117051  26.232  -6.118  15.164 0.0000000000
72085  47.854  11.127  0.685 0.0000000000
71235  47.893  10.151  -0.352 0.0000000000
63122  35.187  1.640  11.441 0.0000000000
63136  33.957  1.341  9.428 0.0000000000
62258  34.065  0.798  10.719 0.0000000000
59437  33.746  -2.883  12.562 0.0000000000
59445  32.622  -2.760  11.206 0.0000000000
63071  39.384  1.775  15.835 0.0000000000
63086  39.205  2.209  15.043 0.0000000000
125359  39.085  2.931  13.708 0.0000000000
126311  37.932  2.764  12.631 0.0000000000
64078  36.592  2.298  12.106 0.0000000000
46493  23.322  -15.254  35.437 0.0000000000
47436  23.373  -15.192  34.320 0.0000000000
45698  22.672  -16.581  33.625 0.0000000000
43982  21.758  -17.794  31.159 0.0000000000
109307  21.452  -18.194  29.166 0.0000000000
44913  19.417  -16.689  29.092 0.0000000000
44933  20.708  -18.048  27.969 0.0000000000
118010  21.536  -18.524  27.906 0.0000000000
44033  21.135  -18.681  26.273 0.0000000000
44053  21.280  -19.161  24.579 0.0000000000
44067  20.419  -19.056  23.545 0.0000000000
71998  43.067  12.103  6.235 0.0000000000
70310  40.702  9.369  4.787 0.0000000000
71163  42.155  10.774  5.274 0.0000000000
72007  43.320  11.758  5.447 0.0000000000
71183  43.475  10.606  3.486 0.0000000000
71197  43.812  10.347  2.751 0.0000000000
120028  44.420  9.482  1.294 0.0000000000
70344  45.029  9.226  0.738 0.0000000000
47491  16.132  -13.518  29.041 0.0000000000
48459  15.551  -13.019  28.543 0.0000000000
48449  15.936  -13.046  29.473 0.0000000000
50392  15.503  -11.638  31.215 0.0000000000
117317  14.965  -10.667  32.450 0.0000000000
50348  15.767  -11.765  35.241 0.0000000000
51364  14.804  -10.364  33.398 0.0000000000
52319  14.042  -9.169  34.723 0.0000000000
48371  24.445  -14.292  37.131 0.0000000000
45676  22.846  -15.616  35.482 0.0000000000
45688  20.970  -15.838  34.545 0.0000000000
45702  19.534  -15.602  33.114 0.0000000000
46510  19.121  -14.787  34.153 0.0000000000
46527  18.423  -15.412  31.982 0.0000000000
47480  17.304  -14.533  30.767 0.0000000000
47481  16.978  -14.218  30.489 0.0000000000
70263  40.940  10.085  10.111 0.0000000000
70274  40.350  9.189  8.735 0.0000000000
112512  39.488  7.822  7.078 0.0000000000
66726  39.076  5.557  7.694 0.0000000000
67609  39.079  6.489  7.285 0.0000000000
67618  38.698  6.719  6.396 0.0000000000
48460  14.620  -12.475  28.011 0.0000000000
49452  12.852  -12.992  27.266 0.0000000000
48461  12.027  -13.013  27.811 0.0000000000
51423  12.598  -10.761  29.482 0.0000000000
48462  11.495  -12.915  28.619 0.0000000000
47503  11.168  -14.437  28.528 0.0000000000
111652  10.841  -16.237  28.834 0.0000000000
44915  10.569  -17.495  29.644 0.0000000000
53309  9.949  -8.457  33.146 0.0000000000
50383  9.263  -11.421  32.376 0.0000000000
48418  9.215  -13.413  32.700 0.0000000000
48417  9.681  -13.759  32.213 0.0000000000
45709  9.695  -15.663  32.146 0.0000000000
42885  5.568  -19.586  39.813 0.0000000000
60395  33.866  -1.896  17.664 0.0000000000
59340  28.653  -1.890  19.041 0.0000000000
58339  27.268  -3.328  19.076 0.0000000000
57444  26.589  -4.658  19.455 0.0000000000
127144  26.414  -6.161  19.575 0.0000000000
57420  26.570  -4.970  21.604 0.0000000000
55513  26.755  -6.809  21.071 0.0000000000
54440  26.669  -7.379  19.829 0.0000000000
53440  27.470  -8.975  19.772 0.0000000000
52473  28.102  -9.950  19.908 0.0000000000
50537  28.314  -11.183  20.262 0.0000000000
51480  28.779  -10.511  22.208 0.0000000000
110329  28.245  -11.203  21.138 0.0000000000
50539  26.652  -11.598  20.606 0.0000000000
50540  25.389  -11.540  20.499 0.0000000000
49535  23.992  -12.572  19.435 0.0000000000
51420  28.153  -10.134  29.455 0.0000000000
48394  23.620  -13.617  34.591 0.0000000000
50368  23.643  -11.806  33.208 0.0000000000
50378  24.069  -11.212  32.278 0.0000000000
47488  22.915  -15.565  29.910 0.0000000000
49421  23.046  -11.796  31.283 0.0000000000
50389  25.292  -10.588  31.143 0.0000000000
50403  25.518  -10.560  30.330 0.0000000000
124025  26.524  -10.550  29.332 0.0000000000
107105  27.050  -10.579  28.087 0.0000000000
50449  25.974  -10.587  27.013 0.0000000000
106631  25.760  -10.584  26.126 0.0000000000
106628  24.880  -10.636  24.950 0.0000000000
49471  22.201  -12.100  25.689 0.0000000000
50478  22.613  -11.578  24.933 0.0000000000
50502  23.265  -11.371  23.478 0.0000000000
50517  22.625  -11.928  22.148 0.0000000000
59376  32.742  -2.276  16.260 0.0000000000
58396  31.732  -2.930  14.911 0.0000000000
58426  30.664  -3.639  13.660 0.0000000000
58415  28.509  -3.506  14.738 0.0000000000
58428  28.844  -3.670  13.906 0.0000000000
57530  29.455  -4.350  12.347 0.0000000000
69446  46.399  8.786  -0.058 0.0000000000
59354  35.459  -2.613  17.209 0.0000000000
59374  34.844  -2.846  16.551 0.0000000000
59355  34.664  -2.304  17.479 0.0000000000
59353  36.839  -2.524  17.426 0.0000000000
115827  15.564  -14.097  26.663 0.0000000000
47521  14.907  -14.128  26.089 0.0000000000
47511  16.231  -14.439  27.114 0.0000000000
46583  15.812  -14.673  26.138 0.0000000000
63144  35.440  2.222  9.012 0.0000000000
63135  34.731  1.885  9.681 0.0000000000
64099  36.439  2.590  10.304 0.0000000000
64109  36.102  2.525  9.544 0.0000000000
46476  8.126  -15.229  37.619 0.0000000000
120228  8.309  -14.919  37.035 0.0000000000
44841  7.791  -16.625  37.177 0.0000000000
44842  7.458  -17.341  37.412 0.0000000000
53368  29.225  -9.079  27.391 0.0000000000
53376  29.163  -8.648  26.931 0.0000000000
52417  28.992  -9.593  27.248 0.0000000000
51441  28.650  -10.102  27.073 0.0000000000
51442  28.270  -10.277  27.793 0.0000000000
50346  25.111  -12.382  36.191 0.0000000000
49378  24.442  -13.175  35.892 0.0000000000
43049  21.579  -19.427  23.711 0.0000000000
44066  22.373  -19.490  23.649 0.0000000000
125215  22.686  -19.167  23.446 0.0000000000
55546  26.196  -6.537  18.581 0.0000000000
55557  26.063  -6.468  17.684 0.0000000000
71194  46.071  10.975  1.859 0.0000000000
71210  46.365  10.498  1.193 0.0000000000
70334  45.698  9.906  1.014 0.0000000000
61356  35.688  -0.614  13.446 0.0000000000
61367  35.214  -0.587  12.841 0.0000000000
60462  35.330  -1.270  13.261 0.0000000000
58437  31.861  -4.039  12.634 0.0000000000
57528  31.136  -4.280  11.973 0.0000000000
57539  30.422  -4.584  11.221 0.0000000000
57529  30.340  -4.344  12.131 0.0000000000
61342  36.486  -1.160  14.608 0.0000000000
62213  36.639  -0.093  14.320 0.0000000000
62226  36.151  0.229  13.571 0.0000000000
45747  12.000  -16.156  26.918 0.0000000000
116804  12.100  -17.026  26.802 0.0000000000
45742  11.621  -16.871  27.501 0.0000000000
46572  11.418  -15.904  27.747 0.0000000000
45716  19.886  -16.427  31.758 0.0000000000
44946  19.027  -16.812  26.315 0.0000000000
44959  18.875  -16.957  25.356 0.0000000000
44971  19.443  -17.596  24.853 0.0000000000
44972  18.662  -17.219  24.396 0.0000000000
50552  28.000  -11.617  19.557 0.0000000000
107934  39.892  8.988  7.065 0.0000000000
69389  39.966  9.045  6.096 0.0000000000
69427  42.221  8.698  2.077 0.0000000000
48415  16.900  -13.555  33.037 0.0000000000
48416  16.577  -13.181  32.832 0.0000000000
49397  16.395  -12.947  33.996 0.0000000000
66701  41.202  5.064  10.238 0.0000000000
67586  40.768  6.750  9.842 0.0000000000
66721  40.320  5.909  9.077 0.0000000000
50393  14.999  -10.848  31.517 0.0000000000
51391  14.277  -10.381  30.869 0.0000000000
50394  10.522  -11.449  31.020 0.0000000000
49424  10.695  -11.957  30.491 0.0000000000
112431  10.528  -12.891  30.810 0.0000000000
48429  10.130  -13.323  31.540 0.0000000000
52320  7.810  -8.958  34.311 0.0000000000
44861  8.719  -16.778  33.968 0.0000000000
121714  8.918  -16.220  33.692 0.0000000000
43973  9.070  -18.226  32.671 0.0000000000
54392  28.122  -7.854  23.735 0.0000000000
125239  27.919  -7.808  23.296 0.0000000000
54407  27.687  -7.658  22.745 0.0000000000
54419  27.968  -8.458  22.447 0.0000000000
53418  28.418  -9.067  22.735 0.0000000000
106627  25.904  -10.755  23.899 0.0000000000
50500  26.819  -11.004  23.277 0.0000000000
50514  24.969  -11.066  22.463 0.0000000000
117951  22.848  -17.529  30.011 0.0000000000
45725  22.886  -16.214  30.649 0.0000000000
44910  23.304  -17.289  29.515 0.0000000000
115806  22.243  -12.970  28.070 0.0000000000
48458  22.233  -13.153  28.836 0.0000000000
49437  22.410  -12.150  28.444 0.0000000000
50438  22.778  -11.385  27.954 0.0000000000
50451  23.428  -10.991  27.349 0.0000000000
59359  29.314  -2.009  17.497 0.0000000000
59358  30.004  -1.927  16.977 0.0000000000
59360  28.636  -2.484  17.208 0.0000000000
59415  36.245  -2.658  15.245 0.0000000000
59416  35.755  -2.953  14.863 0.0000000000
59398  33.887  -3.217  15.414 0.0000000000
58394  34.340  -3.436  14.926 0.0000000000
58395  33.471  -3.417  14.768 0.0000000000
111733  33.202  -3.591  14.087 0.0000000000
124875  32.913  -3.446  14.462 0.0000000000
61308  39.000  -0.170  17.222 0.0000000000
59395  36.647  -2.546  15.882 0.0000000000
60424  36.630  -1.966  15.233 0.0000000000
47522  14.036  -14.183  25.980 0.0000000000
46597  13.775  -15.220  25.425 0.0000000000
47523  13.321  -14.621  25.994 0.0000000000
46584  12.668  -15.012  26.356 0.0000000000
46543  17.594  -14.973  30.207 0.0000000000
45734  17.990  -15.429  29.646 0.0000000000
122238  17.867  -15.985  26.273 0.0000000000
45777  17.332  -16.370  24.530 0.0000000000
45764  16.881  -15.798  25.156 0.0000000000
46611  15.298  -15.805  24.669 0.0000000000
122063  15.779  -16.219  24.334 0.0000000000
120164  38.550  3.103  12.395 0.0000000000
64086  38.693  3.215  11.474 0.0000000000
64097  38.185  3.109  9.955 0.0000000000
64994  38.837  3.314  10.563 0.0000000000
64992  40.372  3.997  9.942 0.0000000000
64999  39.575  3.785  9.549 0.0000000000
65010  39.272  3.933  8.866 0.0000000000
64106  38.329  3.244  9.229 0.0000000000
64115  37.726  3.087  8.566 0.0000000000
52332  13.661  -8.998  33.728 0.0000000000
119134  13.463  -9.100  32.837 0.0000000000
53321  12.985  -8.627  33.094 0.0000000000
53322  12.224  -8.522  32.670 0.0000000000
53323  11.436  -8.465  32.742 0.0000000000
51338  6.994  -10.676  36.191 0.0000000000
50351  7.424  -11.315  35.752 0.0000000000
46499  8.509  -15.665  35.867 0.0000000000
45679  8.458  -16.276  35.596 0.0000000000
45691  8.489  -16.693  34.857 0.0000000000
43962  8.113  -18.409  34.747 0.0000000000
42926  7.763  -19.133  35.227 0.0000000000
42927  7.538  -19.751  35.796 0.0000000000
114334  7.593  -20.436  35.561 0.0000000000
42902  6.551  -19.740  37.759 0.0000000000
42892  6.305  -19.410  38.518 0.0000000000
54366  28.776  -8.414  25.600 0.0000000000
123054  28.731  -7.792  26.018 0.0000000000
54378  28.394  -7.948  24.415 0.0000000000
54377  28.614  -8.518  24.843 0.0000000000
53393  28.743  -9.207  24.441 0.0000000000
52434  29.061  -9.801  24.649 0.0000000000
50473  28.406  -10.490  25.697 0.0000000000
50484  28.606  -10.517  24.646 0.0000000000
50474  27.571  -10.714  25.286 0.0000000000
122288  26.998  -10.805  24.767 0.0000000000
50475  26.523  -10.663  25.470 0.0000000000
44032  22.157  -18.827  26.415 0.0000000000
109521  23.120  -18.570  26.661 0.0000000000
45761  23.477  -17.139  25.713 0.0000000000
45753  23.349  -16.219  25.980 0.0000000000
46592  22.836  -15.381  25.886 0.0000000000
113519  22.741  -16.242  24.554 0.0000000000
57473  26.986  -4.198  17.515 0.0000000000
54495  25.918  -7.164  16.095 0.0000000000
55576  26.103  -6.294  15.875 0.0000000000
108653  25.970  -7.010  15.143 0.0000000000
71225  46.940  10.136  0.565 0.0000000000
71224  47.590  10.461  0.311 0.0000000000
70341  47.354  9.770  -0.039 0.0000000000
70351  47.665  9.415  -0.679 0.0000000000
70352  47.100  9.043  -0.347 0.0000000000
63123  34.587  1.259  11.066 0.0000000000
62249  34.843  0.906  11.760 0.0000000000
60473  34.216  -1.146  11.947 0.0000000000
61378  33.722  -0.793  11.288 0.0000000000
60482  33.143  -1.219  10.698 0.0000000000
59451  32.871  -1.976  10.959 0.0000000000
59436  34.464  -2.534  13.013 0.0000000000
58443  32.267  -3.449  11.480 0.0000000000
58449  32.066  -3.156  10.310 0.0000000000
62197  38.960  1.069  16.205 0.0000000000
63054  39.645  1.434  16.507 0.0000000000
63087  38.308  1.790  14.726 0.0000000000
64045  38.711  2.469  14.208 0.0000000000
64044  39.506  2.834  14.337 0.0000000000
64063  38.387  2.741  13.310 0.0000000000
64064  37.568  2.324  13.149 0.0000000000
63113  36.151  1.592  12.533 0.0000000000
63112  36.856  1.955  12.860 0.0000000000
63121  35.863  1.999  11.796 0.0000000000
45686  22.574  -16.268  34.266 0.0000000000
117577  22.958  -16.224  33.985 0.0000000000
44870  22.113  -16.950  33.105 0.0000000000
44901  20.872  -17.583  30.572 0.0000000000
120973  21.571  -17.517  31.566 0.0000000000
43992  21.511  -17.909  30.607 0.0000000000
43991  22.033  -18.034  30.602 0.0000000000
44002  21.170  -17.882  29.882 0.0000000000
111598  18.859  -16.233  28.686 0.0000000000
44924  19.355  -16.738  28.175 0.0000000000
44945  19.763  -17.348  26.680 0.0000000000
44934  19.942  -17.330  27.601 0.0000000000
44023  21.315  -18.563  27.132 0.0000000000
44957  20.309  -17.992  26.090 0.0000000000
44054  20.167  -18.438  24.486 0.0000000000
44043  20.835  -18.715  25.431 0.0000000000
44986  17.547  -17.594  23.424 0.0000000000
44987  16.748  -17.712  23.390 0.0000000000
71973  41.423  11.461  9.172 0.0000000000
72000  41.773  11.268  6.696 0.0000000000
110962  41.998  11.910  7.538 0.0000000000
71999  42.449  11.833  6.684 0.0000000000
72008  42.478  11.420  5.872 0.0000000000
69421  39.730  8.076  3.929 0.0000000000
69398  40.094  8.914  5.228 0.0000000000
70309  41.372  9.706  4.425 0.0000000000
71169  42.469  10.563  4.524 0.0000000000
72023  42.858  11.164  4.986 0.0000000000
71168  43.175  10.873  4.216 0.0000000000
71184  42.766  10.313  3.775 0.0000000000
70337  42.968  8.999  1.768 0.0000000000
70327  43.411  9.699  2.265 0.0000000000
70326  44.250  10.019  1.963 0.0000000000
48448  16.536  -13.780  29.931 0.0000000000
48438  16.274  -13.141  30.471 0.0000000000
49407  16.192  -12.559  32.643 0.0000000000
49415  16.069  -12.417  31.782 0.0000000000
50380  15.610  -11.621  32.301 0.0000000000
50381  15.397  -11.254  33.208 0.0000000000
49390  16.163  -12.467  34.672 0.0000000000
50360  15.405  -11.133  34.900 0.0000000000
51355  14.929  -10.418  34.458 0.0000000000
52318  14.551  -9.798  35.010 0.0000000000
52331  14.390  -9.678  34.051 0.0000000000
46480  23.714  -14.958  36.346 0.0000000000
45701  20.265  -15.861  33.450 0.0000000000
47447  17.846  -14.292  33.653 0.0000000000
116198  18.072  -14.648  33.039 0.0000000000
110747  18.673  -15.160  32.842 0.0000000000
46528  17.857  -14.781  32.285 0.0000000000
46536  17.874  -15.039  31.627 0.0000000000
47468  17.448  -14.539  31.546 0.0000000000
112966  17.134  -14.219  31.152 0.0000000000
47490  16.505  -14.078  29.021 0.0000000000
62266  33.481  0.591  9.351 0.0000000000
69377  40.172  8.343  8.643 0.0000000000
69384  39.772  8.200  7.767 0.0000000000
68519  39.522  7.157  7.757 0.0000000000
65835  38.805  4.108  8.163 0.0000000000
65846  38.808  4.733  7.764 0.0000000000
66732  38.160  5.885  6.148 0.0000000000
50424  13.546  -11.415  28.781 0.0000000000
49440  13.646  -11.978  28.146 0.0000000000
49441  12.813  -12.337  27.846 0.0000000000
52367  12.836  -9.330  31.414 0.0000000000
52385  12.961  -9.879  30.595 0.0000000000
51410  12.371  -10.282  30.161 0.0000000000
48450  11.019  -13.088  29.488 0.0000000000
49431  11.492  -12.235  29.133 0.0000000000
116458  11.479  -13.572  28.294 0.0000000000
46562  11.094  -15.348  28.423 0.0000000000
46553  10.716  -15.287  29.354 0.0000000000
46545  10.415  -15.447  30.424 0.0000000000
118931  10.505  -16.158  29.872 0.0000000000
109021  10.342  -16.873  30.228 0.0000000000
44904  10.211  -17.595  30.418 0.0000000000
125106  9.297  -8.498  33.387 0.0000000000
52351  9.372  -9.690  32.703 0.0000000000
53325  9.817  -9.138  32.727 0.0000000000
51379  9.278  -10.450  32.499 0.0000000000
120964  8.247  -12.311  34.589 0.0000000000
49392  8.576  -12.811  34.090 0.0000000000
46521  9.150  -15.362  33.355 0.0000000000
109481  9.236  -14.284  32.967 0.0000000000
47460  9.679  -14.446  32.324 0.0000000000
46529  9.716  -15.081  32.246 0.0000000000
45710  9.486  -16.142  32.445 0.0000000000
42884  6.035  -19.073  39.307 0.0000000000
42876  5.738  -18.734  40.137 0.0000000000
42877  5.265  -19.255  40.692 0.0000000000
41669  5.101  -20.122  40.333 0.0000000000
108032  31.141  -1.481  19.331 0.0000000000
60367  28.481  -1.878  19.883 0.0000000000
59341  27.847  -2.677  18.662 0.0000000000
59325  27.911  -2.343  19.502 0.0000000000
125331  26.687  -4.202  20.297 0.0000000000
109244  26.822  -3.928  19.743 0.0000000000
118687  26.541  -4.825  20.203 0.0000000000
56535  26.445  -5.557  19.684 0.0000000000
113781  26.731  -5.094  22.499 0.0000000000
55531  26.555  -6.567  20.147 0.0000000000
54439  26.896  -7.487  20.680 0.0000000000
112150  27.115  -8.145  20.253 0.0000000000
53432  27.455  -8.232  21.027 0.0000000000
52467  28.489  -10.114  20.828 0.0000000000
53439  27.922  -9.367  20.479 0.0000000000
51503  28.438  -10.753  20.119 0.0000000000
51495  28.596  -10.726  20.987 0.0000000000
51473  28.852  -10.312  23.150 0.0000000000
51479  28.917  -10.156  22.721 0.0000000000
50511  28.359  -10.799  22.853 0.0000000000
50513  26.750  -11.179  22.414 0.0000000000
50525  27.557  -11.286  21.818 0.0000000000
122602  27.458  -11.465  21.117 0.0000000000
113889  25.891  -11.339  21.224 0.0000000000
50541  24.334  -11.514  20.651 0.0000000000
49521  23.744  -11.938  20.030 0.0000000000
49536  23.353  -12.511  19.796 0.0000000000
111949  23.254  -15.429  33.501 0.0000000000
117168  23.592  -14.596  34.854 0.0000000000
48425  22.914  -14.404  32.295 0.0000000000
48413  23.075  -13.827  32.984 0.0000000000
49406  23.111  -12.634  32.791 0.0000000000
49413  22.969  -12.231  32.029 0.0000000000
111454  23.676  -16.367  28.811 0.0000000000
46551  23.220  -15.909  29.352 0.0000000000
47500  22.868  -15.044  29.049 0.0000000000
124409  22.501  -12.296  30.180 0.0000000000
126432  22.633  -12.270  30.855 0.0000000000
50405  23.197  -11.434  30.466 0.0000000000
107271  23.775  -11.073  31.007 0.0000000000
50404  24.644  -10.699  30.693 0.0000000000
50420  24.691  -10.667  29.930 0.0000000000
50437  24.924  -10.674  28.408 0.0000000000
50402  25.605  -10.608  29.287 0.0000000000
50435  26.365  -10.585  28.656 0.0000000000
50418  27.034  -10.558  28.926 0.0000000000
107625  26.218  -10.600  27.849 0.0000000000
50463  24.112  -10.745  26.646 0.0000000000
106632  25.106  -10.624  26.817 0.0000000000
106630  24.791  -10.629  25.830 0.0000000000
125497  24.228  -10.736  25.246 0.0000000000
48488  22.134  -13.812  25.349 0.0000000000
115024  21.923  -12.897  25.313 0.0000000000
49480  22.105  -12.373  24.601 0.0000000000
50489  22.586  -11.797  24.020 0.0000000000
50488  23.294  -11.214  24.331 0.0000000000
50503  22.599  -11.882  23.074 0.0000000000
50516  23.249  -11.486  22.538 0.0000000000
106058  32.987  -1.636  17.845 0.0000000000
59357  33.310  -1.987  16.981 0.0000000000
60396  32.247  -1.723  17.125 0.0000000000
59401  30.342  -2.469  15.728 0.0000000000
59400  31.268  -2.466  15.641 0.0000000000
58397  30.789  -2.815  14.992 0.0000000000
58412  31.234  -3.331  14.270 0.0000000000
58413  30.283  -3.216  14.389 0.0000000000
57499  27.136  -4.279  15.745 0.0000000000
58400  28.268  -3.359  15.530 0.0000000000
58416  27.637  -3.922  15.086 0.0000000000
56602  27.830  -4.810  12.820 0.0000000000
57521  28.326  -4.228  13.352 0.0000000000
57531  28.590  -4.501  12.559 0.0000000000
57520  29.177  -3.968  13.124 0.0000000000
57541  28.852  -4.814  11.797 0.0000000000
71236  48.910  10.988  -1.891 0.0000000000
71239  48.905  10.886  -2.812 0.0000000000
69447  45.577  8.568  0.153 0.0000000000
125330  36.325  -2.906  16.267 0.0000000000
110340  35.343  -3.266  15.861 0.0000000000
59372  36.816  -2.634  16.640 0.0000000000
46596  14.653  -15.352  25.078 0.0000000000
48481  14.252  -13.607  26.512 0.0000000000
46561  16.939  -14.651  28.922 0.0000000000
46560  17.411  -15.222  28.297 0.0000000000
46570  16.841  -14.828  27.765 0.0000000000
46594  16.391  -15.302  25.745 0.0000000000
46595  15.594  -15.210  25.317 0.0000000000
64135  35.958  2.356  8.237 0.0000000000
64088  37.208  2.699  11.560 0.0000000000
64098  37.373  2.838  10.100 0.0000000000
64107  37.599  2.952  9.290 0.0000000000
53277  13.121  -8.141  35.430 0.0000000000
53305  13.082  -8.450  33.832 0.0000000000
53293  12.751  -8.055  34.364 0.0000000000
112483  8.219  -16.293  36.462 0.0000000000
121020  7.949  -17.645  35.853 0.0000000000
43955  7.852  -18.302  35.543 0.0000000000
43947  7.636  -18.135  36.252 0.0000000000
42912  7.260  -19.526  36.529 0.0000000000
42901  6.948  -19.188  37.259 0.0000000000
54346  29.200  -7.888  27.300 0.0000000000
54356  28.959  -8.208  26.416 0.0000000000
53385  29.023  -9.023  25.986 0.0000000000
119842  29.079  -9.711  25.338 0.0000000000
51447  29.062  -9.852  26.376 0.0000000000
51448  28.893  -10.172  26.072 0.0000000000
50461  27.464  -10.615  26.346 0.0000000000
44042  21.982  -19.162  25.444 0.0000000000
44041  22.932  -19.206  24.967 0.0000000000
44970  23.144  -18.362  24.456 0.0000000000
45775  22.865  -17.086  24.260 0.0000000000
44982  22.879  -18.589  23.592 0.0000000000
56558  26.241  -5.622  17.344 0.0000000000
54482  26.005  -7.347  17.040 0.0000000000
72057  44.834  11.255  3.070 0.0000000000
108125  44.962  11.755  3.624 0.0000000000
72056  45.536  11.661  3.043 0.0000000000
62240  35.792  0.783  12.868 0.0000000000
62241  35.129  0.313  12.427 0.0000000000
61368  34.675  -0.516  12.257 0.0000000000
109073  33.314  -3.467  12.897 0.0000000000
58436  32.532  -3.736  12.399 0.0000000000
58450  31.590  -3.761  10.768 0.0000000000
62199  37.636  0.163  15.432 0.0000000000
62212  37.256  0.493  14.718 0.0000000000
63088  37.532  1.349  14.388 0.0000000000
63100  37.167  1.647  13.623 0.0000000000
44925  11.281  -17.680  28.109 0.0000000000
45706  20.878  -16.450  33.133 0.0000000000
127317  21.429  -16.832  32.883 0.0000000000
44880  20.589  -16.757  31.933 0.0000000000
44891  20.495  -17.124  31.250 0.0000000000
44902  20.166  -17.148  30.387 0.0000000000
45745  18.382  -16.228  26.883 0.0000000000
44068  19.409  -18.621  23.202 0.0000000000
122585  18.778  -18.217  23.222 0.0000000000
51504  28.240  -10.675  19.302 0.0000000000
71148  40.656  10.379  7.843 0.0000000000
127257  41.037  11.017  7.877 0.0000000000
71156  40.696  10.269  7.043 0.0000000000
71155  41.176  10.517  6.356 0.0000000000
70322  40.891  9.158  3.985 0.0000000000
69419  41.177  8.788  3.203 0.0000000000
48428  16.423  -13.125  31.434 0.0000000000
125725  17.407  -14.325  32.162 0.0000000000
47459  17.188  -13.950  32.517 0.0000000000
69360  40.674  8.118  10.122 0.0000000000
68501  40.435  7.611  9.426 0.0000000000
67604  39.893  6.548  8.517 0.0000000000
65847  38.288  4.251  7.444 0.0000000000
49423  15.317  -11.700  30.304 0.0000000000
49430  14.955  -11.727  29.472 0.0000000000
50407  14.712  -11.196  29.881 0.0000000000
50423  14.169  -11.218  29.304 0.0000000000
51422  13.389  -10.866  29.348 0.0000000000
51411  11.504  -10.371  30.581 0.0000000000
51424  11.772  -10.830  29.785 0.0000000000
50409  11.035  -11.102  30.348 0.0000000000
48439  10.886  -12.481  29.935 0.0000000000
48451  10.646  -13.987  30.042 0.0000000000
47482  10.413  -14.688  30.846 0.0000000000
118955  10.066  -15.416  31.450 0.0000000000
53310  8.682  -8.521  33.710 0.0000000000
47440  8.847  -14.901  34.303 0.0000000000
47449  8.990  -14.462  33.711 0.0000000000
123623  8.984  -15.267  33.849 0.0000000000
110796  9.164  -16.012  33.176 0.0000000000
44881  9.199  -17.323  32.676 0.0000000000
59314  27.905  -2.198  20.359 0.0000000000
59303  27.298  -2.838  20.987 0.0000000000
58317  26.789  -3.825  21.310 0.0000000000
55416  27.919  -6.730  24.848 0.0000000000
56466  27.579  -5.854  24.795 0.0000000000
55435  27.638  -6.535  24.140 0.0000000000
56480  27.337  -6.207  23.402 0.0000000000
126460  27.015  -5.873  22.811 0.0000000000
55473  27.302  -6.695  22.749 0.0000000000
53426  27.751  -8.420  21.759 0.0000000000
52459  28.699  -9.964  21.616 0.0000000000
50499  27.669  -10.942  23.497 0.0000000000
107635  25.853  -11.123  22.037 0.0000000000
111303  23.993  -11.240  21.787 0.0000000000
44887  22.764  -16.611  31.779 0.0000000000
46526  23.128  -15.657  32.612 0.0000000000
45715  22.854  -16.183  31.525 0.0000000000
110878  22.952  -15.595  31.755 0.0000000000
47467  22.816  -14.945  31.618 0.0000000000
46559  23.117  -14.963  28.102 0.0000000000
124824  22.422  -14.059  29.191 0.0000000000
49428  22.424  -12.245  29.315 0.0000000000
50406  22.957  -11.432  29.661 0.0000000000
50421  23.768  -10.926  29.808 0.0000000000
124237  23.504  -11.006  29.186 0.0000000000
107589  25.420  -10.621  27.684 0.0000000000
50464  23.167  -11.127  26.494 0.0000000000
47544  21.853  -14.718  23.564 0.0000000000
48494  21.923  -13.315  24.598 0.0000000000
48504  21.834  -13.733  23.711 0.0000000000
126851  21.738  -13.656  23.101 0.0000000000
49490  21.801  -13.058  23.112 0.0000000000
48514  21.820  -13.091  22.148 0.0000000000
48530  21.546  -13.866  21.686 0.0000000000
60397  31.427  -1.563  17.638 0.0000000000
60411  31.379  -1.766  16.921 0.0000000000
60412  30.730  -1.708  17.265 0.0000000000
114666  29.954  -2.236  16.341 0.0000000000
59402  29.417  -2.642  15.930 0.0000000000
56586  26.664  -5.401  14.732 0.0000000000
57509  27.312  -4.618  14.412 0.0000000000
56593  27.000  -5.285  13.794 0.0000000000
70350  48.149  9.850  -0.999 0.0000000000
60451  35.793  -1.530  13.921 0.0000000000
59426  35.513  -2.581  14.174 0.0000000000
59427  34.822  -3.029  13.800 0.0000000000
58423  34.263  -3.403  13.912 0.0000000000
58393  35.173  -3.291  15.114 0.0000000000
58409  34.656  -3.359  14.425 0.0000000000
58424  33.604  -3.504  13.657 0.0000000000
58425  31.591  -3.834  13.413 0.0000000000
62182  38.642  0.241  16.519 0.0000000000
61324  38.016  -0.230  16.106 0.0000000000
60409  38.018  -1.512  16.986 0.0000000000
61310  37.757  -1.112  16.324 0.0000000000
61325  37.451  -0.759  15.649 0.0000000000
61326  36.970  -1.213  15.256 0.0000000000
108654  13.389  -16.078  25.396 0.0000000000
125668  12.975  -16.229  25.777 0.0000000000
107869  12.437  -15.644  26.457 0.0000000000
45718  18.306  -15.478  31.214 0.0000000000
45727  18.851  -16.024  30.630 0.0000000000
45746  17.918  -15.744  27.668 0.0000000000
44973  17.853  -16.946  23.993 0.0000000000
68534  39.116  7.697  5.282 0.0000000000
69399  39.572  8.357  5.696 0.0000000000
68547  39.150  7.562  4.408 0.0000000000
49389  16.560  -13.021  34.438 0.0000000000
49379  16.547  -12.794  35.040 0.0000000000
107956  40.227  3.697  11.802 0.0000000000
64986  40.472  3.923  10.856 0.0000000000
65812  40.974  4.427  10.397 0.0000000000
65817  40.669  4.656  9.751 0.0000000000
65833  40.219  5.075  9.120 0.0000000000
65025  37.789  3.279  7.874 0.0000000000
121857  14.403  -10.022  32.558 0.0000000000
51377  13.702  -9.476  32.112 0.0000000000
52348  12.327  -8.946  31.968 0.0000000000
52368  11.964  -9.294  31.515 0.0000000000
52387  11.424  -9.818  31.209 0.0000000000
52369  10.636  -9.949  31.580 0.0000000000
51394  10.404  -10.786  31.321 0.0000000000
51345  7.613  -11.033  34.936 0.0000000000
50350  7.788  -11.833  35.162 0.0000000000
48398  8.431  -13.252  34.832 0.0000000000
47426  8.599  -14.624  35.303 0.0000000000
46498  8.650  -15.258  35.133 0.0000000000
46512  8.807  -15.514  34.347 0.0000000000
43969  8.465  -18.497  33.923 0.0000000000
42938  8.172  -19.407  34.324 0.0000000000
55399  28.499  -7.153  26.125 0.0000000000
56450  28.237  -6.913  25.468 0.0000000000
55415  28.227  -7.338  24.858 0.0000000000
53407  28.385  -8.451  23.772 0.0000000000
116546  28.462  -8.935  23.309 0.0000000000
53406  28.632  -9.132  23.814 0.0000000000
51472  29.066  -10.103  23.537 0.0000000000
51464  29.065  -10.236  23.972 0.0000000000
124408  29.214  -10.058  24.869 0.0000000000
124779  25.515  -10.642  24.606 0.0000000000
44021  22.904  -18.555  27.762 0.0000000000
44921  23.659  -17.690  28.735 0.0000000000
44031  23.392  -18.332  27.549 0.0000000000
44932  23.843  -17.847  27.892 0.0000000000
45744  23.998  -17.011  27.438 0.0000000000
44955  23.581  -17.882  26.257 0.0000000000
45752  23.717  -16.870  26.540 0.0000000000
46580  23.744  -16.228  27.181 0.0000000000
46568  23.383  -15.464  27.484 0.0000000000
47510  22.802  -14.525  27.424 0.0000000000
48469  22.276  -13.330  27.273 0.0000000000
49461  22.260  -12.317  26.695 0.0000000000
110848  22.466  -14.150  26.742 0.0000000000
47532  22.329  -14.705  25.405 0.0000000000
45776  22.417  -16.318  23.789 0.0000000000
46609  22.235  -15.414  24.136 0.0000000000
46623  21.923  -15.584  23.285 0.0000000000
59361  27.950  -2.871  17.697 0.0000000000
58363  28.094  -3.034  16.913 0.0000000000
58364  27.521  -3.534  17.250 0.0000000000
57484  27.159  -4.085  16.611 0.0000000000
56565  26.325  -5.563  16.477 0.0000000000
56578  26.439  -5.523  15.651 0.0000000000
57500  26.805  -4.912  15.503 0.0000000000
55585  26.270  -6.408  14.453 0.0000000000
71223  48.195  10.803  0.028 0.0000000000
63128  34.961  1.876  10.601 0.0000000000
63129  34.277  1.429  10.279 0.0000000000
62265  33.763  0.975  10.016 0.0000000000
62242  34.523  0.171  11.808 0.0000000000
61385  33.939  0.052  11.135 0.0000000000
60464  34.015  -2.011  12.278 0.0000000000
59444  33.343  -2.441  11.774 0.0000000000
59452  32.434  -2.421  10.367 0.0000000000
63072  38.664  1.438  15.486 0.0000000000
64062  39.139  3.250  12.998 0.0000000000
64077  37.321  2.539  12.382 0.0000000000
64089  36.464  2.479  11.267 0.0000000000
64090  35.706  2.228  10.931 0.0000000000
127589  23.684  -14.898  35.753 0.0000000000
47435  23.815  -14.606  35.631 0.0000000000
46492  23.506  -15.001  35.087 0.0000000000
46507  23.208  -15.823  33.957 0.0000000000
44869  22.813  -16.743  32.917 0.0000000000
44878  21.665  -17.194  32.235 0.0000000000
44877  22.340  -17.124  32.298 0.0000000000
44876  22.711  -16.816  32.231 0.0000000000
44888  22.470  -17.189  31.474 0.0000000000
44000  22.471  -18.075  29.738 0.0000000000
111693  22.067  -18.339  29.196 0.0000000000
44903  19.457  -16.635  30.034 0.0000000000
44912  20.056  -17.205  29.501 0.0000000000
44923  20.044  -17.295  28.559 0.0000000000
44922  20.743  -17.792  29.058 0.0000000000
44013  21.208  -18.267  28.517 0.0000000000
114741  22.290  -18.600  28.027 0.0000000000
53448  26.474  -8.107  18.429 0.0000000000
72875  43.555  12.668  6.566 0.0000000000
70299  40.544  9.532  5.589 0.0000000000
71164  41.504  10.401  5.550 0.0000000000
71170  41.774  10.248  4.828 0.0000000000
72885  43.774  12.361  5.823 0.0000000000
72022  43.607  11.461  4.640 0.0000000000
72044  43.858  11.181  3.896 0.0000000000
71182  44.169  10.901  3.242 0.0000000000
70319  43.067  10.045  3.021 0.0000000000
71196  44.569  10.673  2.575 0.0000000000
71212  44.942  10.458  1.994 0.0000000000
70335  44.979  9.947  1.443 0.0000000000
47502  15.972  -13.635  28.261 0.0000000000
49429  15.657  -12.384  29.910 0.0000000000
49422  15.926  -12.406  30.854 0.0000000000
117940  15.983  -12.384  33.952 0.0000000000
123343  15.641  -11.751  33.788 0.0000000000
50349  15.406  -11.071  35.723 0.0000000000
50370  15.338  -11.118  34.034 0.0000000000
53276  13.786  -8.787  35.471 0.0000000000
49368  24.754  -13.463  36.737 0.0000000000
47422  24.001  -14.644  36.373 0.0000000000
45687  21.881  -16.118  34.615 0.0000000000
45670  22.116  -15.766  35.455 0.0000000000
45699  21.459  -16.292  34.088 0.0000000000
45700  20.881  -16.123  33.828 0.0000000000
45708  19.295  -15.794  32.298 0.0000000000
46519  19.142  -15.110  33.532 0.0000000000
115625  17.706  -14.997  30.991 0.0000000000
46544  17.184  -14.579  29.955 0.0000000000
109017  16.846  -14.297  29.712 0.0000000000
63145  34.484  1.623  8.711 0.0000000000
71965  41.618  11.278  10.113 0.0000000000
71120  40.767  10.252  9.372 0.0000000000
70264  40.596  9.485  9.590 0.0000000000
71137  40.542  9.998  8.710 0.0000000000
121629  40.367  9.673  8.120 0.0000000000
127282  39.661  8.360  7.122 0.0000000000
66722  39.750  5.666  8.473 0.0000000000
125731  39.455  6.286  7.950 0.0000000000
67617  39.185  7.166  6.966 0.0000000000
68526  39.190  7.619  6.238 0.0000000000
68535  38.722  7.162  5.647 0.0000000000
48470  15.245  -13.204  27.638 0.0000000000
48471  14.403  -13.049  27.167 0.0000000000
49451  13.653  -12.581  27.464 0.0000000000
48472  13.581  -13.227  26.899 0.0000000000
110486  12.940  -13.537  26.820 0.0000000000
48473  12.329  -13.638  27.202 0.0000000000
47513  11.994  -14.304  27.179 0.0000000000
123811  13.598  -10.175  30.458 0.0000000000
51409  13.147  -10.348  29.927 0.0000000000
50425  12.899  -11.173  28.966 0.0000000000
50426  12.142  -11.426  29.057 0.0000000000
49442  12.113  -12.212  28.420 0.0000000000
48474  11.698  -13.917  27.716 0.0000000000
47514  11.539  -14.814  27.711 0.0000000000
45735  10.873  -17.200  28.870 0.0000000000
126122  10.606  -16.815  29.501 0.0000000000
53308  10.908  -8.155  33.157 0.0000000000
53324  10.650  -8.840  32.564 0.0000000000
51378  9.839  -10.622  31.859 0.0000000000
50382  9.857  -11.733  31.711 0.0000000000
51366  8.265  -10.448  33.792 0.0000000000
50372  8.465  -10.998  33.579 0.0000000000
48407  8.958  -13.856  33.492 0.0000000000
49399  8.809  -12.913  33.292 0.0000000000
121285  8.822  -12.023  32.911 0.0000000000
49409  9.222  -12.441  32.462 0.0000000000
49408  9.698  -12.884  31.942 0.0000000000
121705  10.054  -13.988  31.794 0.0000000000
45719  9.809  -16.205  31.674 0.0000000000
44893  9.595  -16.970  31.990 0.0000000000
106764  9.923  -16.914  31.038 0.0000000000
43926  6.449  -18.548  38.801 0.0000000000
41682  5.920  -19.960  39.025 0.0000000000
41683  5.476  -20.471  39.517 0.0000000000
60385  30.387  -1.548  18.687 0.0000000000
59339  29.410  -1.766  18.356 0.0000000000
57457  26.841  -4.105  18.883 0.0000000000
59326  27.297  -2.954  19.897 0.0000000000
57445  26.460  -4.995  18.760 0.0000000000
56536  26.321  -5.908  19.028 0.0000000000
55532  26.398  -6.637  19.381 0.0000000000
113920  26.787  -4.097  22.171 0.0000000000
121189  26.517  -5.231  20.902 0.0000000000
112376  26.810  -6.002  22.176 0.0000000000
56511  26.645  -6.024  21.392 0.0000000000
56523  26.520  -5.861  20.575 0.0000000000
53441  26.808  -8.138  19.375 0.0000000000
112674  27.582  -8.739  20.582 0.0000000000
52454  28.749  -9.804  22.367 0.0000000000
51488  28.883  -10.242  22.070 0.0000000000
51489  28.777  -10.462  21.593 0.0000000000
50524  28.314  -10.990  22.004 0.0000000000
123893  28.638  -10.798  21.547 0.0000000000
50538  27.786  -11.557  20.406 0.0000000000
50553  27.200  -11.909  19.667 0.0000000000
49519  25.962  -11.950  19.695 0.0000000000
119812  25.482  -12.478  19.132 0.0000000000
49534  24.811  -12.777  19.052 0.0000000000
51419  28.565  -9.867  28.725 0.0000000000
48393  23.948  -13.899  35.428 0.0000000000
49388  24.071  -12.806  35.111 0.0000000000
49395  23.779  -12.334  34.246 0.0000000000
47457  23.172  -14.905  32.928 0.0000000000
49396  23.304  -13.124  33.674 0.0000000000
51375  25.551  -10.633  32.521 0.0000000000
45732  23.286  -16.481  29.695 0.0000000000
47478  22.814  -15.425  30.820 0.0000000000
47479  22.568  -14.381  30.879 0.0000000000
126546  22.412  -13.915  30.381 0.0000000000
48436  22.390  -13.252  30.765 0.0000000000
49414  22.596  -12.745  31.487 0.0000000000
50391  23.576  -11.445  31.748 0.0000000000
50377  24.960  -10.693  31.968 0.0000000000
51390  25.811  -10.520  31.654 0.0000000000
51406  26.445  -10.515  30.099 0.0000000000
50419  27.086  -10.495  29.627 0.0000000000
51421  27.601  -10.438  29.177 0.0000000000
51434  27.527  -10.514  28.563 0.0000000000
51443  27.796  -10.497  27.976 0.0000000000
50448  26.804  -10.613  27.179 0.0000000000
50462  26.573  -10.617  26.340 0.0000000000
106629  25.615  -10.599  25.270 0.0000000000
106626  24.931  -10.740  24.214 0.0000000000
50465  22.576  -11.652  26.337 0.0000000000
50477  22.851  -11.318  25.729 0.0000000000
122689  23.443  -11.044  25.083 0.0000000000
50487  24.143  -10.814  24.588 0.0000000000
50501  24.112  -10.945  23.846 0.0000000000
50528  23.162  -11.593  21.711 0.0000000000
49508  22.221  -12.485  21.671 0.0000000000
49523  22.414  -12.626  20.730 0.0000000000
49522  23.013  -12.165  20.375 0.0000000000
59356  34.109  -2.316  16.975 0.0000000000
59377  31.766  -2.075  16.285 0.0000000000
119903  32.205  -2.580  15.560 0.0000000000
124706  30.926  -3.955  13.189 0.0000000000
59380  28.714  -2.746  16.474 0.0000000000
121767  28.715  -2.983  15.887 0.0000000000
58399  29.017  -3.050  15.276 0.0000000000
57508  28.015  -4.054  14.169 0.0000000000
58414  29.371  -3.262  14.521 0.0000000000
58427  29.748  -3.571  13.743 0.0000000000
57519  30.217  -4.025  12.988 0.0000000000
70343  45.968  9.300  0.473 0.0000000000
43935  7.109  -18.231  37.565 0.0000000000
43981  22.110  -17.736  31.132 0.0000000000
43990  22.429  -17.688  30.627 0.0000000000
44001  21.804  -18.191  29.898 0.0000000000
44011  22.636  -18.358  28.654 0.0000000000
44012  21.849  -18.460  28.564 0.0000000000
44020  23.316  -18.272  28.311 0.0000000000
44860  22.066  -16.573  33.901 0.0000000000
44879  21.007  -16.803  32.408 0.0000000000
44889  21.988  -17.533  31.659 0.0000000000
44890  21.257  -17.601  31.181 0.0000000000
45664  7.996  -15.935  37.401 0.0000000000
45685  22.978  -15.801  34.626 0.0000000000
45697  23.042  -16.333  33.461 0.0000000000
45705  22.969  -16.397  32.340 0.0000000000
45739  23.998  -17.045  28.304 0.0000000000
46481  23.286  -15.261  36.284 0.0000000000
46486  8.310  -15.476  36.774 0.0000000000
46517  23.198  -15.984  33.196 0.0000000000
46520  18.548  -14.739  33.563 0.0000000000
46535  22.867  -15.855  31.184 0.0000000000
46567  23.879  -16.236  27.917 0.0000000000
46635  21.603  -15.683  22.607 0.0000000000
47401  8.149  -14.586  37.648 0.0000000000
47461  9.360  -14.916  32.891 0.0000000000
47470  10.085  -14.586  31.671 0.0000000000
47489  22.570  -14.591  30.034 0.0000000000
47492  10.787  -14.459  29.399 0.0000000000
47535  13.873  -14.627  25.694 0.0000000000
48386  8.465  -13.857  35.645 0.0000000000
48404  23.329  -14.471  33.864 0.0000000000
48406  16.616  -13.225  33.465 0.0000000000
48426  22.616  -13.849  31.575 0.0000000000
49381  8.117  -12.673  35.446 0.0000000000
49391  8.737  -13.460  34.016 0.0000000000
49499  22.148  -12.445  22.646 0.0000000000
49507  22.710  -11.935  21.205 0.0000000000
50359  15.712  -11.825  34.454 0.0000000000
50371  8.785  -11.194  33.009 0.0000000000
50379  23.405  -11.818  32.427 0.0000000000
50390  24.389  -10.862  31.460 0.0000000000
50447  27.587  -10.545  27.302 0.0000000000
51346  7.344  -10.430  35.287 0.0000000000
51393  10.956  -10.328  31.111 0.0000000000
51433  28.098  -10.317  28.541 0.0000000000
51456  29.194  -9.995  25.571 0.0000000000
52304  14.254  -9.319  35.486 0.0000000000
52333  9.124  -9.123  33.126 0.0000000000
52350  10.006  -9.667  32.208 0.0000000000
52427  29.125  -9.622  25.962 0.0000000000
52442  28.979  -9.790  23.971 0.0000000000
54298  8.819  -7.813  34.043 0.0000000000
55593  26.425  -6.698  13.607 0.0000000000
57458  26.501  -4.918  17.857 0.0000000000
57474  26.620  -4.836  17.007 0.0000000000
58376  28.176  -3.201  16.232 0.0000000000
58401  27.624  -3.663  15.962 0.0000000000
60410  37.522  -1.825  16.524 0.0000000000
62250  34.392  0.641  11.334 0.0000000000
67610  38.590  5.989  6.906 0.0000000000
69407  40.245  8.737  4.379 0.0000000000
70289  40.957  10.050  5.809 0.0000000000
70298  41.140  9.905  5.162 0.0000000000
70308  42.062  10.016  4.091 0.0000000000
71119  41.135  10.767  9.679 0.0000000000
71147  41.111  10.822  7.191 0.0000000000
72006  44.041  12.062  5.071 0.0000000000
106045  9.275  -16.600  32.731 0.0000000000
106296  8.252  -16.948  35.756 0.0000000000
106731  22.400  -14.405  26.073 0.0000000000
107232  22.737  -16.630  31.076 0.0000000000
108513  38.940  3.559  9.200 0.0000000000
109937  23.250  -15.387  34.640 0.0000000000
110403  40.087  9.042  7.964 0.0000000000
111198  22.927  -16.822  30.266 0.0000000000
115450  23.068  -16.224  25.317 0.0000000000
115852  23.022  -15.950  32.021 0.0000000000
117756  7.419  -17.933  36.884 0.0000000000
117978  8.966  -15.721  33.775 0.0000000000
120882  32.620  -3.156  14.892 0.0000000000
121346  40.690  6.133  9.588 0.0000000000
121567  36.231  -2.749  16.923 0.0000000000
121665  22.511  -15.929  34.870 0.0000000000
121738  11.285  -9.430  31.687 0.0000000000
122093  27.567  -2.826  19.256 0.0000000000
124065  28.130  -10.401  27.387 0.0000000000
125861  29.168  -10.174  24.550 0.0000000000
126361  23.092  -16.345  32.947 0.0000000000
