#!ascii label  , from subject sub-v2s16x51247_ses-1 vox2ras=TkReg
659
54124  22.799  -8.268  -43.215 0.0000000000
112805  30.710  -4.418  -52.731 0.0000000000
67309  27.880  5.259  -59.639 0.0000000000
65518  28.609  3.440  -50.502 0.0000000000
50239  23.690  -12.423  -41.427 0.0000000000
52199  26.718  -10.281  -44.279 0.0000000000
57163  26.670  -5.763  -46.602 0.0000000000
61075  26.671  -1.428  -48.542 0.0000000000
62860  30.877  0.784  -56.080 0.0000000000
67303  30.870  5.950  -59.374 0.0000000000
71707  23.838  10.072  -61.674 0.0000000000
52185  23.357  -10.735  -42.585 0.0000000000
51247  25.093  -11.596  -42.718 0.0000000000
53163  24.843  -9.606  -44.389 0.0000000000
59006  23.517  -3.765  -48.012 0.0000000000
60065  23.102  -2.071  -50.240 0.0000000000
66410  29.351  4.140  -54.835 0.0000000000
64664  30.243  2.254  -53.940 0.0000000000
64697  30.176  2.995  -58.187 0.0000000000
63740  32.720  2.054  -60.839 0.0000000000
67321  30.514  5.665  -62.301 0.0000000000
74247  22.536  13.964  -57.731 0.0000000000
72566  24.464  11.203  -58.860 0.0000000000
73445  20.819  12.633  -61.265 0.0000000000
57194  28.733  -5.261  -49.326 0.0000000000
120123  28.320  -7.873  -47.731 0.0000000000
56256  31.413  -7.034  -50.066 0.0000000000
68216  27.738  6.490  -56.487 0.0000000000
58164  33.175  -3.935  -56.343 0.0000000000
57147  22.282  -6.334  -44.472 0.0000000000
55197  24.814  -7.016  -44.893 0.0000000000
58090  23.798  -4.838  -46.623 0.0000000000
110605  26.818  -3.383  -47.523 0.0000000000
125730  29.540  -2.786  -50.992 0.0000000000
111133  27.834  1.117  -49.488 0.0000000000
120703  30.291  -0.541  -52.580 0.0000000000
60120  31.046  -2.553  -55.299 0.0000000000
62004  33.259  -0.905  -58.217 0.0000000000
69917  25.869  8.598  -58.413 0.0000000000
69111  25.833  7.698  -61.261 0.0000000000
111719  22.376  12.854  -62.661 0.0000000000
70807  26.231  10.395  -64.336 0.0000000000
69113  28.558  7.866  -63.301 0.0000000000
69938  28.716  8.323  -60.773 0.0000000000
54145  26.644  -9.004  -45.826 0.0000000000
55171  21.507  -7.227  -42.403 0.0000000000
54113  22.369  -8.464  -42.530 0.0000000000
53152  22.886  -9.073  -42.996 0.0000000000
52203  23.772  -10.336  -43.230 0.0000000000
54123  23.519  -8.852  -43.576 0.0000000000
66431  28.535  4.595  -57.461 0.0000000000
114391  29.402  3.681  -57.207 0.0000000000
65574  28.963  4.130  -58.387 0.0000000000
65579  29.922  3.690  -60.057 0.0000000000
66456  29.149  4.695  -60.488 0.0000000000
76069  20.895  15.278  -58.489 0.0000000000
74258  21.299  13.731  -58.994 0.0000000000
75145  19.768  14.870  -60.488 0.0000000000
57212  30.550  -5.042  -51.245 0.0000000000
57193  29.754  -5.691  -49.857 0.0000000000
57205  31.368  -5.738  -50.932 0.0000000000
110845  28.569  6.222  -54.168 0.0000000000
68202  28.098  7.297  -54.963 0.0000000000
51238  22.757  -11.777  -41.286 0.0000000000
50218  22.749  -12.866  -40.208 0.0000000000
49258  23.923  -13.260  -39.846 0.0000000000
50228  24.956  -12.408  -40.714 0.0000000000
121803  26.163  -10.769  -43.138 0.0000000000
51234  26.169  -11.203  -41.336 0.0000000000
109774  23.002  -5.675  -45.661 0.0000000000
57167  22.479  -5.212  -46.045 0.0000000000
60037  25.142  -2.282  -48.790 0.0000000000
59004  25.143  -3.466  -47.739 0.0000000000
60036  26.623  -2.206  -48.148 0.0000000000
59013  28.253  -2.901  -48.445 0.0000000000
118699  28.859  -1.741  -48.995 0.0000000000
63680  25.594  1.060  -49.753 0.0000000000
64640  28.195  2.686  -50.085 0.0000000000
63720  30.582  1.629  -55.584 0.0000000000
63705  30.363  1.139  -52.848 0.0000000000
108764  30.649  -0.022  -54.896 0.0000000000
109796  30.470  -1.168  -54.025 0.0000000000
61137  31.183  -1.251  -56.253 0.0000000000
61136  31.704  -2.077  -56.853 0.0000000000
62867  32.202  -0.039  -58.205 0.0000000000
66445  32.170  4.226  -61.126 0.0000000000
116456  33.054  3.147  -59.836 0.0000000000
72572  24.067  11.003  -59.617 0.0000000000
71688  25.277  10.078  -58.626 0.0000000000
70786  24.819  9.555  -59.834 0.0000000000
69925  25.749  8.096  -59.001 0.0000000000
69941  24.819  8.922  -61.106 0.0000000000
69955  27.336  9.212  -63.779 0.0000000000
70796  27.934  9.199  -62.884 0.0000000000
69947  28.984  8.292  -62.230 0.0000000000
56224  25.301  -6.426  -45.522 0.0000000000
55196  25.590  -7.478  -45.446 0.0000000000
55204  26.773  -7.540  -46.493 0.0000000000
54181  29.867  -8.970  -48.132 0.0000000000
54158  28.683  -9.393  -46.962 0.0000000000
126387  22.353  -10.542  -41.531 0.0000000000
51249  23.709  -11.633  -42.449 0.0000000000
51236  24.633  -11.954  -42.126 0.0000000000
52184  24.054  -11.188  -43.114 0.0000000000
52201  25.151  -10.986  -43.806 0.0000000000
52215  26.038  -10.405  -44.503 0.0000000000
60041  22.304  -3.178  -48.111 0.0000000000
59026  23.212  -2.948  -49.165 0.0000000000
111825  25.056  -1.029  -49.469 0.0000000000
66393  29.551  4.170  -52.919 0.0000000000
65529  29.638  3.248  -51.681 0.0000000000
65550  29.726  3.487  -54.381 0.0000000000
64677  30.334  2.383  -56.026 0.0000000000
63732  30.928  1.754  -57.276 0.0000000000
63735  32.184  1.051  -59.237 0.0000000000
64701  31.119  2.507  -59.968 0.0000000000
65584  31.899  3.501  -61.953 0.0000000000
67314  31.071  5.652  -61.906 0.0000000000
73413  23.978  13.359  -56.758 0.0000000000
73428  23.308  12.466  -58.510 0.0000000000
73437  22.691  12.180  -59.368 0.0000000000
116076  22.745  11.465  -61.370 0.0000000000
57183  27.939  -5.194  -47.864 0.0000000000
56238  27.510  -6.605  -47.471 0.0000000000
56246  28.442  -6.491  -48.476 0.0000000000
55233  29.922  -7.209  -49.085 0.0000000000
67250  28.558  5.289  -51.172 0.0000000000
67263  28.834  5.632  -52.637 0.0000000000
67281  28.467  5.532  -55.666 0.0000000000
67298  27.685  5.440  -57.771 0.0000000000
51222  25.578  -11.716  -40.973 0.0000000000
58163  32.305  -4.675  -55.606 0.0000000000
57215  32.520  -6.077  -53.582 0.0000000000
56213  22.293  -6.789  -43.825 0.0000000000
55189  23.559  -7.481  -44.069 0.0000000000
56226  23.255  -6.182  -44.931 0.0000000000
57155  24.668  -5.800  -45.586 0.0000000000
120379  25.206  -5.086  -46.339 0.0000000000
58107  23.846  -4.311  -47.245 0.0000000000
58106  24.922  -4.088  -47.205 0.0000000000
57175  26.683  -4.806  -46.854 0.0000000000
58120  27.846  -4.296  -47.816 0.0000000000
59038  29.111  -3.945  -49.955 0.0000000000
58156  30.119  -3.899  -52.513 0.0000000000
61969  24.714  0.052  -49.980 0.0000000000
119778  27.536  -0.181  -48.840 0.0000000000
63686  29.393  2.119  -50.597 0.0000000000
62824  29.584  0.495  -50.325 0.0000000000
61956  29.195  -0.582  -49.473 0.0000000000
61104  29.784  -1.590  -51.295 0.0000000000
60087  30.197  -2.396  -53.165 0.0000000000
58159  30.963  -3.809  -54.174 0.0000000000
109926  31.975  -3.525  -56.365 0.0000000000
60124  33.215  -2.413  -57.419 0.0000000000
62871  33.524  0.796  -59.529 0.0000000000
69079  26.646  7.635  -57.605 0.0000000000
68233  26.684  6.686  -58.456 0.0000000000
68239  27.119  5.860  -59.659 0.0000000000
72593  21.320  12.717  -62.296 0.0000000000
72598  23.406  11.854  -63.056 0.0000000000
72602  24.616  11.768  -64.364 0.0000000000
70803  24.459  9.950  -62.756 0.0000000000
69954  25.938  8.541  -62.888 0.0000000000
69114  27.579  7.919  -63.182 0.0000000000
68247  28.063  6.211  -61.511 0.0000000000
69107  29.548  7.077  -62.695 0.0000000000
69099  29.884  7.291  -62.258 0.0000000000
68231  29.902  7.073  -59.775 0.0000000000
54133  24.634  -8.583  -44.470 0.0000000000
54146  25.375  -9.035  -44.909 0.0000000000
53162  26.467  -10.065  -44.954 0.0000000000
55203  27.423  -7.967  -46.935 0.0000000000
53183  27.531  -9.367  -46.090 0.0000000000
55170  22.153  -7.723  -42.828 0.0000000000
55177  23.335  -8.027  -43.654 0.0000000000
118792  28.385  4.566  -58.201 0.0000000000
65565  28.952  4.146  -57.733 0.0000000000
66436  28.688  4.368  -58.955 0.0000000000
66446  29.195  4.224  -59.815 0.0000000000
67308  28.608  5.188  -60.535 0.0000000000
75133  20.264  14.891  -59.446 0.0000000000
57217  30.939  -4.836  -52.078 0.0000000000
57211  31.491  -5.421  -51.789 0.0000000000
50240  23.158  -12.300  -41.275 0.0000000000
50230  22.732  -12.299  -40.814 0.0000000000
117975  23.294  -12.644  -40.819 0.0000000000
50229  23.426  -13.033  -40.288 0.0000000000
107311  24.016  -12.750  -40.719 0.0000000000
50217  24.554  -12.792  -40.085 0.0000000000
50238  24.335  -12.333  -41.497 0.0000000000
52200  25.910  -10.738  -43.911 0.0000000000
120761  26.592  -10.466  -43.475 0.0000000000
53149  27.297  -9.998  -43.372 0.0000000000
57168  21.838  -4.864  -46.027 0.0000000000
61076  25.854  -1.790  -48.622 0.0000000000
59015  25.771  -2.388  -48.285 0.0000000000
112735  27.374  -1.830  -48.319 0.0000000000
60034  28.209  -1.922  -48.522 0.0000000000
61074  27.552  -1.168  -48.583 0.0000000000
64641  27.240  2.629  -49.956 0.0000000000
62848  30.541  0.693  -54.373 0.0000000000
124744  30.794  0.144  -55.524 0.0000000000
61995  30.807  -0.640  -55.461 0.0000000000
62003  31.051  -0.253  -56.187 0.0000000000
125858  31.437  -0.726  -56.986 0.0000000000
62859  31.433  0.167  -57.145 0.0000000000
67307  31.509  5.340  -60.659 0.0000000000
66435  31.950  4.674  -59.603 0.0000000000
71701  23.863  10.062  -60.759 0.0000000000
71695  24.235  10.170  -60.039 0.0000000000
121773  24.490  9.514  -60.490 0.0000000000
69933  25.067  8.943  -60.272 0.0000000000
121305  24.278  9.549  -61.135 0.0000000000
70797  27.332  9.750  -63.196 0.0000000000
71706  26.506  10.700  -62.094 0.0000000000
70792  27.142  9.808  -61.804 0.0000000000
56232  26.063  -6.085  -46.065 0.0000000000
55205  26.115  -7.022  -46.000 0.0000000000
56231  26.625  -6.617  -46.511 0.0000000000
54171  29.963  -9.332  -47.470 0.0000000000
54157  29.372  -9.432  -46.918 0.0000000000
52186  22.579  -10.119  -41.980 0.0000000000
52168  22.922  -11.102  -41.804 0.0000000000
53150  24.172  -9.753  -43.748 0.0000000000
52202  24.545  -10.729  -43.741 0.0000000000
126882  24.697  -10.212  -44.089 0.0000000000
52216  25.271  -10.465  -44.240 0.0000000000
123278  22.995  -2.566  -49.739 0.0000000000
60054  23.490  -2.448  -49.647 0.0000000000
60053  24.360  -2.217  -49.387 0.0000000000
61085  24.459  -1.421  -49.737 0.0000000000
66402  29.472  4.191  -53.882 0.0000000000
65545  29.799  3.505  -53.504 0.0000000000
64691  29.983  3.100  -57.403 0.0000000000
64683  29.862  3.153  -56.495 0.0000000000
64682  30.386  2.453  -56.846 0.0000000000
64690  30.546  2.439  -57.737 0.0000000000
64696  30.779  2.454  -58.764 0.0000000000
66454  30.792  4.817  -62.118 0.0000000000
106179  31.153  3.968  -61.915 0.0000000000
66457  31.424  4.280  -61.911 0.0000000000
67319  31.510  4.698  -61.807 0.0000000000
67320  30.986  5.225  -62.180 0.0000000000
75121  22.215  14.760  -57.399 0.0000000000
74237  22.863  14.459  -56.935 0.0000000000
74246  23.283  13.662  -57.271 0.0000000000
73420  23.729  12.892  -57.634 0.0000000000
73421  22.929  13.196  -58.074 0.0000000000
74271  20.758  13.371  -59.812 0.0000000000
73430  21.765  12.891  -59.340 0.0000000000
112307  21.906  12.276  -59.927 0.0000000000
72574  22.362  11.755  -60.207 0.0000000000
72575  21.594  12.155  -60.718 0.0000000000
57182  28.325  -5.674  -48.605 0.0000000000
56259  28.792  -6.042  -49.074 0.0000000000
56257  30.502  -6.461  -49.726 0.0000000000
55232  30.790  -7.774  -49.322 0.0000000000
55219  30.144  -8.160  -48.721 0.0000000000
66373  27.726  4.854  -50.393 0.0000000000
122398  28.836  5.265  -51.845 0.0000000000
68201  28.339  6.425  -54.984 0.0000000000
125217  28.404  5.921  -55.304 0.0000000000
67282  28.187  6.154  -55.782 0.0000000000
67291  28.149  5.718  -56.427 0.0000000000
107800  27.691  5.902  -57.153 0.0000000000
116140  25.000  -12.106  -41.485 0.0000000000
51235  25.419  -11.641  -41.857 0.0000000000
58162  33.159  -4.715  -56.001 0.0000000000
56214  21.530  -6.353  -43.721 0.0000000000
55190  23.015  -6.840  -44.229 0.0000000000
57166  23.351  -5.270  -46.202 0.0000000000
57156  23.862  -5.680  -45.527 0.0000000000
57165  24.388  -5.260  -46.122 0.0000000000
57164  25.322  -5.644  -45.940 0.0000000000
59007  22.728  -3.831  -47.852 0.0000000000
58108  23.087  -4.274  -47.509 0.0000000000
58105  26.090  -3.853  -47.193 0.0000000000
119966  25.610  -4.595  -46.704 0.0000000000
58104  27.123  -4.042  -47.357 0.0000000000
114172  28.302  -3.821  -48.417 0.0000000000
59024  29.186  -3.026  -49.795 0.0000000000
59025  28.778  -3.420  -49.101 0.0000000000
59037  29.442  -3.459  -50.732 0.0000000000
58152  29.723  -3.956  -51.614 0.0000000000
59053  29.696  -3.192  -51.599 0.0000000000
63679  26.400  1.253  -49.601 0.0000000000
62818  25.452  0.378  -49.613 0.0000000000
62817  26.153  0.685  -49.450 0.0000000000
61958  26.268  -0.010  -49.092 0.0000000000
62816  27.032  0.695  -49.303 0.0000000000
64660  30.034  2.630  -52.348 0.0000000000
64651  29.772  2.410  -51.445 0.0000000000
63706  30.165  1.791  -52.133 0.0000000000
62839  30.345  0.247  -52.670 0.0000000000
62831  29.925  0.713  -51.066 0.0000000000
108193  29.819  0.028  -50.877 0.0000000000
62814  29.198  0.234  -49.678 0.0000000000
115199  29.833  -0.702  -51.058 0.0000000000
61094  29.535  -1.249  -50.225 0.0000000000
61981  30.091  -1.042  -52.012 0.0000000000
61124  30.643  -1.742  -54.611 0.0000000000
116601  30.402  -2.055  -53.962 0.0000000000
60109  30.678  -2.479  -54.605 0.0000000000
59078  30.521  -3.305  -53.853 0.0000000000
125918  30.851  -2.832  -54.949 0.0000000000
59088  31.266  -3.212  -55.465 0.0000000000
60119  31.589  -2.778  -56.339 0.0000000000
62005  32.883  -1.394  -58.103 0.0000000000
61139  32.664  -2.063  -57.640 0.0000000000
61138  33.177  -1.859  -57.759 0.0000000000
125580  33.279  -1.635  -57.677 0.0000000000
116298  33.565  -0.250  -58.417 0.0000000000
63739  32.642  1.416  -60.227 0.0000000000
63734  33.124  0.770  -59.707 0.0000000000
63738  33.196  1.403  -60.184 0.0000000000
73427  24.324  12.093  -58.159 0.0000000000
72559  25.022  11.370  -58.170 0.0000000000
70772  25.567  9.312  -58.525 0.0000000000
71681  25.770  9.948  -57.914 0.0000000000
124606  26.509  9.100  -57.229 0.0000000000
69910  26.832  8.650  -56.819 0.0000000000
69909  27.214  8.145  -56.335 0.0000000000
69916  26.402  8.421  -57.613 0.0000000000
69102  25.654  7.662  -60.236 0.0000000000
69086  26.182  7.341  -58.921 0.0000000000
69093  26.061  7.109  -59.786 0.0000000000
68240  26.499  6.514  -59.275 0.0000000000
68249  26.633  6.505  -60.245 0.0000000000
74301  20.649  13.669  -62.287 0.0000000000
73457  21.898  12.838  -62.565 0.0000000000
72599  22.658  12.304  -62.646 0.0000000000
73456  23.218  12.800  -63.267 0.0000000000
72604  25.442  11.839  -64.479 0.0000000000
72605  25.020  12.145  -64.638 0.0000000000
71714  25.143  11.489  -64.529 0.0000000000
72597  24.140  11.333  -63.668 0.0000000000
70806  25.158  10.071  -63.824 0.0000000000
70802  25.359  9.281  -63.140 0.0000000000
70805  26.006  9.760  -64.180 0.0000000000
69952  28.040  8.558  -63.438 0.0000000000
69953  27.085  8.545  -63.501 0.0000000000
69109  27.953  7.279  -62.794 0.0000000000
68258  28.899  7.255  -63.027 0.0000000000
68256  29.209  6.536  -62.501 0.0000000000
69112  29.072  7.683  -63.097 0.0000000000
69100  29.383  7.891  -61.650 0.0000000000
69091  29.634  7.508  -60.796 0.0000000000
69092  29.074  7.965  -60.375 0.0000000000
56219  23.956  -6.820  -44.511 0.0000000000
55188  24.356  -7.643  -44.447 0.0000000000
118877  26.341  -8.016  -45.949 0.0000000000
116618  25.856  -8.522  -45.431 0.0000000000
53176  26.160  -9.450  -45.288 0.0000000000
56237  28.016  -6.985  -47.981 0.0000000000
55212  27.683  -7.444  -47.450 0.0000000000
54173  27.960  -8.261  -47.310 0.0000000000
53172  28.797  -9.492  -46.271 0.0000000000
53182  28.233  -9.428  -46.463 0.0000000000
53173  28.128  -9.624  -45.892 0.0000000000
53174  27.583  -9.657  -45.490 0.0000000000
53130  22.489  -9.258  -42.290 0.0000000000
53140  23.076  -9.852  -42.739 0.0000000000
53151  23.474  -9.575  -43.260 0.0000000000
54134  24.219  -8.998  -44.050 0.0000000000
117208  28.945  4.429  -56.234 0.0000000000
66418  29.297  4.037  -55.692 0.0000000000
65560  28.973  4.204  -57.066 0.0000000000
65573  29.521  3.583  -58.131 0.0000000000
65572  30.147  3.152  -59.183 0.0000000000
109298  29.346  3.850  -59.039 0.0000000000
66455  30.037  4.310  -61.048 0.0000000000
67315  29.692  5.180  -61.618 0.0000000000
75122  21.570  15.000  -57.909 0.0000000000
74248  21.816  14.259  -58.233 0.0000000000
73429  22.155  13.460  -58.516 0.0000000000
75132  21.056  14.528  -58.752 0.0000000000
124517  20.531  14.119  -59.529 0.0000000000
74259  20.149  14.109  -60.486 0.0000000000
57207  29.646  -5.050  -50.526 0.0000000000
57206  30.572  -5.622  -50.361 0.0000000000
56265  31.228  -6.177  -50.315 0.0000000000
69056  28.388  6.975  -54.110 0.0000000000
68209  27.971  6.832  -55.731 0.0000000000
52155  22.147  -10.984  -41.112 0.0000000000
51224  21.812  -11.177  -40.256 0.0000000000
51223  22.307  -11.682  -40.767 0.0000000000
50231  22.202  -12.091  -40.234 0.0000000000
50204  24.718  -12.997  -39.360 0.0000000000
52183  25.459  -11.125  -43.291 0.0000000000
52182  26.012  -11.085  -42.380 0.0000000000
57148  21.480  -5.737  -44.603 0.0000000000
57157  22.330  -5.777  -45.246 0.0000000000
60038  24.579  -2.705  -48.790 0.0000000000
59017  24.306  -3.279  -48.360 0.0000000000
59016  25.163  -2.848  -48.284 0.0000000000
59003  26.100  -2.949  -47.757 0.0000000000
59002  26.984  -2.833  -47.774 0.0000000000
59014  27.601  -3.368  -47.846 0.0000000000
60035  27.578  -2.498  -48.110 0.0000000000
60052  28.812  -2.511  -49.041 0.0000000000
60051  29.235  -2.104  -49.773 0.0000000000
64633  26.716  1.940  -49.762 0.0000000000
64632  27.756  1.908  -49.769 0.0000000000
63716  30.448  1.695  -54.690 0.0000000000
63711  30.411  1.378  -53.759 0.0000000000
62843  30.446  0.459  -53.551 0.0000000000
61985  30.418  -0.452  -53.372 0.0000000000
61990  30.625  -0.915  -54.748 0.0000000000
106211  30.853  -1.477  -55.290 0.0000000000
61131  31.161  -2.038  -55.793 0.0000000000
62002  31.911  -1.468  -57.431 0.0000000000
62866  33.099  -0.492  -58.565 0.0000000000
66452  32.476  3.314  -61.572 0.0000000000
108096  32.991  2.881  -60.890 0.0000000000
66444  32.656  3.588  -60.634 0.0000000000
112112  32.495  3.968  -59.469 0.0000000000
121793  25.030  10.750  -58.658 0.0000000000
71689  24.728  10.307  -59.296 0.0000000000
70779  25.206  9.499  -59.212 0.0000000000
70778  25.493  8.791  -59.125 0.0000000000
69932  25.400  8.319  -59.779 0.0000000000
69940  25.236  8.252  -60.638 0.0000000000
69950  25.473  8.312  -61.684 0.0000000000
71710  26.692  10.369  -64.148 0.0000000000
70804  26.754  9.784  -64.099 0.0000000000
70801  27.163  9.703  -63.876 0.0000000000
70800  27.720  9.107  -63.566 0.0000000000
116415  28.223  8.633  -63.307 0.0000000000
69951  28.809  8.155  -63.247 0.0000000000
69948  28.428  8.689  -62.574 0.0000000000
70791  27.761  9.216  -61.538 0.0000000000
55211  29.021  -8.451  -47.957 0.0000000000
54172  28.524  -8.866  -47.414 0.0000000000
113218  29.250  -9.219  -47.483 0.0000000000
51237  23.396  -12.017  -41.786 0.0000000000
50249  23.989  -12.164  -42.128 0.0000000000
51248  24.326  -11.702  -42.723 0.0000000000
51256  24.713  -11.299  -43.335 0.0000000000
59019  22.955  -3.438  -48.584 0.0000000000
59018  23.547  -3.286  -48.654 0.0000000000
60039  23.916  -2.830  -49.014 0.0000000000
61084  25.120  -1.644  -49.194 0.0000000000
61083  25.846  -0.985  -49.006 0.0000000000
65530  29.191  3.859  -51.125 0.0000000000
65539  29.825  3.416  -52.591 0.0000000000
117910  30.021  2.950  -53.987 0.0000000000
65555  29.675  3.469  -55.211 0.0000000000
64678  29.982  2.920  -55.624 0.0000000000
64671  30.316  2.283  -55.328 0.0000000000
63725  30.714  1.721  -56.392 0.0000000000
120258  31.152  1.130  -56.881 0.0000000000
63724  31.679  0.904  -57.968 0.0000000000
63736  31.279  1.768  -58.341 0.0000000000
64695  31.632  1.788  -59.580 0.0000000000
64700  31.956  2.000  -60.571 0.0000000000
65578  30.739  3.125  -60.507 0.0000000000
64704  31.694  2.682  -61.163 0.0000000000
65583  32.188  3.157  -61.982 0.0000000000
66453  31.967  3.771  -61.912 0.0000000000
114994  30.721  6.281  -60.720 0.0000000000
121206  22.553  12.803  -58.744 0.0000000000
72567  23.649  11.701  -59.067 0.0000000000
72573  23.190  11.407  -59.812 0.0000000000
72581  22.956  11.359  -60.605 0.0000000000
71702  23.426  10.899  -61.193 0.0000000000
57174  27.379  -5.636  -47.235 0.0000000000
56230  27.068  -6.316  -46.943 0.0000000000
124120  27.943  -6.103  -47.949 0.0000000000
55221  28.697  -7.391  -48.273 0.0000000000
56258  29.540  -6.300  -49.337 0.0000000000
56245  29.156  -6.843  -48.774 0.0000000000
55220  29.470  -7.841  -48.501 0.0000000000
66372  28.521  4.519  -50.733 0.0000000000
66383  29.005  4.647  -51.473 0.0000000000
66394  29.214  4.806  -52.343 0.0000000000
66411  29.090  4.890  -54.337 0.0000000000
67269  28.835  5.627  -53.753 0.0000000000
67275  28.641  5.616  -54.802 0.0000000000
66419  28.878  4.788  -55.412 0.0000000000
108107  28.555  5.033  -56.288 0.0000000000
66432  28.089  4.951  -57.775 0.0000000000
67304  27.436  5.376  -58.893 0.0000000000
58158  31.632  -4.638  -54.624 0.0000000000
57216  31.534  -5.234  -52.899 0.0000000000
57221  32.038  -5.289  -54.020 0.0000000000
55179  21.835  -7.029  -43.194 0.0000000000
55178  22.706  -7.446  -43.586 0.0000000000
56225  24.342  -6.250  -45.083 0.0000000000
58088  25.990  -5.322  -46.364 0.0000000000
58092  22.211  -4.630  -46.568 0.0000000000
58091  22.997  -4.782  -46.869 0.0000000000
59005  24.331  -3.779  -47.724 0.0000000000
58089  24.622  -4.659  -46.679 0.0000000000
110665  27.445  -4.767  -47.364 0.0000000000
58119  28.348  -4.771  -48.520 0.0000000000
58127  28.754  -4.350  -49.204 0.0000000000
57208  29.090  -4.754  -49.982 0.0000000000
58140  29.468  -4.317  -50.694 0.0000000000
58151  30.217  -4.434  -51.918 0.0000000000
61971  23.520  -0.693  -50.797 0.0000000000
61095  23.927  -1.091  -50.338 0.0000000000
106991  25.292  -0.371  -49.485 0.0000000000
61948  26.777  -0.716  -48.750 0.0000000000
64639  28.910  2.693  -50.394 0.0000000000
63687  28.712  2.107  -50.054 0.0000000000
63677  28.604  1.424  -49.752 0.0000000000
63697  29.894  1.556  -51.235 0.0000000000
117206  29.562  1.269  -50.470 0.0000000000
63676  29.212  0.987  -49.869 0.0000000000
116846  27.902  0.494  -49.206 0.0000000000
61957  28.546  -0.016  -49.148 0.0000000000
61073  28.526  -0.956  -48.835 0.0000000000
61082  29.163  -1.315  -49.361 0.0000000000
118045  29.517  -2.141  -50.710 0.0000000000
60075  29.728  -2.415  -51.536 0.0000000000
61110  30.309  -1.397  -53.086 0.0000000000
61111  29.991  -1.957  -52.255 0.0000000000
60088  29.930  -2.800  -52.345 0.0000000000
59067  30.206  -3.217  -53.104 0.0000000000
123231  30.555  -3.834  -53.352 0.0000000000
58155  31.194  -4.501  -53.621 0.0000000000
59085  31.332  -3.909  -55.083 0.0000000000
59087  31.792  -3.956  -55.850 0.0000000000
59090  32.823  -3.497  -56.714 0.0000000000
60123  32.463  -2.628  -57.207 0.0000000000
60122  33.075  -2.931  -57.205 0.0000000000
60121  33.308  -2.961  -57.007 0.0000000000
62870  32.713  0.270  -58.988 0.0000000000
63737  33.512  1.405  -59.928 0.0000000000
62865  33.837  0.261  -58.870 0.0000000000
72565  25.470  10.715  -58.034 0.0000000000
69063  27.617  7.568  -55.791 0.0000000000
69070  27.238  7.294  -56.814 0.0000000000
69924  26.206  7.906  -58.306 0.0000000000
68225  26.921  6.936  -57.699 0.0000000000
114142  27.341  6.546  -57.217 0.0000000000
68224  27.216  6.140  -57.912 0.0000000000
68232  26.914  5.923  -58.732 0.0000000000
75159  19.779  14.566  -61.194 0.0000000000
73446  20.376  13.482  -61.810 0.0000000000
73454  20.498  13.670  -62.242 0.0000000000
73453  20.801  12.921  -62.114 0.0000000000
72592  22.086  12.086  -62.024 0.0000000000
72591  23.027  11.402  -62.097 0.0000000000
126183  23.479  10.745  -61.844 0.0000000000
71709  23.775  10.795  -62.606 0.0000000000
70799  24.564  9.352  -61.943 0.0000000000
70798  25.164  8.819  -62.109 0.0000000000
69949  26.389  7.976  -62.453 0.0000000000
69956  26.502  9.134  -63.805 0.0000000000
69110  26.798  7.352  -62.057 0.0000000000
118569  27.241  6.689  -61.504 0.0000000000
68248  27.314  6.168  -60.626 0.0000000000
67317  27.893  5.700  -60.536 0.0000000000
67316  28.835  5.747  -61.565 0.0000000000
67322  29.742  5.890  -62.296 0.0000000000
68255  30.161  6.334  -62.480 0.0000000000
69108  29.361  7.716  -62.820 0.0000000000
68246  30.268  6.567  -62.414 0.0000000000
68245  30.672  6.288  -61.990 0.0000000000
68230  30.367  6.553  -59.303 0.0000000000
69930  28.568  8.347  -59.570 0.0000000000
69929  29.106  7.807  -59.330 0.0000000000
122664  29.494  7.525  -58.615 0.0000000000
114565  23.958  -8.233  -44.006 0.0000000000
54147  25.118  -8.002  -44.901 0.0000000000
115065  25.698  -9.918  -44.769 0.0000000000
112518  27.128  -7.087  -47.029 0.0000000000
54160  27.102  -8.531  -46.394 0.0000000000
54159  27.923  -9.014  -46.875 0.0000000000
53175  26.945  -9.644  -45.451 0.0000000000
53161  27.222  -9.955  -44.964 0.0000000000
57210  32.224  -6.070  -52.483 0.0000000000
125114  31.996  -6.054  -51.553 0.0000000000
57213  29.847  -4.559  -51.216 0.0000000000
58165  32.604  -4.119  -56.253 0.0000000000
59068  29.931  -3.467  -52.260 0.0000000000
59089  33.213  -3.269  -56.727 0.0000000000
60099  30.401  -2.776  -53.929 0.0000000000
61086  23.704  -1.786  -50.014 0.0000000000
61096  23.253  -1.396  -50.597 0.0000000000
61959  24.587  -0.682  -49.912 0.0000000000
61968  29.570  -0.295  -50.237 0.0000000000
62001  33.477  -0.724  -57.902 0.0000000000
62815  28.594  0.717  -49.489 0.0000000000
62830  30.111  -0.055  -51.741 0.0000000000
62852  30.687  0.840  -55.162 0.0000000000
63678  27.132  1.385  -49.564 0.0000000000
63696  30.211  0.909  -51.928 0.0000000000
64659  30.282  2.008  -53.067 0.0000000000
64665  30.103  2.799  -53.256 0.0000000000
64672  30.082  2.725  -54.749 0.0000000000
64698  33.412  2.203  -60.100 0.0000000000
64699  33.084  2.040  -60.662 0.0000000000
64702  32.483  2.711  -61.455 0.0000000000
64703  32.309  2.507  -61.371 0.0000000000
65517  29.297  2.983  -50.917 0.0000000000
65580  32.148  2.915  -61.935 0.0000000000
65581  31.487  3.317  -61.639 0.0000000000
65582  30.624  3.674  -61.087 0.0000000000
66382  29.478  4.053  -51.963 0.0000000000
66403  29.261  4.930  -53.313 0.0000000000
66426  28.696  4.606  -56.818 0.0000000000
66437  27.768  5.081  -58.300 0.0000000000
66447  28.531  4.730  -59.660 0.0000000000
66448  28.028  4.838  -58.899 0.0000000000
67239  28.189  5.329  -50.679 0.0000000000
67290  28.228  5.190  -57.121 0.0000000000
68238  30.300  6.896  -61.454 0.0000000000
68254  30.636  5.969  -62.339 0.0000000000
68257  28.290  6.766  -62.403 0.0000000000
69071  26.829  8.002  -57.036 0.0000000000
69085  29.976  7.025  -58.491 0.0000000000
69094  25.770  7.711  -59.519 0.0000000000
69101  26.278  7.127  -60.803 0.0000000000
69939  28.245  8.719  -61.183 0.0000000000
70771  26.051  9.175  -57.832 0.0000000000
71680  26.369  9.805  -57.229 0.0000000000
71696  23.682  10.858  -60.315 0.0000000000
71711  25.653  10.379  -64.327 0.0000000000
71712  24.953  10.864  -64.322 0.0000000000
71713  25.642  10.984  -64.486 0.0000000000
72558  25.510  11.283  -57.525 0.0000000000
72582  22.096  11.701  -61.088 0.0000000000
72583  21.394  12.325  -61.667 0.0000000000
72600  26.128  11.203  -64.346 0.0000000000
72603  23.941  12.330  -63.896 0.0000000000
73438  21.126  12.650  -60.252 0.0000000000
73439  20.433  13.286  -60.824 0.0000000000
73458  20.977  13.187  -62.431 0.0000000000
73461  25.136  12.886  -64.601 0.0000000000
73462  24.551  12.629  -64.459 0.0000000000
74283  19.990  14.060  -61.497 0.0000000000
74300  21.413  13.187  -62.436 0.0000000000
74302  20.209  14.096  -62.197 0.0000000000
75160  19.641  14.872  -61.191 0.0000000000
75176  19.828  14.638  -61.772 0.0000000000
107184  30.498  -0.244  -54.176 0.0000000000
108716  29.196  -5.295  -49.884 0.0000000000
108850  29.298  3.898  -56.474 0.0000000000
111566  30.758  -3.146  -54.584 0.0000000000
111859  26.509  7.307  -58.193 0.0000000000
113882  30.869  -2.082  -55.067 0.0000000000
115221  32.171  -0.781  -57.891 0.0000000000
115303  33.332  -3.624  -56.363 0.0000000000
119012  29.152  -5.720  -49.531 0.0000000000
122584  25.267  9.037  -59.693 0.0000000000
123958  32.390  -3.127  -56.879 0.0000000000
124044  29.159  1.602  -50.097 0.0000000000
125044  28.984  4.283  -56.664 0.0000000000
125231  33.091  -2.430  -57.526 0.0000000000
125784  32.348  4.157  -60.208 0.0000000000
125889  20.146  14.478  -59.980 0.0000000000
126738  24.467  10.558  -63.455 0.0000000000
127018  33.602  -0.191  -57.850 0.0000000000
127267  29.380  -2.706  -50.391 0.0000000000
127363  29.621  3.493  -55.906 0.0000000000
127479  27.652  7.053  -56.222 0.0000000000
127658  27.364  5.565  -58.322 0.0000000000
