#!ascii label  , from subject sub-v2s16x51247_ses-1 vox2ras=TkReg
1524
21891  39.490  -43.664  -28.961 0.6000000238
21066  39.676  -44.645  -29.086 0.5000000000
23557  40.816  -42.034  -28.130 0.6999999881
23540  40.326  -41.582  -27.267 0.6000000238
23518  40.622  -40.762  -26.844 0.6000000238
22727  40.479  -42.801  -28.651 0.6999999881
22728  39.662  -42.977  -28.459 0.6000000238
22704  39.987  -42.345  -27.756 0.5000000000
22705  39.143  -42.480  -27.567 0.5000000000
23541  39.453  -41.771  -27.041 0.5000000000
23519  39.755  -40.993  -26.595 0.6000000238
21890  40.206  -43.643  -28.961 0.5000000000
115662  38.818  -43.655  -28.853 0.6000000238
24310  40.084  -40.188  -26.380 0.6000000238
19467  38.304  -46.584  -28.555 0.5000000000
19466  39.054  -46.324  -28.216 0.5000000000
25216  42.551  -39.397  -27.423 0.6000000238
25217  41.740  -39.664  -26.963 0.6999999881
23556  41.617  -41.695  -28.415 0.6000000238
24325  41.477  -40.483  -27.255 0.6000000238
24309  40.907  -39.943  -26.610 0.6000000238
124558  40.060  -44.281  -29.065 0.5000000000
21889  41.019  -43.608  -28.955 0.5000000000
25197  40.355  -39.369  -26.346 0.6000000238
20235  39.443  -45.601  -28.688 0.5000000000
118538  39.918  -38.844  -26.291 0.6000000238
112677  39.960  -45.636  -28.477 0.5000000000
26046  39.284  -38.811  -26.522 0.6000000238
26061  39.327  -37.939  -26.810 0.6999999881
26866  39.148  -37.282  -27.422 0.6999999881
26062  38.627  -38.415  -27.246 0.6000000238
125534  38.927  -37.849  -27.275 0.6000000238
26883  38.095  -37.577  -28.727 0.6000000238
26867  38.543  -37.782  -27.932 0.6000000238
115224  37.461  -34.348  -29.439 0.5000000000
30384  37.321  -33.586  -30.455 0.6999999881
29517  36.864  -34.227  -28.893 0.6000000238
30404  36.514  -33.459  -31.116 0.8000000119
30364  36.151  -33.666  -29.157 0.6999999881
119694  42.713  -38.713  -27.217 0.6000000238
25195  41.999  -38.861  -26.815 0.6999999881
24338  42.710  -40.631  -28.351 0.6999999881
24339  41.944  -40.934  -28.056 0.6999999881
24324  42.277  -40.184  -27.675 0.6000000238
25196  41.156  -39.098  -26.505 0.6999999881
26043  42.377  -38.128  -26.805 0.6999999881
22726  41.307  -42.536  -28.759 0.6000000238
23555  42.418  -41.397  -28.637 0.6000000238
26044  41.422  -38.184  -26.454 0.8000000119
22751  41.856  -43.369  -29.079 0.5000000000
26848  41.187  -37.346  -26.406 0.8000000119
26045  40.552  -38.566  -26.323 0.6000000238
21064  40.703  -44.807  -28.855 0.5000000000
26849  40.476  -37.280  -26.444 0.8000000119
113196  39.970  -38.057  -26.350 0.6000000238
20215  39.823  -46.162  -27.822 0.5000000000
27715  40.354  -36.483  -26.699 0.8000000119
27727  39.726  -36.482  -27.207 0.8000000119
27744  39.148  -36.673  -28.250 0.6999999881
28638  39.686  -35.959  -27.741 0.6999999881
27758  38.987  -36.509  -29.296 0.6999999881
27771  39.086  -36.133  -29.952 0.6000000238
27745  38.499  -37.003  -28.996 0.6000000238
26882  38.663  -37.278  -28.325 0.6000000238
28674  38.774  -36.007  -30.004 0.6999999881
27759  38.557  -36.524  -29.394 0.6999999881
29534  38.524  -34.979  -30.578 0.6999999881
28675  38.185  -35.996  -29.561 0.6000000238
30403  37.572  -33.698  -31.323 0.8000000119
29535  37.791  -34.092  -30.085 0.8000000119
28655  37.474  -35.201  -29.043 0.6000000238
30421  36.989  -33.638  -31.902 0.8999999762
116925  35.569  -33.405  -30.584 0.6999999881
29579  36.671  -34.104  -32.592 0.8000000119
117142  35.646  -33.442  -29.810 0.6999999881
26060  43.181  -38.183  -27.319 0.6000000238
26865  42.846  -37.416  -27.036 0.6999999881
27725  43.298  -36.671  -27.318 0.6999999881
25215  43.351  -39.003  -27.747 0.6000000238
27726  42.435  -36.583  -26.861 0.6000000238
24353  43.890  -40.778  -29.149 0.4000000060
24337  43.452  -40.338  -28.593 0.6000000238
25233  43.015  -39.856  -28.062 0.6000000238
26847  41.990  -37.389  -26.599 0.6999999881
23554  43.187  -41.107  -28.873 0.6000000238
27713  41.573  -36.592  -26.579 0.8000000119
22750  42.588  -42.939  -29.332 0.4000000060
23572  42.937  -41.939  -29.127 0.6000000238
21914  42.081  -44.311  -29.442 0.5000000000
28627  41.026  -35.966  -26.632 0.8000000119
21915  41.393  -44.714  -29.162 0.4000000060
110608  39.918  -35.293  -27.865 0.8000000119
20234  40.365  -45.840  -27.787 0.5000000000
28654  39.533  -35.949  -28.732 0.8000000119
28689  39.483  -35.750  -30.537 0.8000000119
28673  39.385  -36.000  -29.755 0.6999999881
28690  39.180  -35.813  -30.655 0.8000000119
108675  39.410  -35.866  -31.852 0.8999999762
28703  38.981  -35.530  -31.341 0.8999999762
29565  37.757  -34.179  -32.257 0.8999999762
29564  38.324  -34.360  -31.423 0.8999999762
30423  34.991  -33.880  -32.398 0.8000000119
113463  34.722  -33.336  -31.023 0.8000000119
30405  35.340  -33.544  -31.463 0.8000000119
30386  34.776  -33.397  -30.127 0.8000000119
30422  35.941  -33.835  -32.015 0.8000000119
26864  43.656  -37.501  -27.499 0.6999999881
28634  43.798  -35.957  -27.613 0.6000000238
26059  43.939  -38.274  -27.771 0.6000000238
26058  44.410  -37.587  -27.942 0.5000000000
116163  42.850  -35.724  -27.234 0.6999999881
24336  44.155  -40.014  -28.818 0.4000000060
25231  44.392  -39.240  -28.540 0.5000000000
26077  44.024  -38.896  -28.141 0.6000000238
28635  41.882  -35.787  -26.817 0.6999999881
22748  44.129  -42.098  -29.983 0.5000000000
23571  43.668  -41.592  -29.424 0.6000000238
22763  43.654  -43.106  -30.251 0.4000000060
29516  40.622  -34.107  -28.393 0.8000000119
29501  40.582  -34.668  -27.665 0.8000000119
21937  42.044  -45.486  -30.071 0.4000000060
28653  40.006  -34.877  -28.434 0.8000000119
28637  40.315  -35.634  -27.153 0.8000000119
21083  41.365  -45.704  -29.009 0.3000000119
28701  40.297  -35.730  -31.501 0.8000000119
28688  40.079  -35.587  -30.836 0.8000000119
29533  39.746  -35.415  -29.276 0.8000000119
124099  39.992  -36.003  -31.746 0.8000000119
28672  39.816  -35.474  -30.081 0.8000000119
28712  39.068  -35.915  -32.551 0.8999999762
28702  39.662  -35.816  -31.227 0.8999999762
29578  38.636  -35.044  -32.139 0.8999999762
28726  38.647  -35.966  -33.314 0.8999999762
29594  38.246  -35.010  -32.935 0.8999999762
30406  34.503  -33.331  -31.823 0.8000000119
127593  34.228  -33.178  -31.327 0.8000000119
29595  37.385  -34.604  -33.125 0.8999999762
126747  36.863  -35.099  -33.623 0.8999999762
29580  35.587  -34.346  -32.791 0.8000000119
29596  36.287  -34.708  -33.215 0.8000000119
27743  44.767  -36.917  -28.197 0.6000000238
27724  44.142  -36.792  -27.706 0.6000000238
28651  44.174  -35.239  -28.051 0.6000000238
26881  45.035  -37.619  -28.463 0.6000000238
25247  45.429  -39.111  -29.149 0.4000000060
25230  44.924  -38.932  -28.741 0.4000000060
26076  44.589  -38.402  -28.337 0.4000000060
29498  42.866  -34.921  -27.465 0.6999999881
24352  44.593  -40.446  -29.388 0.4000000060
29500  41.536  -34.416  -27.491 0.6999999881
23584  44.895  -41.633  -30.357 0.5000000000
23569  44.963  -40.862  -29.873 0.4000000060
29515  41.112  -33.967  -27.918 0.6999999881
30363  40.713  -33.826  -29.704 0.8000000119
29563  40.637  -35.100  -31.104 0.8000000119
29532  40.226  -34.534  -29.245 0.8000000119
28710  40.450  -36.047  -32.217 0.8000000119
28725  39.741  -36.683  -33.135 0.8999999762
28711  39.965  -36.294  -32.305 0.8999999762
122102  39.048  -36.786  -33.673 0.8999999762
28727  37.719  -35.458  -33.655 0.8999999762
28738  37.488  -36.172  -34.259 1.0000000000
30431  34.731  -33.867  -33.114 0.8000000119
119799  36.802  -35.704  -34.151 1.0000000000
28728  35.984  -35.332  -33.758 1.0000000000
29597  35.404  -34.865  -33.482 0.8000000119
29581  34.977  -34.368  -33.301 0.8000000119
29512  44.151  -34.360  -28.471 0.6000000238
116368  45.459  -36.203  -28.895 0.6000000238
116904  43.538  -33.776  -28.423 0.6999999881
26075  45.312  -38.336  -28.774 0.4000000060
26894  45.685  -37.602  -28.919 0.4000000060
24351  45.376  -40.054  -29.607 0.4000000060
30335  41.822  -33.745  -27.953 0.6999999881
23595  45.622  -41.588  -30.869 0.5000000000
24350  46.136  -40.089  -30.133 0.4000000060
30346  41.343  -33.457  -28.530 0.8000000119
30382  40.833  -34.086  -30.606 0.8000000119
30381  41.152  -33.164  -30.132 0.8000000119
28700  40.970  -35.385  -31.999 0.8000000119
27789  40.637  -36.612  -33.086 0.8000000119
28737  38.253  -36.412  -33.972 0.8999999762
27804  38.969  -37.462  -34.429 0.8999999762
27813  37.853  -37.052  -34.634 1.0000000000
27814  36.752  -36.692  -34.806 1.0000000000
127173  34.568  -33.456  -32.593 0.8000000119
27815  35.621  -36.764  -35.234 1.0000000000
28730  34.777  -35.422  -34.659 0.8000000119
28729  35.256  -35.393  -34.146 0.8000000119
28650  44.881  -35.718  -28.546 0.6000000238
28671  44.689  -34.992  -28.662 0.6000000238
30344  43.227  -33.098  -28.749 0.6999999881
31170  42.762  -32.501  -29.236 0.6999999881
26907  46.737  -38.021  -29.756 0.4000000060
26893  46.299  -37.474  -29.440 0.5000000000
27757  45.892  -36.830  -29.193 0.5000000000
116988  42.496  -32.983  -28.705 0.8000000119
31182  42.414  -32.187  -29.791 0.8000000119
25246  46.077  -39.299  -29.603 0.4000000060
31171  41.960  -32.722  -29.036 0.8000000119
24363  46.883  -40.045  -30.532 0.4000000060
25257  46.737  -39.358  -30.064 0.4000000060
124434  41.116  -34.351  -31.483 0.8000000119
123698  41.094  -36.080  -32.801 0.8000000119
26941  40.175  -37.846  -34.655 0.8999999762
26932  40.872  -37.677  -34.502 0.8000000119
26942  38.350  -38.074  -35.311 1.0000000000
27829  37.365  -37.676  -35.261 1.0000000000
26951  38.652  -38.694  -36.137 1.0000000000
27830  36.374  -37.934  -35.776 1.0000000000
28754  34.169  -36.255  -36.216 1.0000000000
29607  34.623  -34.934  -34.630 0.8999999762
111355  34.530  -33.343  -33.332 0.8000000119
115872  34.388  -35.368  -35.465 1.0000000000
107342  34.429  -34.669  -35.147 1.0000000000
27840  33.951  -36.856  -36.976 1.0000000000
27841  33.791  -36.334  -37.049 1.0000000000
29634  33.557  -35.015  -37.012 1.0000000000
30473  33.603  -33.943  -37.206 1.0000000000
125021  33.827  -35.305  -37.333 1.0000000000
29642  33.716  -34.536  -37.268 1.0000000000
30359  44.937  -33.604  -29.752 0.6999999881
112343  44.141  -33.478  -28.989 0.6999999881
30360  44.317  -32.907  -29.621 0.6999999881
28687  46.031  -35.239  -30.029 0.6000000238
29530  45.484  -34.504  -29.783 0.6000000238
30361  43.622  -32.635  -29.379 0.6999999881
28669  45.985  -36.032  -29.594 0.6000000238
122450  46.811  -37.317  -29.955 0.5000000000
31991  42.727  -31.829  -30.392 0.8000000119
26102  47.718  -38.464  -30.666 0.4000000060
31194  41.715  -32.523  -29.820 0.8000000119
30402  41.276  -33.359  -30.993 0.8000000119
29562  41.403  -34.401  -32.374 0.8000000119
119302  41.450  -35.208  -32.953 0.8000000119
27802  41.102  -37.216  -34.054 0.6999999881
122983  41.179  -36.579  -33.487 0.8000000119
116898  40.245  -38.229  -35.526 0.8999999762
123166  40.839  -37.759  -35.630 0.8000000119
107731  39.455  -38.307  -35.455 0.8999999762
26963  39.761  -38.342  -36.220 1.0000000000
26141  38.947  -38.561  -36.568 1.0000000000
26952  37.574  -38.579  -35.983 1.0000000000
26151  38.072  -38.869  -36.990 1.0000000000
26969  37.752  -38.379  -37.324 1.0000000000
26953  35.742  -38.426  -36.714 1.0000000000
27845  37.058  -37.744  -37.404 1.0000000000
26160  36.442  -38.811  -37.099 1.0000000000
27847  35.113  -37.361  -37.431 1.0000000000
27848  34.263  -37.031  -37.180 1.0000000000
30455  34.285  -33.900  -35.599 1.0000000000
112403  34.426  -33.187  -34.452 1.0000000000
28773  34.037  -35.936  -37.422 1.0000000000
29620  34.133  -34.765  -36.114 1.0000000000
31269  33.735  -33.456  -36.706 1.0000000000
31287  33.598  -32.961  -37.454 1.0000000000
31180  44.026  -32.257  -29.990 0.6999999881
116913  46.434  -35.117  -30.668 0.5000000000
112508  45.567  -33.960  -30.233 0.6999999881
31181  43.208  -31.964  -29.924 0.6999999881
27770  47.040  -36.751  -30.441 0.5000000000
28686  46.622  -35.893  -30.422 0.5000000000
31193  42.134  -32.114  -30.618 0.8000000119
31209  41.702  -32.616  -31.319 0.8000000119
30401  41.476  -33.455  -31.877 0.6999999881
29577  41.578  -34.325  -33.239 0.8000000119
28724  41.449  -35.945  -33.598 0.8000000119
27811  41.332  -37.301  -34.763 0.6999999881
114822  41.401  -36.657  -34.189 0.6999999881
27826  40.690  -37.155  -35.785 0.8999999762
28750  40.255  -36.186  -35.767 0.8000000119
29616  39.557  -35.212  -35.496 0.8000000119
29604  38.858  -34.442  -35.019 0.8000000119
27838  39.342  -38.168  -36.595 0.8999999762
27827  39.966  -37.276  -36.271 0.8000000119
28751  39.275  -36.171  -35.923 0.8000000119
27828  38.912  -37.143  -36.496 0.8999999762
28752  38.225  -36.016  -35.970 0.8999999762
29617  38.582  -35.202  -35.479 0.8000000119
28761  37.847  -36.842  -36.690 0.8999999762
27846  36.147  -37.507  -37.463 1.0000000000
26972  34.892  -37.840  -37.174 1.0000000000
28772  34.884  -35.666  -37.562 1.0000000000
29641  34.219  -34.836  -37.547 1.0000000000
32094  33.577  -32.102  -37.598 1.0000000000
29632  35.147  -34.748  -37.522 1.0000000000
30480  33.944  -33.733  -37.739 1.0000000000
31293  33.530  -32.313  -38.036 1.0000000000
30479  34.708  -33.958  -37.655 1.0000000000
30487  34.512  -33.207  -37.965 1.0000000000
31299  33.965  -32.027  -38.599 1.0000000000
30399  46.310  -33.670  -31.485 0.6999999881
30400  45.688  -33.087  -31.154 0.6999999881
120718  45.109  -32.705  -30.811 0.6999999881
31191  44.461  -32.142  -30.778 0.6999999881
32000  43.852  -31.647  -31.122 0.6999999881
29548  46.442  -34.497  -31.076 0.6000000238
32011  43.271  -31.543  -31.543 0.6999999881
28699  46.957  -35.273  -31.265 0.5000000000
32012  42.681  -31.728  -31.136 0.6999999881
28685  47.250  -36.148  -31.072 0.5000000000
31208  42.219  -32.026  -31.647 0.8000000119
31228  41.832  -32.636  -32.278 0.6999999881
30430  41.595  -33.717  -33.985 0.6999999881
30420  41.648  -33.498  -32.847 0.6999999881
29593  41.570  -34.880  -34.085 0.6999999881
28736  41.519  -35.855  -34.514 0.6999999881
27825  41.257  -37.055  -35.329 0.6999999881
28748  41.345  -35.973  -35.173 0.6999999881
29615  40.470  -35.190  -35.509 0.8000000119
30452  40.638  -34.397  -35.423 0.8000000119
30439  40.104  -33.727  -35.181 0.8000000119
30453  39.801  -34.412  -35.234 0.8000000119
30440  39.153  -33.716  -34.721 0.8000000119
29605  37.978  -34.478  -35.105 0.8999999762
30441  38.185  -33.719  -34.622 0.8000000119
29618  37.224  -34.606  -35.502 1.0000000000
29606  37.355  -33.785  -34.934 0.8000000119
123645  36.693  -36.617  -37.176 1.0000000000
28753  37.219  -35.615  -36.195 1.0000000000
28763  35.737  -35.599  -37.335 1.0000000000
29631  35.837  -34.718  -36.964 1.0000000000
115527  35.171  -33.420  -37.611 1.0000000000
32101  33.543  -31.536  -38.301 1.0000000000
116835  33.805  -31.096  -37.486 1.0000000000
31292  35.262  -32.715  -37.666 1.0000000000
31298  34.477  -32.416  -38.296 1.0000000000
31300  33.677  -31.714  -38.555 1.0000000000
32107  34.526  -31.534  -38.729 1.0000000000
31190  45.190  -32.306  -31.523 0.6999999881
32010  44.009  -31.477  -31.873 0.6000000238
32028  43.385  -31.452  -32.413 0.6000000238
32029  42.737  -31.671  -32.049 0.6000000238
31227  42.299  -32.060  -32.679 0.6999999881
31238  41.860  -32.722  -33.431 0.6999999881
30438  41.327  -34.180  -35.015 0.6999999881
29603  41.322  -35.065  -35.031 0.6999999881
117161  40.856  -33.568  -35.598 0.8000000119
29614  41.082  -35.132  -35.356 0.8000000119
32056  39.764  -32.281  -34.517 0.8000000119
31239  38.903  -32.249  -33.987 0.8000000119
31240  38.000  -32.130  -33.941 0.8000000119
30442  36.793  -33.157  -34.932 0.8000000119
31254  37.473  -32.843  -34.433 0.8000000119
30471  35.948  -33.909  -36.321 1.0000000000
30454  36.616  -33.853  -35.513 1.0000000000
31255  36.708  -32.432  -34.774 0.6999999881
31267  36.165  -32.890  -35.759 1.0000000000
32075  36.325  -32.071  -35.360 0.8999999762
111088  35.718  -32.544  -36.662 1.0000000000
32092  35.609  -31.948  -37.043 1.0000000000
32930  35.661  -31.192  -37.385 1.0000000000
32931  34.260  -30.188  -36.635 1.0000000000
32100  35.173  -31.876  -38.084 1.0000000000
32940  35.268  -30.996  -38.496 1.0000000000
32109  33.549  -31.036  -38.964 1.0000000000
32942  33.591  -30.716  -38.533 1.0000000000
32108  33.955  -31.184  -39.150 1.0000000000
126685  44.465  -31.802  -31.482 0.6999999881
31237  42.240  -32.108  -33.956 0.6000000238
31250  41.510  -32.962  -34.987 0.6999999881
122703  41.079  -34.340  -35.408 0.6999999881
30451  40.950  -33.462  -35.678 0.8000000119
31251  40.445  -32.852  -35.537 0.6999999881
32043  39.279  -31.525  -33.832 0.6999999881
32044  38.451  -31.469  -33.724 0.6999999881
32045  37.763  -31.416  -33.830 0.6999999881
119654  36.705  -31.118  -34.535 0.8000000119
32894  37.314  -30.927  -33.973 0.6999999881
32091  35.931  -31.998  -36.094 0.8999999762
111698  35.868  -31.379  -36.464 1.0000000000
110974  36.066  -30.543  -36.405 1.0000000000
32941  33.943  -30.154  -37.768 1.0000000000
32939  35.787  -30.334  -37.801 1.0000000000
32950  33.726  -30.321  -39.150 1.0000000000
33825  35.080  -29.804  -39.676 1.0000000000
32027  44.245  -31.395  -32.684 0.6000000238
32040  43.504  -31.319  -33.346 0.6000000238
32041  42.788  -31.643  -33.052 0.6000000238
107150  42.748  -31.538  -34.258 0.6000000238
31249  41.819  -32.140  -35.688 0.6000000238
118501  41.063  -32.849  -36.239 0.6000000238
31266  41.028  -32.722  -36.477 0.6999999881
32074  40.675  -32.300  -36.560 0.6999999881
109685  40.209  -31.983  -35.210 0.6999999881
32042  39.861  -31.515  -34.208 0.6999999881
32881  39.646  -30.856  -33.696 0.6999999881
32882  38.844  -30.777  -33.547 0.6999999881
38508  47.705  -24.690  -35.542 0.3000000119
33776  37.503  -29.986  -33.821 0.6999999881
32883  38.017  -30.764  -33.630 0.6999999881
38507  48.202  -23.916  -35.980 0.3000000119
32895  36.868  -30.416  -34.311 0.8000000119
34634  33.492  -28.720  -33.483 0.8999999762
33793  36.375  -29.710  -35.797 1.0000000000
33778  34.551  -29.080  -34.547 1.0000000000
33811  34.345  -29.504  -36.997 1.0000000000
33794  34.533  -29.231  -35.856 1.0000000000
33817  36.051  -29.471  -38.399 1.0000000000
33824  35.625  -29.256  -39.917 1.0000000000
33818  35.409  -30.117  -39.045 1.0000000000
33830  34.304  -29.857  -39.564 1.0000000000
33820  33.784  -29.944  -38.717 1.0000000000
33829  35.011  -29.376  -40.177 1.0000000000
32039  44.452  -31.264  -33.541 0.6000000238
106961  43.575  -31.080  -34.385 0.6000000238
32055  42.593  -31.419  -35.704 0.6000000238
32071  42.178  -31.544  -37.334 0.6000000238
32072  41.376  -32.165  -37.283 0.6999999881
32073  41.048  -32.517  -37.123 0.6999999881
31284  40.974  -32.317  -37.403 0.6999999881
34712  43.316  -29.530  -40.026 0.3000000119
34708  43.143  -29.120  -39.362 0.3000000119
32880  40.269  -30.935  -34.281 0.6999999881
37583  46.802  -25.882  -35.156 0.3000000119
37570  47.108  -25.096  -34.848 0.4000000060
112143  47.676  -23.930  -35.256 0.4000000060
38498  47.241  -24.278  -34.750 0.4000000060
34635  32.516  -28.671  -33.424 0.6999999881
41549  46.984  -20.923  -37.215 0.3000000119
34633  37.884  -28.366  -33.802 0.6999999881
34648  33.890  -28.221  -33.811 0.8999999762
126476  47.225  -21.470  -36.748 0.3000000119
39409  47.691  -23.265  -35.467 0.3000000119
33777  36.740  -29.596  -34.649 0.8000000119
115457  34.421  -28.191  -34.287 0.8999999762
40373  47.453  -22.471  -35.776 0.3000000119
40364  47.108  -22.752  -35.075 0.3000000119
34646  36.573  -28.995  -35.505 0.8000000119
34683  36.423  -28.929  -37.158 1.0000000000
33819  34.200  -29.396  -37.966 1.0000000000
34710  34.378  -28.996  -39.423 1.0000000000
114257  34.098  -29.396  -38.864 1.0000000000
34699  36.349  -28.802  -39.466 1.0000000000
34715  34.645  -29.224  -39.965 1.0000000000
33828  35.679  -28.816  -40.438 1.0000000000
34714  35.389  -28.788  -40.373 1.0000000000
34713  36.340  -28.151  -40.564 1.0000000000
126026  41.249  -31.996  -38.022 0.6999999881
32090  40.967  -32.101  -37.833 0.6999999881
32947  42.867  -30.634  -40.079 0.3000000119
33816  42.452  -30.638  -39.538 0.4000000060
32911  40.740  -31.956  -37.454 0.6999999881
32893  40.543  -31.590  -35.902 0.6999999881
34698  43.089  -28.861  -38.148 0.4000000060
32892  40.900  -30.623  -34.927 0.6999999881
34680  43.897  -28.218  -37.333 0.3000000119
33808  42.392  -29.546  -37.807 0.5000000000
33760  41.493  -29.676  -34.153 0.6999999881
32879  40.693  -29.798  -33.667 0.6999999881
34681  43.219  -28.700  -36.809 0.5000000000
117533  40.007  -30.251  -33.573 0.6999999881
36655  45.774  -26.815  -35.230 0.4000000060
123650  44.516  -27.344  -34.385 0.6000000238
36642  44.842  -26.803  -34.001 0.5000000000
33761  39.816  -29.454  -33.282 0.6999999881
33762  38.917  -29.288  -33.336 0.6999999881
41520  44.944  -21.789  -33.643 0.4000000060
37556  45.439  -25.366  -33.464 0.4000000060
33763  38.094  -29.185  -33.574 0.6999999881
115439  31.927  -28.247  -33.821 0.6999999881
41542  45.725  -21.004  -35.293 0.4000000060
37571  46.470  -25.448  -34.404 0.4000000060
38486  46.558  -24.588  -34.152 0.4000000060
34636  31.367  -28.816  -33.574 0.6000000238
106236  46.652  -21.073  -36.485 0.3000000119
41541  46.405  -21.348  -35.741 0.3000000119
41531  46.124  -21.705  -34.992 0.4000000060
39403  46.762  -23.783  -34.291 0.4000000060
38487  45.693  -24.482  -33.435 0.4000000060
109223  37.387  -29.006  -34.096 0.6999999881
111243  38.304  -27.734  -33.674 0.6999999881
40366  45.867  -22.265  -34.191 0.4000000060
121169  46.427  -23.439  -34.067 0.4000000060
38473  44.920  -24.028  -32.839 0.4000000060
126417  36.900  -28.787  -34.753 0.8000000119
40374  46.797  -22.034  -35.418 0.3000000119
40365  46.601  -23.019  -34.412 0.3000000119
113602  46.035  -23.114  -33.819 0.4000000060
34662  36.795  -28.321  -35.411 0.8000000119
34684  34.741  -28.466  -36.738 1.0000000000
35659  36.828  -28.021  -36.148 0.8999999762
119872  36.500  -28.731  -38.120 1.0000000000
35728  34.909  -28.558  -40.076 1.0000000000
35726  37.112  -28.157  -40.967 1.0000000000
34709  36.252  -28.444  -40.422 1.0000000000
35727  35.854  -28.001  -40.511 1.0000000000
35716  35.344  -27.747  -39.598 1.0000000000
36711  36.238  -27.219  -40.832 1.0000000000
112242  35.985  -27.174  -40.186 1.0000000000
32089  41.737  -31.510  -38.250 0.6000000238
106178  41.188  -31.788  -38.040 0.6000000238
32929  40.900  -31.688  -37.917 0.6999999881
32928  41.838  -31.069  -38.769 0.5000000000
110484  41.848  -30.631  -38.784 0.6000000238
33815  42.469  -29.829  -39.046 0.5000000000
32910  40.794  -31.292  -36.786 0.6999999881
33809  41.734  -30.213  -37.564 0.6000000238
33775  41.419  -30.303  -35.638 0.6999999881
34682  42.609  -29.247  -36.394 0.6000000238
34659  43.999  -28.222  -36.182 0.6000000238
34660  43.487  -28.445  -35.416 0.6000000238
33759  42.028  -28.878  -33.702 0.6999999881
108852  41.317  -28.908  -33.331 0.6999999881
35657  44.452  -27.752  -35.305 0.5000000000
35624  44.153  -27.153  -33.706 0.6000000238
34629  42.535  -28.084  -33.410 0.6000000238
112728  40.449  -28.658  -33.048 0.6000000238
40357  42.781  -22.040  -32.902 0.4000000060
37572  45.858  -25.810  -34.022 0.4000000060
36626  44.419  -26.434  -33.356 0.4000000060
36627  43.622  -26.746  -33.088 0.5000000000
36628  42.712  -27.090  -32.852 0.6000000238
34631  39.425  -28.570  -33.176 0.6999999881
41533  44.571  -20.969  -33.987 0.4000000060
40356  43.558  -22.048  -32.836 0.5000000000
37557  44.695  -25.675  -33.096 0.4000000060
38488  44.910  -24.862  -32.926 0.4000000060
34632  38.596  -28.480  -33.440 0.6999999881
35645  33.744  -27.465  -34.271 0.8999999762
34649  32.938  -27.991  -33.809 0.6999999881
122415  46.517  -22.337  -34.814 0.4000000060
35643  37.543  -27.278  -34.731 0.6999999881
35629  37.787  -27.703  -34.113 0.6999999881
40354  45.275  -22.656  -33.416 0.4000000060
34664  34.772  -28.240  -35.152 0.8999999762
35678  36.756  -28.181  -37.170 0.8999999762
35701  34.749  -28.271  -39.018 1.0000000000
35699  36.833  -28.183  -38.639 1.0000000000
35680  34.854  -28.040  -37.813 1.0000000000
35725  37.336  -27.549  -40.743 1.0000000000
35700  35.241  -27.436  -38.194 1.0000000000
36710  37.720  -26.980  -40.985 1.0000000000
38574  38.658  -25.038  -40.777 0.8999999762
37647  37.973  -26.067  -40.817 1.0000000000
37648  37.334  -26.766  -41.064 1.0000000000
123197  36.304  -26.336  -39.591 1.0000000000
36705  35.734  -26.654  -38.684 1.0000000000
37641  37.517  -25.960  -40.641 1.0000000000
37625  36.893  -25.444  -39.511 0.8999999762
37640  37.945  -25.202  -40.473 1.0000000000
38563  37.542  -24.693  -39.790 0.8999999762
106051  41.249  -31.208  -38.284 0.6000000238
33792  41.182  -30.799  -37.262 0.6999999881
33774  42.114  -29.399  -34.698 0.6999999881
34661  42.703  -28.964  -35.106 0.6000000238
34644  42.558  -28.723  -34.164 0.6999999881
112378  41.811  -28.331  -33.142 0.6000000238
34630  41.219  -28.092  -32.881 0.6000000238
42705  43.646  -20.545  -33.759 0.3000000119
35641  43.892  -27.781  -34.376 0.6000000238
34643  43.168  -28.314  -34.246 0.6000000238
41522  43.044  -21.248  -33.303 0.4000000060
41523  42.161  -21.649  -33.356 0.4000000060
35626  41.919  -27.652  -32.800 0.6000000238
36616  43.132  -26.225  -32.649 0.5000000000
35616  40.593  -27.744  -32.810 0.6000000238
37542  43.380  -25.428  -32.537 0.4000000060
35627  39.833  -27.793  -32.962 0.6000000238
115764  42.458  -22.620  -32.835 0.5000000000
38475  43.550  -24.480  -32.479 0.4000000060
38474  44.349  -24.450  -32.629 0.4000000060
121550  39.344  -27.006  -33.194 0.6000000238
40346  43.080  -22.702  -32.628 0.5000000000
39383  44.141  -23.729  -32.560 0.4000000060
36630  38.342  -26.509  -34.074 0.6000000238
40345  43.889  -22.857  -32.607 0.4000000060
109169  42.776  -24.135  -32.479 0.4000000060
35644  34.596  -27.384  -34.761 0.8999999762
35677  37.127  -27.498  -36.478 0.8999999762
36657  37.463  -26.931  -35.655 0.8000000119
35661  35.047  -27.372  -35.588 0.8999999762
35660  35.224  -26.629  -35.845 0.8999999762
35679  35.249  -27.228  -36.710 0.8999999762
35714  37.365  -27.579  -39.235 1.0000000000
36717  37.458  -26.961  -41.067 1.0000000000
38562  38.019  -24.145  -40.215 1.0000000000
39443  37.346  -23.582  -39.206 1.0000000000
125245  36.540  -24.700  -38.115 0.8999999762
39457  37.735  -23.208  -39.921 1.0000000000
40402  37.153  -22.947  -39.072 0.8999999762
33791  41.969  -29.767  -36.068 0.6999999881
43771  44.149  -19.483  -34.612 0.3000000119
42706  42.808  -20.444  -33.668 0.3000000119
42707  42.070  -20.751  -33.656 0.3000000119
35615  41.189  -27.174  -32.639 0.6000000238
40358  41.556  -22.209  -33.534 0.5000000000
40367  40.889  -22.176  -34.115 0.4000000060
36617  42.341  -26.306  -32.527 0.5000000000
37543  42.705  -25.680  -32.477 0.5000000000
37544  41.939  -25.472  -32.495 0.5000000000
120383  40.238  -26.906  -32.802 0.5000000000
124553  42.158  -22.256  -33.135 0.5000000000
38476  42.711  -24.930  -32.452 0.5000000000
37545  41.085  -25.702  -32.659 0.5000000000
39398  41.378  -23.611  -33.164 0.5000000000
38477  41.935  -24.399  -32.620 0.5000000000
35628  38.621  -27.055  -33.608 0.6000000238
39385  42.390  -23.382  -32.677 0.5000000000
36643  37.887  -26.421  -34.812 0.6999999881
38499  40.153  -24.119  -34.047 0.5000000000
118688  40.528  -24.295  -33.522 0.5000000000
37585  38.299  -25.661  -35.245 0.6000000238
36673  37.558  -26.810  -36.824 0.8999999762
36690  37.745  -26.826  -38.222 0.8999999762
35698  37.223  -27.508  -37.706 0.8999999762
36689  38.349  -26.128  -38.801 0.8999999762
37646  38.638  -25.345  -40.672 0.8999999762
36709  38.056  -26.249  -40.753 0.8999999762
36702  38.313  -26.285  -40.464 0.8999999762
36703  37.870  -26.928  -39.928 1.0000000000
36691  35.927  -25.861  -37.210 0.8999999762
120684  35.525  -26.658  -37.392 0.8999999762
37626  36.348  -25.535  -38.207 0.8999999762
38561  38.701  -23.989  -40.842 0.6999999881
124941  36.146  -24.859  -37.177 0.8999999762
39430  36.397  -24.033  -37.793 0.8999999762
43772  43.372  -19.216  -34.395 0.3000000119
42726  42.250  -19.908  -33.902 0.3000000119
110419  41.605  -20.118  -34.042 0.4000000060
43774  41.565  -19.452  -34.324 0.3000000119
42727  41.225  -20.719  -34.163 0.3000000119
36619  40.872  -26.419  -32.650 0.6000000238
40368  40.582  -22.949  -34.420 0.5000000000
38490  40.563  -25.054  -33.062 0.5000000000
109201  39.617  -26.163  -33.208 0.5000000000
39404  40.178  -23.654  -34.572 0.5000000000
38489  41.106  -24.376  -33.054 0.5000000000
36629  38.890  -26.306  -33.662 0.5000000000
38491  39.871  -24.759  -33.762 0.5000000000
37559  39.227  -25.440  -33.845 0.5000000000
38500  39.632  -24.365  -34.580 0.5000000000
37574  38.535  -25.858  -34.368 0.5000000000
37584  38.727  -25.091  -35.781 0.6000000238
36656  37.844  -26.185  -35.916 0.6000000238
38520  39.159  -24.657  -36.494 0.6999999881
36672  38.092  -26.028  -37.164 0.6999999881
37611  38.573  -25.557  -37.737 0.6999999881
119467  38.815  -25.474  -38.497 0.8000000119
36674  35.493  -26.270  -36.453 0.8999999762
37639  38.760  -25.605  -40.489 0.8999999762
38573  39.301  -24.561  -40.985 0.6999999881
40415  37.456  -22.775  -39.961 1.0000000000
43775  40.896  -19.975  -34.595 0.3000000119
43791  40.907  -18.994  -34.890 0.3000000119
41534  40.788  -21.421  -34.494 0.4000000060
42735  40.387  -20.404  -35.349 0.3000000119
115871  40.258  -23.117  -35.207 0.4000000060
41543  40.428  -21.268  -35.281 0.4000000060
107939  40.316  -21.939  -36.061 0.4000000060
126910  40.276  -22.697  -35.781 0.4000000060
40383  40.253  -22.796  -36.534 0.4000000060
39411  39.806  -23.799  -35.338 0.4000000060
39410  40.041  -23.323  -36.001 0.4000000060
39421  39.647  -24.003  -36.219 0.5000000000
38509  39.277  -24.462  -35.502 0.5000000000
37623  39.277  -25.095  -38.861 0.6000000238
37624  38.844  -25.668  -39.622 0.8000000119
37645  39.177  -24.970  -40.780 0.6999999881
39472  39.519  -23.800  -41.502 0.6999999881
39431  36.010  -23.252  -37.966 0.8999999762
40416  36.579  -22.589  -39.489 0.8999999762
40404  35.844  -22.720  -38.722 0.8000000119
40431  35.903  -22.427  -40.893 0.6999999881
116451  40.379  -19.026  -35.795 0.3000000119
43792  40.456  -19.646  -35.318 0.3000000119
117847  40.242  -20.923  -36.111 0.3000000119
114837  40.157  -19.880  -36.243 0.4000000060
106940  40.330  -22.159  -37.027 0.4000000060
41550  40.306  -21.437  -36.739 0.4000000060
39420  40.012  -23.542  -36.852 0.5000000000
40391  40.329  -23.004  -37.449 0.5000000000
39442  40.378  -23.333  -38.586 0.5000000000
38545  40.058  -24.081  -38.607 0.5000000000
38533  39.652  -24.460  -38.169 0.5000000000
38546  39.714  -24.596  -39.208 0.6000000238
37638  39.317  -25.196  -40.034 0.6999999881
38560  39.684  -24.610  -40.296 0.6999999881
38580  39.836  -23.931  -41.460 0.6999999881
39480  39.982  -23.329  -42.240 0.6999999881
40445  39.809  -22.400  -42.945 0.6999999881
40429  37.740  -22.537  -40.944 0.8000000119
40447  38.334  -22.386  -41.873 0.6999999881
44688  41.385  -18.183  -34.973 0.3000000119
43803  40.376  -18.441  -36.293 0.3000000119
116992  40.117  -18.937  -36.728 0.4000000060
42748  40.239  -20.639  -37.196 0.4000000060
124549  40.452  -22.218  -38.052 0.4000000060
41557  40.352  -21.154  -38.142 0.3000000119
109052  40.527  -22.558  -39.050 0.5000000000
41565  40.498  -21.681  -38.945 0.3000000119
39456  40.451  -23.301  -39.953 0.5000000000
40414  40.577  -22.147  -39.978 0.4000000060
38559  40.143  -24.062  -39.526 0.6999999881
110907  40.524  -22.860  -40.849 0.6000000238
38571  40.093  -24.111  -40.675 0.6999999881
38572  39.602  -24.347  -41.045 0.6999999881
39479  40.072  -23.552  -41.988 0.6999999881
40444  40.098  -22.581  -42.793 0.6000000238
43815  40.065  -19.485  -37.490 0.3000000119
110461  40.177  -20.087  -38.349 0.3000000119
42755  40.367  -20.656  -39.085 0.3000000119
108448  40.244  -19.493  -39.558 0.3000000119
43836  40.321  -19.298  -40.616 0.3000000119
127874  40.498  -21.214  -39.676 0.3000000119
42781  40.492  -20.063  -41.254 0.4000000060
40427  40.582  -22.028  -41.211 0.5000000000
107180  40.569  -21.137  -40.589 0.5000000000
41593  40.431  -21.779  -42.388 0.6000000238
40458  39.914  -21.877  -43.294 0.6000000238
45553  40.925  -17.032  -36.607 0.4000000060
45561  40.295  -17.398  -37.103 0.3000000119
44706  40.161  -18.150  -36.978 0.3000000119
44720  39.873  -18.671  -37.560 0.3000000119
44721  39.612  -18.706  -38.049 0.3000000119
43824  39.885  -19.190  -38.623 0.3000000119
43837  40.100  -19.128  -39.927 0.3000000119
43845  40.153  -19.199  -40.852 0.4000000060
43846  39.964  -19.107  -40.532 0.4000000060
42810  40.082  -20.552  -43.202 0.6000000238
42796  40.079  -19.859  -42.684 0.4000000060
42783  39.897  -19.474  -41.629 0.4000000060
42811  39.629  -20.483  -43.189 0.5000000000
41606  39.789  -21.169  -43.414 0.6000000238
40448  35.322  -22.337  -42.262 0.6999999881
40432  34.861  -22.482  -41.165 0.8000000119
46375  40.958  -16.437  -37.270 0.4000000060
121047  40.222  -16.939  -37.398 0.3000000119
44707  39.792  -18.010  -37.543 0.3000000119
43825  39.681  -19.108  -38.799 0.3000000119
43838  39.498  -19.352  -39.550 0.4000000060
42768  38.677  -19.996  -40.374 0.4000000060
109033  38.628  -20.213  -41.919 0.4000000060
41607  38.949  -21.089  -43.316 0.5000000000
42798  37.419  -20.677  -42.344 0.4000000060
126657  38.569  -21.463  -43.159 0.6000000238
127026  38.462  -20.723  -42.951 0.4000000060
40460  36.922  -21.645  -43.026 0.6999999881
41609  36.421  -21.489  -43.161 0.4000000060
42813  35.841  -21.162  -43.034 0.4000000060
41610  35.494  -21.665  -43.159 0.6000000238
40462  35.022  -22.112  -42.884 0.6000000238
40449  34.442  -22.320  -42.267 0.6999999881
47267  41.489  -15.768  -37.187 0.3000000119
45562  39.803  -17.284  -37.468 0.3000000119
115182  39.151  -17.660  -37.545 0.3000000119
44708  39.145  -18.332  -37.813 0.3000000119
43826  38.820  -19.264  -38.539 0.3000000119
42756  38.092  -20.065  -39.037 0.4000000060
42769  37.395  -20.460  -39.671 0.3000000119
42784  37.619  -20.514  -40.943 0.3000000119
42785  36.159  -20.623  -40.700 0.3000000119
42812  36.953  -21.048  -42.997 0.4000000060
109035  36.825  -20.635  -41.401 0.3000000119
42799  36.191  -20.734  -42.347 0.3000000119
42800  35.201  -20.880  -42.552 0.3000000119
42814  35.134  -21.280  -42.975 0.3000000119
42801  34.419  -21.111  -42.604 0.4000000060
41611  34.724  -21.654  -42.984 0.5000000000
40463  34.233  -22.022  -42.655 0.5000000000
40450  33.645  -22.219  -42.083 0.5000000000
47288  40.139  -16.046  -37.666 0.3000000119
46378  39.154  -16.955  -37.384 0.3000000119
43816  38.172  -18.978  -37.726 0.3000000119
42770  36.450  -20.537  -39.477 0.3000000119
42771  35.463  -20.476  -39.657 0.3000000119
42786  35.325  -20.691  -41.157 0.3000000119
113013  34.483  -20.739  -41.493 0.3000000119
125566  33.713  -21.167  -42.284 0.4000000060
41612  34.042  -21.587  -42.602 0.5000000000
112711  33.298  -21.413  -42.099 0.5000000000
41594  33.492  -21.900  -42.304 0.5000000000
116564  39.630  -15.553  -37.490 0.3000000119
120999  39.195  -16.157  -37.301 0.3000000119
45563  38.343  -17.293  -37.282 0.3000000119
44709  38.242  -18.107  -37.424 0.3000000119
43817  37.218  -19.358  -37.735 0.3000000119
42757  36.960  -20.360  -38.695 0.3000000119
42758  36.040  -20.292  -38.771 0.3000000119
115460  33.673  -20.810  -41.688 0.4000000060
113274  32.977  -20.905  -41.685 0.4000000060
42802  32.164  -20.949  -41.505 0.4000000060
41595  32.721  -21.639  -41.753 0.5000000000
41596  31.647  -21.223  -41.405 0.4000000060
48228  41.450  -14.493  -38.182 0.3000000119
48229  40.448  -15.264  -37.864 0.3000000119
45564  37.626  -17.588  -37.371 0.3000000119
44710  37.274  -18.482  -37.491 0.3000000119
43828  36.557  -19.837  -38.106 0.3000000119
42759  35.317  -20.161  -39.011 0.3000000119
125490  34.712  -20.580  -40.215 0.3000000119
42773  33.886  -20.162  -39.819 0.3000000119
42787  34.019  -20.502  -40.283 0.3000000119
116553  40.194  -14.382  -37.790 0.3000000119
113971  38.896  -15.395  -37.178 0.3000000119
48231  38.657  -14.696  -37.194 0.3000000119
121351  38.403  -16.510  -37.181 0.3000000119
118788  37.202  -17.042  -37.526 0.3000000119
45565  36.930  -17.637  -37.588 0.3000000119
45577  36.218  -18.127  -37.969 0.3000000119
44723  36.054  -19.179  -38.012 0.3000000119
43829  35.614  -19.693  -38.506 0.3000000119
44724  35.497  -18.701  -38.414 0.3000000119
42772  34.638  -20.245  -39.554 0.3000000119
115400  39.280  -14.084  -37.368 0.3000000119
117958  37.879  -16.015  -37.178 0.3000000119
47289  38.191  -15.327  -37.147 0.3000000119
46380  37.200  -16.239  -37.581 0.3000000119
44725  35.019  -19.104  -38.714 0.3000000119
43830  34.872  -19.716  -38.993 0.3000000119
43839  34.187  -19.639  -39.466 0.3000000119
114273  38.382  -13.919  -37.255 0.3000000119
48232  37.877  -14.631  -37.273 0.4000000060
46385  36.553  -16.951  -37.973 0.3000000119
46386  35.864  -17.191  -38.512 0.3000000119
45578  35.395  -17.752  -38.668 0.3000000119
116299  36.605  -16.083  -38.113 0.4000000060
48233  37.175  -14.683  -37.741 0.4000000060
49224  38.086  -13.106  -37.390 0.3000000119
125443  36.697  -14.846  -38.244 0.4000000060
27816  34.749  -36.668  -35.634 1.0000000000
27832  34.459  -37.267  -36.557 1.0000000000
28741  34.592  -35.973  -35.271 0.8999999762
40428  38.417  -22.958  -40.896 0.6999999881
40430  36.936  -22.411  -40.771 0.8000000119
126232  36.237  -22.283  -41.947 0.8000000119
108802  37.164  -22.111  -42.203 0.6999999881
23539  41.168  -41.276  -27.647 0.6000000238
21065  40.310  -45.287  -28.761 0.5000000000
21913  42.824  -43.713  -29.828 0.4000000060
22749  43.369  -42.514  -29.620 0.5000000000
28636  41.226  -35.158  -27.003 0.6999999881
29513  43.381  -34.450  -27.900 0.6999999881
23570  44.387  -41.249  -29.687 0.5000000000
30362  41.244  -33.141  -29.314 0.8000000119
21082  41.643  -45.854  -29.539 0.4000000060
29550  40.355  -34.814  -30.261 0.8000000119
29514  42.708  -33.601  -28.189 0.6999999881
23583  45.527  -40.847  -30.274 0.4000000060
27803  40.471  -37.270  -33.827 0.8000000119
30443  34.630  -34.204  -34.167 0.8000000119
28670  45.364  -35.294  -29.214 0.6000000238
26092  46.570  -38.717  -29.720 0.4000000060
23582  46.244  -40.807  -30.695 0.4000000060
119186  41.564  -32.668  -30.552 0.8000000119
26906  47.327  -37.656  -30.397 0.5000000000
27756  46.478  -36.707  -29.798 0.5000000000
29633  33.886  -35.500  -36.464 1.0000000000
29549  46.009  -34.557  -30.444 0.6999999881
26159  37.417  -38.840  -37.183 1.0000000000
26954  34.940  -38.003  -36.816 1.0000000000
30489  33.702  -32.368  -38.215 1.0000000000
30488  33.932  -32.831  -38.169 1.0000000000
28749  40.994  -36.104  -35.519 0.8000000119
31285  35.643  -33.235  -36.898 1.0000000000
31253  38.510  -32.956  -34.297 0.8000000119
29619  36.465  -34.722  -36.114 1.0000000000
28762  36.355  -35.469  -36.760 1.0000000000
109964  36.429  -30.434  -35.123 0.8000000119
33810  36.176  -29.647  -36.946 1.0000000000
118201  36.427  -29.145  -36.320 1.0000000000
35655  45.254  -27.359  -35.843 0.4000000060
34647  34.249  -28.919  -33.779 1.0000000000
36640  46.188  -26.183  -34.722 0.4000000060
35737  36.929  -27.648  -41.036 1.0000000000
35656  44.605  -27.758  -36.569 0.4000000060
35640  45.102  -27.140  -34.799 0.5000000000
40355  44.411  -22.277  -33.002 0.4000000060
36704  36.771  -26.728  -40.712 1.0000000000
36615  43.924  -25.973  -32.803 0.5000000000
40403  36.512  -22.949  -38.648 0.8000000119
40359  41.086  -22.886  -33.691 0.5000000000
123160  39.901  -25.461  -33.310 0.5000000000
119466  38.281  -25.625  -36.135 0.6999999881
37598  38.638  -25.298  -36.788 0.6000000238
39429  39.639  -24.253  -37.168 0.5000000000
37597  39.102  -24.956  -37.633 0.5000000000
40446  39.285  -22.852  -42.050 0.6999999881
40459  38.926  -22.017  -42.841 0.6999999881
41608  37.682  -21.234  -43.116 0.6000000238
43827  37.573  -19.797  -38.165 0.3000000119
26895  38.079  -37.084  -29.138 0.5000000000
27746  37.847  -36.435  -29.244 0.5000000000
26079  37.317  -38.798  -28.305 0.5000000000
26884  37.682  -37.415  -28.767 0.5000000000
25219  37.386  -39.484  -27.944 0.5000000000
26078  37.979  -38.303  -28.241 0.5000000000
109944  37.371  -38.036  -28.523 0.5000000000
26063  37.970  -39.000  -27.627 0.5000000000
24312  38.488  -40.446  -26.716 0.4000000060
115699  38.591  -39.141  -26.856 0.5000000000
25199  38.889  -39.674  -26.525 0.5000000000
23520  38.911  -41.164  -26.607 0.5000000000
32032  32.803  -30.890  -32.076 0.6999999881
32033  31.857  -31.065  -31.805 0.6999999881
32031  33.543  -31.262  -32.345 0.8000000119
31242  34.324  -32.479  -33.510 0.8000000119
32030  34.014  -31.826  -32.805 0.8000000119
32874  32.821  -30.244  -32.483 0.6999999881
32046  34.241  -31.557  -33.655 0.8999999762
32047  33.960  -30.953  -33.001 0.8999999762
31256  34.323  -32.198  -34.553 0.8999999762
33752  33.266  -29.849  -32.840 0.6000000238
32058  34.311  -31.383  -34.522 0.8999999762
32076  34.252  -31.784  -35.659 0.8999999762
31286  33.817  -32.527  -36.739 0.8999999762
32053  45.528  -31.388  -34.690 0.5000000000
32038  45.293  -31.477  -33.771 0.5000000000
31225  46.365  -32.738  -32.896 0.6000000238
31226  45.585  -32.137  -32.439 0.5000000000
32026  45.088  -31.580  -32.946 0.5000000000
30419  46.040  -32.843  -31.930 0.6000000238
33753  32.467  -29.731  -32.772 0.6000000238
32884  34.274  -30.614  -33.836 0.8999999762
32885  33.856  -30.150  -33.174 0.8999999762
32093  33.948  -31.726  -36.783 0.8999999762
32909  44.472  -30.728  -36.252 0.5000000000
32054  43.697  -30.788  -35.692 0.5000000000
32070  44.758  -30.881  -35.275 0.5000000000
119233  44.598  -31.063  -34.459 0.5000000000
32069  45.339  -31.061  -35.751 0.5000000000
33765  33.731  -29.416  -33.341 0.8999999762
33764  34.231  -29.699  -33.706 0.8999999762
32896  34.434  -29.897  -34.309 0.8999999762
113462  34.314  -30.785  -34.970 0.8999999762
111321  34.222  -30.954  -36.183 0.8999999762
32088  43.261  -30.889  -37.306 0.5000000000
32925  45.009  -30.866  -36.795 0.5000000000
125765  34.454  -29.361  -33.973 0.8999999762
32913  34.416  -30.027  -35.396 0.8999999762
32927  42.620  -31.106  -38.749 0.5000000000
32926  44.103  -30.762  -37.477 0.5000000000
32938  42.646  -30.820  -39.585 0.4000000060
35646  32.569  -27.283  -34.394 0.6000000238
35647  31.580  -27.140  -34.758 0.6000000238
36646  32.199  -26.779  -34.815 0.6999999881
36661  31.405  -26.588  -35.301 0.6999999881
36675  30.918  -26.092  -35.944 0.6999999881
36645  33.100  -26.750  -34.662 0.8000000119
36644  34.033  -26.709  -34.746 0.8000000119
36660  32.363  -26.336  -35.163 0.6999999881
37590  31.721  -26.023  -35.626 0.6999999881
109236  31.618  -25.477  -36.234 0.6999999881
37602  32.760  -25.216  -36.071 0.6999999881
38524  32.009  -24.780  -36.747 0.6999999881
37587  34.485  -25.769  -35.540 0.8000000119
37601  33.904  -25.106  -35.898 0.8000000119
36658  34.721  -26.553  -35.291 0.8000000119
38523  33.135  -24.623  -36.562 0.6999999881
38522  34.300  -24.553  -36.429 0.8000000119
37586  35.174  -25.962  -35.811 0.8000000119
38535  34.664  -23.967  -37.017 0.8000000119
39433  32.783  -23.723  -37.893 0.6000000238
37599  35.547  -25.465  -36.457 0.8000000119
38521  35.369  -24.689  -36.613 0.8000000119
39432  33.855  -23.523  -37.735 0.6000000238
39446  33.139  -23.254  -38.652 0.6000000238
39459  33.011  -22.889  -39.527 0.6000000238
112429  35.004  -23.384  -37.647 0.8000000119
123904  34.532  -22.858  -38.701 0.6000000238
39458  33.910  -22.816  -39.212 0.6000000238
38534  35.743  -24.022  -37.244 0.8000000119
39445  35.133  -22.931  -38.306 0.6999999881
40418  34.397  -22.556  -40.088 0.6000000238
40433  33.917  -22.477  -41.287 0.6999999881
40419  33.442  -22.620  -40.261 0.6000000238
112598  33.086  -22.436  -41.195 0.6000000238
40405  34.880  -22.686  -39.076 0.6999999881
40417  35.430  -22.498  -39.800 0.6999999881
23542  38.602  -41.886  -27.086 0.4000000060
25198  39.621  -39.543  -26.337 0.5000000000
31268  34.255  -32.834  -35.649 0.8999999762
25218  38.150  -39.711  -27.066 0.5000000000
32873  33.393  -30.527  -32.613 0.8000000119
31248  45.941  -31.807  -33.994 0.5000000000
37588  33.553  -25.680  -35.495 0.8000000119
37589  32.531  -25.785  -35.580 0.6999999881
37600  34.890  -25.226  -36.013 0.8000000119
38537  32.385  -24.263  -37.333 0.6999999881
38536  33.495  -24.063  -37.126 0.6999999881
26918  47.916  -37.673  -31.070 0.4000000060
26917  48.335  -37.698  -31.712 0.4000000060
110291  47.658  -36.406  -31.530 0.4000000060
27782  47.996  -36.977  -31.588 0.4000000060
29575  47.314  -35.061  -32.099 0.5000000000
27800  48.392  -36.799  -32.948 0.4000000060
26931  48.796  -37.595  -33.336 0.4000000060
29576  47.165  -34.324  -32.546 0.5000000000
30418  46.664  -33.552  -32.274 0.5000000000
28723  47.759  -35.307  -33.448 0.5000000000
27801  48.104  -35.987  -32.962 0.4000000060
28709  47.694  -35.573  -32.532 0.4000000060
108174  48.587  -36.962  -33.804 0.4000000060
28722  48.274  -36.146  -33.813 0.4000000060
27788  47.996  -36.329  -32.190 0.4000000060
26930  48.925  -37.630  -34.423 0.4000000060
112848  47.462  -34.962  -32.793 0.5000000000
27810  48.179  -36.062  -34.684 0.4000000060
27823  48.155  -36.460  -35.380 0.4000000060
26978  47.720  -37.554  -38.329 0.4000000060
26960  47.689  -37.585  -37.121 0.4000000060
26948  48.454  -37.271  -35.412 0.4000000060
125736  48.306  -37.822  -38.564 0.4000000060
26967  47.703  -38.047  -37.784 0.4000000060
30429  46.977  -33.583  -33.091 0.5000000000
29592  47.375  -34.390  -33.357 0.5000000000
29602  47.548  -34.556  -34.307 0.4000000060
31280  51.487  -32.788  -36.117 0.3000000119
28735  47.910  -35.449  -34.418 0.4000000060
30474  51.495  -33.824  -37.391 0.3000000119
27837  47.826  -36.083  -36.136 0.4000000060
29638  52.396  -34.179  -37.144 0.3000000119
29639  51.806  -34.399  -37.925 0.3000000119
29646  50.877  -34.968  -39.422 0.3000000119
28781  50.045  -35.322  -39.561 0.3000000119
27861  48.478  -36.254  -39.150 0.4000000060
27856  47.255  -36.707  -37.966 0.4000000060
27836  47.954  -36.997  -36.247 0.4000000060
112719  51.605  -34.762  -38.924 0.3000000119
27859  50.408  -36.230  -39.387 0.3000000119
27854  48.650  -37.099  -38.913 0.4000000060
30437  46.856  -32.964  -34.299 0.4000000060
30436  47.264  -33.689  -34.769 0.4000000060
120099  47.734  -35.039  -35.014 0.4000000060
29613  47.519  -34.412  -35.290 0.4000000060
31281  50.768  -32.535  -36.371 0.3000000119
30476  49.904  -33.293  -38.136 0.3000000119
30467  51.109  -33.195  -36.861 0.3000000119
30483  50.267  -33.892  -38.640 0.3000000119
29647  49.419  -34.655  -39.525 0.3000000119
28783  48.042  -35.054  -39.301 0.4000000060
118207  47.440  -36.158  -38.413 0.4000000060
28770  47.377  -36.106  -37.808 0.4000000060
30482  51.072  -34.168  -38.259 0.3000000119
120138  50.172  -34.709  -39.444 0.3000000119
28782  48.804  -35.393  -39.426 0.3000000119
31235  46.383  -32.405  -33.769 0.4000000060
114098  47.710  -33.084  -39.596 0.3000000119
30486  47.092  -33.625  -39.272 0.3000000119
30477  47.149  -34.182  -38.190 0.4000000060
30478  46.781  -33.402  -38.476 0.4000000060
30469  47.192  -33.826  -36.883 0.4000000060
30449  47.238  -33.720  -35.724 0.4000000060
31288  49.550  -32.623  -37.572 0.3000000119
30485  48.567  -33.447  -39.391 0.3000000119
30492  47.356  -33.254  -39.540 0.3000000119
29645  47.321  -34.535  -38.874 0.4000000060
29640  47.435  -34.652  -37.101 0.4000000060
29630  47.468  -34.426  -36.183 0.4000000060
31294  49.103  -33.038  -38.700 0.3000000119
30491  48.147  -33.727  -39.521 0.3000000119
28778  47.603  -35.201  -38.890 0.4000000060
119599  47.313  -35.255  -38.163 0.4000000060
126264  47.584  -34.916  -36.486 0.4000000060
30484  49.444  -33.671  -39.090 0.3000000119
30490  48.978  -34.042  -39.520 0.3000000119
28760  47.612  -35.512  -36.947 0.4000000060
32068  45.834  -31.522  -36.531 0.4000000060
32087  45.836  -32.116  -37.883 0.4000000060
32052  46.013  -31.597  -35.431 0.4000000060
31247  46.364  -32.157  -34.693 0.4000000060
31296  46.464  -32.815  -39.473 0.3000000119
31283  46.393  -32.428  -36.926 0.4000000060
30470  46.831  -33.077  -36.252 0.4000000060
30450  46.894  -32.961  -35.215 0.4000000060
30493  46.802  -32.868  -39.754 0.4000000060
112855  46.737  -33.197  -37.373 0.4000000060
37612  31.180  -25.016  -36.930 0.6000000238
39447  32.276  -23.566  -38.556 0.5000000000
38547  31.857  -23.954  -38.067 0.5000000000
39448  31.557  -23.675  -38.782 0.5000000000
39460  32.203  -23.227  -39.356 0.5000000000
40420  32.569  -22.701  -40.237 0.5000000000
40434  32.297  -22.391  -40.917 0.5000000000
40451  32.912  -22.122  -41.725 0.4000000060
115239  34.260  -17.879  -39.526 0.3000000119
125884  33.987  -17.268  -39.970 0.3000000119
45589  33.417  -17.689  -40.170 0.3000000119
45587  34.876  -17.519  -39.243 0.3000000119
45588  34.538  -16.946  -39.844 0.3000000119
45596  33.771  -16.746  -40.550 0.3000000119
46409  32.740  -16.930  -40.954 0.3000000119
46396  36.048  -16.327  -38.787 0.3000000119
46397  35.343  -16.874  -39.274 0.3000000119
46408  34.515  -16.358  -40.514 0.3000000119
46417  33.108  -16.255  -41.564 0.3000000119
47335  33.500  -15.636  -42.157 0.3000000119
47300  36.429  -15.469  -38.540 0.3000000119
47309  36.066  -15.459  -39.492 0.3000000119
47310  35.626  -16.124  -39.646 0.3000000119
46407  35.111  -16.276  -40.110 0.3000000119
47324  34.909  -15.841  -40.890 0.3000000119
46416  34.084  -16.059  -41.231 0.3000000119
116007  36.768  -14.017  -38.279 0.3000000119
107775  36.386  -13.747  -39.140 0.3000000119
47323  35.583  -15.604  -40.436 0.3000000119
48264  35.876  -15.052  -41.057 0.3000000119
47333  35.327  -15.354  -41.371 0.3000000119
48274  35.650  -14.946  -41.822 0.3000000119
49242  36.738  -13.031  -38.474 0.3000000119
48255  36.256  -14.597  -39.727 0.3000000119
47322  36.055  -15.104  -40.301 0.3000000119
48263  36.226  -14.507  -40.566 0.3000000119
122190  36.443  -12.880  -39.161 0.3000000119
49256  36.363  -13.250  -39.838 0.3000000119
50226  36.362  -12.897  -40.646 0.3000000119
49265  36.358  -13.739  -40.659 0.3000000119
50211  36.401  -12.428  -39.762 0.3000000119
51198  36.493  -11.539  -39.703 0.3000000119
107384  48.227  -37.822  -36.338 0.4000000060
26112  48.235  -38.487  -31.269 0.4000000060
26111  48.645  -38.431  -31.978 0.4000000060
26133  48.903  -38.105  -35.510 0.4000000060
26977  49.161  -37.947  -38.665 0.4000000060
26157  48.254  -38.625  -37.566 0.4000000060
112792  52.745  -33.557  -36.286 0.3000000119
29643  52.578  -34.849  -38.195 0.3000000119
28776  52.369  -35.345  -39.085 0.3000000119
27853  49.829  -37.049  -39.127 0.3000000119
31279  52.241  -32.921  -35.847 0.3000000119
31289  48.712  -32.376  -38.069 0.3000000119
31282  50.000  -32.236  -36.614 0.3000000119
32936  45.180  -31.370  -37.785 0.4000000060
32098  45.301  -32.040  -39.219 0.4000000060
31291  45.911  -32.495  -39.060 0.4000000060
32110  46.546  -32.210  -40.009 0.3000000119
31302  46.888  -32.716  -39.803 0.3000000119
125925  44.540  -30.960  -37.844 0.4000000060
37603  30.507  -25.551  -36.692 0.6000000238
122095  37.008  -13.448  -38.030 0.3000000119
51185  37.077  -11.444  -38.426 0.3000000119
50195  36.633  -12.069  -38.887 0.3000000119
113317  37.503  -9.817  -38.585 0.3000000119
31263  51.820  -32.325  -35.643 0.3000000119
27769  47.557  -36.906  -31.007 0.4000000060
29561  46.871  -34.391  -31.771 0.5000000000
28747  47.705  -35.143  -35.878 0.4000000060
30468  50.358  -32.890  -37.207 0.3000000119
31265  46.461  -32.241  -35.784 0.4000000060
48246  36.375  -14.675  -38.870 0.3000000119
47334  34.525  -15.539  -41.738 0.3000000119
52114  36.995  -10.177  -39.118 0.3000000119
25266  47.968  -39.137  -30.918 0.3000000119
30366  34.453  -33.512  -29.468 0.6000000238
30351  33.816  -33.640  -29.181 0.6999999881
26117  48.964  -38.314  -32.770 0.3000000119
21936  42.991  -44.563  -30.507 0.3000000119
30368  32.372  -33.242  -29.972 0.6999999881
24373  47.006  -40.672  -31.099 0.3000000119
30388  33.181  -33.060  -30.302 0.6999999881
30367  33.126  -33.439  -29.628 0.6999999881
24372  47.836  -40.503  -31.507 0.3000000119
25265  48.439  -39.479  -31.615 0.3000000119
116794  33.887  -33.349  -29.924 0.6999999881
24371  48.528  -40.471  -32.172 0.3000000119
25286  49.688  -39.473  -34.609 0.3000000119
24379  49.360  -39.775  -33.256 0.3000000119
25271  49.278  -39.008  -33.034 0.3000000119
25292  49.710  -40.148  -36.191 0.3000000119
26140  49.237  -38.825  -35.691 0.3000000119
25281  49.542  -39.172  -33.873 0.3000000119
21935  43.896  -43.713  -30.984 0.3000000119
125637  32.831  -32.340  -30.956 0.6999999881
23593  47.202  -41.275  -31.674 0.3000000119
23594  46.330  -41.486  -31.348 0.3000000119
31195  33.251  -32.660  -30.905 0.6999999881
30387  33.946  -33.169  -30.775 0.6999999881
23592  47.926  -41.069  -31.968 0.3000000119
117427  48.833  -40.819  -32.755 0.3000000119
24391  49.335  -40.651  -33.388 0.3000000119
26125  49.243  -38.359  -33.674 0.3000000119
22761  45.087  -42.239  -30.969 0.4000000060
31212  32.393  -32.099  -31.088 0.6999999881
22769  46.519  -42.122  -32.125 0.3000000119
23602  47.494  -41.681  -32.299 0.3000000119
31210  33.866  -32.759  -31.529 0.6999999881
23611  48.815  -41.418  -33.104 0.3000000119
26150  48.601  -38.648  -36.602 0.3000000119
26132  49.431  -38.667  -34.720 0.3000000119
25297  49.363  -39.996  -37.164 0.3000000119
25298  48.834  -39.272  -37.312 0.3000000119
31211  33.152  -32.087  -31.348 0.6999999881
109333  47.109  -42.324  -32.666 0.3000000119
31229  33.700  -32.022  -32.025 0.6999999881
22787  47.131  -42.905  -33.297 0.3000000119
22777  48.015  -42.120  -32.926 0.3000000119
127549  34.216  -32.761  -32.490 0.6999999881
25309  49.322  -39.326  -38.143 0.3000000119
22778  46.441  -42.826  -32.806 0.3000000119
26166  48.729  -39.049  -37.888 0.3000000119
32105  45.040  -31.778  -40.085 0.3000000119
30349  35.379  -33.928  -28.594 0.5000000000
29521  32.840  -34.551  -28.421 0.6999999881
30350  34.578  -33.774  -28.797 0.6000000238
29520  33.812  -34.229  -28.390 0.6000000238
30365  35.183  -33.549  -29.283 0.6000000238
30389  31.575  -33.101  -30.378 0.6999999881
31196  32.471  -32.642  -30.586 0.6999999881
31213  31.609  -32.412  -30.916 0.6999999881
22771  44.701  -43.028  -31.384 0.4000000060
32014  32.548  -31.540  -31.547 0.6999999881
21946  44.974  -43.474  -32.111 0.4000000060
22770  45.583  -42.397  -31.607 0.4000000060
22779  45.772  -42.994  -32.444 0.3000000119
21955  45.932  -43.472  -33.111 0.3000000119
21966  45.495  -44.369  -33.479 0.3000000119
24362  47.637  -39.873  -30.962 0.3000000119
32013  33.203  -31.541  -31.840 0.6999999881
21965  46.423  -43.871  -33.768 0.3000000119
21956  45.204  -43.936  -32.826 0.3000000119
26885  36.983  -37.322  -28.424 0.5000000000
28639  36.283  -35.794  -27.748 0.5000000000
119175  37.463  -36.825  -28.796 0.4000000060
25237  30.993  -39.365  -28.186 0.4000000060
23561  30.280  -41.319  -28.644 0.5000000000
27747  37.098  -35.897  -28.497 0.4000000060
28656  36.634  -35.000  -28.311 0.5000000000
22735  29.638  -42.787  -29.245 0.4000000060
21922  29.353  -43.593  -29.626 0.4000000060
24343  30.534  -40.695  -28.435 0.5000000000
30348  36.079  -34.302  -28.402 0.4000000060
22755  29.267  -42.779  -30.089 0.4000000060
117731  28.983  -44.091  -30.196 0.4000000060
23575  29.849  -41.270  -29.490 0.4000000060
25238  30.561  -39.999  -28.717 0.5000000000
24354  30.218  -40.585  -29.178 0.4000000060
26082  31.297  -38.384  -28.117 0.5000000000
27733  32.020  -36.822  -27.744 0.4000000060
29519  34.760  -34.307  -28.158 0.5000000000
28658  33.424  -34.943  -27.795 0.4000000060
27748  32.356  -35.997  -27.767 0.4000000060
29503  34.249  -34.815  -27.701 0.4000000060
21939  28.945  -43.420  -30.460 0.4000000060
21967  27.569  -43.159  -33.763 0.4000000060
23585  29.478  -41.211  -30.377 0.4000000060
23603  28.160  -41.443  -33.357 0.4000000060
108549  30.229  -39.721  -29.622 0.5000000000
24355  29.840  -40.502  -29.959 0.4000000060
109360  30.574  -39.295  -29.009 0.5000000000
25273  28.905  -39.386  -32.514 0.4000000060
117260  28.695  -40.024  -32.851 0.4000000060
26083  30.765  -38.659  -28.853 0.5000000000
26886  30.899  -37.883  -28.893 0.5000000000
118936  28.865  -37.959  -32.585 0.4000000060
26119  28.426  -37.981  -33.514 0.4000000060
127808  31.296  -37.745  -28.361 0.5000000000
27749  31.699  -36.217  -28.368 0.6000000238
125744  32.022  -35.581  -28.317 0.6000000238
28659  32.633  -35.257  -27.991 0.5000000000
21958  27.871  -43.513  -32.794 0.4000000060
22788  27.804  -42.292  -33.595 0.4000000060
22765  28.917  -42.756  -30.734 0.4000000060
117599  28.212  -42.219  -32.557 0.4000000060
25249  30.069  -39.070  -30.270 0.5000000000
25250  29.802  -39.824  -30.440 0.4000000060
23597  28.582  -41.455  -32.081 0.4000000060
26094  30.426  -38.766  -29.584 0.5000000000
24381  29.020  -40.020  -32.059 0.4000000060
24382  28.618  -40.679  -32.592 0.4000000060
127198  30.629  -38.303  -29.284 0.5000000000
27760  31.157  -36.356  -29.064 0.5000000000
28660  31.516  -35.582  -28.846 0.6000000238
29522  32.054  -34.969  -28.621 0.6000000238
109004  29.334  -40.767  -30.996 0.4000000060
24375  29.017  -40.721  -31.652 0.4000000060
24374  29.430  -40.047  -31.199 0.4000000060
26897  30.500  -37.915  -29.708 0.5000000000
26113  29.527  -38.566  -31.384 0.4000000060
26118  29.128  -38.648  -32.153 0.4000000060
26896  30.793  -37.128  -29.348 0.5000000000
26925  29.018  -37.237  -32.156 0.4000000060
29537  33.019  -33.878  -28.955 0.6000000238
29538  32.196  -34.268  -29.064 0.6000000238
29539  31.405  -34.808  -29.315 0.6000000238
21940  28.581  -43.214  -31.212 0.4000000060
22773  28.661  -42.297  -31.439 0.4000000060
26104  30.223  -38.408  -30.168 0.5000000000
25258  29.691  -39.218  -30.949 0.5000000000
26105  29.888  -38.481  -30.706 0.5000000000
26909  29.694  -37.819  -31.069 0.5000000000
115161  30.385  -37.101  -30.063 0.5000000000
26908  30.126  -37.793  -30.429 0.5000000000
118878  29.897  -36.973  -30.753 0.5000000000
118768  29.294  -37.905  -31.784 0.4000000060
28676  30.990  -35.683  -29.449 0.6000000238
26919  29.434  -37.163  -31.461 0.5000000000
27790  29.179  -36.623  -31.834 0.4000000060
126887  32.436  -33.704  -29.456 0.6000000238
126480  30.581  -35.806  -29.954 0.6000000238
27772  30.291  -36.335  -30.298 0.5000000000
28677  30.233  -35.455  -30.449 0.6000000238
27773  29.907  -36.149  -30.764 0.5000000000
29551  30.996  -34.426  -29.910 0.6000000238
30369  31.629  -33.865  -29.746 0.6000000238
31215  30.151  -32.718  -31.584 0.5000000000
32016  30.889  -32.171  -31.423 0.6000000238
30408  30.155  -33.547  -31.174 0.5000000000
30407  30.824  -32.910  -30.916 0.6000000238
108749  29.629  -34.049  -31.509 0.5000000000
29566  29.385  -34.815  -31.636 0.5000000000
29540  30.727  -35.100  -29.838 0.6000000238
27783  29.529  -36.381  -31.290 0.5000000000
28704  29.136  -35.791  -31.908 0.5000000000
32034  30.991  -31.456  -31.819 0.5000000000
32015  31.720  -31.756  -31.387 0.6000000238
29553  30.011  -34.544  -30.905 0.6000000238
28691  29.673  -35.531  -31.129 0.5000000000
30390  30.788  -33.821  -30.435 0.6000000238
28657  35.847  -34.946  -27.823 0.4000000060
29518  35.434  -34.450  -28.082 0.4000000060
29536  37.067  -33.742  -29.616 0.5000000000
27729  35.614  -36.360  -27.161 0.5000000000
125726  36.829  -36.483  -28.224 0.5000000000
107701  29.540  -42.025  -29.799 0.4000000060
22772  29.165  -42.082  -30.597 0.4000000060
24392  28.310  -40.474  -33.726 0.4000000060
113379  28.664  -38.738  -33.048 0.4000000060
23596  29.059  -41.418  -31.169 0.4000000060
108586  28.212  -42.971  -32.093 0.4000000060
29552  30.517  -34.652  -30.289 0.6000000238
23612  27.966  -41.931  -34.117 0.3000000119
25274  28.492  -39.567  -33.458 0.3000000119
118144  27.962  -41.121  -34.353 0.3000000119
26126  28.197  -38.912  -34.137 0.3000000119
24396  27.989  -40.545  -34.763 0.3000000119
25282  28.142  -39.864  -34.484 0.3000000119
119450  27.934  -40.076  -34.969 0.3000000119
21916  39.110  -44.006  -29.314 0.6000000238
22725  42.154  -42.262  -28.882 0.6000000238
22762  44.441  -42.585  -30.659 0.5000000000
22780  27.864  -42.831  -32.959 0.4000000060
22786  48.145  -42.790  -33.666 0.3000000119
23601  48.300  -41.279  -32.486 0.3000000119
24311  39.285  -40.357  -26.415 0.5000000000
24364  29.575  -40.462  -30.596 0.4000000060
24380  49.026  -40.281  -32.789 0.3000000119
24390  49.702  -39.989  -34.063 0.3000000119
25232  43.727  -39.557  -28.337 0.6000000238
25248  44.808  -39.630  -29.042 0.4000000060
25256  47.391  -39.266  -30.497 0.3000000119
25267  29.320  -39.315  -31.699 0.4000000060
25272  48.950  -39.672  -32.509 0.3000000119
25305  49.226  -39.715  -37.723 0.3000000119
26093  46.039  -38.366  -29.290 0.4000000060
26103  47.138  -38.582  -30.132 0.4000000060
26142  38.635  -38.709  -36.587 1.0000000000
26143  37.831  -38.893  -36.719 1.0000000000
26144  36.794  -38.834  -36.676 1.0000000000
26149  49.240  -39.397  -36.426 0.3000000119
26152  37.140  -39.032  -37.032 1.0000000000
26153  36.277  -38.854  -37.002 1.0000000000
26154  35.435  -38.360  -37.032 1.0000000000
26158  37.958  -38.745  -37.164 1.0000000000
26167  48.192  -38.375  -38.197 0.4000000060
26850  39.818  -37.222  -26.693 0.6999999881
26924  48.596  -37.639  -32.461 0.4000000060
26939  41.097  -37.821  -35.248 0.8000000119
26940  40.849  -38.057  -35.115 0.8000000119
26949  40.442  -38.125  -35.716 1.0000000000
26950  39.555  -38.530  -36.125 0.8999999762
26955  34.549  -37.659  -37.022 1.0000000000
26961  47.574  -36.622  -37.157 0.4000000060
26962  40.307  -37.978  -36.119 0.8999999762
26964  38.434  -38.568  -37.011 1.0000000000
26968  47.370  -37.323  -37.857 0.4000000060
26970  36.791  -38.365  -37.385 1.0000000000
26971  35.723  -38.181  -37.296 1.0000000000
26979  47.358  -36.929  -38.243 0.4000000060
27714  40.911  -36.679  -26.489 0.8000000119
27742  45.356  -36.932  -28.638 0.6000000238
27761  30.677  -36.409  -29.704 0.6000000238
27781  48.290  -37.064  -32.158 0.4000000060
27809  48.466  -36.736  -34.569 0.4000000060
27812  41.114  -37.717  -34.783 0.8000000119
27824  47.931  -35.693  -35.248 0.4000000060
27831  35.212  -37.577  -36.120 1.0000000000
27839  37.596  -37.597  -37.221 1.0000000000
27855  47.774  -36.675  -38.711 0.4000000060
27860  49.390  -36.232  -39.321 0.4000000060
28652  43.462  -35.239  -27.622 0.6999999881
28698  47.497  -35.787  -31.774 0.5000000000
28739  35.847  -35.950  -34.464 1.0000000000
28740  35.018  -36.039  -34.794 0.8999999762
28764  33.659  -35.997  -36.969 1.0000000000
28765  33.681  -35.586  -37.094 1.0000000000
28771  35.524  -36.535  -37.482 1.0000000000
28777  47.915  -35.813  -39.032 0.4000000060
28779  51.618  -35.385  -39.399 0.3000000119
28780  50.904  -35.590  -39.469 0.3000000119
29499  42.431  -34.308  -27.630 0.6999999881
29502  35.053  -34.875  -27.652 0.4000000060
29531  44.801  -34.372  -29.135 0.6000000238
29598  34.851  -34.892  -34.001 0.8000000119
29644  49.814  -34.243  -39.314 0.3000000119
29648  48.519  -34.493  -39.484 0.3000000119
29649  47.710  -34.257  -39.318 0.3000000119
30345  42.034  -33.243  -28.447 0.6999999881
30347  40.766  -33.700  -28.979 0.8000000119
30378  45.930  -33.833  -30.792 0.6999999881
30379  45.350  -33.316  -30.475 0.6999999881
30380  44.726  -32.787  -30.208 0.6999999881
30383  38.013  -33.916  -30.760 0.8000000119
30385  36.453  -33.440  -30.055 0.8000000119
30428  47.198  -33.669  -33.897 0.4000000060
30456  33.693  -34.246  -36.736 1.0000000000
30466  51.891  -33.448  -36.547 0.3000000119
30472  35.443  -33.978  -37.290 1.0000000000
30475  50.702  -33.547  -37.738 0.3000000119
30481  33.695  -33.168  -37.711 1.0000000000
31192  43.732  -31.861  -30.468 0.6999999881
31207  44.793  -31.698  -32.141 0.5000000000
31236  45.823  -31.959  -33.280 0.5000000000
31241  37.187  -31.809  -34.212 0.6999999881
31252  39.509  -33.020  -34.625 0.8000000119
31290  46.360  -32.770  -38.176 0.3000000119
31295  48.233  -32.809  -39.237 0.3000000119
31301  47.331  -32.543  -39.604 0.3000000119
32001  43.211  -31.665  -30.726 0.6999999881
32057  36.607  -31.758  -34.770 0.8000000119
32113  33.872  -30.582  -39.257 1.0000000000
32912  36.254  -31.311  -35.521 0.8999999762
32937  43.576  -31.025  -38.926 0.5000000000
32948  34.736  -30.576  -39.236 1.0000000000
32949  34.258  -30.428  -39.440 1.0000000000
32955  34.682  -29.953  -39.634 1.0000000000
33766  33.018  -29.226  -33.079 0.6999999881
33823  42.733  -30.035  -39.957 0.3000000119
33826  34.061  -29.651  -39.392 1.0000000000
34645  37.301  -28.139  -34.544 0.8000000119
34663  36.604  -28.571  -36.272 1.0000000000
34700  34.423  -28.765  -38.357 1.0000000000
35614  41.953  -26.935  -32.583 0.6000000238
35625  43.368  -27.541  -33.534 0.6000000238
35642  38.011  -27.076  -34.099 0.6000000238
35658  37.113  -27.667  -35.465 0.8000000119
35715  36.847  -28.144  -40.164 1.0000000000
35736  37.203  -27.430  -41.124 1.0000000000
35738  36.614  -27.669  -40.892 1.0000000000
36618  41.557  -26.338  -32.549 0.5000000000
36625  45.175  -26.131  -33.671 0.4000000060
36641  45.511  -26.487  -34.362 0.4000000060
36659  33.322  -26.219  -35.093 0.8000000119
36671  45.858  -26.888  -36.427 0.4000000060
36718  37.000  -27.306  -41.191 1.0000000000
37541  44.164  -25.167  -32.642 0.4000000060
37555  46.063  -25.150  -33.841 0.4000000060
37558  40.355  -25.951  -32.873 0.5000000000
37573  38.939  -25.054  -34.745 0.5000000000
38478  41.319  -24.994  -32.721 0.5000000000
38579  39.987  -24.008  -41.408 0.6999999881
39384  43.306  -23.526  -32.496 0.4000000060
39394  46.224  -23.826  -33.790 0.4000000060
39395  45.503  -23.539  -33.320 0.4000000060
39396  44.708  -23.154  -32.850 0.4000000060
39397  41.818  -22.820  -33.137 0.5000000000
39399  40.633  -23.604  -33.815 0.5000000000
39402  47.235  -23.509  -34.827 0.3000000119
39418  48.508  -23.378  -36.773 0.3000000119
39428  40.072  -23.810  -37.775 0.5000000000
39444  36.688  -23.402  -38.476 0.8999999762
39471  40.283  -23.600  -41.243 0.6000000238
40375  40.468  -22.225  -35.036 0.4000000060
40461  35.972  -22.066  -42.956 0.6999999881
41521  44.054  -21.436  -33.310 0.4000000060
41524  41.413  -21.465  -33.824 0.3000000119
41532  45.390  -21.375  -34.458 0.4000000060
41540  47.064  -21.730  -36.118 0.3000000119
41582  40.570  -21.055  -41.613 0.5000000000
41605  40.140  -21.397  -43.219 0.6000000238
42725  43.010  -19.817  -33.958 0.3000000119
42728  40.684  -20.742  -34.737 0.4000000060
42767  40.455  -20.271  -40.094 0.3000000119
42782  40.159  -19.559  -41.617 0.4000000060
42795  40.374  -20.412  -42.523 0.6000000238
42797  39.535  -20.011  -42.669 0.5000000000
44689  40.761  -18.318  -35.606 0.3000000119
44722  39.201  -18.781  -38.217 0.3000000119
45560  40.556  -16.823  -37.188 0.4000000060
46364  41.373  -16.434  -36.605 0.4000000060
46377  39.856  -16.681  -37.508 0.3000000119
46379  37.745  -16.786  -37.262 0.3000000119
47290  37.540  -15.387  -37.427 0.4000000060
47291  36.894  -15.439  -37.876 0.4000000060
48230  39.483  -14.873  -37.420 0.3000000119
51186  36.785  -11.051  -38.993 0.3000000119
108541  31.942  -30.358  -32.388 0.6999999881
108756  36.335  -13.961  -39.963 0.3000000119
109142  44.498  -36.165  -28.059 0.6000000238
109370  38.419  -37.939  -37.092 1.0000000000
109525  48.908  -38.970  -32.346 0.3000000119
110782  50.631  -34.458  -39.047 0.3000000119
111054  47.975  -38.217  -37.121 0.4000000060
112259  34.228  -23.090  -38.338 0.6000000238
112813  31.347  -37.106  -28.535 0.6000000238
113365  39.005  -27.770  -33.294 0.6999999881
114080  31.811  -27.720  -34.266 0.6000000238
114925  34.111  -26.168  -35.154 0.8000000119
116169  42.150  -35.011  -27.190 0.6999999881
116538  38.091  -35.051  -29.746 0.6000000238
116668  40.381  -22.890  -41.906 0.5000000000
117280  38.423  -30.009  -33.470 0.6999999881
117396  39.387  -21.651  -43.283 0.6000000238
118069  34.700  -36.516  -37.489 1.0000000000
118210  39.284  -30.099  -33.419 0.6999999881
118220  49.626  -39.433  -35.401 0.3000000119
119324  41.481  -36.612  -34.840 0.6999999881
119419  36.946  -24.215  -38.672 0.8999999762
119592  40.694  -37.886  -26.324 0.8000000119
119717  46.784  -33.041  -33.584 0.4000000060
119993  37.811  -35.162  -35.573 0.8999999762
120498  40.353  -21.525  -37.412 0.4000000060
121157  40.981  -14.701  -38.281 0.3000000119
121216  48.909  -38.759  -38.272 0.3000000119
121352  43.678  -19.854  -34.218 0.3000000119
122396  39.711  -37.252  -33.867 0.8999999762
122515  36.879  -20.631  -40.347 0.3000000119
123174  37.884  -21.685  -42.838 0.6000000238
125519  39.391  -24.877  -34.216 0.5000000000
125760  40.906  -23.959  -33.400 0.5000000000
126428  38.459  -15.868  -37.145 0.3000000119
127108  46.443  -43.244  -33.225 0.3000000119
127468  45.005  -36.398  -28.462 0.6000000238
127719  46.943  -33.658  -37.744 0.4000000060
127868  36.633  -19.090  -37.744 0.3000000119
