#!ascii label  , from subject sub-v2s16x51236_ses-1 vox2ras=TkReg
961
106286  -13.719  -8.802  86.932 0.0000000000
54011  -35.098  2.449  76.067 0.0000000000
56733  -33.779  5.565  73.224 0.0000000000
54850  -26.453  3.632  79.960 0.0000000000
61380  -36.995  10.846  61.220 0.0000000000
59536  -31.324  8.560  66.410 0.0000000000
53967  -36.817  1.887  80.635 0.0000000000
103051  -31.054  4.165  78.071 0.0000000000
63859  -41.816  13.652  62.880 0.0000000000
66765  -43.306  16.994  59.724 0.0000000000
69151  -45.157  19.951  58.252 0.0000000000
61248  -33.403  10.884  75.005 0.0000000000
57672  -30.854  7.050  70.789 0.0000000000
60386  -34.939  10.094  70.977 0.0000000000
109811  -37.633  10.818  67.877 0.0000000000
48245  -23.402  -3.633  78.510 0.0000000000
42491  -10.797  -9.360  89.839 0.0000000000
55819  -36.849  3.940  74.634 0.0000000000
59436  -34.294  8.415  77.601 0.0000000000
103498  -25.314  -3.321  76.238 0.0000000000
54042  -25.683  2.019  74.123 0.0000000000
66812  -43.363  16.933  53.429 0.0000000000
72280  -46.301  23.784  56.144 0.0000000000
59565  -34.838  9.293  63.969 0.0000000000
62170  -39.744  11.599  64.616 0.0000000000
44504  -15.047  -7.400  83.846 0.0000000000
40770  -7.711  -11.252  86.130 0.0000000000
110242  -42.743  15.651  61.409 0.0000000000
61264  -34.659  10.876  73.332 0.0000000000
118060  -20.926  -4.490  77.733 0.0000000000
42509  -12.480  -9.341  88.076 0.0000000000
53095  -36.735  1.639  73.373 0.0000000000
54023  -37.618  2.510  75.667 0.0000000000
106603  -25.742  0.177  77.776 0.0000000000
121848  -25.316  -1.150  74.941 0.0000000000
54009  -26.264  3.020  76.841 0.0000000000
54885  -33.433  3.312  77.168 0.0000000000
54904  -30.860  3.629  75.666 0.0000000000
54019  -33.079  2.965  74.861 0.0000000000
53038  -25.588  1.855  80.802 0.0000000000
50112  -26.177  -1.293  78.577 0.0000000000
65895  -39.522  15.433  56.725 0.0000000000
66806  -41.917  17.003  53.981 0.0000000000
71450  -45.317  22.319  57.379 0.0000000000
113936  -30.583  8.169  68.299 0.0000000000
59551  -33.182  9.181  65.245 0.0000000000
62152  -38.551  11.526  66.921 0.0000000000
47218  -18.543  -4.695  80.690 0.0000000000
47171  -17.848  -4.677  83.253 0.0000000000
46242  -17.283  -5.437  85.565 0.0000000000
45409  -15.770  -6.939  81.924 0.0000000000
38838  -8.913  -13.046  85.734 0.0000000000
119649  -36.236  1.408  78.126 0.0000000000
54002  -38.768  2.074  77.542 0.0000000000
120749  -39.137  4.116  79.927 0.0000000000
55766  -29.458  4.533  81.359 0.0000000000
102590  -29.088  4.366  78.989 0.0000000000
54841  -32.022  3.841  80.741 0.0000000000
54856  -34.109  2.437  79.727 0.0000000000
62976  -38.530  12.591  62.196 0.0000000000
117569  -39.051  14.789  60.857 0.0000000000
65863  -40.094  16.081  59.369 0.0000000000
108437  -41.901  17.467  58.002 0.0000000000
68411  -42.165  18.481  57.023 0.0000000000
68404  -44.594  18.625  58.569 0.0000000000
58556  -32.449  7.945  74.300 0.0000000000
57673  -31.860  6.071  71.887 0.0000000000
59473  -31.584  8.871  73.053 0.0000000000
60398  -32.016  9.966  70.694 0.0000000000
60417  -33.404  9.855  69.284 0.0000000000
60471  -34.982  9.524  67.088 0.0000000000
60420  -36.327  9.629  69.696 0.0000000000
48226  -22.871  -3.657  80.203 0.0000000000
104904  -19.875  -4.584  79.597 0.0000000000
69872  -47.011  20.288  52.598 0.0000000000
42477  -8.369  -8.966  90.461 0.0000000000
54936  -36.875  2.872  72.846 0.0000000000
56735  -35.302  4.831  73.877 0.0000000000
56698  -37.771  5.221  76.735 0.0000000000
57634  -36.154  5.787  76.107 0.0000000000
57631  -33.818  7.007  75.077 0.0000000000
60344  -33.170  9.408  76.664 0.0000000000
106545  -28.277  3.714  76.173 0.0000000000
118874  -26.651  -2.875  80.357 0.0000000000
117511  -24.533  -3.655  77.282 0.0000000000
69156  -42.732  20.112  55.931 0.0000000000
70641  -43.825  21.056  54.645 0.0000000000
69867  -45.633  20.500  53.284 0.0000000000
72305  -47.102  23.184  54.456 0.0000000000
41653  -12.635  -10.602  83.637 0.0000000000
41640  -11.641  -10.690  84.917 0.0000000000
60512  -36.047  9.751  62.361 0.0000000000
60483  -36.297  9.943  65.836 0.0000000000
61353  -37.492  10.642  65.010 0.0000000000
62177  -38.819  11.334  63.483 0.0000000000
62967  -41.005  12.439  63.585 0.0000000000
43472  -14.317  -8.225  85.426 0.0000000000
107277  -10.885  -10.238  86.796 0.0000000000
42521  -9.032  -9.514  87.068 0.0000000000
42535  -7.211  -9.324  86.426 0.0000000000
42523  -13.219  -9.080  87.473 0.0000000000
54020  -34.868  2.409  75.365 0.0000000000
54021  -35.946  2.094  75.329 0.0000000000
54022  -36.921  2.161  75.739 0.0000000000
53972  -25.714  2.435  79.113 0.0000000000
53066  -25.681  1.662  76.875 0.0000000000
53996  -26.166  3.131  77.760 0.0000000000
53997  -34.358  2.840  76.805 0.0000000000
54905  -32.718  3.332  75.697 0.0000000000
54010  -34.221  2.795  75.805 0.0000000000
111394  -34.051  2.553  74.877 0.0000000000
54826  -26.863  4.154  81.267 0.0000000000
54811  -26.200  3.609  82.513 0.0000000000
53964  -25.932  3.084  80.285 0.0000000000
53047  -25.660  1.536  79.593 0.0000000000
66804  -40.975  16.326  54.875 0.0000000000
55846  -34.685  4.203  72.576 0.0000000000
55845  -33.894  4.545  72.281 0.0000000000
59521  -30.658  8.221  67.488 0.0000000000
58620  -30.685  7.223  66.149 0.0000000000
119856  -32.677  9.163  65.723 0.0000000000
46292  -17.777  -5.099  80.431 0.0000000000
122908  -18.609  -4.447  82.148 0.0000000000
46278  -16.729  -5.577  81.321 0.0000000000
46268  -16.496  -5.534  82.221 0.0000000000
45417  -16.143  -6.838  81.142 0.0000000000
53977  -36.578  1.551  79.756 0.0000000000
53978  -38.326  1.979  79.113 0.0000000000
54848  -38.858  3.428  80.339 0.0000000000
55754  -30.773  4.435  82.283 0.0000000000
54827  -31.031  4.326  81.559 0.0000000000
103979  -32.620  3.909  82.300 0.0000000000
54831  -35.340  2.328  81.733 0.0000000000
123335  -33.902  2.562  81.049 0.0000000000
53966  -35.807  1.772  80.387 0.0000000000
53975  -34.668  2.126  79.149 0.0000000000
63857  -39.933  13.471  62.438 0.0000000000
63871  -39.473  13.964  61.834 0.0000000000
63872  -40.314  14.251  62.011 0.0000000000
66752  -42.789  16.466  60.375 0.0000000000
65854  -41.131  15.804  60.647 0.0000000000
66764  -42.407  16.719  59.608 0.0000000000
66777  -41.086  16.744  58.633 0.0000000000
67618  -42.777  17.111  59.113 0.0000000000
67632  -43.319  17.930  58.361 0.0000000000
115936  -43.958  17.408  59.398 0.0000000000
60358  -32.183  9.293  74.584 0.0000000000
59468  -31.930  8.524  73.842 0.0000000000
120966  -32.384  10.028  74.373 0.0000000000
61293  -35.201  10.250  71.763 0.0000000000
61278  -33.372  10.549  72.268 0.0000000000
61303  -33.943  10.273  70.817 0.0000000000
103138  -32.660  10.080  69.959 0.0000000000
60400  -34.678  9.891  70.205 0.0000000000
60419  -35.341  9.619  69.588 0.0000000000
60402  -36.497  9.678  70.579 0.0000000000
114392  -24.457  -3.508  80.227 0.0000000000
48228  -24.387  -3.528  80.928 0.0000000000
48236  -22.694  -3.693  79.181 0.0000000000
47257  -20.361  -4.656  78.140 0.0000000000
70648  -47.857  21.238  53.103 0.0000000000
70654  -48.498  20.987  52.822 0.0000000000
121029  -9.048  -9.339  89.989 0.0000000000
53085  -37.123  2.531  73.673 0.0000000000
53096  -37.105  2.127  73.318 0.0000000000
54924  -36.978  2.976  73.371 0.0000000000
54923  -36.359  3.464  73.113 0.0000000000
55818  -36.054  4.419  74.231 0.0000000000
56685  -38.793  4.847  77.849 0.0000000000
122127  -38.664  4.015  76.692 0.0000000000
56684  -38.119  5.591  77.511 0.0000000000
58518  -34.873  8.132  77.949 0.0000000000
57599  -35.987  6.854  77.192 0.0000000000
58544  -35.168  7.255  76.848 0.0000000000
57618  -34.891  6.893  76.128 0.0000000000
58543  -34.372  7.645  76.537 0.0000000000
58542  -33.622  8.060  76.179 0.0000000000
123767  -33.424  8.970  77.092 0.0000000000
114266  -25.302  0.577  74.431 0.0000000000
54868  -30.277  4.280  78.349 0.0000000000
54881  -28.446  4.028  77.588 0.0000000000
103050  -30.234  4.052  77.451 0.0000000000
112340  -29.009  3.555  74.246 0.0000000000
51108  -27.119  -0.979  80.924 0.0000000000
108847  -25.651  -2.101  77.284 0.0000000000
49198  -25.765  -2.969  78.031 0.0000000000
48261  -25.021  -3.554  76.764 0.0000000000
47289  -23.726  -4.222  76.253 0.0000000000
121937  -43.279  19.327  57.404 0.0000000000
69153  -42.276  19.283  56.229 0.0000000000
69853  -44.145  20.653  57.289 0.0000000000
72275  -45.616  23.081  57.049 0.0000000000
70634  -44.298  21.777  56.392 0.0000000000
71456  -44.733  22.138  54.931 0.0000000000
69863  -44.197  20.740  54.018 0.0000000000
71464  -45.601  22.415  54.546 0.0000000000
70644  -45.949  21.990  53.912 0.0000000000
72290  -46.593  23.652  55.324 0.0000000000
109040  -31.288  6.577  71.378 0.0000000000
56775  -31.935  4.929  70.975 0.0000000000
108489  -35.075  8.638  61.756 0.0000000000
60511  -35.523  9.417  62.779 0.0000000000
60440  -36.266  9.746  68.244 0.0000000000
60472  -35.736  9.700  66.866 0.0000000000
61331  -36.691  10.277  66.997 0.0000000000
62162  -39.532  11.732  65.591 0.0000000000
61347  -38.092  11.103  65.479 0.0000000000
61354  -38.213  10.994  64.592 0.0000000000
122446  -38.345  10.946  63.885 0.0000000000
61355  -38.946  11.262  64.226 0.0000000000
62178  -39.575  11.821  63.425 0.0000000000
102853  -40.174  11.751  63.960 0.0000000000
45384  -15.885  -6.496  84.468 0.0000000000
44494  -15.886  -6.653  85.188 0.0000000000
44479  -15.592  -7.221  86.023 0.0000000000
44492  -14.950  -7.510  84.637 0.0000000000
119526  -14.036  -8.537  84.125 0.0000000000
42569  -14.143  -8.843  83.336 0.0000000000
39767  -10.748  -12.184  84.567 0.0000000000
41605  -11.380  -10.171  86.653 0.0000000000
40772  -10.243  -11.712  85.106 0.0000000000
39752  -8.122  -12.148  86.377 0.0000000000
41622  -9.266  -10.692  85.700 0.0000000000
41621  -8.226  -10.611  85.774 0.0000000000
42536  -8.420  -9.656  86.435 0.0000000000
41603  -7.849  -9.919  86.061 0.0000000000
54814  -33.338  3.620  82.761 0.0000000000
64860  -43.128  14.379  62.585 0.0000000000
64876  -41.813  14.940  61.903 0.0000000000
65830  -43.549  15.074  62.252 0.0000000000
103235  -33.675  10.902  74.090 0.0000000000
47260  -23.127  -3.740  77.550 0.0000000000
47259  -22.444  -3.801  78.159 0.0000000000
42494  -13.083  -8.952  90.122 0.0000000000
42492  -11.528  -9.245  89.873 0.0000000000
53082  -35.599  1.531  73.832 0.0000000000
53084  -36.940  2.237  74.098 0.0000000000
54915  -37.281  3.271  74.842 0.0000000000
60329  -33.938  9.408  78.204 0.0000000000
118355  -25.622  -1.195  77.048 0.0000000000
50163  -25.410  -1.810  75.419 0.0000000000
109042  -25.546  0.142  76.899 0.0000000000
52187  -25.389  0.810  75.479 0.0000000000
54017  -25.848  2.251  75.603 0.0000000000
54884  -32.628  3.646  77.476 0.0000000000
103049  -31.186  3.931  77.169 0.0000000000
117501  -32.135  3.581  76.234 0.0000000000
103869  -31.779  3.486  75.596 0.0000000000
54047  -32.479  2.559  73.579 0.0000000000
53031  -25.947  1.233  81.284 0.0000000000
51107  -26.726  -0.400  80.595 0.0000000000
53039  -25.894  1.064  80.403 0.0000000000
51128  -25.978  -0.539  78.177 0.0000000000
65887  -38.602  15.027  58.035 0.0000000000
67664  -42.572  17.509  53.717 0.0000000000
69846  -46.419  20.703  58.863 0.0000000000
70631  -45.383  21.385  58.004 0.0000000000
58579  -30.561  7.421  69.558 0.0000000000
59573  -33.348  8.329  63.599 0.0000000000
105195  -33.958  9.029  64.151 0.0000000000
62139  -38.730  11.562  68.438 0.0000000000
61332  -37.937  11.132  67.192 0.0000000000
62147  -39.110  11.914  67.627 0.0000000000
47201  -20.477  -4.170  81.402 0.0000000000
47185  -19.596  -4.123  82.658 0.0000000000
108214  -18.483  -4.400  84.340 0.0000000000
46259  -17.053  -5.098  83.805 0.0000000000
45394  -15.903  -6.330  83.661 0.0000000000
44512  -15.232  -7.361  83.036 0.0000000000
43517  -14.633  -8.490  82.838 0.0000000000
43533  -15.519  -8.368  81.638 0.0000000000
53999  -35.802  1.793  77.536 0.0000000000
104278  -37.527  1.534  76.892 0.0000000000
53989  -38.152  1.647  78.324 0.0000000000
54872  -39.123  3.399  78.660 0.0000000000
55764  -27.550  4.386  80.931 0.0000000000
54852  -28.167  4.327  79.376 0.0000000000
107557  -29.270  4.519  80.614 0.0000000000
111448  -30.585  4.367  79.956 0.0000000000
123875  -31.757  4.080  79.373 0.0000000000
103055  -33.355  3.007  81.183 0.0000000000
54842  -32.784  3.374  80.568 0.0000000000
102898  -33.085  3.417  78.924 0.0000000000
53974  -33.894  2.869  78.786 0.0000000000
53998  -34.888  2.405  77.656 0.0000000000
103398  -29.167  4.585  82.827 0.0000000000
62194  -37.436  11.586  61.611 0.0000000000
62205  -37.091  11.635  60.611 0.0000000000
63881  -37.510  12.991  60.980 0.0000000000
63882  -37.870  13.761  60.599 0.0000000000
64885  -38.450  14.632  60.306 0.0000000000
65842  -40.553  15.362  61.096 0.0000000000
65853  -40.077  15.712  60.302 0.0000000000
65874  -38.720  15.265  58.842 0.0000000000
66775  -39.631  15.993  57.909 0.0000000000
66792  -39.881  16.135  57.181 0.0000000000
66793  -40.456  16.672  56.709 0.0000000000
66794  -40.929  17.247  56.264 0.0000000000
67641  -41.838  17.811  57.353 0.0000000000
68412  -43.105  18.624  57.757 0.0000000000
69142  -44.907  19.325  58.366 0.0000000000
68396  -45.770  18.586  59.463 0.0000000000
69144  -46.229  19.975  58.938 0.0000000000
57655  -33.319  6.383  73.563 0.0000000000
57665  -32.986  5.996  72.907 0.0000000000
57654  -32.555  6.847  73.232 0.0000000000
57663  -31.560  7.008  72.113 0.0000000000
59474  -31.185  8.549  71.487 0.0000000000
61262  -32.625  10.402  72.898 0.0000000000
60385  -31.879  9.856  71.725 0.0000000000
59478  -31.045  8.732  70.541 0.0000000000
59494  -30.983  8.856  69.676 0.0000000000
117746  -31.424  9.249  68.483 0.0000000000
60436  -32.520  9.529  67.880 0.0000000000
60470  -33.363  9.445  66.805 0.0000000000
103044  -33.915  9.538  67.998 0.0000000000
118516  -35.541  9.554  68.340 0.0000000000
60441  -36.847  9.972  68.623 0.0000000000
61304  -38.270  10.404  70.308 0.0000000000
61314  -38.345  10.819  69.602 0.0000000000
48211  -22.016  -3.687  81.652 0.0000000000
47241  -21.808  -3.939  78.817 0.0000000000
47221  -21.376  -4.108  80.299 0.0000000000
122587  -20.829  -4.254  80.662 0.0000000000
47219  -19.268  -4.633  80.154 0.0000000000
55847  -35.523  3.840  72.854 0.0000000000
56734  -34.542  5.191  73.544 0.0000000000
54896  -38.268  2.671  76.120 0.0000000000
118775  -38.387  3.621  76.116 0.0000000000
55807  -37.069  4.439  75.394 0.0000000000
105488  -36.974  5.499  76.428 0.0000000000
56708  -36.626  5.105  75.733 0.0000000000
56720  -35.589  5.142  74.595 0.0000000000
56719  -34.833  5.518  74.241 0.0000000000
57656  -34.085  5.910  73.893 0.0000000000
58557  -33.101  7.461  74.704 0.0000000000
107065  -32.464  8.907  75.224 0.0000000000
61223  -32.958  9.990  76.079 0.0000000000
61215  -33.591  10.397  77.372 0.0000000000
118846  -33.891  11.065  77.149 0.0000000000
54880  -27.503  3.909  77.882 0.0000000000
54900  -26.848  3.362  76.347 0.0000000000
54910  -26.825  3.218  75.333 0.0000000000
54903  -29.914  3.722  75.798 0.0000000000
111809  -27.497  3.378  73.958 0.0000000000
48216  -26.516  -3.339  81.091 0.0000000000
48239  -25.514  -3.355  79.481 0.0000000000
50095  -26.530  -1.423  79.458 0.0000000000
48247  -25.685  -3.200  78.750 0.0000000000
48255  -24.096  -3.646  77.854 0.0000000000
47274  -23.830  -3.831  77.081 0.0000000000
122689  -41.345  17.621  55.288 0.0000000000
68430  -41.852  18.254  54.532 0.0000000000
68431  -42.314  18.917  54.275 0.0000000000
69858  -44.011  21.191  56.699 0.0000000000
118706  -43.316  20.767  54.953 0.0000000000
68432  -42.908  19.108  53.852 0.0000000000
69161  -44.170  19.472  53.449 0.0000000000
69162  -44.956  19.349  53.111 0.0000000000
69164  -45.635  19.182  52.706 0.0000000000
69868  -46.466  20.746  53.115 0.0000000000
107997  -46.839  21.668  53.467 0.0000000000
42550  -13.267  -9.154  85.511 0.0000000000
112416  -12.743  -9.515  86.137 0.0000000000
41641  -12.358  -10.115  84.588 0.0000000000
56763  -33.075  4.863  71.993 0.0000000000
61370  -36.613  10.296  61.920 0.0000000000
102648  -34.273  9.476  66.387 0.0000000000
60481  -34.776  9.487  65.694 0.0000000000
60492  -35.508  9.563  64.550 0.0000000000
61346  -37.419  10.704  65.909 0.0000000000
60484  -36.855  10.287  65.453 0.0000000000
60493  -36.186  9.789  64.435 0.0000000000
60503  -36.648  10.030  63.733 0.0000000000
61371  -37.255  10.587  62.633 0.0000000000
61372  -37.747  11.127  62.423 0.0000000000
62187  -38.867  11.852  62.809 0.0000000000
62977  -39.544  12.584  62.798 0.0000000000
62979  -41.388  12.979  63.290 0.0000000000
107592  -15.212  -7.740  87.387 0.0000000000
44466  -15.320  -7.539  86.574 0.0000000000
43464  -14.585  -8.127  86.216 0.0000000000
110825  -13.740  -8.688  84.875 0.0000000000
41654  -13.277  -10.090  83.311 0.0000000000
41606  -12.011  -9.949  86.455 0.0000000000
41581  -11.584  -9.606  88.170 0.0000000000
41580  -10.815  -9.768  88.172 0.0000000000
41623  -10.098  -11.054  85.644 0.0000000000
41590  -9.883  -9.963  87.070 0.0000000000
42506  -9.830  -9.725  87.980 0.0000000000
42505  -8.439  -9.341  88.167 0.0000000000
43452  -7.211  -8.691  88.033 0.0000000000
40757  -6.368  -10.992  86.446 0.0000000000
41620  -6.774  -9.739  85.977 0.0000000000
42524  -13.982  -8.604  87.697 0.0000000000
54012  -35.996  2.127  76.154 0.0000000000
53973  -25.959  3.104  79.533 0.0000000000
53983  -25.792  2.495  78.206 0.0000000000
54864  -26.587  3.597  79.141 0.0000000000
106071  -35.391  2.243  76.835 0.0000000000
54838  -26.979  4.142  80.442 0.0000000000
54837  -26.304  3.576  80.776 0.0000000000
108037  -34.220  4.850  72.907 0.0000000000
56749  -33.445  5.214  72.597 0.0000000000
59522  -31.153  8.784  67.196 0.0000000000
59535  -30.816  8.248  66.803 0.0000000000
58611  -30.888  7.893  66.194 0.0000000000
59549  -31.504  8.197  65.538 0.0000000000
59537  -31.974  8.938  65.979 0.0000000000
46291  -17.071  -5.786  80.474 0.0000000000
111900  -17.285  -5.170  81.023 0.0000000000
118630  -16.499  -6.182  80.959 0.0000000000
53968  -37.625  1.868  79.890 0.0000000000
54847  -37.917  2.530  80.773 0.0000000000
54797  -32.276  4.245  83.240 0.0000000000
54813  -31.702  4.254  82.312 0.0000000000
53959  -36.045  2.009  81.243 0.0000000000
54845  -35.104  2.002  80.960 0.0000000000
55755  -31.394  4.409  83.040 0.0000000000
63858  -40.898  13.594  62.687 0.0000000000
64858  -41.345  14.305  62.314 0.0000000000
66753  -43.628  16.631  60.578 0.0000000000
67619  -43.403  17.429  58.958 0.0000000000
61234  -32.831  10.287  75.198 0.0000000000
61247  -32.929  10.548  74.503 0.0000000000
108258  -34.185  10.428  71.609 0.0000000000
60401  -35.617  9.719  70.379 0.0000000000
60387  -35.866  9.845  71.168 0.0000000000
48238  -24.762  -3.493  79.475 0.0000000000
48237  -23.749  -3.564  79.566 0.0000000000
70649  -48.640  21.492  53.151 0.0000000000
69873  -47.898  20.564  52.573 0.0000000000
123425  -11.125  -9.115  90.474 0.0000000000
42479  -10.436  -9.105  90.654 0.0000000000
42478  -9.399  -9.013  90.790 0.0000000000
42490  -9.918  -9.412  89.910 0.0000000000
54914  -37.086  3.144  74.076 0.0000000000
55832  -36.530  3.674  73.812 0.0000000000
56669  -38.525  5.490  78.339 0.0000000000
58532  -35.395  7.523  77.569 0.0000000000
58531  -34.674  7.924  77.232 0.0000000000
58530  -33.855  8.373  76.995 0.0000000000
59435  -33.819  8.886  77.620 0.0000000000
47291  -25.032  -3.884  75.807 0.0000000000
109995  -25.511  -3.139  77.159 0.0000000000
47290  -24.615  -4.085  76.104 0.0000000000
67665  -43.404  17.803  53.463 0.0000000000
69150  -44.490  19.911  57.856 0.0000000000
69852  -43.676  19.923  57.349 0.0000000000
69854  -44.904  20.641  57.896 0.0000000000
72279  -45.727  23.299  56.415 0.0000000000
115822  -45.356  22.971  55.978 0.0000000000
71457  -45.388  22.760  55.329 0.0000000000
72289  -45.873  23.318  55.673 0.0000000000
105196  -46.100  23.079  54.881 0.0000000000
57683  -31.026  6.174  70.711 0.0000000000
59574  -34.178  8.767  63.366 0.0000000000
108099  -34.371  8.473  62.612 0.0000000000
59575  -34.903  9.137  63.124 0.0000000000
60460  -36.914  10.242  67.823 0.0000000000
60459  -36.273  9.907  67.364 0.0000000000
61348  -38.872  11.376  65.070 0.0000000000
107916  -39.495  11.503  63.924 0.0000000000
45383  -15.457  -7.014  84.556 0.0000000000
44493  -15.486  -7.133  85.319 0.0000000000
43500  -14.510  -8.029  83.796 0.0000000000
40769  -6.929  -10.381  86.220 0.0000000000
62093  -35.270  11.304  74.581 0.0000000000
47273  -22.222  -4.073  77.075 0.0000000000
105992  -12.820  -9.157  89.176 0.0000000000
42493  -12.266  -9.118  90.011 0.0000000000
102588  -11.984  -9.387  89.054 0.0000000000
54034  -34.396  1.923  73.963 0.0000000000
53074  -36.753  2.143  74.885 0.0000000000
54036  -37.137  2.480  75.004 0.0000000000
120796  -37.410  2.835  75.120 0.0000000000
51138  -25.691  -0.548  77.354 0.0000000000
51148  -25.504  -0.619  76.528 0.0000000000
53995  -25.881  2.461  77.310 0.0000000000
54008  -25.900  2.358  76.417 0.0000000000
53073  -25.600  1.614  75.944 0.0000000000
54893  -31.999  3.752  76.929 0.0000000000
54894  -32.738  3.505  76.621 0.0000000000
54033  -32.243  3.228  74.876 0.0000000000
104059  -31.230  3.375  74.721 0.0000000000
54032  -31.938  3.022  74.073 0.0000000000
117092  -32.607  2.858  74.300 0.0000000000
54048  -33.312  2.404  73.959 0.0000000000
54825  -26.182  3.532  81.659 0.0000000000
53955  -25.691  2.788  82.255 0.0000000000
53024  -25.694  1.977  82.671 0.0000000000
53030  -25.571  1.957  81.719 0.0000000000
52165  -25.739  0.901  78.212 0.0000000000
52156  -25.853  0.831  79.031 0.0000000000
65888  -38.995  15.057  57.276 0.0000000000
58589  -30.475  7.435  68.708 0.0000000000
57693  -30.504  6.619  69.137 0.0000000000
103162  -32.990  8.679  64.462 0.0000000000
108341  -33.760  9.213  64.819 0.0000000000
62140  -39.381  11.933  68.586 0.0000000000
62154  -40.136  12.132  66.151 0.0000000000
47200  -19.448  -4.436  81.167 0.0000000000
47186  -20.372  -3.913  82.317 0.0000000000
120860  -19.141  -4.313  82.043 0.0000000000
47198  -17.956  -4.619  82.209 0.0000000000
47184  -18.713  -4.391  82.798 0.0000000000
47172  -18.449  -4.448  83.629 0.0000000000
46260  -17.814  -4.771  84.149 0.0000000000
45402  -15.899  -6.347  82.643 0.0000000000
46258  -16.391  -5.612  83.272 0.0000000000
45401  -15.574  -6.804  83.177 0.0000000000
45408  -15.556  -7.031  82.596 0.0000000000
43518  -15.094  -8.117  82.445 0.0000000000
44520  -15.437  -7.579  82.168 0.0000000000
54000  -36.847  1.376  77.477 0.0000000000
105011  -37.139  1.284  78.235 0.0000000000
119407  -38.848  2.731  79.090 0.0000000000
54858  -39.065  3.468  79.489 0.0000000000
55765  -28.460  4.533  80.987 0.0000000000
102629  -31.215  4.228  80.785 0.0000000000
54840  -30.202  4.454  80.816 0.0000000000
54855  -31.472  4.166  80.012 0.0000000000
103056  -33.877  3.090  82.456 0.0000000000
54830  -33.296  3.280  81.978 0.0000000000
54844  -34.305  2.269  80.592 0.0000000000
54843  -33.558  2.812  80.329 0.0000000000
103004  -32.912  3.366  79.720 0.0000000000
119902  -33.519  2.999  79.484 0.0000000000
53987  -35.366  1.824  78.464 0.0000000000
53986  -34.541  2.457  78.366 0.0000000000
55753  -29.790  4.511  82.188 0.0000000000
55752  -28.785  4.553  81.975 0.0000000000
62986  -37.782  12.470  61.617 0.0000000000
64873  -38.695  14.118  61.257 0.0000000000
65844  -42.161  15.470  61.413 0.0000000000
65843  -41.421  15.396  61.308 0.0000000000
65864  -40.919  16.199  59.897 0.0000000000
65862  -39.302  15.603  59.552 0.0000000000
65876  -39.469  15.822  58.683 0.0000000000
67630  -41.319  17.101  58.121 0.0000000000
66788  -40.565  16.705  57.749 0.0000000000
67640  -41.161  17.321  57.295 0.0000000000
68403  -43.860  18.420  58.308 0.0000000000
68413  -44.011  19.136  57.952 0.0000000000
69135  -46.063  19.270  59.170 0.0000000000
58562  -32.853  7.194  73.948 0.0000000000
58561  -32.148  7.663  73.594 0.0000000000
58560  -31.709  8.101  73.187 0.0000000000
110291  -31.409  8.045  72.402 0.0000000000
122579  -31.412  8.826  72.278 0.0000000000
61263  -33.543  10.695  73.135 0.0000000000
116103  -32.792  10.484  73.760 0.0000000000
119899  -32.444  10.228  71.335 0.0000000000
61277  -32.505  10.317  72.057 0.0000000000
60384  -31.469  9.349  71.068 0.0000000000
60397  -31.476  9.378  70.190 0.0000000000
60416  -32.402  9.794  69.215 0.0000000000
116184  -32.048  9.597  68.488 0.0000000000
60437  -33.107  9.641  68.448 0.0000000000
60456  -33.277  9.509  67.599 0.0000000000
60438  -34.134  9.622  68.662 0.0000000000
60439  -35.040  9.539  68.831 0.0000000000
106024  -35.861  9.553  68.946 0.0000000000
112700  -36.531  9.713  68.964 0.0000000000
60421  -37.092  9.916  69.383 0.0000000000
61315  -38.764  10.925  70.049 0.0000000000
62135  -38.894  11.393  69.322 0.0000000000
48227  -23.718  -3.543  80.610 0.0000000000
48212  -22.966  -3.576  81.283 0.0000000000
48198  -23.472  -3.487  82.122 0.0000000000
47203  -22.099  -3.789  80.745 0.0000000000
47258  -21.598  -4.170  77.864 0.0000000000
107473  -21.047  -4.300  78.494 0.0000000000
47239  -20.449  -4.455  79.040 0.0000000000
121139  -20.666  -4.369  79.934 0.0000000000
47220  -20.112  -4.420  80.487 0.0000000000
43423  -7.475  -8.715  90.028 0.0000000000
105705  -37.099  1.849  72.648 0.0000000000
55831  -35.774  4.125  73.520 0.0000000000
56750  -34.977  4.486  73.232 0.0000000000
54013  -38.322  1.948  76.773 0.0000000000
55793  -38.428  4.743  77.081 0.0000000000
55801  -38.155  4.481  76.334 0.0000000000
55808  -37.800  4.151  75.695 0.0000000000
56709  -37.434  4.841  76.033 0.0000000000
117729  -35.695  6.534  76.462 0.0000000000
57619  -36.527  6.171  76.805 0.0000000000
56707  -35.850  5.441  75.362 0.0000000000
57632  -34.626  6.584  75.381 0.0000000000
57646  -35.133  5.859  74.962 0.0000000000
57645  -34.355  6.277  74.634 0.0000000000
57644  -33.597  6.706  74.287 0.0000000000
59443  -33.226  8.749  76.478 0.0000000000
59451  -32.968  8.488  75.741 0.0000000000
59450  -32.797  9.195  75.940 0.0000000000
61208  -34.104  10.805  78.803 0.0000000000
61207  -33.766  10.192  78.136 0.0000000000
62039  -33.946  10.984  77.988 0.0000000000
62063  -33.847  11.118  76.331 0.0000000000
51161  -25.360  -0.761  75.552 0.0000000000
54865  -27.373  3.994  78.787 0.0000000000
54866  -28.269  4.191  78.456 0.0000000000
54892  -28.728  3.860  76.780 0.0000000000
119294  -27.699  3.762  76.834 0.0000000000
54901  -27.585  3.558  75.824 0.0000000000
103047  -31.421  3.710  76.350 0.0000000000
103048  -30.543  3.814  76.517 0.0000000000
48229  -25.873  -3.363  80.346 0.0000000000
48240  -26.084  -3.090  79.528 0.0000000000
51118  -26.550  -0.516  79.793 0.0000000000
50080  -26.913  -1.141  80.272 0.0000000000
49190  -26.072  -2.818  78.813 0.0000000000
48256  -25.124  -3.387  77.925 0.0000000000
104426  -25.166  -3.421  78.858 0.0000000000
67648  -41.513  17.849  56.650 0.0000000000
68418  -41.313  17.755  55.839 0.0000000000
68419  -41.685  18.471  56.053 0.0000000000
68424  -41.878  18.977  55.193 0.0000000000
69155  -42.359  19.651  55.415 0.0000000000
69157  -42.371  19.516  54.806 0.0000000000
71442  -45.935  22.071  58.193 0.0000000000
70630  -44.637  21.494  57.239 0.0000000000
70638  -44.201  21.762  55.571 0.0000000000
70637  -43.691  21.229  55.278 0.0000000000
69158  -42.820  19.638  54.325 0.0000000000
69862  -43.427  20.335  54.353 0.0000000000
69160  -43.415  19.609  53.827 0.0000000000
69865  -43.945  20.107  53.779 0.0000000000
70646  -44.982  21.049  53.736 0.0000000000
69866  -44.755  20.174  53.465 0.0000000000
68440  -45.156  18.717  52.837 0.0000000000
114597  -45.465  19.814  53.069 0.0000000000
71465  -46.453  22.512  54.166 0.0000000000
120334  -47.244  22.445  53.852 0.0000000000
72306  -48.174  23.403  54.395 0.0000000000
42558  -13.058  -9.417  84.695 0.0000000000
42549  -12.668  -9.611  85.307 0.0000000000
56748  -32.645  5.604  72.266 0.0000000000
56762  -32.297  5.260  71.626 0.0000000000
60522  -35.454  9.231  61.996 0.0000000000
60523  -35.965  9.570  61.418 0.0000000000
102886  -34.126  9.483  67.312 0.0000000000
119533  -35.850  9.735  66.198 0.0000000000
103043  -35.229  9.568  66.279 0.0000000000
60482  -35.590  9.640  65.428 0.0000000000
61337  -37.329  10.673  66.923 0.0000000000
61338  -37.987  11.142  66.392 0.0000000000
60494  -36.847  10.190  64.628 0.0000000000
110492  -36.299  9.899  65.108 0.0000000000
61363  -37.953  10.843  63.224 0.0000000000
104395  -37.230  10.419  63.310 0.0000000000
104487  -38.343  11.337  62.832 0.0000000000
62966  -40.317  12.213  63.494 0.0000000000
62978  -40.533  12.866  63.076 0.0000000000
43473  -14.957  -7.667  85.560 0.0000000000
113498  -13.900  -8.618  85.777 0.0000000000
42582  -13.872  -9.626  82.971 0.0000000000
42568  -13.525  -9.231  83.883 0.0000000000
41625  -12.108  -10.051  85.572 0.0000000000
42522  -12.569  -9.488  87.034 0.0000000000
40758  -10.800  -10.669  85.928 0.0000000000
41592  -11.193  -9.936  87.423 0.0000000000
41591  -10.536  -9.992  87.330 0.0000000000
39765  -9.490  -12.587  85.226 0.0000000000
40771  -9.346  -11.702  85.379 0.0000000000
41604  -9.304  -9.971  86.316 0.0000000000
116001  -9.333  -9.528  89.075 0.0000000000
42520  -7.784  -9.085  87.162 0.0000000000
40756  -5.917  -10.954  86.036 0.0000000000
54035  -35.184  2.048  74.650 0.0000000000
52174  -25.642  0.909  77.340 0.0000000000
53060  -25.695  1.697  77.776 0.0000000000
54895  -33.501  3.198  76.258 0.0000000000
121153  -33.511  3.019  75.489 0.0000000000
104695  -28.161  4.605  82.681 0.0000000000
54812  -26.765  4.143  82.108 0.0000000000
53958  -25.709  2.701  81.088 0.0000000000
121526  -25.592  1.722  80.219 0.0000000000
53963  -25.628  2.360  80.091 0.0000000000
53055  -25.684  1.645  78.655 0.0000000000
66805  -41.414  16.648  54.472 0.0000000000
54934  -35.225  3.580  72.214 0.0000000000
58600  -30.436  7.462  67.809 0.0000000000
57734  -30.549  6.646  66.458 0.0000000000
59550  -32.376  8.727  65.233 0.0000000000
47199  -18.594  -4.527  81.569 0.0000000000
46279  -17.848  -4.771  81.253 0.0000000000
111107  -17.149  -4.976  81.774 0.0000000000
46269  -17.041  -4.930  82.772 0.0000000000
116438  -16.211  -6.212  81.663 0.0000000000
44521  -15.800  -7.584  81.430 0.0000000000
43534  -15.956  -8.181  81.060 0.0000000000
53988  -36.338  1.339  78.881 0.0000000000
104771  -37.390  1.481  79.058 0.0000000000
54857  -38.494  2.580  79.799 0.0000000000
55767  -30.245  4.470  81.627 0.0000000000
54828  -31.890  4.033  81.516 0.0000000000
118640  -34.455  2.389  81.486 0.0000000000
53965  -34.869  1.942  80.061 0.0000000000
53976  -35.553  1.652  79.472 0.0000000000
114466  -39.006  13.367  62.030 0.0000000000
64874  -39.550  14.541  61.400 0.0000000000
65855  -42.419  15.960  60.908 0.0000000000
109750  -41.823  15.775  60.910 0.0000000000
66751  -41.874  16.240  60.268 0.0000000000
66763  -41.549  16.560  59.400 0.0000000000
66762  -40.764  16.428  59.168 0.0000000000
66778  -42.008  16.985  58.765 0.0000000000
67631  -42.674  17.467  58.515 0.0000000000
67633  -44.165  17.902  58.848 0.0000000000
59460  -32.243  8.650  74.544 0.0000000000
59459  -31.971  8.995  74.225 0.0000000000
60363  -31.923  9.384  73.824 0.0000000000
111966  -31.809  9.580  73.107 0.0000000000
61279  -34.404  10.597  72.437 0.0000000000
61292  -33.199  10.429  71.461 0.0000000000
61291  -32.936  10.289  70.708 0.0000000000
110448  -31.946  9.817  69.865 0.0000000000
60399  -33.674  10.085  70.050 0.0000000000
60418  -34.404  9.739  69.435 0.0000000000
48214  -24.824  -3.603  81.612 0.0000000000
47238  -19.201  -4.852  79.387 0.0000000000
69869  -47.216  20.889  52.977 0.0000000000
116325  -46.817  19.647  52.259 0.0000000000
69167  -48.332  20.146  51.957 0.0000000000
54886  -39.117  3.168  77.817 0.0000000000
116051  -38.832  3.039  76.839 0.0000000000
55794  -38.999  4.006  77.390 0.0000000000
106385  -36.180  7.118  77.952 0.0000000000
57633  -35.400  6.171  75.724 0.0000000000
58553  -34.071  7.292  75.824 0.0000000000
58552  -33.366  7.755  75.438 0.0000000000
62841  -34.992  12.092  78.392 0.0000000000
51174  -25.241  -0.545  74.498 0.0000000000
54854  -30.023  4.400  79.110 0.0000000000
102993  -29.088  4.212  78.134 0.0000000000
54867  -29.639  4.316  78.493 0.0000000000
54882  -29.310  4.035  77.434 0.0000000000
54913  -30.366  3.432  74.077 0.0000000000
103965  -30.213  3.604  74.959 0.0000000000
50081  -27.186  -1.621  80.895 0.0000000000
49199  -25.959  -2.091  78.214 0.0000000000
47275  -24.392  -3.860  76.711 0.0000000000
69149  -42.707  19.136  57.081 0.0000000000
69154  -42.986  19.750  56.772 0.0000000000
69857  -43.438  20.565  56.558 0.0000000000
71449  -44.790  22.206  56.738 0.0000000000
71454  -45.240  22.748  56.590 0.0000000000
71453  -44.778  22.427  55.918 0.0000000000
112599  -44.139  21.570  54.943 0.0000000000
70642  -44.487  21.421  54.391 0.0000000000
70643  -45.237  21.756  54.150 0.0000000000
70647  -45.831  21.318  53.567 0.0000000000
72291  -47.462  23.922  55.056 0.0000000000
56761  -31.562  5.711  71.218 0.0000000000
59586  -34.957  8.890  62.365 0.0000000000
60458  -35.643  9.619  67.647 0.0000000000
60473  -36.274  9.976  66.588 0.0000000000
62161  -38.705  11.516  65.990 0.0000000000
61362  -37.559  10.543  64.042 0.0000000000
62179  -40.948  12.011  63.942 0.0000000000
45385  -16.705  -5.874  85.286 0.0000000000
116651  -16.257  -6.261  85.033 0.0000000000
45376  -16.383  -6.373  85.681 0.0000000000
44480  -15.997  -6.799  85.913 0.0000000000
43485  -14.393  -8.071  84.733 0.0000000000
40773  -10.996  -11.179  85.143 0.0000000000
41624  -11.475  -10.469  85.835 0.0000000000
39764  -8.708  -12.112  85.668 0.0000000000
110924  -8.608  -11.350  85.625 0.0000000000
106699  -8.716  -10.099  85.913 0.0000000000
112444  -32.949  4.048  83.147 0.0000000000
104419  -35.584  2.761  82.337 0.0000000000
64859  -42.250  14.355  62.463 0.0000000000
64877  -42.697  15.107  62.003 0.0000000000
65845  -43.333  15.611  61.667 0.0000000000
66766  -44.146  17.156  60.065 0.0000000000
62092  -34.226  11.235  74.789 0.0000000000
61249  -34.585  11.133  74.125 0.0000000000
61280  -35.469  10.490  72.540 0.0000000000
53083  -36.335  1.831  74.373 0.0000000000
54037  -37.197  2.694  74.441 0.0000000000
49207  -25.540  -2.527  76.367 0.0000000000
50149  -25.498  -1.482  76.368 0.0000000000
52180  -25.516  0.864  76.420 0.0000000000
112589  -25.241  0.047  75.187 0.0000000000
109591  -25.548  1.646  74.914 0.0000000000
54883  -31.853  3.959  77.772 0.0000000000
124408  -26.294  0.775  81.612 0.0000000000
52134  -26.402  0.373  81.059 0.0000000000
52146  -26.312  0.224  80.165 0.0000000000
51129  -26.286  -0.562  78.995 0.0000000000
53048  -25.950  0.719  79.718 0.0000000000
52157  -26.178  0.133  79.385 0.0000000000
50111  -25.862  -1.282  77.760 0.0000000000
116635  -38.316  14.579  58.567 0.0000000000
69845  -45.692  20.469  58.465 0.0000000000
70623  -46.025  21.233  58.493 0.0000000000
73118  -46.706  24.189  56.571 0.0000000000
58571  -30.689  7.436  70.240 0.0000000000
57682  -30.669  6.611  70.034 0.0000000000
61325  -38.097  11.011  68.769 0.0000000000
62146  -38.312  11.363  67.814 0.0000000000
62153  -39.316  11.900  66.554 0.0000000000
62163  -40.361  11.896  65.246 0.0000000000
47173  -19.200  -4.090  83.587 0.0000000000
46251  -17.178  -5.312  84.727 0.0000000000
46250  -16.433  -5.824  84.366 0.0000000000
45393  -15.486  -6.898  83.811 0.0000000000
43501  -14.865  -7.842  83.181 0.0000000000
42584  -15.064  -8.993  81.984 0.0000000000
39741  -7.515  -12.045  87.321 0.0000000000
103794  -36.604  1.772  76.678 0.0000000000
54001  -37.872  1.443  77.502 0.0000000000
53990  -38.888  2.399  78.411 0.0000000000
55787  -39.196  4.132  78.218 0.0000000000
54851  -27.181  4.092  79.634 0.0000000000
54839  -27.818  4.385  80.225 0.0000000000
55775  -28.685  4.458  80.094 0.0000000000
121575  -28.870  4.425  79.567 0.0000000000
54853  -29.536  4.443  79.869 0.0000000000
103052  -30.998  4.303  79.070 0.0000000000
54829  -32.647  3.547  81.393 0.0000000000
103053  -32.205  3.797  79.944 0.0000000000
103005  -32.347  3.794  79.159 0.0000000000
54869  -31.749  4.079  78.633 0.0000000000
54870  -32.475  3.758  78.344 0.0000000000
54871  -33.263  3.373  78.072 0.0000000000
53985  -34.079  2.971  77.812 0.0000000000
55751  -27.682  4.470  81.796 0.0000000000
62985  -37.343  12.283  61.076 0.0000000000
63870  -38.133  13.278  61.483 0.0000000000
111982  -37.438  13.160  60.312 0.0000000000
64875  -40.965  14.858  61.699 0.0000000000
65841  -39.714  15.150  60.934 0.0000000000
64886  -39.124  15.264  60.312 0.0000000000
65852  -38.689  15.172  59.711 0.0000000000
65875  -39.068  15.486  57.993 0.0000000000
122955  -39.398  15.616  57.393 0.0000000000
66776  -40.205  16.351  58.477 0.0000000000
123087  -40.037  16.338  57.818 0.0000000000
65896  -40.028  15.846  56.224 0.0000000000
66799  -40.581  16.330  55.621 0.0000000000
67642  -42.518  17.938  57.841 0.0000000000
67620  -44.627  17.649  59.559 0.0000000000
68395  -45.012  18.256  59.164 0.0000000000
68405  -45.379  18.901  58.853 0.0000000000
69143  -45.608  19.611  58.664 0.0000000000
57664  -32.202  6.462  72.556 0.0000000000
58563  -31.851  7.364  72.881 0.0000000000
58567  -31.127  7.536  71.497 0.0000000000
60364  -32.139  10.012  73.460 0.0000000000
60374  -32.006  10.004  72.622 0.0000000000
60373  -31.649  9.456  72.429 0.0000000000
123481  -31.492  9.259  71.796 0.0000000000
58566  -30.837  7.935  70.773 0.0000000000
59493  -30.706  8.142  70.002 0.0000000000
59508  -30.655  8.257  69.113 0.0000000000
60415  -31.551  9.424  69.259 0.0000000000
117616  -30.771  8.565  68.596 0.0000000000
59509  -30.964  8.825  68.083 0.0000000000
60435  -31.715  9.314  67.708 0.0000000000
60454  -31.807  9.155  66.778 0.0000000000
60455  -32.518  9.428  67.175 0.0000000000
60457  -34.794  9.497  67.985 0.0000000000
61324  -37.387  10.376  68.666 0.0000000000
60388  -36.740  9.775  71.345 0.0000000000
60403  -37.234  9.741  70.782 0.0000000000
110230  -36.981  9.728  70.117 0.0000000000
61295  -38.543  10.285  71.142 0.0000000000
112752  -37.551  10.005  70.178 0.0000000000
61313  -37.774  10.425  69.493 0.0000000000
47222  -21.999  -3.849  79.786 0.0000000000
47240  -21.223  -4.178  79.412 0.0000000000
47202  -21.349  -3.980  81.136 0.0000000000
47237  -18.468  -5.054  79.729 0.0000000000
70655  -49.172  21.104  52.769 0.0000000000
69874  -48.774  20.630  52.397 0.0000000000
109541  -37.685  1.963  76.260 0.0000000000
114053  -37.784  3.286  75.539 0.0000000000
55820  -37.373  3.838  75.226 0.0000000000
56697  -37.367  5.881  77.090 0.0000000000
56721  -36.336  4.752  74.987 0.0000000000
58551  -32.717  8.201  75.016 0.0000000000
60351  -32.532  9.640  75.248 0.0000000000
60337  -33.523  9.590  77.436 0.0000000000
61224  -33.458  10.521  76.618 0.0000000000
61235  -33.347  10.693  75.815 0.0000000000
62078  -33.943  11.222  75.560 0.0000000000
54879  -26.682  3.586  78.255 0.0000000000
54891  -26.789  3.514  77.311 0.0000000000
54018  -26.298  2.814  75.895 0.0000000000
54030  -26.112  2.562  74.811 0.0000000000
103241  -29.621  3.852  76.666 0.0000000000
117353  -29.024  3.716  75.999 0.0000000000
104057  -29.243  3.636  75.084 0.0000000000
54911  -28.500  3.591  74.737 0.0000000000
54902  -28.378  3.637  75.427 0.0000000000
104018  -27.657  3.502  74.805 0.0000000000
54031  -26.797  3.144  74.281 0.0000000000
121997  -25.149  -3.470  80.046 0.0000000000
49185  -26.419  -2.457  79.554 0.0000000000
102968  -26.245  -2.033  78.913 0.0000000000
48246  -24.408  -3.543  78.704 0.0000000000
117635  -23.035  -3.940  76.775 0.0000000000
67652  -41.111  17.081  55.301 0.0000000000
67658  -41.553  17.497  54.667 0.0000000000
68423  -41.530  18.123  55.261 0.0000000000
67659  -41.956  17.706  54.114 0.0000000000
109450  -42.237  18.177  54.027 0.0000000000
68437  -42.793  18.395  53.758 0.0000000000
70633  -43.730  21.275  56.030 0.0000000000
115165  -43.226  20.730  55.619 0.0000000000
69860  -42.769  20.199  55.011 0.0000000000
68438  -43.590  18.744  53.488 0.0000000000
68439  -44.499  18.719  53.136 0.0000000000
69871  -46.200  19.885  52.737 0.0000000000
71478  -47.902  21.953  53.482 0.0000000000
71479  -48.793  22.143  53.532 0.0000000000
42537  -13.475  -8.999  86.254 0.0000000000
117464  -13.153  -9.207  86.759 0.0000000000
40782  -11.967  -11.061  84.029 0.0000000000
40781  -11.351  -11.620  84.366 0.0000000000
56773  -30.983  5.141  69.895 0.0000000000
60469  -32.587  9.314  66.390 0.0000000000
60480  -33.348  9.385  66.002 0.0000000000
59552  -34.009  9.397  65.492 0.0000000000
60491  -34.651  9.413  64.874 0.0000000000
61345  -36.805  10.324  66.279 0.0000000000
122266  -35.916  9.711  64.881 0.0000000000
60502  -35.705  9.575  63.683 0.0000000000
109582  -36.150  9.757  63.103 0.0000000000
60513  -36.670  10.124  62.862 0.0000000000
102940  -37.236  10.857  61.960 0.0000000000
62186  -38.085  11.825  62.289 0.0000000000
62171  -40.650  11.881  64.503 0.0000000000
43453  -14.468  -8.292  87.026 0.0000000000
122636  -14.921  -7.898  86.798 0.0000000000
42538  -14.034  -8.578  86.431 0.0000000000
41642  -12.891  -9.809  83.991 0.0000000000
42583  -14.464  -9.307  82.543 0.0000000000
41593  -11.861  -9.748  87.305 0.0000000000
42508  -11.199  -9.522  89.024 0.0000000000
42507  -10.359  -9.610  88.998 0.0000000000
107856  -10.242  -10.381  86.416 0.0000000000
42489  -8.274  -9.248  89.462 0.0000000000
43438  -7.364  -8.887  89.014 0.0000000000
39751  -6.580  -11.452  87.095 0.0000000000
49186  -26.852  -1.989  80.219 0.0000000000
52166  -25.975  0.160  78.602 0.0000000000
53984  -26.054  3.155  78.658 0.0000000000
54912  -29.686  3.564  74.411 0.0000000000
58610  -30.534  7.511  66.857 0.0000000000
69839  -46.716  20.284  59.212 0.0000000000
107387  -19.833  -4.187  81.927 0.0000000000
109237  -25.402  0.084  75.999 0.0000000000
116197  -30.991  8.919  68.872 0.0000000000
116614  -40.229  14.853  61.459 0.0000000000
117434  -29.708  4.194  77.954 0.0000000000
119170  -33.266  9.997  76.858 0.0000000000
122680  -30.857  5.821  70.159 0.0000000000
