#!ascii label  , from subject sub-v2s16x51236_ses-1 vox2ras=TkReg
943
89100  39.470  50.002  38.729 0.0000000000
107462  43.354  51.307  40.432 0.0000000000
84854  46.956  41.721  43.607 0.0000000000
87936  35.058  47.610  41.442 0.0000000000
86434  38.533  44.620  42.374 0.0000000000
88588  41.786  47.081  31.763 0.0000000000
91078  39.165  53.710  44.073 0.0000000000
93115  43.195  58.800  42.217 0.0000000000
83740  40.789  39.866  45.964 0.0000000000
115490  39.900  39.757  40.856 0.0000000000
89098  45.274  48.917  37.605 0.0000000000
87921  43.274  47.183  43.206 0.0000000000
88468  47.501  48.510  45.008 0.0000000000
86867  42.579  45.255  45.857 0.0000000000
94055  38.897  60.136  38.586 0.0000000000
91120  44.024  54.378  37.021 0.0000000000
85443  42.799  42.494  39.413 0.0000000000
89074  37.284  49.180  40.130 0.0000000000
87427  36.734  46.226  42.263 0.0000000000
87932  39.013  47.979  41.651 0.0000000000
89143  40.468  49.015  35.393 0.0000000000
89116  36.499  49.063  37.256 0.0000000000
92150  37.543  55.276  43.469 0.0000000000
83147  37.816  38.468  47.675 0.0000000000
83153  37.662  38.303  45.099 0.0000000000
81867  36.986  36.467  47.504 0.0000000000
93157  37.656  57.523  34.890 0.0000000000
90102  47.008  50.405  38.372 0.0000000000
105355  47.190  48.688  40.540 0.0000000000
89588  45.711  50.411  42.184 0.0000000000
87861  39.485  47.262  49.435 0.0000000000
87355  43.144  46.943  49.417 0.0000000000
86860  40.402  45.848  46.615 0.0000000000
85904  39.400  43.271  45.485 0.0000000000
91617  41.364  54.883  41.311 0.0000000000
105088  43.717  57.083  39.725 0.0000000000
90607  43.391  53.193  38.219 0.0000000000
90121  45.856  51.015  36.142 0.0000000000
86873  44.945  45.139  44.247 0.0000000000
121368  42.062  44.625  42.499 0.0000000000
85423  45.039  42.225  41.318 0.0000000000
85932  36.554  43.292  42.709 0.0000000000
85437  37.933  42.391  41.952 0.0000000000
90149  42.635  52.499  30.981 0.0000000000
89656  39.026  49.761  33.522 0.0000000000
90594  40.167  52.600  42.020 0.0000000000
89055  42.522  49.417  43.187 0.0000000000
94050  35.851  59.038  39.121 0.0000000000
112411  39.814  60.701  40.237 0.0000000000
92636  41.924  56.696  45.489 0.0000000000
84294  43.318  40.752  45.210 0.0000000000
84322  43.273  40.581  42.000 0.0000000000
83762  40.439  39.698  42.889 0.0000000000
83170  37.627  38.225  42.368 0.0000000000
102245  41.511  49.809  38.320 0.0000000000
113889  41.417  48.703  41.267 0.0000000000
88508  44.764  48.702  40.579 0.0000000000
108625  46.792  47.506  43.555 0.0000000000
86865  48.249  44.520  46.125 0.0000000000
88454  44.862  48.228  45.612 0.0000000000
87399  46.258  46.470  48.787 0.0000000000
86398  45.791  43.622  46.311 0.0000000000
85399  42.298  42.064  45.551 0.0000000000
84840  39.947  40.848  46.467 0.0000000000
123278  36.342  60.506  37.058 0.0000000000
92690  38.009  55.958  37.336 0.0000000000
92192  40.333  56.185  39.005 0.0000000000
91133  41.229  53.746  36.100 0.0000000000
90138  42.926  50.878  33.716 0.0000000000
89141  44.536  48.426  34.767 0.0000000000
87424  40.342  46.532  42.497 0.0000000000
86443  39.853  44.014  41.746 0.0000000000
123546  38.981  41.606  39.609 0.0000000000
84348  43.300  41.451  38.697 0.0000000000
89087  37.745  49.593  39.504 0.0000000000
88515  37.904  48.759  40.734 0.0000000000
89072  38.984  49.437  40.123 0.0000000000
89112  40.089  49.979  37.446 0.0000000000
116980  38.245  49.346  36.551 0.0000000000
102031  38.098  49.976  38.315 0.0000000000
89103  36.525  49.486  38.337 0.0000000000
83144  37.678  38.315  48.531 0.0000000000
82511  37.231  37.598  47.812 0.0000000000
81855  37.508  36.855  49.230 0.0000000000
84336  36.493  40.484  40.943 0.0000000000
90090  44.248  51.282  39.943 0.0000000000
89603  46.652  50.516  40.539 0.0000000000
89598  44.001  50.621  41.565 0.0000000000
107331  38.373  46.626  48.819 0.0000000000
109744  39.913  46.562  48.486 0.0000000000
90601  41.645  52.867  39.755 0.0000000000
91638  42.356  54.345  39.249 0.0000000000
90600  42.572  52.578  39.157 0.0000000000
90104  44.673  51.911  37.883 0.0000000000
85916  46.658  42.713  43.901 0.0000000000
85918  44.307  43.572  42.945 0.0000000000
85422  45.967  41.915  42.047 0.0000000000
87438  34.457  47.116  41.790 0.0000000000
87429  34.969  46.340  42.283 0.0000000000
87426  37.678  46.301  42.271 0.0000000000
86435  36.655  44.789  42.635 0.0000000000
116779  37.544  44.599  42.523 0.0000000000
85424  37.289  42.786  42.377 0.0000000000
85930  38.105  43.203  42.237 0.0000000000
115380  42.752  49.651  31.106 0.0000000000
89654  40.700  50.424  32.460 0.0000000000
89161  40.364  48.654  32.474 0.0000000000
88518  34.353  48.346  40.388 0.0000000000
110699  33.784  47.515  41.347 0.0000000000
105327  40.139  53.040  43.974 0.0000000000
90084  40.373  51.249  43.325 0.0000000000
90076  39.958  51.519  44.242 0.0000000000
91589  37.919  55.220  44.800 0.0000000000
92141  39.789  56.095  44.905 0.0000000000
91579  40.298  55.422  45.002 0.0000000000
91588  41.341  54.898  44.743 0.0000000000
84295  42.272  40.560  45.418 0.0000000000
84312  42.117  40.125  44.096 0.0000000000
117541  40.559  39.630  44.500 0.0000000000
82520  37.073  37.677  44.672 0.0000000000
83163  37.660  38.269  43.259 0.0000000000
82529  36.798  37.173  43.358 0.0000000000
102446  43.837  49.276  37.592 0.0000000000
89082  42.815  49.407  39.393 0.0000000000
89068  44.944  48.807  39.601 0.0000000000
88484  47.500  49.298  42.994 0.0000000000
88486  46.879  48.168  42.169 0.0000000000
111517  47.445  47.911  43.720 0.0000000000
87413  46.866  45.904  44.819 0.0000000000
87411  47.773  46.767  45.954 0.0000000000
88474  41.803  48.588  44.910 0.0000000000
117592  43.493  48.482  44.434 0.0000000000
88455  43.293  48.068  46.697 0.0000000000
87402  42.728  46.274  47.623 0.0000000000
87353  44.664  47.045  49.365 0.0000000000
87400  45.576  45.912  47.798 0.0000000000
86391  46.591  44.561  46.996 0.0000000000
86399  44.185  44.166  45.803 0.0000000000
116190  43.818  42.490  45.626 0.0000000000
85901  42.218  43.827  45.393 0.0000000000
118788  38.217  42.122  46.006 0.0000000000
84851  40.006  41.634  45.915 0.0000000000
94065  37.017  59.854  37.717 0.0000000000
93150  36.678  57.415  37.233 0.0000000000
93145  37.819  57.433  38.434 0.0000000000
93593  40.821  59.346  41.019 0.0000000000
94457  40.873  61.972  40.257 0.0000000000
94031  43.428  61.057  41.121 0.0000000000
92198  43.430  55.853  38.292 0.0000000000
92669  42.665  57.175  39.270 0.0000000000
92209  41.887  55.430  37.809 0.0000000000
92210  40.670  55.197  37.792 0.0000000000
91132  42.208  53.649  36.321 0.0000000000
90634  41.865  52.466  34.743 0.0000000000
90626  43.776  53.056  36.077 0.0000000000
89125  46.256  48.793  35.971 0.0000000000
89140  45.305  48.666  35.066 0.0000000000
89127  44.710  48.669  35.578 0.0000000000
102445  42.863  49.447  36.557 0.0000000000
121829  42.463  48.058  42.266 0.0000000000
88490  41.290  48.216  41.975 0.0000000000
87422  41.898  47.156  42.812 0.0000000000
116123  42.298  43.611  41.341 0.0000000000
86441  41.578  44.328  41.909 0.0000000000
85947  41.661  42.954  40.374 0.0000000000
85435  39.710  42.869  41.029 0.0000000000
85452  40.658  42.293  39.224 0.0000000000
119296  41.398  40.287  41.399 0.0000000000
84343  43.699  41.155  39.683 0.0000000000
84345  41.599  40.472  39.338 0.0000000000
118115  35.919  48.452  40.708 0.0000000000
87436  36.319  46.925  41.922 0.0000000000
88503  36.680  48.206  41.079 0.0000000000
87934  37.663  47.175  41.897 0.0000000000
87930  38.435  46.844  42.164 0.0000000000
88571  40.292  47.084  33.573 0.0000000000
120309  35.747  49.124  39.460 0.0000000000
83737  39.263  39.284  46.183 0.0000000000
83742  39.189  39.158  45.185 0.0000000000
83150  37.755  38.371  46.069 0.0000000000
82516  36.762  37.099  46.203 0.0000000000
89108  47.056  49.091  37.440 0.0000000000
88525  47.112  48.677  39.231 0.0000000000
89602  47.525  49.852  39.771 0.0000000000
89587  47.111  50.088  41.980 0.0000000000
89052  46.695  49.925  43.507 0.0000000000
88409  41.201  48.346  48.212 0.0000000000
88430  42.068  48.242  48.097 0.0000000000
87859  41.427  47.413  49.427 0.0000000000
87386  41.378  46.633  48.748 0.0000000000
86859  41.176  45.863  46.550 0.0000000000
86402  41.343  44.509  45.500 0.0000000000
86403  39.799  44.657  45.695 0.0000000000
85905  38.455  43.654  45.664 0.0000000000
85390  37.487  42.290  46.113 0.0000000000
114501  40.410  62.345  39.198 0.0000000000
115363  43.815  57.592  42.780 0.0000000000
92649  44.393  58.513  41.759 0.0000000000
114140  43.471  56.544  40.031 0.0000000000
91637  43.318  54.913  38.457 0.0000000000
91112  44.148  54.186  37.073 0.0000000000
90625  44.514  52.763  36.300 0.0000000000
90114  45.067  52.259  36.898 0.0000000000
90112  46.645  50.628  37.329 0.0000000000
87415  44.267  45.961  43.992 0.0000000000
122599  42.515  45.891  43.372 0.0000000000
86419  43.902  44.538  43.530 0.0000000000
85927  43.862  43.224  41.916 0.0000000000
85433  43.955  42.432  40.320 0.0000000000
83780  39.068  39.314  39.951 0.0000000000
83786  40.653  40.151  39.228 0.0000000000
85919  34.981  43.651  43.233 0.0000000000
86888  36.284  45.536  42.495 0.0000000000
86436  35.479  44.212  43.036 0.0000000000
110221  35.814  42.501  42.801 0.0000000000
85425  36.598  42.413  42.484 0.0000000000
84876  37.144  41.883  42.062 0.0000000000
84335  37.214  40.820  40.781 0.0000000000
114824  42.117  53.406  31.285 0.0000000000
90140  39.932  51.964  33.064 0.0000000000
90087  41.349  51.585  41.226 0.0000000000
114006  42.997  50.656  41.597 0.0000000000
89600  41.294  50.884  41.864 0.0000000000
89579  41.032  50.099  43.123 0.0000000000
89037  40.602  49.771  44.886 0.0000000000
89002  40.334  49.035  46.467 0.0000000000
118442  39.072  48.618  47.427 0.0000000000
94048  37.667  59.706  39.524 0.0000000000
93595  38.837  58.449  40.343 0.0000000000
93116  41.398  58.099  41.629 0.0000000000
92643  42.926  57.215  44.399 0.0000000000
92148  42.808  56.131  44.248 0.0000000000
91618  40.664  54.199  41.897 0.0000000000
84855  45.895  41.105  44.262 0.0000000000
84309  45.332  40.914  42.479 0.0000000000
84310  44.073  40.589  43.272 0.0000000000
109378  42.460  40.329  42.995 0.0000000000
83770  40.196  39.741  42.159 0.0000000000
83746  39.102  39.140  44.139 0.0000000000
83764  38.908  39.215  42.273 0.0000000000
123245  38.858  39.210  41.511 0.0000000000
102235  40.344  49.979  38.435 0.0000000000
118753  40.621  49.434  40.082 0.0000000000
89083  41.845  49.603  39.273 0.0000000000
88509  43.395  48.819  40.835 0.0000000000
88488  44.333  48.139  42.192 0.0000000000
88507  46.267  48.519  40.558 0.0000000000
88487  45.707  48.062  42.168 0.0000000000
87920  44.219  47.270  43.313 0.0000000000
87414  45.313  45.967  44.371 0.0000000000
113992  46.705  44.268  44.794 0.0000000000
85907  47.889  42.257  45.172 0.0000000000
89062  43.471  49.850  42.588 0.0000000000
88479  45.134  49.098  44.052 0.0000000000
88453  46.111  48.687  45.845 0.0000000000
87903  44.084  48.021  48.165 0.0000000000
87879  45.965  47.418  48.944 0.0000000000
87900  47.176  47.931  47.305 0.0000000000
86854  47.933  44.961  47.623 0.0000000000
85892  48.091  43.384  46.554 0.0000000000
115673  47.159  41.793  45.492 0.0000000000
85397  44.600  41.683  45.617 0.0000000000
84848  42.734  41.011  45.636 0.0000000000
114184  41.912  40.675  45.710 0.0000000000
85400  41.182  42.524  45.465 0.0000000000
84850  40.830  41.565  45.778 0.0000000000
84291  40.365  39.922  46.475 0.0000000000
83734  39.355  39.848  47.279 0.0000000000
93629  35.974  58.214  36.157 0.0000000000
92697  37.165  56.891  36.360 0.0000000000
92234  38.666  55.830  35.832 0.0000000000
93602  43.268  60.010  40.326 0.0000000000
93135  39.340  57.503  39.255 0.0000000000
92684  39.332  56.013  38.847 0.0000000000
91653  39.296  55.062  36.909 0.0000000000
91681  40.132  54.588  35.426 0.0000000000
91156  41.580  52.997  34.014 0.0000000000
90148  43.133  51.379  31.613 0.0000000000
89168  43.690  48.169  31.968 0.0000000000
90128  44.637  50.515  35.173 0.0000000000
115314  44.232  48.238  34.243 0.0000000000
88569  43.215  47.348  33.234 0.0000000000
89142  41.807  49.100  35.327 0.0000000000
102429  40.835  49.840  36.912 0.0000000000
116201  40.018  48.794  41.097 0.0000000000
87928  40.086  47.395  42.249 0.0000000000
114642  39.512  46.060  42.416 0.0000000000
86884  41.465  45.791  42.907 0.0000000000
86432  40.636  44.965  42.265 0.0000000000
86433  39.388  44.591  42.189 0.0000000000
85436  38.809  42.817  41.645 0.0000000000
84884  38.394  42.029  41.315 0.0000000000
84883  44.653  41.699  40.482 0.0000000000
85441  44.331  41.861  39.829 0.0000000000
85449  43.551  42.047  38.768 0.0000000000
84350  41.760  40.563  38.155 0.0000000000
85451  42.034  42.186  38.189 0.0000000000
81203  38.668  35.884  49.177 0.0000000000
115201  38.378  35.212  47.144 0.0000000000
89101  38.716  49.960  38.878 0.0000000000
89073  38.186  49.315  40.149 0.0000000000
89085  39.254  49.749  39.469 0.0000000000
102087  39.569  50.101  37.987 0.0000000000
89113  39.079  49.858  37.092 0.0000000000
89114  38.847  50.081  38.079 0.0000000000
119038  38.103  49.864  39.011 0.0000000000
82509  37.298  37.363  48.715 0.0000000000
89605  44.214  50.947  40.809 0.0000000000
90596  42.156  52.201  39.929 0.0000000000
90094  43.122  51.805  39.663 0.0000000000
85414  47.278  41.962  43.851 0.0000000000
85415  46.778  41.926  42.944 0.0000000000
87437  35.429  46.999  41.856 0.0000000000
86886  38.102  45.424  42.434 0.0000000000
109559  38.124  43.969  42.386 0.0000000000
117745  42.482  48.127  31.343 0.0000000000
103363  41.600  48.312  31.692 0.0000000000
88012  40.538  47.189  32.294 0.0000000000
88504  35.129  48.210  40.927 0.0000000000
87937  34.405  47.852  41.151 0.0000000000
106730  40.069  53.627  44.191 0.0000000000
90580  39.853  52.515  44.065 0.0000000000
91063  38.348  54.876  44.748 0.0000000000
91580  39.006  55.428  44.826 0.0000000000
91062  39.618  54.642  44.536 0.0000000000
91061  40.647  54.433  44.473 0.0000000000
84296  41.423  40.259  45.703 0.0000000000
83739  41.145  39.838  45.277 0.0000000000
83744  40.522  39.628  45.354 0.0000000000
82521  36.670  36.908  44.169 0.0000000000
104451  43.832  49.249  38.579 0.0000000000
89081  45.137  48.870  38.660 0.0000000000
89034  47.437  49.039  44.466 0.0000000000
88477  47.499  48.550  43.229 0.0000000000
88476  47.533  48.525  44.083 0.0000000000
87915  47.519  47.625  44.843 0.0000000000
87910  47.603  47.817  45.666 0.0000000000
88456  41.660  48.571  45.964 0.0000000000
110928  42.520  48.224  45.666 0.0000000000
101781  42.330  48.270  46.861 0.0000000000
86857  43.181  45.767  46.648 0.0000000000
87401  44.006  46.325  48.092 0.0000000000
107941  44.223  45.667  46.792 0.0000000000
86856  44.929  44.926  46.415 0.0000000000
86866  43.633  45.130  45.973 0.0000000000
85900  43.428  43.500  45.546 0.0000000000
86400  42.987  44.487  45.577 0.0000000000
123416  37.823  41.705  46.380 0.0000000000
94477  38.756  60.712  38.452 0.0000000000
94488  37.952  60.710  38.019 0.0000000000
94056  37.855  59.875  38.255 0.0000000000
93619  37.453  58.218  38.291 0.0000000000
93618  38.448  58.440  38.731 0.0000000000
93589  42.234  59.858  41.462 0.0000000000
93588  43.533  60.154  41.650 0.0000000000
91650  43.539  54.875  37.330 0.0000000000
92208  43.014  55.367  37.626 0.0000000000
106385  42.651  54.738  37.145 0.0000000000
91664  43.051  54.369  36.780 0.0000000000
91142  42.523  52.955  35.897 0.0000000000
89109  46.492  48.828  36.701 0.0000000000
89126  45.673  48.714  35.549 0.0000000000
89110  45.424  48.715  36.311 0.0000000000
118069  43.809  49.206  36.754 0.0000000000
87926  42.689  47.606  42.662 0.0000000000
117597  42.548  46.996  43.137 0.0000000000
85434  42.749  42.934  40.475 0.0000000000
85940  41.576  43.616  41.191 0.0000000000
85444  40.686  42.734  40.325 0.0000000000
103447  41.783  42.527  39.306 0.0000000000
115345  40.518  39.992  41.348 0.0000000000
84334  41.446  40.371  40.505 0.0000000000
83778  40.568  40.102  40.275 0.0000000000
88516  36.594  48.773  40.447 0.0000000000
102535  37.211  48.604  40.762 0.0000000000
88501  38.464  48.336  41.266 0.0000000000
88502  37.591  48.037  41.335 0.0000000000
87933  38.392  47.583  41.755 0.0000000000
88558  39.870  47.817  34.555 0.0000000000
88572  39.279  46.823  33.695 0.0000000000
89144  39.423  48.595  35.375 0.0000000000
89132  37.329  49.030  36.669 0.0000000000
88549  37.886  48.098  35.701 0.0000000000
89088  36.945  49.525  39.299 0.0000000000
89089  36.261  49.394  39.118 0.0000000000
88527  36.468  49.194  39.788 0.0000000000
121056  35.987  48.887  40.117 0.0000000000
121498  39.248  39.500  46.930 0.0000000000
83149  38.606  38.947  46.542 0.0000000000
118766  37.985  38.575  46.920 0.0000000000
82512  36.892  37.078  47.150 0.0000000000
81871  36.796  36.442  46.663 0.0000000000
81874  36.680  36.347  45.762 0.0000000000
81870  37.073  35.899  47.051 0.0000000000
93158  37.007  57.916  34.900 0.0000000000
93637  36.580  58.464  34.528 0.0000000000
89620  47.419  49.390  38.303 0.0000000000
89610  47.612  49.271  39.001 0.0000000000
89611  47.519  49.893  38.966 0.0000000000
89596  46.567  50.430  41.392 0.0000000000
118809  46.659  50.192  42.770 0.0000000000
89059  47.255  49.905  42.879 0.0000000000
88401  39.958  47.923  49.159 0.0000000000
88400  40.848  47.985  49.172 0.0000000000
87860  40.480  47.382  49.458 0.0000000000
87405  39.790  46.169  47.223 0.0000000000
87387  40.629  46.703  48.935 0.0000000000
87404  40.694  46.357  47.664 0.0000000000
87403  41.711  46.322  47.527 0.0000000000
86869  40.633  45.173  45.817 0.0000000000
86861  39.776  45.461  46.280 0.0000000000
86404  39.122  44.178  45.627 0.0000000000
85403  37.701  43.060  45.817 0.0000000000
92159  42.578  55.932  42.428 0.0000000000
92174  43.610  56.875  41.789 0.0000000000
92175  42.494  55.746  40.683 0.0000000000
91109  42.486  53.578  38.927 0.0000000000
91113  43.627  54.453  37.895 0.0000000000
90618  44.468  53.219  36.725 0.0000000000
90606  44.242  52.852  37.443 0.0000000000
90103  45.766  51.331  38.169 0.0000000000
112704  45.707  51.539  37.313 0.0000000000
89626  47.024  49.620  37.023 0.0000000000
86874  43.974  45.302  43.840 0.0000000000
86410  44.623  44.627  43.929 0.0000000000
85926  44.987  42.697  42.199 0.0000000000
85938  44.167  42.561  41.025 0.0000000000
85939  43.227  43.172  41.160 0.0000000000
119174  34.986  44.259  43.159 0.0000000000
87428  35.861  46.276  42.258 0.0000000000
116217  36.866  44.108  42.665 0.0000000000
111057  36.200  44.123  42.832 0.0000000000
85933  35.738  43.442  43.015 0.0000000000
84885  37.339  41.379  41.430 0.0000000000
123415  37.756  41.803  41.578 0.0000000000
91165  42.231  53.627  31.684 0.0000000000
90649  42.271  52.930  30.953 0.0000000000
89655  39.771  49.655  33.046 0.0000000000
109246  40.982  51.747  32.262 0.0000000000
102738  39.837  50.770  33.162 0.0000000000
90151  38.938  50.914  33.802 0.0000000000
90593  40.683  52.368  41.235 0.0000000000
90088  40.520  51.528  42.086 0.0000000000
89580  40.530  50.639  43.640 0.0000000000
89036  41.218  49.233  44.396 0.0000000000
89020  39.416  49.646  45.617 0.0000000000
88433  39.841  48.759  47.172 0.0000000000
94049  36.250  59.843  39.086 0.0000000000
115007  36.758  59.270  39.354 0.0000000000
93596  37.930  58.210  40.088 0.0000000000
93124  39.333  57.685  40.692 0.0000000000
93123  40.168  58.100  40.998 0.0000000000
92637  41.337  56.678  45.114 0.0000000000
92644  42.016  57.105  44.106 0.0000000000
118726  42.217  57.006  45.240 0.0000000000
92138  43.011  56.831  44.663 0.0000000000
92139  42.497  56.310  45.263 0.0000000000
91102  40.363  53.478  42.599 0.0000000000
91604  41.144  54.320  43.670 0.0000000000
120678  40.436  52.862  41.218 0.0000000000
84856  44.536  40.855  44.860 0.0000000000
84298  45.006  40.765  43.756 0.0000000000
84299  43.748  40.565  44.448 0.0000000000
83753  40.686  39.715  43.672 0.0000000000
84313  41.393  40.000  43.154 0.0000000000
84324  40.942  40.056  42.175 0.0000000000
83155  38.395  38.736  44.606 0.0000000000
83169  38.299  38.738  42.756 0.0000000000
83177  38.267  38.736  41.848 0.0000000000
83185  38.429  38.839  40.796 0.0000000000
83178  37.561  38.094  41.353 0.0000000000
89084  40.931  49.720  39.253 0.0000000000
118701  43.917  48.962  40.167 0.0000000000
89069  43.007  49.170  40.192 0.0000000000
88497  43.884  48.514  41.502 0.0000000000
88506  47.377  48.861  39.634 0.0000000000
119762  46.938  48.626  39.890 0.0000000000
87918  47.212  47.992  42.891 0.0000000000
87923  46.215  47.719  42.845 0.0000000000
87924  44.855  47.705  42.833 0.0000000000
87919  45.393  47.311  43.486 0.0000000000
87418  44.750  46.695  43.802 0.0000000000
87417  46.017  46.808  44.139 0.0000000000
113692  47.770  45.394  45.526 0.0000000000
86871  47.275  44.800  45.194 0.0000000000
86407  48.013  43.701  45.730 0.0000000000
89063  42.450  50.018  42.500 0.0000000000
89590  43.261  50.335  42.061 0.0000000000
88472  44.401  48.488  44.640 0.0000000000
88480  44.056  48.879  43.864 0.0000000000
88471  45.586  48.837  44.880 0.0000000000
87881  42.659  47.894  48.985 0.0000000000
87904  43.002  48.120  48.046 0.0000000000
87880  43.578  47.716  49.026 0.0000000000
87352  45.531  46.985  49.258 0.0000000000
87382  46.487  46.800  48.863 0.0000000000
87878  46.867  47.341  48.400 0.0000000000
87381  47.210  46.580  48.432 0.0000000000
87398  47.765  45.925  47.913 0.0000000000
86848  47.201  46.043  48.382 0.0000000000
86390  47.814  44.198  47.175 0.0000000000
85893  47.398  43.312  46.589 0.0000000000
116732  47.869  42.694  46.194 0.0000000000
85899  46.889  42.336  46.138 0.0000000000
85396  46.011  41.723  45.643 0.0000000000
112832  42.804  42.826  45.441 0.0000000000
85398  43.394  41.764  45.607 0.0000000000
106622  41.749  41.309  45.764 0.0000000000
107261  40.491  44.231  45.475 0.0000000000
85902  41.210  43.596  45.372 0.0000000000
85903  40.341  43.363  45.418 0.0000000000
84839  40.582  40.786  46.243 0.0000000000
119268  40.351  40.286  46.516 0.0000000000
83736  39.813  39.774  46.771 0.0000000000
94923  37.224  61.758  37.246 0.0000000000
95321  37.386  62.806  37.053 0.0000000000
94493  36.454  61.046  36.860 0.0000000000
93627  35.844  59.400  36.736 0.0000000000
120228  37.087  56.941  37.432 0.0000000000
92692  36.892  56.983  36.933 0.0000000000
92691  37.343  56.512  37.079 0.0000000000
92696  37.944  56.247  36.289 0.0000000000
92220  38.603  55.576  36.665 0.0000000000
92657  44.199  57.984  40.753 0.0000000000
93122  44.309  59.038  41.257 0.0000000000
107208  43.641  57.544  39.818 0.0000000000
92683  41.580  56.493  38.910 0.0000000000
93134  41.588  58.299  39.565 0.0000000000
109816  40.907  57.061  39.333 0.0000000000
92670  39.735  56.770  39.248 0.0000000000
92671  38.861  56.651  39.003 0.0000000000
111290  40.973  54.253  36.678 0.0000000000
92211  39.599  55.224  37.693 0.0000000000
91652  40.215  54.626  37.031 0.0000000000
91667  39.780  54.678  36.304 0.0000000000
91666  40.481  54.137  35.954 0.0000000000
91144  41.102  53.507  35.024 0.0000000000
91143  41.549  53.111  35.464 0.0000000000
90642  42.317  51.749  34.213 0.0000000000
89653  43.288  50.626  31.141 0.0000000000
89646  43.650  49.446  33.121 0.0000000000
90122  45.142  51.671  35.894 0.0000000000
90127  45.573  50.494  35.648 0.0000000000
88568  43.875  47.541  33.135 0.0000000000
89152  44.020  47.861  34.022 0.0000000000
89153  42.534  48.169  34.288 0.0000000000
110162  43.317  48.568  34.799 0.0000000000
116273  42.628  49.618  37.541 0.0000000000
89128  41.795  49.579  36.353 0.0000000000
89111  41.681  49.792  37.269 0.0000000000
123425  40.854  49.928  37.720 0.0000000000
88511  41.409  49.165  40.521 0.0000000000
88512  40.131  49.210  40.556 0.0000000000
115251  40.717  49.000  40.844 0.0000000000
87927  41.048  47.446  42.439 0.0000000000
88491  40.576  47.997  42.044 0.0000000000
115426  39.627  46.794  42.349 0.0000000000
86876  42.146  45.370  43.088 0.0000000000
86442  40.699  44.196  41.674 0.0000000000
115218  40.069  44.604  41.999 0.0000000000
85929  38.929  43.775  42.075 0.0000000000
85942  39.522  43.378  41.533 0.0000000000
84892  39.511  41.976  39.937 0.0000000000
85446  39.153  42.280  40.883 0.0000000000
84893  38.708  41.735  40.489 0.0000000000
84903  38.379  41.267  39.937 0.0000000000
84321  44.308  40.723  42.144 0.0000000000
84875  45.167  41.310  41.476 0.0000000000
84331  44.360  40.946  41.088 0.0000000000
84890  44.262  41.644  39.794 0.0000000000
84891  43.818  41.824  39.152 0.0000000000
84898  43.243  41.854  38.447 0.0000000000
83795  40.530  40.073  37.522 0.0000000000
83794  40.842  40.230  38.214 0.0000000000
84357  41.662  40.741  36.998 0.0000000000
88514  38.712  48.958  40.701 0.0000000000
88500  39.253  48.576  41.200 0.0000000000
89130  39.914  49.581  36.321 0.0000000000
89131  38.833  49.142  36.001 0.0000000000
89115  37.332  49.658  37.750 0.0000000000
89102  37.457  49.762  38.716 0.0000000000
81863  37.021  37.001  47.922 0.0000000000
81862  37.269  36.529  48.362 0.0000000000
90092  45.585  51.126  39.221 0.0000000000
89612  46.800  50.542  39.514 0.0000000000
89604  45.422  50.889  40.252 0.0000000000
89597  45.313  50.650  41.258 0.0000000000
122440  44.814  50.458  41.799 0.0000000000
87359  38.687  46.974  49.332 0.0000000000
87357  40.155  46.920  49.269 0.0000000000
121696  38.823  46.723  48.985 0.0000000000
87406  39.032  45.815  46.831 0.0000000000
91630  40.814  53.949  40.751 0.0000000000
91629  41.731  54.613  40.100 0.0000000000
91110  41.477  53.656  39.870 0.0000000000
90599  43.592  52.233  38.575 0.0000000000
90093  44.344  51.600  38.923 0.0000000000
86409  45.782  44.089  44.310 0.0000000000
86418  45.046  43.756  43.677 0.0000000000
85917  45.702  42.682  42.902 0.0000000000
86887  37.169  45.485  42.455 0.0000000000
85931  37.400  43.671  42.510 0.0000000000
90159  42.757  51.949  30.712 0.0000000000
90150  42.177  52.577  31.060 0.0000000000
89171  41.713  50.004  31.738 0.0000000000
87940  33.658  47.949  40.703 0.0000000000
87439  33.483  46.961  41.861 0.0000000000
115046  40.222  52.880  43.460 0.0000000000
90592  40.190  52.024  43.390 0.0000000000
90579  40.116  51.855  44.017 0.0000000000
92142  37.720  55.207  44.749 0.0000000000
92149  38.460  55.523  44.140 0.0000000000
92133  38.703  55.413  44.772 0.0000000000
92132  39.980  55.950  45.105 0.0000000000
92131  41.112  56.023  45.490 0.0000000000
92130  41.854  55.893  45.472 0.0000000000
91578  41.176  55.387  45.164 0.0000000000
91095  40.649  53.827  44.051 0.0000000000
84300  42.716  40.377  44.839 0.0000000000
84301  41.883  40.097  45.101 0.0000000000
112407  41.300  39.856  44.319 0.0000000000
83156  37.659  38.280  44.159 0.0000000000
82528  37.110  37.697  43.751 0.0000000000
82535  37.158  37.665  42.910 0.0000000000
89099  42.664  49.568  38.498 0.0000000000
114508  43.862  49.129  39.465 0.0000000000
88493  47.512  49.386  42.180 0.0000000000
88494  47.245  48.628  41.567 0.0000000000
88485  47.427  48.563  42.429 0.0000000000
87916  47.195  47.127  44.417 0.0000000000
87412  47.626  46.351  45.360 0.0000000000
87409  48.118  45.478  46.324 0.0000000000
88482  42.037  48.835  44.001 0.0000000000
88481  43.017  48.793  43.822 0.0000000000
88473  42.675  48.426  44.652 0.0000000000
101934  43.606  48.135  45.405 0.0000000000
118733  43.126  46.614  48.971 0.0000000000
87384  43.980  46.863  49.277 0.0000000000
87383  45.073  46.735  49.130 0.0000000000
86855  47.088  45.407  47.904 0.0000000000
115183  44.936  42.743  45.881 0.0000000000
110086  39.454  42.392  45.663 0.0000000000
84852  39.172  41.677  46.104 0.0000000000
95320  38.256  62.768  37.854 0.0000000000
94922  38.082  61.621  37.867 0.0000000000
110627  36.313  58.980  37.359 0.0000000000
114164  37.125  58.998  38.044 0.0000000000
93149  37.137  57.395  37.906 0.0000000000
92686  37.598  56.619  37.939 0.0000000000
94038  40.357  60.185  40.517 0.0000000000
94037  41.693  61.252  40.707 0.0000000000
92190  43.565  56.252  38.898 0.0000000000
92668  43.505  56.565  39.003 0.0000000000
92682  42.823  56.283  38.550 0.0000000000
92200  41.341  55.820  38.417 0.0000000000
92201  39.967  55.590  38.436 0.0000000000
91651  41.523  54.741  37.304 0.0000000000
90633  42.774  52.128  35.355 0.0000000000
90129  43.278  51.130  34.842 0.0000000000
89633  46.167  49.598  35.840 0.0000000000
89638  45.564  49.319  35.344 0.0000000000
89139  45.847  48.804  35.584 0.0000000000
103864  43.120  49.073  35.587 0.0000000000
88498  42.184  48.396  41.809 0.0000000000
113124  41.923  47.861  42.364 0.0000000000
87423  41.226  46.502  42.779 0.0000000000
85928  42.593  43.898  41.955 0.0000000000
85941  40.513  43.442  41.127 0.0000000000
85445  39.886  42.465  40.333 0.0000000000
84323  42.091  40.388  41.939 0.0000000000
84332  43.401  40.730  40.902 0.0000000000
84333  42.414  40.567  40.681 0.0000000000
84344  42.662  40.770  39.430 0.0000000000
87935  35.910  47.734  41.395 0.0000000000
106411  36.873  47.479  41.602 0.0000000000
87435  37.059  46.823  42.023 0.0000000000
87425  38.630  46.108  42.370 0.0000000000
88001  40.830  46.782  32.684 0.0000000000
88011  40.860  46.835  32.317 0.0000000000
89145  38.633  48.023  35.292 0.0000000000
89104  35.665  49.199  38.629 0.0000000000
88517  35.188  48.720  40.041 0.0000000000
92143  36.906  55.079  44.413 0.0000000000
83741  40.059  39.544  45.932 0.0000000000
83152  38.466  38.796  45.587 0.0000000000
82515  37.253  37.812  46.767 0.0000000000
82517  37.113  37.700  45.658 0.0000000000
82518  36.658  37.014  45.226 0.0000000000
89097  46.645  48.798  37.842 0.0000000000
89096  47.283  48.887  38.506 0.0000000000
88524  47.469  48.909  39.124 0.0000000000
89067  47.560  49.306  40.198 0.0000000000
89595  47.285  49.988  40.862 0.0000000000
89065  47.499  49.360  41.194 0.0000000000
89051  47.253  49.654  43.505 0.0000000000
89035  47.085  49.455  44.278 0.0000000000
88431  41.483  48.517  47.057 0.0000000000
88399  41.762  47.935  49.072 0.0000000000
118702  42.507  47.008  49.500 0.0000000000
87356  41.140  46.962  49.392 0.0000000000
105248  41.977  46.883  49.345 0.0000000000
123451  42.607  46.810  49.283 0.0000000000
86858  42.142  45.845  46.539 0.0000000000
86401  42.124  44.715  45.553 0.0000000000
86868  41.626  45.276  45.829 0.0000000000
105459  39.804  43.947  45.473 0.0000000000
85402  38.695  42.721  45.668 0.0000000000
94476  40.038  61.435  38.851 0.0000000000
93109  43.627  57.912  42.907 0.0000000000
93114  44.116  59.123  42.225 0.0000000000
115645  44.228  58.435  42.348 0.0000000000
92650  44.284  57.813  41.807 0.0000000000
92191  43.136  55.512  39.230 0.0000000000
118954  43.481  55.646  38.389 0.0000000000
91643  43.811  54.751  37.406 0.0000000000
91130  44.181  53.633  36.689 0.0000000000
90617  45.090  52.094  36.440 0.0000000000
90113  45.895  51.355  36.718 0.0000000000
89632  46.553  50.092  36.463 0.0000000000
89124  46.676  49.093  36.549 0.0000000000
87419  43.788  46.623  43.573 0.0000000000
87420  42.932  46.380  43.440 0.0000000000
115481  43.530  45.947  43.721 0.0000000000
86875  43.072  45.413  43.480 0.0000000000
86420  42.996  44.341  42.896 0.0000000000
83779  39.829  39.726  40.052 0.0000000000
83787  39.840  39.692  38.937 0.0000000000
85416  34.581  42.894  43.339 0.0000000000
86889  35.427  45.574  42.581 0.0000000000
106511  35.850  44.853  42.767 0.0000000000
85426  35.233  42.927  43.158 0.0000000000
84877  36.223  41.696  42.322 0.0000000000
84886  36.597  41.065  41.621 0.0000000000
90650  41.676  52.918  31.532 0.0000000000
88581  39.412  47.203  32.710 0.0000000000
103166  39.212  48.499  33.117 0.0000000000
90086  42.354  51.577  40.592 0.0000000000
89606  43.186  50.990  41.078 0.0000000000
89599  42.221  51.003  41.369 0.0000000000
89591  42.273  50.506  41.951 0.0000000000
89592  41.537  50.324  42.467 0.0000000000
89593  40.788  50.746  42.637 0.0000000000
89056  41.469  49.501  43.553 0.0000000000
88457  40.925  48.918  46.240 0.0000000000
88432  40.717  48.686  47.179 0.0000000000
88410  40.341  48.372  48.240 0.0000000000
88402  39.137  47.823  49.121 0.0000000000
94039  37.403  58.780  39.627 0.0000000000
113684  38.540  59.513  40.018 0.0000000000
121980  39.402  59.467  40.340 0.0000000000
93594  39.753  58.743  40.597 0.0000000000
92160  39.241  55.914  42.830 0.0000000000
101927  41.048  57.007  42.253 0.0000000000
92651  42.712  57.618  42.937 0.0000000000
92642  43.322  57.293  43.734 0.0000000000
92158  43.435  56.857  43.516 0.0000000000
91587  42.086  55.372  44.752 0.0000000000
91603  41.635  55.095  42.953 0.0000000000
90597  40.793  53.052  40.578 0.0000000000
90091  41.413  52.265  40.509 0.0000000000
84866  46.191  41.249  42.974 0.0000000000
122946  43.332  40.502  42.864 0.0000000000
84311  43.014  40.403  43.803 0.0000000000
83745  39.873  39.414  44.782 0.0000000000
83754  39.870  39.482  43.647 0.0000000000
83162  38.353  38.727  43.661 0.0000000000
83755  39.011  39.176  43.168 0.0000000000
83763  39.647  39.481  42.628 0.0000000000
83771  39.585  39.550  41.681 0.0000000000
83772  39.248  39.414  40.818 0.0000000000
104450  40.061  49.763  39.358 0.0000000000
120182  41.353  49.472  39.869 0.0000000000
89070  42.086  49.357  40.078 0.0000000000
88510  42.305  48.889  40.905 0.0000000000
111309  42.917  48.571  41.487 0.0000000000
88489  43.114  48.198  42.149 0.0000000000
87925  43.700  47.690  42.721 0.0000000000
89080  46.313  48.651  38.888 0.0000000000
88526  46.088  48.605  39.769 0.0000000000
88495  46.616  48.378  41.365 0.0000000000
88496  45.245  48.409  41.427 0.0000000000
86872  45.982  45.140  44.613 0.0000000000
122520  45.705  44.712  44.445 0.0000000000
86408  47.660  42.923  44.937 0.0000000000
85908  47.609  42.158  44.512 0.0000000000
89589  44.311  50.279  42.148 0.0000000000
89061  44.619  49.879  42.722 0.0000000000
89054  43.727  49.383  43.227 0.0000000000
89053  44.829  49.485  43.375 0.0000000000
106992  45.772  49.720  43.649 0.0000000000
88478  46.321  49.522  44.256 0.0000000000
88470  46.740  49.214  45.134 0.0000000000
113890  46.936  48.883  46.000 0.0000000000
87913  44.398  48.061  46.714 0.0000000000
111093  44.764  47.404  49.190 0.0000000000
87902  45.335  48.009  48.279 0.0000000000
87912  45.579  48.271  46.817 0.0000000000
87901  46.432  48.098  47.742 0.0000000000
88429  46.945  48.518  46.798 0.0000000000
88452  47.315  48.435  46.079 0.0000000000
87899  47.620  47.410  46.597 0.0000000000
87408  47.962  46.276  46.976 0.0000000000
86853  48.281  44.531  46.861 0.0000000000
86389  48.159  44.057  46.971 0.0000000000
86397  48.214  43.709  46.486 0.0000000000
85898  48.108  42.793  45.929 0.0000000000
85395  47.827  42.218  45.629 0.0000000000
85404  47.620  41.907  44.694 0.0000000000
84845  46.674  41.466  44.899 0.0000000000
84846  45.288  41.278  45.185 0.0000000000
84847  43.961  41.138  45.366 0.0000000000
115986  41.908  43.011  45.374 0.0000000000
85401  40.164  42.488  45.544 0.0000000000
84849  41.264  40.664  45.952 0.0000000000
84290  40.813  40.184  46.196 0.0000000000
110723  38.707  39.333  47.462 0.0000000000
93152  36.909  57.464  35.636 0.0000000000
102203  36.181  58.042  36.953 0.0000000000
93153  36.531  57.495  36.460 0.0000000000
92705  37.728  56.914  35.539 0.0000000000
92704  38.497  56.451  35.337 0.0000000000
111548  39.975  55.049  35.026 0.0000000000
94054  39.897  60.603  38.919 0.0000000000
93617  39.609  59.455  39.057 0.0000000000
93587  44.084  60.005  41.615 0.0000000000
94036  43.413  60.931  40.731 0.0000000000
93133  42.998  58.559  39.879 0.0000000000
93605  39.890  58.670  39.322 0.0000000000
93606  39.113  58.216  39.115 0.0000000000
93144  38.581  57.471  38.896 0.0000000000
114587  38.203  56.778  38.531 0.0000000000
92685  38.465  56.035  38.308 0.0000000000
92202  39.158  55.596  38.246 0.0000000000
92212  38.783  55.499  37.567 0.0000000000
92233  39.281  55.190  35.890 0.0000000000
91680  40.945  53.916  34.633 0.0000000000
90643  42.244  52.820  32.332 0.0000000000
90139  42.501  51.907  32.644 0.0000000000
89661  43.051  51.088  30.693 0.0000000000
89169  43.197  49.459  31.179 0.0000000000
88015  43.009  46.977  31.487 0.0000000000
90632  44.042  51.952  35.671 0.0000000000
90137  43.921  49.966  34.293 0.0000000000
89639  44.809  49.059  34.677 0.0000000000
89159  43.958  47.987  32.859 0.0000000000
88578  43.745  47.341  32.478 0.0000000000
87999  42.960  46.578  32.010 0.0000000000
88570  41.691  47.294  33.463 0.0000000000
89154  41.064  48.229  34.503 0.0000000000
89129  40.913  49.546  36.109 0.0000000000
89071  39.762  49.490  40.057 0.0000000000
88513  39.484  49.121  40.639 0.0000000000
88499  40.646  48.490  41.501 0.0000000000
113705  39.824  48.125  41.737 0.0000000000
87929  39.198  47.332  42.081 0.0000000000
118765  39.073  46.628  42.307 0.0000000000
114024  38.992  45.352  42.376 0.0000000000
87421  42.070  46.314  43.167 0.0000000000
110076  40.821  45.724  42.613 0.0000000000
86431  41.389  45.127  42.587 0.0000000000
86885  40.204  45.684  42.440 0.0000000000
114219  39.799  45.206  42.302 0.0000000000
84894  37.944  41.401  40.871 0.0000000000
108369  45.901  41.618  42.079 0.0000000000
85431  45.264  41.845  41.307 0.0000000000
84342  44.232  41.240  40.263 0.0000000000
85432  44.736  41.965  40.515 0.0000000000
85442  43.780  42.185  39.450 0.0000000000
84349  42.663  40.970  38.296 0.0000000000
84356  42.359  41.093  37.408 0.0000000000
84355  42.736  41.520  37.967 0.0000000000
84899  42.681  41.746  37.856 0.0000000000
85450  42.957  42.144  38.427 0.0000000000
81861  37.771  36.196  48.924 0.0000000000
81213  37.588  35.940  48.324 0.0000000000
119235  38.704  35.397  47.890 0.0000000000
119428  37.548  35.592  47.310 0.0000000000
81202  39.709  35.773  49.290 0.0000000000
81212  38.285  35.688  48.478 0.0000000000
81223  37.898  35.576  47.852 0.0000000000
81224  37.286  35.947  47.771 0.0000000000
87338  42.988  47.149  49.509 0.0000000000
87339  41.905  47.078  49.501 0.0000000000
87354  43.764  47.160  49.407 0.0000000000
87358  39.318  46.832  49.125 0.0000000000
87380  47.553  46.954  47.734 0.0000000000
87385  42.253  46.567  48.655 0.0000000000
87858  42.357  47.388  49.402 0.0000000000
87911  46.495  48.523  46.652 0.0000000000
87998  43.432  46.856  32.101 0.0000000000
88000  41.924  46.696  32.117 0.0000000000
88008  43.282  47.165  31.647 0.0000000000
88009  43.099  46.704  31.803 0.0000000000
88010  42.679  46.749  31.742 0.0000000000
88016  42.783  47.375  31.386 0.0000000000
88411  39.483  48.340  48.260 0.0000000000
88469  47.248  49.035  45.178 0.0000000000
88579  43.417  46.992  32.436 0.0000000000
88580  42.399  46.781  32.498 0.0000000000
88593  43.075  47.572  31.313 0.0000000000
89050  47.460  49.178  43.758 0.0000000000
89060  45.760  50.071  43.062 0.0000000000
89079  47.665  49.184  39.494 0.0000000000
89086  38.502  49.674  39.544 0.0000000000
89160  43.581  49.146  31.961 0.0000000000
89170  43.027  48.398  31.125 0.0000000000
89176  43.316  48.032  31.447 0.0000000000
90158  42.902  51.690  30.652 0.0000000000
90160  41.895  51.497  31.401 0.0000000000
91107  40.402  53.349  41.374 0.0000000000
91131  43.409  53.772  36.486 0.0000000000
91644  43.570  55.218  37.823 0.0000000000
91665  41.888  54.222  36.738 0.0000000000
92140  41.133  56.331  45.348 0.0000000000
92199  42.703  55.811  38.057 0.0000000000
92628  42.129  56.489  45.530 0.0000000000
92635  42.382  56.827  45.296 0.0000000000
93113  44.357  59.199  41.965 0.0000000000
93132  43.871  58.780  40.503 0.0000000000
93586  44.213  59.773  41.465 0.0000000000
93592  44.043  59.942  40.925 0.0000000000
93626  36.740  58.133  37.674 0.0000000000
94030  43.952  60.424  41.227 0.0000000000
94032  42.904  61.229  41.148 0.0000000000
94066  36.295  59.965  37.210 0.0000000000
94456  42.608  61.959  40.401 0.0000000000
94489  36.967  60.755  37.418 0.0000000000
110293  38.137  49.820  37.372 0.0000000000
110998  46.495  41.778  42.615 0.0000000000
112558  38.927  59.468  38.730 0.0000000000
112699  43.083  47.459  49.321 0.0000000000
113984  35.882  58.666  36.670 0.0000000000
114041  47.224  49.716  37.609 0.0000000000
114362  38.019  59.135  38.475 0.0000000000
116962  46.502  49.219  36.137 0.0000000000
119279  43.931  57.329  40.765 0.0000000000
119447  43.618  47.410  31.975 0.0000000000
120000  41.717  56.364  45.555 0.0000000000
121724  42.641  51.101  30.883 0.0000000000
121729  41.744  49.805  42.907 0.0000000000
122562  36.346  57.774  35.913 0.0000000000
123142  48.142  45.316  47.226 0.0000000000
123513  44.195  53.888  36.915 0.0000000000
