#!ascii label  , from subject sub-v2s16x51209_ses-1 vox2ras=TkReg
837
37059  -20.740  -21.315  53.010 0.0000000000
51457  -44.919  -6.756  42.619 0.0000000000
57304  -48.191  -0.683  36.072 0.0000000000
56375  -44.382  -0.200  26.767 0.0000000000
46814  -41.292  -10.882  44.093 0.0000000000
57359  -46.732  1.033  30.142 0.0000000000
61989  -46.925  4.723  24.156 0.0000000000
106456  -53.764  4.555  25.631 0.0000000000
47827  -47.424  -10.438  39.706 0.0000000000
51523  -50.430  -6.515  37.687 0.0000000000
53362  -48.200  -3.494  39.112 0.0000000000
42776  -21.915  -15.674  56.525 0.0000000000
44722  -26.320  -13.572  55.132 0.0000000000
43772  -31.650  -14.410  51.524 0.0000000000
40926  -35.760  -17.116  49.397 0.0000000000
110636  -38.300  -19.125  46.450 0.0000000000
41014  -42.083  -17.457  44.351 0.0000000000
44857  -44.234  -13.616  42.240 0.0000000000
128801  -52.316  -3.238  32.157 0.0000000000
110623  -57.084  4.861  23.968 0.0000000000
49557  -46.592  -7.949  41.871 0.0000000000
51486  -48.262  -6.068  40.681 0.0000000000
52435  -45.992  -5.022  40.886 0.0000000000
42799  -22.677  -15.660  53.679 0.0000000000
43733  -23.846  -14.338  56.413 0.0000000000
121565  -38.690  -17.027  44.981 0.0000000000
39955  -40.510  -19.158  45.023 0.0000000000
41939  -40.224  -15.989  45.823 0.0000000000
48676  -43.303  -8.913  43.464 0.0000000000
45816  -43.178  -12.054  44.831 0.0000000000
47800  -45.122  -10.081  43.601 0.0000000000
45841  -46.113  -11.889  41.711 0.0000000000
55288  -50.188  -2.057  37.482 0.0000000000
53385  -51.582  -4.738  34.390 0.0000000000
58284  -51.525  0.972  34.334 0.0000000000
57388  -45.119  -0.216  28.125 0.0000000000
56359  -48.527  -1.789  28.396 0.0000000000
55358  -45.371  -2.611  26.402 0.0000000000
55367  -43.489  -1.722  25.318 0.0000000000
60239  -48.336  4.184  26.197 0.0000000000
61151  -45.811  2.964  27.484 0.0000000000
45813  -39.664  -12.681  43.873 0.0000000000
57393  -43.353  0.830  26.915 0.0000000000
125116  -50.122  4.689  24.903 0.0000000000
60258  -51.833  2.529  25.672 0.0000000000
124132  -55.613  3.196  20.420 0.0000000000
45881  -47.562  -12.286  38.492 0.0000000000
50477  -48.979  -7.751  39.257 0.0000000000
53352  -49.764  -3.317  40.025 0.0000000000
38857  -21.255  -19.235  57.124 0.0000000000
42793  -27.363  -15.407  54.451 0.0000000000
44729  -28.982  -13.819  53.798 0.0000000000
123491  -29.943  -16.479  53.248 0.0000000000
40879  -32.119  -17.950  52.313 0.0000000000
39876  -33.558  -18.924  50.944 0.0000000000
38029  -35.164  -20.693  48.600 0.0000000000
118606  -36.703  -18.358  47.861 0.0000000000
124433  -37.624  -20.888  45.061 0.0000000000
114285  -41.667  -13.688  46.019 0.0000000000
43885  -42.815  -15.154  43.155 0.0000000000
123970  -44.266  -17.127  41.407 0.0000000000
107176  -46.511  -16.437  41.353 0.0000000000
43928  -47.889  -14.308  39.580 0.0000000000
58323  -51.487  0.497  31.054 0.0000000000
60237  -44.085  2.331  27.097 0.0000000000
58351  -44.082  0.366  25.938 0.0000000000
38864  -19.936  -19.789  56.173 0.0000000000
50442  -45.504  -6.816  42.833 0.0000000000
120287  -46.453  -6.121  42.456 0.0000000000
51471  -45.702  -5.757  42.223 0.0000000000
41951  -38.014  -16.431  44.160 0.0000000000
125582  -39.646  -16.745  45.542 0.0000000000
42881  -38.576  -14.818  44.205 0.0000000000
50432  -44.250  -7.946  43.195 0.0000000000
48667  -44.029  -8.934  44.258 0.0000000000
49541  -44.838  -7.761  43.361 0.0000000000
48678  -46.028  -9.401  42.720 0.0000000000
56307  -50.796  -0.894  35.534 0.0000000000
58270  -50.155  0.340  35.759 0.0000000000
56367  -44.732  -0.144  27.675 0.0000000000
56368  -45.419  -1.210  27.651 0.0000000000
124178  -44.787  -1.829  26.488 0.0000000000
55357  -44.673  -2.557  25.987 0.0000000000
56384  -43.998  -0.858  26.031 0.0000000000
60276  -48.586  2.425  24.515 0.0000000000
60255  -47.225  3.156  25.511 0.0000000000
126285  -47.326  2.297  23.021 0.0000000000
61981  -50.481  4.655  23.661 0.0000000000
106612  -52.267  4.613  25.265 0.0000000000
61957  -51.312  4.178  26.122 0.0000000000
106441  -53.197  3.398  26.427 0.0000000000
114993  -53.628  2.959  25.333 0.0000000000
106447  -54.800  3.671  26.058 0.0000000000
121779  -56.211  3.805  22.928 0.0000000000
121834  -47.719  -11.293  38.725 0.0000000000
48721  -48.444  -9.955  38.279 0.0000000000
49564  -47.951  -8.740  39.562 0.0000000000
53343  -47.781  -3.798  40.951 0.0000000000
52447  -48.903  -4.437  40.834 0.0000000000
53351  -48.977  -2.950  40.446 0.0000000000
54298  -49.550  -2.556  39.859 0.0000000000
54308  -48.520  -2.970  38.453 0.0000000000
39834  -22.664  -18.965  56.901 0.0000000000
118868  -22.545  -16.398  57.008 0.0000000000
43737  -24.762  -13.810  55.433 0.0000000000
44760  -30.790  -13.312  51.197 0.0000000000
44737  -30.111  -13.875  52.998 0.0000000000
42796  -29.828  -15.034  53.594 0.0000000000
42803  -30.919  -15.411  52.932 0.0000000000
41871  -31.139  -17.081  52.881 0.0000000000
42814  -32.141  -15.751  52.029 0.0000000000
39877  -34.659  -18.244  50.202 0.0000000000
38922  -34.613  -19.708  49.584 0.0000000000
39889  -35.414  -18.654  49.296 0.0000000000
39937  -37.798  -18.387  45.952 0.0000000000
40972  -36.722  -18.141  46.628 0.0000000000
39915  -37.629  -19.362  46.959 0.0000000000
38948  -37.164  -19.904  47.310 0.0000000000
38049  -37.337  -20.713  46.663 0.0000000000
38057  -37.579  -20.806  46.219 0.0000000000
38058  -38.332  -20.350  45.756 0.0000000000
41000  -41.642  -18.052  44.849 0.0000000000
39965  -40.510  -19.322  44.127 0.0000000000
39966  -40.912  -18.608  43.508 0.0000000000
41976  -41.773  -16.984  42.978 0.0000000000
44825  -40.343  -12.604  45.620 0.0000000000
117438  -41.377  -11.528  45.410 0.0000000000
45823  -44.100  -12.276  43.698 0.0000000000
44847  -43.480  -13.511  43.748 0.0000000000
44856  -43.631  -13.878  42.761 0.0000000000
42905  -43.220  -15.199  41.983 0.0000000000
43902  -44.150  -15.103  41.695 0.0000000000
128444  -45.458  -14.518  41.503 0.0000000000
46830  -46.904  -11.186  40.771 0.0000000000
44869  -47.172  -13.224  40.659 0.0000000000
46837  -47.516  -11.981  39.648 0.0000000000
44890  -47.690  -13.316  38.976 0.0000000000
41839  -21.097  -16.148  55.516 0.0000000000
42775  -20.613  -16.011  56.707 0.0000000000
41824  -20.332  -16.726  57.194 0.0000000000
111965  -49.965  -8.110  37.118 0.0000000000
50513  -50.879  -7.566  36.087 0.0000000000
53395  -52.100  -3.987  33.181 0.0000000000
58320  -47.414  1.825  30.754 0.0000000000
59300  -49.762  2.998  31.692 0.0000000000
57349  -48.903  1.215  31.023 0.0000000000
55350  -48.531  -2.979  27.625 0.0000000000
55334  -50.278  -2.230  28.699 0.0000000000
60252  -45.217  1.827  26.579 0.0000000000
61150  -44.966  3.004  27.100 0.0000000000
59342  -45.101  1.533  26.998 0.0000000000
58345  -44.057  1.978  27.463 0.0000000000
59355  -44.649  1.284  26.125 0.0000000000
57419  -43.342  -0.016  24.717 0.0000000000
106460  -54.506  4.980  23.665 0.0000000000
106457  -55.779  4.220  25.541 0.0000000000
62799  -56.407  5.261  23.849 0.0000000000
62810  -57.316  5.769  23.388 0.0000000000
49558  -47.116  -8.859  41.037 0.0000000000
119694  -47.715  -8.071  40.150 0.0000000000
50463  -47.352  -6.611  41.458 0.0000000000
52430  -46.856  -5.030  41.913 0.0000000000
53349  -47.222  -4.090  40.301 0.0000000000
42789  -21.930  -15.765  55.105 0.0000000000
42777  -22.788  -15.275  56.492 0.0000000000
44733  -25.794  -13.282  53.958 0.0000000000
39954  -38.610  -18.662  45.972 0.0000000000
38974  -39.908  -19.443  45.452 0.0000000000
40986  -39.630  -17.848  45.753 0.0000000000
109904  -40.612  -16.918  45.945 0.0000000000
41941  -41.963  -16.792  45.464 0.0000000000
47805  -42.180  -9.976  43.750 0.0000000000
46801  -42.110  -11.002  45.318 0.0000000000
46810  -43.460  -10.390  44.736 0.0000000000
118841  -44.124  -10.510  44.449 0.0000000000
46821  -45.035  -11.629  43.139 0.0000000000
45831  -45.580  -12.485  41.959 0.0000000000
46823  -46.049  -11.112  42.300 0.0000000000
48689  -46.554  -9.633  41.882 0.0000000000
41852  -21.384  -16.672  53.485 0.0000000000
53371  -50.653  -4.537  37.250 0.0000000000
52478  -51.362  -5.745  35.711 0.0000000000
54319  -51.056  -3.432  36.083 0.0000000000
112036  -51.474  -1.836  34.827 0.0000000000
56320  -52.694  -1.119  32.948 0.0000000000
56345  -45.785  -0.139  28.909 0.0000000000
119908  -48.204  -0.776  30.002 0.0000000000
115855  -46.502  -1.330  28.373 0.0000000000
56370  -47.211  -1.974  27.583 0.0000000000
61966  -47.806  4.411  26.206 0.0000000000
61977  -46.624  4.438  25.730 0.0000000000
61152  -46.469  3.651  26.769 0.0000000000
60254  -46.435  2.932  25.970 0.0000000000
50461  -43.897  -7.725  41.332 0.0000000000
49556  -43.490  -8.355  41.841 0.0000000000
58280  -48.207  0.324  34.157 0.0000000000
57370  -45.277  0.801  29.120 0.0000000000
57381  -44.521  0.333  28.498 0.0000000000
57387  -43.935  0.867  27.727 0.0000000000
57394  -44.062  1.025  27.132 0.0000000000
127923  -48.823  4.863  25.341 0.0000000000
61955  -49.173  4.412  26.046 0.0000000000
60257  -49.814  2.907  25.632 0.0000000000
60294  -49.843  2.286  23.588 0.0000000000
106455  -55.982  3.762  23.927 0.0000000000
106461  -54.286  3.368  21.484 0.0000000000
112272  -47.904  -10.924  37.976 0.0000000000
48722  -48.937  -9.382  37.864 0.0000000000
50491  -49.647  -7.404  38.725 0.0000000000
50476  -48.563  -6.948  39.962 0.0000000000
51509  -49.502  -6.254  39.322 0.0000000000
52454  -50.352  -4.811  38.621 0.0000000000
54299  -50.213  -3.067  39.409 0.0000000000
55279  -49.572  -1.876  38.550 0.0000000000
51499  -45.285  -5.764  40.104 0.0000000000
52452  -46.332  -5.132  38.860 0.0000000000
53370  -47.595  -4.252  36.838 0.0000000000
37957  -21.101  -19.868  56.356 0.0000000000
37961  -21.815  -20.255  55.351 0.0000000000
107681  -27.251  -16.468  52.544 0.0000000000
44744  -25.832  -13.519  52.969 0.0000000000
45737  -26.929  -12.832  54.019 0.0000000000
44727  -27.474  -13.255  54.581 0.0000000000
41851  -28.637  -15.839  53.509 0.0000000000
39863  -31.458  -19.130  51.935 0.0000000000
38908  -32.510  -19.834  51.084 0.0000000000
41917  -35.683  -16.787  49.026 0.0000000000
40957  -36.484  -17.855  47.645 0.0000000000
39901  -36.152  -17.936  48.639 0.0000000000
38936  -35.935  -19.622  48.389 0.0000000000
38030  -35.817  -20.688  48.012 0.0000000000
124273  -39.223  -20.177  44.783 0.0000000000
43840  -39.673  -14.155  45.446 0.0000000000
108963  -41.507  -14.625  46.047 0.0000000000
43855  -42.237  -15.336  45.451 0.0000000000
45815  -42.573  -12.459  45.325 0.0000000000
43869  -42.894  -14.502  44.585 0.0000000000
42894  -42.689  -16.251  44.447 0.0000000000
41977  -42.319  -16.125  42.495 0.0000000000
42011  -42.538  -16.855  40.869 0.0000000000
41049  -46.909  -17.188  40.390 0.0000000000
44868  -46.416  -13.749  41.212 0.0000000000
42931  -47.477  -15.739  40.293 0.0000000000
42044  -47.206  -16.006  39.370 0.0000000000
42958  -47.230  -15.185  38.947 0.0000000000
39828  -20.249  -18.742  57.439 0.0000000000
59264  -50.735  2.513  33.443 0.0000000000
58299  -52.447  1.161  32.672 0.0000000000
56332  -52.704  -1.289  31.685 0.0000000000
57374  -50.407  -0.866  29.571 0.0000000000
56350  -51.507  -1.702  29.672 0.0000000000
54360  -51.468  -3.303  30.419 0.0000000000
110501  -42.919  1.095  26.479 0.0000000000
57400  -43.936  1.057  26.731 0.0000000000
61166  -45.264  3.597  26.149 0.0000000000
125902  -44.588  3.299  26.108 0.0000000000
60236  -43.579  2.038  26.868 0.0000000000
58344  -43.861  1.267  26.782 0.0000000000
110170  -44.000  0.345  26.185 0.0000000000
56383  -43.843  -0.200  25.853 0.0000000000
37969  -20.413  -20.867  53.754 0.0000000000
50441  -44.972  -7.068  43.043 0.0000000000
51458  -45.327  -6.423  42.587 0.0000000000
51470  -45.074  -6.281  41.983 0.0000000000
41961  -37.336  -16.313  43.565 0.0000000000
111112  -38.668  -16.010  44.535 0.0000000000
50440  -44.608  -7.355  42.820 0.0000000000
49540  -44.345  -8.164  43.573 0.0000000000
49548  -45.255  -7.383  43.161 0.0000000000
57290  -48.803  -0.427  36.859 0.0000000000
57292  -49.706  -0.239  36.569 0.0000000000
57305  -48.910  0.077  36.030 0.0000000000
56376  -44.581  -0.746  26.952 0.0000000000
56385  -44.365  -1.434  26.268 0.0000000000
125713  -48.363  2.296  23.636 0.0000000000
111905  -47.911  2.487  24.359 0.0000000000
106448  -52.842  4.262  26.185 0.0000000000
106828  -53.853  3.962  26.408 0.0000000000
106444  -54.017  3.642  26.303 0.0000000000
106453  -54.985  4.091  26.183 0.0000000000
116243  -47.636  -11.284  39.253 0.0000000000
47828  -47.886  -10.428  38.885 0.0000000000
48700  -47.653  -9.583  39.554 0.0000000000
53350  -48.000  -3.527  40.298 0.0000000000
53344  -48.568  -3.607  40.812 0.0000000000
53363  -48.943  -2.612  39.655 0.0000000000
41825  -21.684  -16.529  57.039 0.0000000000
42771  -22.196  -15.833  56.759 0.0000000000
44721  -25.610  -13.735  55.210 0.0000000000
43735  -25.355  -14.419  55.410 0.0000000000
43760  -31.006  -13.931  51.822 0.0000000000
44748  -30.368  -13.602  52.125 0.0000000000
43751  -31.067  -14.606  52.432 0.0000000000
43750  -30.382  -14.682  53.141 0.0000000000
41860  -31.419  -16.119  52.717 0.0000000000
42813  -31.584  -15.224  52.271 0.0000000000
41909  -35.441  -16.569  49.646 0.0000000000
40911  -35.449  -17.083  50.006 0.0000000000
39878  -35.480  -17.792  49.621 0.0000000000
125158  -37.521  -18.613  46.573 0.0000000000
38961  -37.568  -20.127  46.899 0.0000000000
38972  -38.099  -19.999  46.430 0.0000000000
38973  -38.935  -19.509  45.840 0.0000000000
40989  -42.014  -17.458  45.108 0.0000000000
41013  -41.591  -18.085  43.868 0.0000000000
41026  -41.028  -17.643  42.703 0.0000000000
45810  -40.696  -11.948  45.242 0.0000000000
45829  -44.001  -13.003  43.046 0.0000000000
43887  -44.158  -14.316  41.933 0.0000000000
107733  -45.041  -14.925  41.555 0.0000000000
44866  -44.946  -13.947  41.656 0.0000000000
47818  -47.064  -10.443  40.510 0.0000000000
123657  -47.177  -11.786  40.296 0.0000000000
46836  -47.309  -11.191  39.993 0.0000000000
42781  -21.218  -15.829  56.387 0.0000000000
119295  -20.619  -16.077  56.166 0.0000000000
127247  -21.180  -15.931  56.717 0.0000000000
125459  -21.008  -16.437  57.035 0.0000000000
50502  -50.549  -7.376  36.823 0.0000000000
53404  -52.172  -3.675  32.578 0.0000000000
108165  -51.554  -4.925  33.066 0.0000000000
53403  -51.723  -4.353  32.512 0.0000000000
52531  -51.288  -4.426  31.783 0.0000000000
58327  -47.271  1.676  30.575 0.0000000000
122629  -47.903  1.468  30.477 0.0000000000
57360  -47.566  0.625  30.307 0.0000000000
110382  -46.249  4.624  24.262 0.0000000000
120201  -46.715  -8.995  41.635 0.0000000000
119720  -47.298  -7.769  41.016 0.0000000000
50453  -46.817  -6.824  41.962 0.0000000000
52429  -46.127  -5.135  41.788 0.0000000000
52436  -46.669  -4.595  41.339 0.0000000000
53339  -47.109  -4.092  40.997 0.0000000000
52445  -46.589  -4.535  40.533 0.0000000000
42790  -22.668  -15.354  54.720 0.0000000000
43748  -25.148  -13.788  53.486 0.0000000000
41950  -37.723  -17.261  44.436 0.0000000000
39953  -37.766  -17.973  45.293 0.0000000000
123713  -38.664  -17.888  45.530 0.0000000000
39938  -39.462  -18.761  45.813 0.0000000000
40988  -41.309  -17.449  45.541 0.0000000000
41940  -41.168  -16.435  46.012 0.0000000000
48675  -42.913  -9.468  44.024 0.0000000000
47798  -42.556  -10.072  44.526 0.0000000000
48658  -43.314  -9.720  44.475 0.0000000000
120909  -44.671  -9.232  43.990 0.0000000000
47799  -44.419  -9.827  44.252 0.0000000000
46816  -44.809  -10.790  43.793 0.0000000000
46815  -44.341  -11.487  43.912 0.0000000000
46822  -45.472  -11.002  43.039 0.0000000000
120203  -46.267  -8.643  42.411 0.0000000000
48690  -46.955  -9.702  41.127 0.0000000000
41846  -22.022  -16.110  54.096 0.0000000000
54318  -50.620  -2.866  37.280 0.0000000000
119704  -50.780  -3.874  36.782 0.0000000000
57308  -51.227  0.090  34.858 0.0000000000
56313  -51.696  -0.832  34.425 0.0000000000
120017  -52.033  -1.751  33.912 0.0000000000
56314  -52.325  -0.944  33.575 0.0000000000
57382  -45.166  0.467  28.664 0.0000000000
56346  -46.687  -0.730  29.253 0.0000000000
56357  -45.669  -0.854  28.289 0.0000000000
55347  -45.884  -2.106  26.955 0.0000000000
56369  -46.244  -1.741  27.602 0.0000000000
55348  -46.760  -2.438  27.018 0.0000000000
55349  -47.646  -2.841  27.191 0.0000000000
55359  -46.263  -2.932  26.603 0.0000000000
61965  -47.107  4.008  26.535 0.0000000000
61153  -47.327  3.906  26.331 0.0000000000
60273  -45.691  2.238  25.045 0.0000000000
107339  -44.964  0.803  28.738 0.0000000000
107867  -43.518  0.720  27.358 0.0000000000
108825  -49.487  4.746  24.114 0.0000000000
61991  -48.555  4.795  24.000 0.0000000000
61980  -49.417  4.742  25.672 0.0000000000
61967  -48.686  4.700  26.022 0.0000000000
61968  -49.425  4.625  25.849 0.0000000000
60242  -52.159  3.093  26.358 0.0000000000
60240  -50.035  3.688  26.132 0.0000000000
60241  -50.939  2.864  26.066 0.0000000000
60277  -49.431  2.322  24.623 0.0000000000
60278  -50.609  2.340  24.846 0.0000000000
60279  -51.692  2.415  24.403 0.0000000000
126580  -53.846  2.999  24.514 0.0000000000
61994  -56.560  4.710  24.160 0.0000000000
106451  -55.919  4.335  24.962 0.0000000000
61173  -56.565  4.551  24.089 0.0000000000
61191  -55.606  3.274  21.469 0.0000000000
106730  -55.294  3.469  22.514 0.0000000000
45880  -47.310  -12.405  38.143 0.0000000000
46872  -47.640  -11.630  38.143 0.0000000000
48711  -48.712  -9.199  38.437 0.0000000000
49574  -49.249  -8.516  38.409 0.0000000000
49584  -49.842  -8.107  37.982 0.0000000000
50464  -47.854  -7.028  40.591 0.0000000000
113836  -48.264  -7.890  39.730 0.0000000000
53345  -49.286  -3.826  40.425 0.0000000000
52448  -49.488  -5.060  40.029 0.0000000000
119923  -49.838  -5.660  39.119 0.0000000000
120294  -49.971  -4.624  39.480 0.0000000000
53364  -50.515  -4.179  38.432 0.0000000000
54309  -49.224  -2.130  39.051 0.0000000000
109343  -21.010  -19.584  56.832 0.0000000000
37960  -21.180  -20.226  55.662 0.0000000000
38866  -21.535  -19.612  56.727 0.0000000000
39835  -23.317  -18.516  56.619 0.0000000000
42778  -23.500  -14.932  56.672 0.0000000000
42779  -24.185  -14.935  56.573 0.0000000000
41848  -26.340  -16.256  54.276 0.0000000000
41849  -27.076  -15.988  54.005 0.0000000000
41870  -26.448  -16.562  52.452 0.0000000000
41856  -27.585  -16.206  53.295 0.0000000000
44745  -26.532  -13.158  52.557 0.0000000000
123633  -26.424  -13.049  53.502 0.0000000000
44728  -28.160  -13.502  54.094 0.0000000000
43740  -27.802  -13.965  54.943 0.0000000000
111924  -28.354  -14.061  54.006 0.0000000000
42801  -29.912  -15.784  53.419 0.0000000000
42795  -29.136  -15.378  53.631 0.0000000000
41858  -29.347  -16.146  53.366 0.0000000000
41857  -28.573  -16.385  53.223 0.0000000000
123110  -29.412  -16.898  53.115 0.0000000000
40876  -29.495  -17.530  52.607 0.0000000000
40878  -31.508  -17.720  52.545 0.0000000000
40877  -30.888  -17.924  52.587 0.0000000000
39853  -31.496  -18.455  52.348 0.0000000000
120782  -33.373  -18.153  51.252 0.0000000000
39865  -32.747  -18.929  51.620 0.0000000000
38899  -32.748  -19.499  51.294 0.0000000000
38909  -33.150  -19.920  50.853 0.0000000000
38002  -33.908  -20.426  49.789 0.0000000000
38016  -34.405  -20.766  49.214 0.0000000000
37099  -34.543  -21.402  48.653 0.0000000000
123353  -37.099  -18.533  47.266 0.0000000000
40942  -36.326  -17.864  48.320 0.0000000000
109702  -36.430  -18.637  48.196 0.0000000000
38041  -36.973  -20.745  47.059 0.0000000000
38040  -36.448  -20.736  47.505 0.0000000000
37127  -36.269  -21.680  47.229 0.0000000000
37114  -35.700  -21.713  47.712 0.0000000000
38069  -37.533  -21.022  45.712 0.0000000000
37145  -37.012  -21.730  45.925 0.0000000000
37154  -37.108  -21.726  44.984 0.0000000000
38989  -39.294  -20.045  45.291 0.0000000000
39003  -39.886  -19.847  44.724 0.0000000000
123853  -38.932  -14.088  44.268 0.0000000000
43854  -39.372  -13.748  44.812 0.0000000000
44826  -41.241  -12.789  46.092 0.0000000000
110973  -40.729  -13.506  46.164 0.0000000000
43842  -42.365  -14.381  45.406 0.0000000000
46808  -42.641  -11.401  45.261 0.0000000000
45811  -42.090  -11.644  45.585 0.0000000000
43870  -43.146  -14.387  43.579 0.0000000000
121984  -43.164  -13.866  44.346 0.0000000000
123787  -42.810  -15.060  44.035 0.0000000000
42895  -42.789  -15.663  44.052 0.0000000000
41963  -42.640  -15.935  43.521 0.0000000000
125226  -42.716  -15.564  42.534 0.0000000000
42916  -44.005  -15.990  41.510 0.0000000000
41993  -43.219  -16.522  41.282 0.0000000000
41035  -43.471  -17.374  40.977 0.0000000000
121970  -46.271  -17.338  41.474 0.0000000000
41995  -46.760  -17.148  41.008 0.0000000000
44867  -45.621  -13.352  41.642 0.0000000000
108115  -46.253  -12.764  41.344 0.0000000000
44876  -47.838  -13.909  40.162 0.0000000000
43904  -47.277  -14.268  40.818 0.0000000000
43917  -47.734  -14.788  40.252 0.0000000000
121516  -47.497  -15.872  39.772 0.0000000000
42940  -47.626  -15.218  39.564 0.0000000000
42043  -46.776  -15.930  38.824 0.0000000000
45870  -47.665  -12.589  38.835 0.0000000000
44889  -47.433  -13.777  38.742 0.0000000000
45869  -47.447  -12.980  38.646 0.0000000000
41816  -20.388  -17.411  57.404 0.0000000000
40831  -19.669  -17.593  57.538 0.0000000000
39822  -20.844  -18.729  57.387 0.0000000000
38856  -20.528  -19.223  57.164 0.0000000000
53376  -51.386  -4.926  35.346 0.0000000000
51562  -51.312  -6.469  35.360 0.0000000000
52488  -51.447  -5.697  34.898 0.0000000000
58313  -48.383  1.392  33.105 0.0000000000
58297  -49.519  1.507  34.180 0.0000000000
58322  -50.178  1.674  31.512 0.0000000000
59285  -51.318  2.713  32.119 0.0000000000
58324  -52.169  0.962  31.476 0.0000000000
126528  -52.704  0.408  31.936 0.0000000000
57363  -52.271  -0.012  30.938 0.0000000000
56347  -47.829  -1.282  29.281 0.0000000000
57373  -49.344  -0.892  29.779 0.0000000000
120073  -48.943  -1.406  29.099 0.0000000000
55335  -51.017  -2.487  29.078 0.0000000000
111248  -51.873  -2.666  30.590 0.0000000000
53426  -51.026  -3.964  30.342 0.0000000000
61964  -46.350  3.483  27.002 0.0000000000
61976  -45.835  4.215  25.410 0.0000000000
113696  -45.874  3.556  26.769 0.0000000000
61149  -44.388  2.670  26.773 0.0000000000
61164  -43.764  3.366  24.988 0.0000000000
60251  -43.562  2.604  25.960 0.0000000000
58352  -44.342  1.062  26.844 0.0000000000
49549  -45.880  -7.580  42.808 0.0000000000
50452  -46.192  -6.808  42.590 0.0000000000
51459  -45.890  -6.122  42.595 0.0000000000
51484  -45.482  -5.619  41.389 0.0000000000
42882  -39.355  -15.509  45.125 0.0000000000
49539  -43.907  -8.488  43.734 0.0000000000
48666  -43.565  -9.062  44.106 0.0000000000
48668  -44.703  -8.496  43.729 0.0000000000
48677  -45.327  -9.236  43.483 0.0000000000
120112  -45.488  -8.254  43.260 0.0000000000
56294  -49.630  -1.443  37.369 0.0000000000
56295  -50.337  -1.524  36.560 0.0000000000
56306  -49.932  -0.652  36.608 0.0000000000
57307  -50.424  0.019  35.847 0.0000000000
58271  -50.782  0.467  35.059 0.0000000000
56377  -45.093  -1.513  27.011 0.0000000000
60256  -48.013  3.205  25.459 0.0000000000
60275  -47.168  2.460  24.142 0.0000000000
121134  -51.121  4.656  24.887 0.0000000000
61969  -50.340  4.529  25.747 0.0000000000
106674  -51.650  4.438  25.875 0.0000000000
61137  -52.307  3.619  26.461 0.0000000000
106445  -52.544  2.567  25.146 0.0000000000
106442  -52.926  2.931  26.108 0.0000000000
106835  -54.728  3.294  25.178 0.0000000000
61995  -57.567  4.822  23.809 0.0000000000
61174  -57.054  4.299  23.268 0.0000000000
122357  -57.158  3.833  22.245 0.0000000000
46857  -47.663  -11.681  38.505 0.0000000000
48710  -48.199  -9.428  38.892 0.0000000000
49573  -48.559  -8.597  39.017 0.0000000000
52438  -48.368  -4.961  41.219 0.0000000000
52446  -48.257  -4.104  41.155 0.0000000000
54317  -48.553  -2.420  37.774 0.0000000000
40832  -21.155  -17.924  57.369 0.0000000000
38858  -21.983  -19.206  57.058 0.0000000000
40836  -22.109  -17.886  57.181 0.0000000000
40837  -22.930  -17.215  57.094 0.0000000000
40841  -23.569  -17.629  56.847 0.0000000000
43749  -29.677  -14.284  53.518 0.0000000000
42802  -30.290  -15.468  53.317 0.0000000000
41859  -30.576  -16.266  53.182 0.0000000000
40862  -30.247  -17.246  52.967 0.0000000000
41872  -31.992  -16.859  52.357 0.0000000000
38910  -33.967  -19.601  50.251 0.0000000000
39888  -34.845  -18.778  49.779 0.0000000000
38923  -35.265  -19.677  48.982 0.0000000000
40985  -36.915  -18.175  45.735 0.0000000000
39914  -37.004  -19.043  47.593 0.0000000000
39940  -40.936  -18.396  45.260 0.0000000000
39956  -41.134  -18.727  44.504 0.0000000000
41033  -40.483  -17.413  41.508 0.0000000000
41034  -41.222  -16.909  41.724 0.0000000000
44837  -39.684  -12.980  44.812 0.0000000000
45814  -40.197  -12.267  44.626 0.0000000000
126856  -41.005  -12.083  45.820 0.0000000000
122381  -43.748  -11.780  44.391 0.0000000000
45822  -43.656  -12.651  44.056 0.0000000000
43886  -43.379  -14.577  42.418 0.0000000000
122123  -45.085  -16.856  41.740 0.0000000000
42917  -45.042  -15.892  41.698 0.0000000000
42918  -45.813  -15.752  41.670 0.0000000000
111954  -45.899  -14.964  41.598 0.0000000000
45842  -46.792  -12.071  40.940 0.0000000000
45851  -47.388  -12.518  40.182 0.0000000000
122383  -47.753  -13.220  40.006 0.0000000000
44882  -47.843  -13.516  39.452 0.0000000000
45852  -47.680  -12.770  39.529 0.0000000000
46845  -47.758  -12.142  39.048 0.0000000000
41838  -20.244  -16.537  55.595 0.0000000000
41832  -20.017  -16.307  56.371 0.0000000000
42774  -19.985  -16.290  56.827 0.0000000000
41817  -21.048  -17.032  57.229 0.0000000000
53386  -51.944  -4.193  33.752 0.0000000000
52498  -51.382  -5.495  34.148 0.0000000000
53394  -51.679  -4.745  33.528 0.0000000000
59281  -47.986  2.358  31.226 0.0000000000
59299  -48.827  2.570  31.378 0.0000000000
114308  -48.920  2.472  31.268 0.0000000000
57350  -50.210  0.307  31.136 0.0000000000
55341  -48.938  -2.419  28.022 0.0000000000
56360  -49.438  -1.950  28.476 0.0000000000
61135  -44.764  2.458  27.260 0.0000000000
60238  -44.532  2.579  26.770 0.0000000000
59335  -44.312  2.174  27.365 0.0000000000
59341  -44.732  1.493  27.382 0.0000000000
107043  -53.871  4.811  24.316 0.0000000000
121119  -55.223  4.549  25.395 0.0000000000
106648  -55.964  4.768  24.646 0.0000000000
62809  -56.578  5.685  23.073 0.0000000000
62800  -57.172  5.129  23.926 0.0000000000
62801  -57.618  5.316  23.587 0.0000000000
48699  -47.217  -9.650  40.312 0.0000000000
49563  -47.447  -8.799  40.222 0.0000000000
51473  -46.951  -5.873  42.092 0.0000000000
51485  -47.653  -5.633  41.501 0.0000000000
52437  -47.532  -4.451  41.422 0.0000000000
52453  -47.225  -4.348  39.114 0.0000000000
42782  -21.883  -15.510  56.018 0.0000000000
42783  -22.537  -15.169  56.279 0.0000000000
43732  -23.271  -14.617  56.213 0.0000000000
43736  -24.025  -14.023  55.783 0.0000000000
43742  -24.630  -13.766  55.063 0.0000000000
122779  -25.187  -13.565  55.063 0.0000000000
44725  -25.891  -13.282  54.799 0.0000000000
39939  -40.298  -18.699  45.625 0.0000000000
40987  -40.541  -17.788  45.793 0.0000000000
47797  -41.855  -10.417  44.344 0.0000000000
46807  -41.576  -10.913  44.834 0.0000000000
47791  -42.182  -10.552  44.886 0.0000000000
47792  -42.766  -10.565  44.951 0.0000000000
46809  -43.264  -11.117  44.990 0.0000000000
47793  -43.789  -9.787  44.518 0.0000000000
121163  -43.783  -11.002  44.639 0.0000000000
45830  -44.567  -12.273  43.057 0.0000000000
44858  -44.799  -12.963  42.186 0.0000000000
121302  -45.120  -12.221  42.520 0.0000000000
45832  -45.564  -11.737  42.392 0.0000000000
47806  -45.763  -10.239  42.851 0.0000000000
47807  -46.354  -10.381  42.128 0.0000000000
46829  -46.509  -11.194  41.532 0.0000000000
47817  -46.738  -10.448  41.326 0.0000000000
41845  -21.302  -16.520  54.470 0.0000000000
52466  -50.536  -5.423  37.644 0.0000000000
52477  -50.908  -5.607  36.562 0.0000000000
120441  -51.210  -4.257  35.892 0.0000000000
54324  -51.414  -4.028  35.175 0.0000000000
113549  -50.940  -1.920  35.695 0.0000000000
55299  -51.324  -2.901  35.197 0.0000000000
54332  -51.785  -3.728  34.338 0.0000000000
55306  -51.833  -2.713  34.167 0.0000000000
55307  -52.309  -2.492  33.407 0.0000000000
55314  -52.611  -2.097  32.741 0.0000000000
114719  -46.397  0.452  29.715 0.0000000000
57372  -47.172  -0.301  29.914 0.0000000000
56358  -47.523  -1.637  28.364 0.0000000000
55340  -48.122  -2.185  27.742 0.0000000000
61978  -47.365  4.782  25.731 0.0000000000
116700  -45.970  3.235  27.166 0.0000000000
60253  -45.821  2.621  26.823 0.0000000000
50451  -44.509  -7.034  41.977 0.0000000000
122108  -44.703  -6.637  41.441 0.0000000000
50462  -44.347  -7.068  40.783 0.0000000000
47804  -41.572  -10.587  43.420 0.0000000000
48687  -42.498  -9.548  42.887 0.0000000000
48688  -43.072  -8.951  42.331 0.0000000000
49547  -43.693  -8.326  42.971 0.0000000000
50450  -44.081  -7.751  42.455 0.0000000000
57319  -47.757  -0.644  34.902 0.0000000000
57320  -48.401  -0.133  35.295 0.0000000000
57333  -47.396  -0.395  33.792 0.0000000000
58296  -47.720  0.688  32.956 0.0000000000
57348  -46.751  1.204  30.354 0.0000000000
57358  -46.070  0.895  29.980 0.0000000000
107200  -44.326  0.796  28.116 0.0000000000
57395  -44.332  0.680  27.506 0.0000000000
57401  -44.084  0.669  26.537 0.0000000000
61979  -48.118  4.935  25.568 0.0000000000
61956  -50.129  4.314  25.928 0.0000000000
123554  -49.195  3.732  26.044 0.0000000000
109285  -48.854  3.021  25.505 0.0000000000
108082  -48.981  2.255  23.604 0.0000000000
106452  -55.716  4.210  25.658 0.0000000000
106446  -55.623  3.921  25.643 0.0000000000
106450  -55.432  3.559  24.634 0.0000000000
106459  -54.691  3.388  22.999 0.0000000000
47837  -47.959  -10.753  38.275 0.0000000000
47849  -48.439  -10.113  37.685 0.0000000000
49594  -49.432  -8.733  37.500 0.0000000000
51500  -48.897  -5.809  40.232 0.0000000000
119344  -49.132  -6.877  39.484 0.0000000000
51510  -50.051  -6.533  38.549 0.0000000000
54311  -50.555  -3.128  38.326 0.0000000000
110874  -50.290  -2.285  38.389 0.0000000000
54310  -50.084  -2.111  39.228 0.0000000000
55280  -49.906  -1.852  38.445 0.0000000000
56292  -48.291  -0.918  36.927 0.0000000000
51483  -44.869  -6.271  40.951 0.0000000000
51508  -45.572  -5.720  38.913 0.0000000000
52444  -46.013  -5.094  39.803 0.0000000000
116971  -46.653  -4.622  39.674 0.0000000000
52465  -47.428  -4.410  37.884 0.0000000000
111957  -47.932  -3.704  37.866 0.0000000000
56312  -47.545  -1.236  35.213 0.0000000000
110770  -20.686  -20.437  55.072 0.0000000000
37965  -21.253  -20.536  54.832 0.0000000000
37966  -21.824  -20.501  54.543 0.0000000000
42772  -23.036  -15.636  56.767 0.0000000000
126827  -23.265  -16.302  56.959 0.0000000000
44734  -26.376  -13.035  54.277 0.0000000000
44726  -26.782  -13.137  54.788 0.0000000000
44723  -26.988  -13.611  55.080 0.0000000000
42794  -28.049  -15.365  53.916 0.0000000000
43744  -29.136  -14.529  53.790 0.0000000000
41850  -27.852  -15.809  53.693 0.0000000000
39864  -32.151  -18.809  52.148 0.0000000000
38015  -33.703  -20.927  49.464 0.0000000000
41925  -35.078  -16.376  48.568 0.0000000000
40971  -36.024  -17.641  46.810 0.0000000000
40956  -36.037  -17.364  48.412 0.0000000000
40941  -35.999  -17.394  48.851 0.0000000000
39900  -35.907  -17.772  49.099 0.0000000000
38924  -35.957  -18.604  48.763 0.0000000000
38947  -36.563  -19.707  47.837 0.0000000000
37113  -35.100  -21.588  48.228 0.0000000000
38080  -38.253  -20.432  44.706 0.0000000000
39002  -38.916  -20.140  44.099 0.0000000000
110328  -39.253  -14.518  44.896 0.0000000000
42870  -39.864  -14.947  45.667 0.0000000000
44838  -39.868  -13.452  45.604 0.0000000000
43841  -40.298  -14.301  46.021 0.0000000000
42871  -40.785  -15.345  46.093 0.0000000000
42872  -41.758  -15.818  45.764 0.0000000000
41952  -42.447  -16.927  44.839 0.0000000000
125312  -41.751  -12.220  45.835 0.0000000000
44827  -42.129  -13.202  45.696 0.0000000000
44840  -43.172  -13.053  44.549 0.0000000000
44839  -42.793  -13.617  45.032 0.0000000000
42884  -42.708  -15.426  44.792 0.0000000000
41962  -42.449  -16.689  43.901 0.0000000000
41991  -41.829  -16.447  41.822 0.0000000000
41045  -41.797  -16.748  41.044 0.0000000000
42915  -42.914  -15.791  41.684 0.0000000000
41992  -42.410  -16.341  41.446 0.0000000000
43903  -45.810  -14.233  41.466 0.0000000000
42919  -46.511  -15.503  41.382 0.0000000000
115231  -47.235  -15.179  40.906 0.0000000000
42920  -47.052  -15.918  40.956 0.0000000000
42956  -46.257  -15.482  38.482 0.0000000000
43944  -47.563  -14.462  39.049 0.0000000000
43943  -47.082  -14.396  38.604 0.0000000000
38855  -19.895  -19.399  56.878 0.0000000000
37959  -20.587  -20.045  55.865 0.0000000000
51541  -51.224  -6.485  36.041 0.0000000000
58281  -48.999  0.542  34.842 0.0000000000
59246  -50.372  1.755  34.197 0.0000000000
59247  -51.216  1.813  34.089 0.0000000000
60151  -50.276  3.182  32.676 0.0000000000
59265  -51.501  2.276  33.379 0.0000000000
58298  -52.191  1.076  33.511 0.0000000000
57334  -52.533  0.364  33.033 0.0000000000
56326  -52.760  -1.206  32.325 0.0000000000
55321  -52.682  -2.084  32.070 0.0000000000
119947  -48.536  -0.000  30.596 0.0000000000
57361  -49.698  -0.277  30.552 0.0000000000
57362  -50.917  -0.359  30.310 0.0000000000
57375  -51.340  -0.925  29.738 0.0000000000
119132  -51.751  -0.431  30.416 0.0000000000
56338  -52.173  -0.949  30.325 0.0000000000
54361  -52.371  -2.379  31.060 0.0000000000
113241  -51.977  -3.110  31.180 0.0000000000
57399  -42.735  0.714  26.623 0.0000000000
61975  -45.025  4.269  24.203 0.0000000000
61165  -44.437  3.851  24.643 0.0000000000
60250  -42.775  2.388  25.360 0.0000000000
59334  -43.254  1.657  26.639 0.0000000000
57406  -43.313  -0.538  24.991 0.0000000000
56395  -43.036  -1.420  24.832 0.0000000000
38865  -20.554  -19.676  56.595 0.0000000000
38873  -21.690  -19.935  56.149 0.0000000000
39820  -19.648  -18.293  57.534 0.0000000000
39821  -20.341  -18.171  57.484 0.0000000000
39827  -19.755  -18.924  57.351 0.0000000000
39829  -22.276  -18.634  57.114 0.0000000000
39830  -22.858  -18.194  57.064 0.0000000000
41056  -46.620  -17.962  40.023 0.0000000000
42012  -47.073  -16.516  40.656 0.0000000000
42027  -47.312  -16.425  39.998 0.0000000000
42769  -20.644  -16.228  56.874 0.0000000000
42770  -21.393  -16.023  56.829 0.0000000000
42883  -42.433  -16.185  45.192 0.0000000000
42957  -46.808  -15.105  38.625 0.0000000000
43759  -30.618  -14.109  52.558 0.0000000000
45860  -47.713  -12.925  39.131 0.0000000000
49602  -50.336  -8.136  36.238 0.0000000000
50433  -44.618  -7.653  43.190 0.0000000000
50492  -50.191  -7.410  37.853 0.0000000000
51472  -46.315  -5.561  42.272 0.0000000000
51540  -50.758  -6.435  36.795 0.0000000000
52507  -51.344  -5.330  33.604 0.0000000000
53353  -50.309  -3.987  39.295 0.0000000000
53372  -51.110  -4.860  36.214 0.0000000000
54333  -52.121  -3.425  33.585 0.0000000000
54339  -52.386  -3.131  32.937 0.0000000000
54346  -51.964  -3.641  31.902 0.0000000000
54347  -52.486  -2.857  32.353 0.0000000000
54354  -52.446  -2.795  31.761 0.0000000000
54368  -51.491  -2.595  29.886 0.0000000000
55289  -50.753  -2.463  36.377 0.0000000000
55326  -52.607  -2.048  31.530 0.0000000000
56349  -50.812  -1.563  29.145 0.0000000000
57306  -49.445  0.024  36.478 0.0000000000
57321  -52.052  0.096  33.859 0.0000000000
57322  -52.544  -0.393  33.197 0.0000000000
57341  -52.695  0.430  32.307 0.0000000000
57351  -52.580  0.285  31.599 0.0000000000
57364  -52.583  -0.596  31.230 0.0000000000
57371  -45.783  0.570  29.460 0.0000000000
58282  -49.777  0.714  35.250 0.0000000000
58283  -50.684  0.953  34.751 0.0000000000
58314  -52.468  1.072  31.960 0.0000000000
58321  -47.962  2.254  30.793 0.0000000000
59248  -51.823  1.677  33.768 0.0000000000
59263  -49.899  2.562  33.343 0.0000000000
59266  -52.069  1.804  33.083 0.0000000000
59283  -49.536  3.157  32.181 0.0000000000
59284  -50.425  3.397  31.998 0.0000000000
59286  -52.064  1.914  32.342 0.0000000000
59301  -50.829  2.746  31.791 0.0000000000
59302  -51.779  1.920  31.857 0.0000000000
60164  -51.030  2.979  32.720 0.0000000000
61136  -51.142  3.599  26.341 0.0000000000
61182  -56.537  3.599  22.178 0.0000000000
106443  -53.187  3.748  26.563 0.0000000000
106449  -55.560  4.130  25.855 0.0000000000
109129  -20.835  -20.755  54.295 0.0000000000
109458  -55.659  4.196  25.803 0.0000000000
112906  -52.745  -0.360  32.605 0.0000000000
113446  -21.605  -18.654  57.243 0.0000000000
113665  -48.830  1.181  33.942 0.0000000000
114495  -53.794  3.376  26.280 0.0000000000
114794  -52.810  -0.289  31.926 0.0000000000
116431  -51.907  -4.386  32.965 0.0000000000
116992  -52.030  -1.936  30.380 0.0000000000
119619  -50.244  -5.636  38.500 0.0000000000
120556  -52.530  -1.533  30.991 0.0000000000
122712  -52.466  -1.683  33.285 0.0000000000
122755  -47.750  -13.899  39.120 0.0000000000
124409  -51.450  1.652  31.622 0.0000000000
124422  -51.015  -7.082  36.237 0.0000000000
124674  -19.786  -17.094  57.470 0.0000000000
125305  -51.647  2.370  32.726 0.0000000000
127112  -52.298  4.063  26.299 0.0000000000
127208  -46.862  -16.421  39.167 0.0000000000
128431  -51.804  4.646  24.316 0.0000000000
128777  -46.525  -14.666  41.330 0.0000000000
