#!ascii label  , from subject sub-v2s16x51209_ses-1 vox2ras=TkReg
1053
58991  -16.823  0.852  -31.710 0.5555555820
59004  -17.959  0.966  -32.571 0.6666666865
59921  -18.334  2.051  -33.331 0.7777777910
61689  -17.936  3.305  -33.877 0.8888888955
109361  -20.842  2.957  -34.457 0.8888888955
58052  -16.734  -0.051  -31.272 0.5555555820
59908  -17.156  2.116  -32.562 0.6666666865
60817  -17.290  2.787  -32.867 0.8888888955
60835  -19.205  2.116  -33.877 0.8888888955
60856  -18.786  3.437  -34.330 0.8888888955
62525  -19.600  4.079  -34.648 1.0000000000
62527  -21.518  3.706  -34.517 0.8888888955
123542  -21.250  4.638  -34.564 1.0000000000
60807  -15.973  2.904  -31.674 0.7777777910
61687  -17.013  3.908  -33.145 1.0000000000
62514  -16.491  4.533  -32.976 1.0000000000
110122  -17.494  3.861  -33.824 1.0000000000
63357  -17.939  5.309  -34.842 1.0000000000
62515  -17.081  4.498  -33.688 1.0000000000
122352  -18.613  5.148  -35.091 1.0000000000
63367  -18.616  5.805  -35.471 1.0000000000
63368  -19.233  5.335  -35.359 1.0000000000
63370  -20.866  6.049  -34.989 1.0000000000
64251  -19.320  5.910  -35.682 1.0000000000
123248  -19.688  6.285  -35.873 1.0000000000
64242  -21.910  6.255  -34.829 1.0000000000
65179  -20.507  7.309  -36.074 1.0000000000
65181  -22.478  7.620  -35.492 0.7777777910
63343  -15.873  5.892  -32.862 0.8888888955
63344  -16.575  5.193  -33.434 1.0000000000
63366  -17.960  6.021  -35.239 1.0000000000
63355  -16.623  6.044  -33.972 1.0000000000
64249  -17.623  6.587  -35.290 1.0000000000
65189  -18.621  7.154  -36.253 1.0000000000
64261  -19.754  6.871  -36.249 1.0000000000
65180  -21.464  7.766  -35.771 1.0000000000
66110  -23.031  8.111  -35.730 0.8888888955
66109  -22.250  8.325  -35.908 1.0000000000
66112  -24.379  8.502  -35.685 0.7777777910
66113  -25.393  8.267  -35.761 0.7777777910
65136  -14.617  7.209  -32.419 0.5555555820
66100  -15.899  8.862  -34.480 0.7777777910
65160  -15.577  7.358  -33.349 0.8888888955
65177  -17.282  7.273  -35.277 1.0000000000
65178  -17.909  7.198  -35.826 1.0000000000
65176  -16.886  7.967  -35.180 0.8888888955
109543  -17.520  7.918  -35.802 1.0000000000
106926  -18.956  7.790  -36.711 1.0000000000
66120  -21.511  8.618  -36.305 1.0000000000
66121  -22.292  8.979  -36.277 0.8888888955
67094  -21.620  9.403  -36.598 1.0000000000
67083  -23.043  9.283  -36.071 0.8888888955
67987  -25.695  9.887  -35.762 0.7777777910
67105  -26.873  9.559  -36.862 0.6666666865
68004  -26.498  10.325  -36.351 0.6666666865
67033  -12.475  9.279  -31.499 0.4444444478
66078  -14.555  8.618  -32.819 0.7777777910
67943  -14.361  10.325  -32.773 0.6666666865
119032  -15.763  9.802  -34.606 0.7777777910
67082  -16.743  9.371  -35.611 0.8888888955
66116  -17.792  8.646  -36.308 0.8888888955
66118  -19.371  8.390  -36.985 1.0000000000
67092  -17.988  9.438  -36.693 1.0000000000
67093  -20.195  9.341  -37.260 1.0000000000
112559  -21.852  10.201  -36.690 0.8888888955
68001  -22.783  10.389  -36.338 0.7777777910
68003  -25.008  10.616  -35.774 0.7777777910
68010  -27.056  10.328  -37.378 0.5555555820
68867  -25.456  11.386  -35.824 0.7777777910
68868  -26.356  11.280  -36.332 0.6666666865
68809  -14.338  11.336  -32.845 0.6666666865
67966  -15.454  10.525  -34.346 0.7777777910
118922  -14.948  10.886  -33.685 0.7777777910
67984  -16.971  10.017  -36.129 0.8888888955
115276  -17.514  9.967  -36.537 0.8888888955
67997  -17.334  10.697  -36.635 1.0000000000
68007  -18.596  10.475  -37.443 1.0000000000
67104  -19.843  10.091  -37.528 1.0000000000
115935  -20.836  9.951  -37.017 0.8888888955
107581  -22.159  10.994  -36.693 0.8888888955
68865  -23.095  11.350  -36.252 0.8888888955
68866  -24.279  11.251  -35.889 0.7777777910
68864  -22.247  11.784  -36.665 0.8888888955
108751  -23.830  12.097  -35.965 0.7777777910
109822  -24.889  12.122  -35.776 0.7777777910
68876  -26.911  11.277  -37.401 0.6666666865
69669  -13.579  11.620  -32.402 0.6666666865
128375  -13.618  10.902  -32.340 0.5555555820
68827  -15.448  11.271  -34.445 0.7777777910
68849  -16.359  10.987  -35.698 0.8888888955
68859  -16.821  11.265  -36.307 0.8888888955
68861  -17.981  11.129  -37.321 1.0000000000
68862  -20.831  11.477  -37.152 1.0000000000
67999  -20.407  10.767  -37.357 0.8888888955
112512  -24.307  12.806  -35.930 0.7777777910
121638  -24.625  13.419  -35.988 0.7777777910
69730  -26.316  12.715  -36.542 0.6666666865
124260  -26.568  12.750  -38.122 0.5555555820
69751  -26.495  12.223  -38.894 0.5555555820
69682  -14.916  11.908  -33.687 0.7777777910
116103  -14.647  12.860  -33.423 0.6666666865
126709  -15.481  12.016  -34.519 0.8888888955
68872  -17.793  11.945  -37.325 1.0000000000
68873  -18.401  11.881  -37.605 1.0000000000
69744  -20.429  12.193  -37.353 0.8888888955
69727  -21.405  12.198  -36.939 0.8888888955
70584  -21.716  13.060  -36.734 0.8888888955
69729  -22.931  12.274  -36.307 0.8888888955
122955  -23.728  13.557  -36.046 0.7777777910
71468  -24.576  14.224  -35.960 0.7777777910
70586  -25.329  13.657  -36.074 0.7777777910
70604  -26.467  13.521  -37.784 0.5555555820
71467  -23.635  14.495  -36.069 0.7777777910
71457  -26.050  14.631  -36.534 0.5555555820
71493  -26.218  14.074  -38.791 0.5555555820
109081  -25.688  15.197  -36.266 0.6666666865
71409  -12.565  15.288  -31.683 0.4444444478
70545  -14.571  13.502  -33.461 0.5555555820
70558  -16.029  13.288  -35.454 0.7777777910
69726  -17.341  12.534  -37.016 1.0000000000
69713  -16.295  12.386  -35.714 0.8888888955
69741  -17.902  12.586  -37.520 1.0000000000
110355  -19.138  12.877  -37.727 0.8888888955
70601  -20.334  13.687  -37.408 0.8888888955
69745  -20.845  12.963  -37.192 0.8888888955
70602  -21.186  13.753  -36.981 0.8888888955
70585  -22.843  14.069  -36.238 0.8888888955
72304  -24.261  14.967  -35.874 0.6666666865
122836  -26.106  15.274  -36.636 0.5555555820
71453  -16.306  14.784  -35.687 0.6666666865
71440  -15.743  14.230  -35.090 0.6666666865
71478  -18.001  14.197  -37.614 0.7777777910
70599  -18.634  13.650  -37.764 0.8888888955
110787  -19.831  14.408  -37.599 0.7777777910
70600  -19.467  13.643  -37.674 0.8888888955
71464  -21.052  15.284  -37.075 0.7777777910
72302  -22.071  15.382  -36.463 0.7777777910
71465  -21.513  14.542  -36.689 0.7777777910
71466  -22.865  14.864  -36.291 0.6666666865
106464  -22.129  16.354  -36.591 0.6666666865
121106  -23.485  16.589  -36.332 0.6666666865
109631  -23.685  16.006  -36.223 0.6666666865
72291  -24.382  15.716  -36.062 0.5555555820
121100  -23.901  18.034  -36.346 0.6666666865
73951  -24.258  17.466  -36.272 0.5555555820
73124  -25.217  16.776  -36.181 0.5555555820
72293  -25.999  15.894  -36.462 0.4444444478
73952  -25.007  17.458  -36.129 0.5555555820
73132  -17.253  16.621  -36.666 0.3333333433
73131  -16.810  16.027  -36.182 0.3333333433
72312  -17.730  15.818  -37.450 0.5555555820
111406  -17.372  14.932  -37.198 0.6666666865
72313  -18.404  15.779  -37.769 0.5555555820
118648  -18.113  15.035  -37.654 0.7777777910
71480  -19.371  15.124  -37.773 0.7777777910
121123  -19.861  16.562  -37.873 0.6666666865
121143  -20.179  15.201  -37.538 0.6666666865
106642  -20.495  16.093  -37.449 0.6666666865
111066  -21.580  16.712  -36.915 0.6666666865
106466  -22.026  17.904  -37.028 0.6666666865
106610  -23.477  18.587  -36.567 0.6666666865
74820  -24.704  18.093  -36.180 0.5555555820
75687  -24.788  19.426  -36.459 0.5555555820
75676  -24.312  18.704  -36.394 0.6666666865
73140  -17.557  16.635  -37.195 0.4444444478
73974  -17.954  17.175  -37.606 0.5555555820
73141  -18.091  16.484  -37.704 0.5555555820
73142  -18.691  16.487  -37.928 0.6666666865
72314  -18.997  15.836  -37.945 0.6666666865
106609  -19.701  17.107  -38.116 0.6666666865
106465  -21.011  16.658  -37.189 0.6666666865
106471  -21.278  17.349  -37.217 0.6666666865
122664  -23.336  19.926  -36.933 0.6666666865
76524  -24.315  20.062  -36.739 0.5555555820
106487  -18.078  17.848  -37.661 0.4444444478
107281  -19.312  17.558  -38.473 0.6666666865
121104  -19.989  17.654  -38.299 0.6666666865
106598  -20.395  17.033  -37.662 0.6666666865
121122  -20.659  17.745  -37.737 0.6666666865
106663  -22.025  18.812  -37.307 0.6666666865
60833  -17.799  2.748  -33.377 0.8888888955
61695  -18.059  3.931  -34.353 1.0000000000
62536  -19.816  4.901  -35.001 1.0000000000
67926  -13.168  10.173  -31.979 0.5555555820
68000  -21.266  10.807  -36.960 0.8888888955
69681  -14.190  12.241  -32.821 0.5555555820
71423  -13.723  15.432  -32.486 0.5555555820
121616  -15.233  12.727  -34.199 0.7777777910
110654  -18.931  12.216  -37.732 1.0000000000
108047  -22.692  13.150  -36.326 0.8888888955
71410  -13.080  16.419  -31.298 0.2222222239
72292  -25.302  15.937  -36.175 0.6666666865
71479  -19.068  14.381  -37.821 0.7777777910
73125  -25.842  16.623  -36.339 0.4444444478
106477  -18.857  17.056  -38.120 0.6666666865
107001  -18.938  17.946  -38.814 0.6666666865
76525  -25.266  20.137  -36.649 0.5555555820
75688  -25.635  19.397  -36.512 0.5555555820
73961  -17.665  17.380  -37.184 0.2222222239
76538  -24.785  20.811  -36.886 0.5555555820
58040  -17.082  -0.966  -31.167 0.5555555820
58054  -18.322  -0.950  -31.886 0.5555555820
59003  -17.403  0.883  -32.158 0.6666666865
59019  -18.532  1.216  -33.005 0.5555555820
59020  -19.260  0.740  -33.158 0.5555555820
114527  -21.108  2.241  -34.435 0.7777777910
61698  -21.843  2.473  -34.597 0.8888888955
59922  -19.200  1.365  -33.513 0.6666666865
59923  -20.071  1.490  -33.933 0.6666666865
60858  -20.180  2.341  -34.261 0.8888888955
61699  -22.379  3.037  -34.824 0.7777777910
62528  -22.555  3.821  -34.761 0.7777777910
63360  -22.670  4.788  -34.670 0.8888888955
58039  -15.969  0.038  -30.567 0.4444444478
59881  -15.881  1.695  -30.728 0.5555555820
127995  -22.278  5.536  -34.661 1.0000000000
60806  -15.576  2.980  -30.972 0.2222222239
61667  -16.066  3.438  -32.078 0.6666666865
64254  -22.913  6.708  -35.048 0.8888888955
106905  -23.811  6.661  -35.254 0.6666666865
110223  -23.854  7.941  -35.588 0.7777777910
122437  -25.595  7.467  -35.952 0.6666666865
62498  -15.047  4.907  -31.649 0.5555555820
66122  -26.251  7.902  -36.313 0.6666666865
64208  -13.989  6.324  -31.541 0.4444444478
66129  -27.025  8.768  -37.427 0.5555555820
68011  -27.219  9.936  -38.421 0.5555555820
66043  -12.818  7.843  -31.535 0.2222222239
68014  -27.084  10.634  -38.482 0.5555555820
67925  -12.307  10.022  -31.483 0.4444444478
68881  -26.804  11.420  -38.720 0.5555555820
115537  -11.514  12.325  -30.019 0.3333333433
71422  -13.291  14.435  -32.494 0.4444444478
70623  -25.640  13.328  -39.751 0.4444444478
71397  -13.379  16.447  -30.005 0.3333333433
117238  -26.264  14.880  -38.374 0.5555555820
121719  -26.388  15.988  -37.697 0.4444444478
73121  -16.304  16.922  -34.583 0.3333333433
72288  -16.393  15.459  -35.661 0.3333333433
123602  -26.101  17.172  -36.491 0.4444444478
124563  -26.246  18.525  -36.730 0.4444444478
76540  -26.310  20.516  -37.421 0.2222222239
106665  -20.499  18.408  -38.234 0.6666666865
106481  -21.277  18.188  -37.532 0.6666666865
107627  -21.228  18.835  -37.859 0.6666666865
76536  -21.941  20.434  -37.945 0.6666666865
76537  -22.913  20.509  -37.422 0.6666666865
112502  -23.823  20.628  -37.132 0.6666666865
76539  -25.676  20.793  -36.962 0.3333333433
116336  -17.309  0.276  -31.797 0.5555555820
58066  -18.018  0.068  -32.171 0.6666666865
59005  -18.826  0.311  -32.717 0.6666666865
112872  -17.441  1.466  -32.457 0.6666666865
59909  -17.835  1.725  -32.793 0.7777777910
59920  -17.672  2.320  -32.961 0.8888888955
60834  -18.494  2.740  -33.826 0.8888888955
61688  -17.415  3.309  -33.308 1.0000000000
61697  -20.467  3.687  -34.499 1.0000000000
61696  -19.851  3.209  -34.431 0.8888888955
58990  -16.176  0.817  -31.099 0.5555555820
59897  -16.341  1.565  -31.565 0.5555555820
59898  -16.915  1.510  -32.150 0.6666666865
60816  -16.632  2.787  -32.358 0.8888888955
59907  -16.456  2.189  -32.014 0.5555555820
60857  -19.278  2.772  -34.160 0.8888888955
62526  -20.534  4.392  -34.627 1.0000000000
125509  -18.734  4.151  -34.616 1.0000000000
62535  -19.039  4.698  -34.955 1.0000000000
110764  -21.951  4.470  -34.567 1.0000000000
63358  -20.645  5.189  -34.823 1.0000000000
117948  -15.924  2.327  -31.261 0.6666666865
61668  -16.844  3.360  -32.703 1.0000000000
111729  -16.295  3.982  -32.495 0.8888888955
62499  -15.764  4.652  -32.294 0.8888888955
114326  -16.048  5.127  -32.723 1.0000000000
62523  -17.645  4.532  -34.312 1.0000000000
63356  -17.199  5.214  -34.217 1.0000000000
62524  -18.318  4.627  -34.704 1.0000000000
112533  -17.385  5.948  -34.747 1.0000000000
63369  -19.987  5.701  -35.443 1.0000000000
64243  -22.916  5.677  -34.737 0.8888888955
64260  -19.071  6.499  -36.053 1.0000000000
64250  -18.300  6.536  -35.713 1.0000000000
64252  -20.302  6.500  -35.723 1.0000000000
125083  -21.935  7.114  -35.227 1.0000000000
65182  -23.372  7.404  -35.413 0.7777777910
64230  -15.267  6.661  -32.616 1.0000000000
63342  -14.903  6.123  -32.020 0.5555555820
63329  -15.354  5.386  -32.136 0.6666666865
64241  -17.017  6.684  -34.706 1.0000000000
64231  -15.977  6.589  -33.378 0.8888888955
65171  -16.763  7.364  -34.739 1.0000000000
65190  -19.236  7.179  -36.463 1.0000000000
65192  -20.683  8.181  -36.436 1.0000000000
66111  -23.486  8.632  -35.823 0.8888888955
67085  -25.010  9.127  -35.702 0.7777777910
67095  -26.009  8.912  -35.869 0.6666666865
65135  -13.642  7.068  -31.717 0.5555555820
64209  -14.420  6.693  -31.985 0.5555555820
66055  -13.921  7.777  -32.232 0.6666666865
66079  -14.870  7.820  -32.902 0.6666666865
66099  -15.425  8.285  -33.673 0.7777777910
67052  -14.695  9.476  -33.117 0.6666666865
67073  -15.293  9.149  -33.796 0.8888888955
65170  -16.203  7.931  -34.396 0.8888888955
66107  -16.493  8.689  -35.093 0.8888888955
64240  -16.364  6.982  -34.119 0.8888888955
66108  -17.134  8.665  -35.681 0.8888888955
115575  -20.808  9.013  -36.799 1.0000000000
122769  -22.418  9.671  -36.390 0.8888888955
67985  -23.535  9.980  -36.003 0.8888888955
67084  -23.961  9.242  -35.828 0.7777777910
67096  -26.373  9.512  -36.187 0.7777777910
121235  -25.889  10.723  -35.840 0.6666666865
67106  -27.183  9.425  -37.893 0.5555555820
67051  -13.787  9.398  -32.331 0.5555555820
67018  -11.898  8.831  -31.210 0.3333333433
67019  -12.263  8.466  -31.392 0.3333333433
114995  -13.241  8.526  -31.940 0.4444444478
67944  -15.143  10.002  -33.755 0.7777777910
67091  -17.356  9.362  -36.154 0.8888888955
66117  -18.615  8.699  -36.867 1.0000000000
115948  -19.141  10.009  -37.539 1.0000000000
68002  -23.556  10.691  -36.084 0.7777777910
67967  -15.883  10.712  -35.003 0.8888888955
68009  -19.709  10.872  -37.627 1.0000000000
122056  -25.235  12.898  -35.912 0.7777777910
109461  -25.962  12.249  -36.033 0.7777777910
123329  -26.584  12.077  -36.811 0.6666666865
68795  -12.978  10.797  -31.904 0.4444444478
125560  -16.456  11.664  -35.880 0.8888888955
111454  -18.654  11.116  -37.618 1.0000000000
68875  -20.019  11.474  -37.559 0.8888888955
126883  -23.500  12.776  -36.113 0.7777777910
69714  -26.004  13.135  -36.163 0.6666666865
70615  -26.328  13.078  -38.850 0.5555555820
69680  -14.192  12.894  -32.861 0.5555555820
69725  -16.808  12.083  -36.398 0.8888888955
69743  -19.585  12.176  -37.635 1.0000000000
69728  -22.205  12.487  -36.610 0.8888888955
71470  -26.336  14.127  -36.992 0.6666666865
71482  -22.234  14.536  -36.386 0.8888888955
71483  -26.392  14.466  -37.766 0.5555555820
70546  -15.027  13.522  -33.936 0.5555555820
70572  -16.677  13.110  -36.309 1.0000000000
70582  -17.205  13.356  -36.935 0.7777777910
118059  -16.327  13.950  -35.800 0.7777777910
70583  -17.599  13.115  -37.347 0.7777777910
72315  -26.370  15.273  -37.721 0.5555555820
72271  -15.885  14.921  -35.144 0.5555555820
72300  -16.761  15.332  -36.289 0.4444444478
71462  -16.848  14.206  -36.546 0.6666666865
113018  -15.317  14.058  -34.371 0.7777777910
71439  -15.432  14.489  -34.513 0.6666666865
125222  -18.522  14.457  -37.747 0.7777777910
71463  -17.528  13.848  -37.247 0.7777777910
71481  -20.696  14.468  -37.267 0.7777777910
106701  -21.384  16.076  -36.918 0.6666666865
106575  -22.711  17.599  -36.600 0.6666666865
121096  -22.781  16.842  -36.436 0.6666666865
73123  -24.536  16.902  -36.224 0.5555555820
125057  -24.707  16.346  -36.169 0.5555555820
74822  -26.118  17.898  -36.474 0.4444444478
73143  -26.412  16.623  -37.255 0.4444444478
74827  -25.917  18.670  -36.405 0.5555555820
72301  -17.198  15.978  -36.767 0.4444444478
106603  -22.933  19.141  -36.843 0.6666666865
112479  -23.847  19.307  -36.645 0.6666666865
106482  -18.494  17.036  -37.912 0.5555555820
106478  -18.764  17.497  -38.282 0.6666666865
106476  -22.432  19.734  -37.343 0.6666666865
69668  -13.733  12.391  -32.552 0.4444444478
71438  -14.654  15.830  -33.104 0.3333333433
112238  -10.982  12.577  -30.554 0.4444444478
75703  -26.428  19.607  -37.343 0.3333333433
77349  -25.166  21.487  -37.249 0.3333333433
58053  -17.547  -0.520  -31.617 0.5555555820
59946  -21.634  1.719  -34.462 0.6666666865
118289  -16.413  -0.845  -30.684 0.4444444478
57055  -17.022  -1.748  -30.747 0.5555555820
63361  -23.575  4.795  -35.090 0.7777777910
108762  -15.751  -0.668  -29.853 0.3333333433
65183  -24.264  7.113  -35.466 0.6666666865
65122  -12.988  7.325  -31.350 0.1111111119
66042  -12.075  8.202  -31.315 0.1111111119
68774  -11.036  11.649  -29.788 0.4444444478
69655  -11.761  13.515  -30.484 0.3333333433
69661  -11.352  13.745  -31.237 0.3333333433
72270  -15.391  16.021  -33.709 0.3333333433
77347  -23.400  21.095  -37.525 0.6666666865
77348  -24.195  21.349  -37.351 0.4444444478
57089  -21.427  -1.286  -32.361 0.4444444478
57074  -23.018  -0.855  -31.068 0.2222222239
57070  -18.597  -1.720  -31.715 0.4444444478
57071  -19.275  -2.103  -31.750 0.4444444478
58067  -18.888  -0.566  -32.333 0.4444444478
125887  -19.551  -1.000  -32.399 0.4444444478
58068  -21.125  -0.823  -32.746 0.4444444478
127862  -22.059  -0.184  -33.230 0.4444444478
58071  -23.247  0.058  -32.855 0.2222222239
58086  -19.745  0.110  -33.032 0.4444444478
58087  -20.620  -0.175  -33.056 0.4444444478
58088  -21.555  -0.222  -33.148 0.4444444478
59025  -23.940  0.511  -33.187 0.1111111119
59026  -24.712  0.908  -33.237 0.1111111119
59022  -21.226  0.360  -33.551 0.4444444478
108934  -22.731  0.320  -34.309 0.3333333433
59021  -20.136  0.665  -33.496 0.4444444478
122488  -23.446  0.430  -35.143 0.3333333433
59925  -24.105  0.492  -34.346 0.2222222239
59924  -21.871  0.843  -34.210 0.4444444478
115332  -22.697  0.543  -35.017 0.3333333433
119465  -20.882  1.006  -33.836 0.4444444478
116753  -23.839  0.961  -36.047 0.2222222239
60861  -24.595  1.385  -36.166 0.1111111119
60863  -26.193  2.416  -35.598 0.1111111119
59948  -23.028  0.949  -35.638 0.3333333433
60860  -23.426  1.820  -36.032 0.3333333433
61700  -23.036  2.933  -35.383 0.5555555820
62537  -24.016  3.951  -35.845 0.6666666865
115850  -24.986  3.418  -37.046 0.4444444478
62545  -26.207  4.232  -37.326 0.3333333433
63371  -24.166  4.753  -35.608 0.6666666865
111894  -25.167  5.530  -36.210 0.5555555820
64255  -23.891  5.711  -35.136 0.6666666865
64262  -25.714  5.894  -36.647 0.5555555820
63380  -26.237  5.027  -37.542 0.4444444478
64263  -26.226  5.939  -37.331 0.3333333433
64256  -24.542  6.141  -35.548 0.5555555820
65199  -26.729  7.090  -38.280 0.4444444478
66123  -26.823  7.952  -37.191 0.5555555820
65194  -26.616  6.981  -37.157 0.4444444478
66130  -27.160  8.552  -38.486 0.4444444478
75702  -20.759  19.221  -38.378 0.5555555820
106475  -21.550  19.520  -37.854 0.5555555820
77346  -22.665  21.144  -37.877 0.5555555820
77361  -22.462  21.670  -38.478 0.5555555820
56056  -21.093  -1.882  -32.067 0.4444444478
58055  -22.669  -0.814  -31.810 0.2222222239
59024  -23.295  0.289  -33.996 0.2222222239
59949  -24.358  0.738  -35.356 0.2222222239
59950  -25.181  1.263  -35.303 0.1111111119
60874  -24.205  1.866  -36.610 0.4444444478
60875  -24.877  2.054  -36.904 0.3333333433
111895  -24.585  4.117  -36.334 0.6666666865
64267  -26.516  6.108  -38.216 0.3333333433
65200  -26.905  7.579  -39.030 0.4444444478
68020  -26.662  9.853  -40.424 0.4444444478
76550  -21.230  20.784  -38.675 0.5555555820
76549  -20.405  20.411  -39.099 0.5555555820
61723  -25.618  3.533  -36.955 0.2222222239
55027  -19.785  -3.545  -31.250 0.4444444478
56044  -20.253  -2.869  -31.553 0.4444444478
56045  -21.034  -2.427  -31.524 0.4444444478
57073  -22.296  -1.294  -31.422 0.2222222239
58041  -23.859  -0.486  -30.748 0.1111111119
56041  -17.729  -2.389  -31.056 0.4444444478
56043  -19.475  -2.893  -31.545 0.4444444478
58072  -24.037  0.252  -32.225 0.1111111119
112652  -24.543  0.622  -32.536 0.1111111119
59006  -25.231  0.890  -32.336 0.1111111119
59926  -24.958  1.081  -34.238 0.1111111119
60837  -26.564  2.298  -34.364 0.1111111119
61701  -26.721  3.141  -36.166 0.1111111119
61724  -26.222  3.775  -37.209 0.2222222239
63381  -26.760  4.587  -38.116 0.1111111119
64275  -26.649  6.026  -39.111 0.2222222239
65204  -26.621  6.426  -39.696 0.3333333433
67110  -27.220  9.156  -39.065 0.4444444478
67113  -26.835  8.861  -40.551 0.3333333433
67117  -26.423  9.513  -41.362 0.3333333433
107086  -26.729  10.640  -39.697 0.4444444478
113110  -26.118  10.384  -40.870 0.3333333433
116228  -26.514  17.478  -37.578 0.3333333433
106467  -18.526  17.961  -38.284 0.4444444478
77362  -23.445  21.796  -37.931 0.5555555820
116583  -19.478  19.202  -39.202 0.5555555820
106473  -20.236  19.607  -38.967 0.5555555820
76551  -21.553  21.448  -38.938 0.5555555820
77375  -22.079  22.051  -39.234 0.5555555820
75716  -19.680  20.072  -39.331 0.5555555820
57069  -17.805  -1.574  -31.406 0.4444444478
57086  -19.090  -1.356  -32.062 0.4444444478
59945  -20.978  1.622  -34.175 0.5555555820
62529  -23.335  3.872  -35.260 0.6666666865
65184  -25.228  6.657  -35.882 0.5555555820
65193  -26.018  6.842  -36.469 0.5555555820
68886  -26.050  11.428  -40.094 0.4444444478
74828  -26.427  18.034  -36.963 0.3333333433
112144  -19.561  -0.411  -32.680 0.4444444478
59947  -22.307  1.300  -34.927 0.3333333433
57088  -20.765  -1.511  -32.351 0.4444444478
57090  -22.077  -1.059  -32.167 0.4444444478
58069  -21.938  -0.626  -32.811 0.4444444478
57072  -21.603  -1.660  -31.801 0.4444444478
58056  -23.400  -0.357  -31.802 0.1111111119
56042  -18.544  -2.520  -31.417 0.4444444478
56054  -19.936  -2.386  -31.764 0.4444444478
57087  -19.939  -1.655  -32.130 0.4444444478
122564  -20.066  -0.364  -32.875 0.4444444478
111940  -20.258  -0.887  -32.639 0.4444444478
58070  -22.613  -0.494  -32.504 0.4444444478
58089  -22.539  -0.007  -33.327 0.4444444478
59023  -22.062  0.141  -33.633 0.4444444478
60862  -25.327  1.850  -36.082 0.1111111119
127295  -25.836  1.892  -35.103 0.1111111119
60876  -25.577  2.519  -36.674 0.1111111119
60859  -22.664  2.047  -35.271 0.3333333433
61710  -23.840  2.837  -36.315 0.4444444478
117060  -24.416  3.303  -36.713 0.4444444478
62544  -25.591  3.981  -36.938 0.3333333433
61711  -24.615  2.625  -37.013 0.4444444478
61712  -25.155  2.786  -37.136 0.3333333433
63373  -25.136  4.450  -36.594 0.4444444478
63372  -24.615  5.119  -35.856 0.5555555820
63387  -26.603  5.293  -38.245 0.3333333433
66135  -27.004  8.095  -39.758 0.4444444478
75711  -20.987  20.025  -38.442 0.5555555820
127885  -21.959  21.130  -38.335 0.5555555820
56055  -20.540  -2.160  -31.887 0.4444444478
60836  -25.757  1.773  -34.138 0.1111111119
77360  -20.660  21.096  -39.427 0.5555555820
61713  -25.891  3.219  -36.970 0.2222222239
55017  -20.475  -3.189  -31.044 0.4444444478
57056  -21.818  -1.924  -30.994 0.4444444478
57057  -22.589  -1.389  -30.524 0.2222222239
58057  -24.352  0.014  -31.293 0.1111111119
59910  -25.618  1.474  -33.040 0.1111111119
52180  -21.695  -6.375  -24.611 0.1111111119
53112  -18.798  -6.137  -27.927 0.3333333433
52197  -20.442  -6.025  -25.753 0.2222222239
52198  -21.393  -5.891  -25.323 0.1111111119
114747  -17.118  -4.635  -28.303 0.3333333433
53110  -17.129  -5.916  -27.624 0.3333333433
53111  -17.819  -6.210  -28.000 0.3333333433
114248  -19.579  -5.618  -27.986 0.3333333433
53113  -20.297  -5.284  -27.571 0.3333333433
110186  -20.582  -5.513  -26.658 0.2222222239
53114  -21.111  -4.874  -27.149 0.2222222239
53071  -21.186  -5.548  -25.979 0.2222222239
53072  -21.994  -5.391  -25.790 0.1111111119
53089  -21.550  -5.135  -26.469 0.2222222239
54997  -16.830  -3.269  -28.853 0.2222222239
128484  -16.851  -3.895  -28.336 0.2222222239
54053  -17.757  -5.026  -28.867 0.3333333433
53136  -18.284  -5.729  -28.581 0.3333333433
53137  -19.123  -5.500  -28.622 0.3333333433
56012  -16.329  -2.373  -29.211 0.2222222239
56013  -17.101  -2.961  -29.773 0.3333333433
54998  -17.564  -3.798  -29.599 0.3333333433
55014  -17.799  -3.523  -30.364 0.3333333433
54999  -18.214  -4.252  -30.210 0.3333333433
54065  -17.999  -4.601  -29.518 0.3333333433
54066  -18.738  -4.692  -29.921 0.3333333433
54055  -19.475  -4.762  -29.274 0.3333333433
54067  -19.400  -4.371  -30.246 0.3333333433
54056  -20.435  -4.315  -28.739 0.3333333433
55000  -20.180  -4.092  -29.723 0.3333333433
54987  -21.201  -3.905  -28.207 0.3333333433
116021  -21.608  -3.375  -28.429 0.2222222239
57045  -15.933  -1.567  -29.512 0.2222222239
56027  -16.632  -2.155  -30.028 0.3333333433
56028  -17.391  -2.687  -30.521 0.3333333433
56029  -18.145  -3.137  -30.919 0.3333333433
54076  -18.824  -4.357  -30.496 0.3333333433
55016  -19.274  -4.037  -30.851 0.3333333433
113491  -19.991  -3.920  -30.681 0.3333333433
55001  -21.023  -3.514  -29.072 0.3333333433
55002  -21.667  -2.970  -28.844 0.1111111119
57044  -15.483  -0.846  -28.892 0.3333333433
122237  -16.279  -1.438  -30.209 0.3333333433
55026  -18.967  -3.460  -31.215 0.3333333433
55018  -20.701  -3.343  -30.116 0.3333333433
56030  -21.253  -2.623  -30.561 0.3333333433
108001  -26.536  6.952  -40.459 0.2222222239
66141  -26.565  7.633  -41.133 0.2222222239
69756  -25.786  12.426  -39.801 0.3333333433
68885  -25.214  11.940  -40.813 0.2222222239
53088  -19.687  -5.878  -27.280 0.3333333433
54986  -17.394  -4.162  -28.881 0.3333333433
54054  -18.572  -5.167  -29.219 0.3333333433
53138  -19.938  -5.020  -28.347 0.3333333433
56014  -21.484  -2.796  -29.565 0.3333333433
51137  -21.008  -6.892  -24.094 0.1111111119
52218  -17.370  -6.427  -27.425 0.3333333433
52209  -18.018  -6.889  -26.810 0.3333333433
52210  -18.934  -6.521  -26.926 0.3333333433
52196  -19.471  -6.481  -25.940 0.3333333433
51138  -22.065  -6.939  -23.951 0.1111111119
52199  -22.392  -5.892  -25.155 0.1111111119
54037  -16.874  -5.071  -27.670 0.3333333433
54985  -16.361  -3.338  -27.972 0.2222222239
53090  -22.443  -4.918  -26.310 0.1111111119
56003  -16.111  -2.515  -28.312 0.2222222239
54040  -22.393  -3.985  -27.211 0.1111111119
54988  -22.202  -2.977  -28.296 0.1111111119
57038  -15.763  -1.673  -28.611 0.2222222239
56015  -22.178  -2.457  -28.969 0.1111111119
56031  -22.114  -2.007  -29.876 0.1111111119
115398  -15.373  -0.283  -28.440 0.1111111119
67118  -26.887  8.580  -41.457 0.2222222239
70622  -24.998  13.526  -40.824 0.2222222239
69763  -24.776  12.588  -41.370 0.2222222239
58038  -15.591  0.259  -29.792 0.2222222239
61666  -15.512  4.146  -31.803 0.5555555820
58980  -15.728  0.963  -30.223 0.3333333433
68026  -25.986  10.147  -41.674 0.2222222239
52179  -20.704  -6.403  -24.838 0.1111111119
52219  -18.009  -6.607  -27.414 0.3333333433
52211  -19.839  -6.070  -26.510 0.3333333433
53135  -17.460  -5.479  -28.237 0.3333333433
54052  -16.606  -4.173  -27.710 0.2222222239
54038  -20.752  -4.601  -27.902 0.2222222239
54015  -21.958  -4.556  -26.854 0.1111111119
54039  -21.554  -4.239  -27.503 0.1111111119
55015  -18.535  -3.887  -30.740 0.3333333433
54974  -21.966  -3.589  -27.822 0.1111111119
51110  -20.423  -7.653  -23.790 0.1111111119
52178  -19.913  -6.530  -25.186 0.2222222239
52208  -17.265  -6.840  -26.883 0.3333333433
53087  -16.806  -6.302  -26.953 0.2222222239
51170  -17.520  -7.186  -26.274 0.3333333433
52195  -18.504  -6.917  -26.112 0.3333333433
54014  -16.379  -4.584  -26.871 0.2222222239
65220  -27.206  7.609  -41.709 0.1111111119
67119  -28.711  8.749  -41.941 0.1111111119
66155  -27.569  8.446  -42.017 0.1111111119
68032  -26.943  9.877  -42.181 0.1111111119
68033  -28.030  10.220  -42.100 0.1111111119
68892  -25.557  11.061  -41.314 0.1111111119
68899  -27.334  10.929  -42.297 0.1111111119
68898  -25.742  10.805  -42.131 0.1111111119
68905  -26.516  11.253  -42.446 0.1111111119
72336  -25.944  14.908  -39.129 0.2222222239
109451  -25.021  11.803  -41.444 0.1111111119
68903  -25.435  11.642  -42.196 0.1111111119
73162  -26.076  16.418  -39.239 0.1111111119
73151  -26.423  16.591  -38.155 0.2222222239
124071  -26.629  18.205  -37.954 0.1111111119
73993  -26.154  17.862  -39.702 0.1111111119
106479  -19.553  18.300  -38.863 0.4444444478
74841  -26.491  18.704  -37.250 0.1111111119
106591  -18.785  19.236  -38.965 0.4444444478
110064  -26.708  19.981  -38.116 0.1111111119
77363  -24.529  22.074  -37.709 0.3333333433
77350  -26.015  21.395  -37.503 0.1111111119
76552  -26.610  21.024  -38.280 0.1111111119
77383  -20.145  21.342  -40.378 0.4444444478
121474  -20.738  21.915  -40.416 0.4444444478
77374  -21.123  21.683  -39.751 0.4444444478
78195  -21.593  22.326  -40.005 0.4444444478
78196  -22.632  22.828  -39.516 0.4444444478
125948  -22.800  23.436  -40.085 0.4444444478
78197  -23.479  23.000  -38.875 0.2222222239
78967  -24.372  23.342  -38.810 0.2222222239
116910  -25.086  23.720  -39.116 0.2222222239
78969  -26.014  23.107  -38.678 0.2222222239
80663  -23.364  26.769  -45.525 0.1111111119
80651  -24.549  25.728  -43.250 0.1111111119
78996  -26.431  23.748  -39.835 0.1111111119
76547  -18.516  20.582  -38.947 0.4444444478
77371  -18.514  20.939  -39.279 0.4444444478
76559  -19.075  20.488  -39.558 0.4444444478
77382  -19.446  21.250  -40.386 0.3333333433
78217  -20.261  22.175  -41.779 0.4444444478
78993  -21.296  23.035  -41.315 0.4444444478
78206  -21.929  23.038  -40.380 0.4444444478
79021  -19.405  22.339  -43.474 0.3333333433
78994  -22.479  23.686  -40.934 0.3333333433
79822  -22.789  24.209  -41.780 0.1111111119
79802  -23.300  24.217  -41.009 0.1111111119
79803  -24.059  24.419  -40.699 0.1111111119
78981  -24.394  24.059  -39.710 0.2222222239
79804  -25.009  24.527  -40.501 0.1111111119
79824  -24.580  24.818  -41.410 0.1111111119
78203  -19.300  21.628  -41.202 0.3333333433
118814  -19.605  21.874  -42.701 0.3333333433
79836  -20.776  23.513  -43.410 0.2222222239
79838  -23.227  24.758  -42.574 0.1111111119
79850  -20.578  24.210  -44.643 0.1111111119
79851  -21.588  24.440  -43.945 0.1111111119
80637  -24.149  25.086  -42.348 0.1111111119
80649  -22.653  25.110  -43.869 0.1111111119
77372  -18.843  21.007  -39.937 0.3333333433
128975  -18.938  21.423  -40.492 0.3333333433
112877  -18.479  22.163  -40.466 0.3333333433
78992  -18.446  22.282  -41.335 0.3333333433
79010  -18.872  21.695  -42.948 0.3333333433
79835  -19.570  23.382  -44.293 0.2222222239
79849  -19.626  24.339  -45.048 0.1111111119
80672  -20.864  26.005  -46.268 0.1111111119
111890  -22.692  25.981  -45.334 0.1111111119
82221  -21.616  27.560  -45.926 0.1111111119
122581  -19.604  23.399  -37.300 0.1111111119
79779  -19.328  23.903  -38.956 0.1111111119
79789  -18.484  23.521  -40.128 0.2222222239
116989  -18.759  24.378  -40.688 0.2222222239
118195  -18.287  23.325  -41.292 0.3333333433
79801  -18.286  23.861  -41.920 0.2222222239
79020  -18.491  22.313  -43.333 0.3333333433
80636  -18.371  24.927  -42.419 0.2222222239
80648  -18.394  25.052  -43.453 0.1111111119
81465  -18.086  26.170  -42.848 0.1111111119
80661  -18.641  25.533  -44.605 0.1111111119
79860  -20.441  24.986  -45.470 0.1111111119
79859  -19.764  25.371  -45.656 0.1111111119
81497  -19.924  26.347  -45.894 0.1111111119
80673  -21.990  26.363  -46.171 0.1111111119
81500  -23.179  27.854  -46.002 0.1111111119
81488  -23.923  27.666  -45.775 0.1111111119
79772  -19.773  24.051  -37.956 0.1111111119
80613  -20.280  25.381  -39.227 0.1111111119
79790  -19.444  24.614  -39.581 0.1111111119
119449  -19.620  27.276  -39.839 0.1111111119
81426  -19.427  26.265  -40.669 0.1111111119
82170  -18.518  27.418  -41.189 0.1111111119
81446  -18.575  26.205  -41.818 0.1111111119
82169  -17.397  28.410  -42.244 0.1111111119
81464  -17.769  27.300  -43.404 0.1111111119
82194  -17.588  28.110  -43.740 0.1111111119
81485  -18.893  26.544  -45.066 0.1111111119
80598  -21.008  26.478  -38.174 0.1111111119
80589  -21.300  26.071  -37.354 0.1111111119
82142  -19.322  28.256  -39.653 0.1111111119
82889  -17.800  28.656  -41.233 0.1111111119
82127  -21.245  27.729  -37.308 0.1111111119
82126  -20.677  28.274  -37.854 0.1111111119
66149  -29.118  7.902  -41.761 0.1111111119
67123  -27.077  9.090  -41.880 0.1111111119
67124  -27.894  9.306  -42.174 0.1111111119
68027  -28.635  9.727  -41.782 0.1111111119
70628  -24.548  13.311  -41.677 0.1111111119
69768  -24.815  12.281  -41.852 0.1111111119
71513  -24.486  14.208  -41.631 0.1111111119
74854  -26.512  18.404  -38.885 0.1111111119
76548  -18.940  19.892  -39.296 0.4444444478
78182  -23.000  22.367  -38.670 0.4444444478
78183  -23.947  22.614  -38.287 0.3333333433
78184  -24.904  22.734  -38.165 0.2222222239
77364  -25.474  22.110  -37.759 0.1111111119
78186  -26.368  22.566  -38.697 0.1111111119
106884  -26.839  20.166  -39.094 0.1111111119
79791  -25.468  24.090  -39.717 0.2222222239
79823  -23.697  24.596  -41.597 0.1111111119
79825  -25.517  24.873  -41.303 0.1111111119
78216  -19.390  21.721  -42.127 0.3333333433
115230  -23.375  25.802  -44.471 0.1111111119
80624  -18.933  25.165  -41.284 0.2222222239
117030  -20.520  26.911  -38.940 0.1111111119
82156  -18.757  28.096  -40.351 0.1111111119
82897  -16.939  29.193  -42.927 0.1111111119
82868  -20.048  28.930  -38.361 0.1111111119
82856  -21.227  28.533  -37.114 0.1111111119
68021  -29.700  10.138  -40.025 0.1111111119
67120  -29.320  9.464  -41.159 0.1111111119
71507  -25.551  14.220  -39.823 0.2222222239
72322  -26.225  15.658  -38.550 0.2222222239
112965  -26.686  19.059  -38.025 0.1111111119
78205  -20.945  22.436  -40.797 0.4444444478
78204  -20.090  21.705  -41.200 0.4444444478
122795  -21.677  23.643  -42.031 0.2222222239
80597  -20.785  25.493  -38.188 0.1111111119
80582  -21.443  25.791  -36.466 0.1111111119
117620  -21.624  27.308  -36.808 0.1111111119
82143  -20.145  28.019  -38.857 0.1111111119
67114  -29.807  9.060  -40.481 0.1111111119
65212  -26.984  6.756  -41.616 0.1111111119
65221  -28.177  7.133  -42.043 0.1111111119
66142  -29.473  8.651  -41.353 0.1111111119
68016  -30.131  10.348  -39.026 0.1111111119
68022  -30.193  9.518  -39.384 0.1111111119
68888  -29.383  11.156  -40.061 0.1111111119
68900  -28.294  11.162  -41.571 0.1111111119
69765  -28.147  12.123  -41.045 0.1111111119
69769  -26.007  12.094  -42.537 0.1111111119
70633  -24.361  13.613  -42.047 0.1111111119
70634  -24.496  13.126  -42.146 0.1111111119
69774  -25.000  12.560  -42.351 0.1111111119
72346  -24.567  15.151  -41.448 0.1111111119
109763  -24.687  15.977  -41.385 0.1111111119
117861  -25.737  17.114  -40.021 0.1111111119
121114  -19.019  18.584  -39.126 0.4444444478
74863  -26.260  18.582  -39.914 0.1111111119
77376  -26.728  21.817  -38.865 0.1111111119
124234  -26.855  20.243  -39.946 0.1111111119
106646  -18.410  20.105  -38.421 0.4444444478
78199  -27.343  22.488  -40.056 0.1111111119
79806  -26.815  24.182  -40.706 0.1111111119
77359  -18.328  21.276  -38.518 0.2222222239
78180  -18.332  21.613  -39.043 0.2222222239
78194  -18.377  21.889  -39.714 0.2222222239
80639  -26.016  25.308  -42.057 0.1111111119
78169  -18.937  22.781  -37.588 0.1111111119
78979  -18.582  22.977  -39.295 0.2222222239
80664  -24.770  26.659  -44.476 0.1111111119
81489  -24.762  28.179  -45.694 0.1111111119
78966  -19.146  23.356  -38.261 0.1111111119
79764  -20.111  23.556  -36.420 0.1111111119
120428  -20.612  24.703  -36.866 0.1111111119
80574  -20.961  25.074  -36.285 0.1111111119
82213  -23.159  28.278  -45.800 0.1111111119
81381  -22.019  26.213  -35.759 0.1111111119
82901  -17.366  28.816  -43.500 0.1111111119
82195  -18.499  28.511  -44.083 0.1111111119
81476  -20.090  27.600  -44.480 0.1111111119
121650  -21.045  27.782  -43.563 0.1111111119
81388  -21.745  26.624  -36.555 0.1111111119
83620  -18.692  29.594  -39.579 0.1111111119
83629  -17.373  30.581  -41.482 0.1111111119
82855  -20.647  29.066  -37.617 0.1111111119
67122  -26.475  9.538  -41.737 0.1111111119
73986  -26.395  17.425  -38.781 0.2222222239
77373  -19.778  20.803  -39.764 0.4444444478
68031  -26.033  10.132  -42.025 0.1111111119
68893  -28.818  10.944  -40.906 0.1111111119
69770  -27.036  11.853  -42.355 0.1111111119
72335  -25.188  15.421  -40.569 0.1111111119
73161  -25.412  16.233  -40.320 0.1111111119
75712  -26.650  19.281  -39.007 0.1111111119
77365  -26.242  21.978  -38.149 0.1111111119
76560  -26.955  20.971  -39.312 0.1111111119
78995  -23.396  24.013  -40.239 0.2222222239
78982  -25.835  23.556  -39.110 0.2222222239
78983  -26.444  23.143  -39.146 0.1111111119
107907  -23.996  26.283  -44.434 0.1111111119
80674  -22.634  27.016  -46.181 0.1111111119
80638  -25.053  25.332  -42.175 0.1111111119
80650  -23.703  25.389  -43.408 0.1111111119
80652  -25.510  25.970  -43.152 0.1111111119
78997  -27.273  23.396  -40.412 0.1111111119
78984  -26.938  23.098  -39.675 0.1111111119
79805  -25.985  24.416  -40.510 0.2222222239
79011  -20.518  22.745  -42.429 0.3333333433
78215  -18.831  21.821  -42.201 0.3333333433
79837  -22.143  24.295  -42.838 0.2222222239
80662  -21.555  25.242  -45.237 0.1111111119
79009  -18.243  22.476  -42.465 0.3333333433
120529  -18.765  23.022  -43.936 0.2222222239
123814  -19.069  23.801  -44.546 0.1111111119
79848  -19.063  24.700  -45.105 0.1111111119
121991  -22.196  27.087  -46.352 0.1111111119
81498  -21.178  26.854  -46.247 0.1111111119
81499  -22.474  27.604  -46.105 0.1111111119
82211  -21.151  27.753  -44.809 0.1111111119
79821  -18.255  23.473  -43.147 0.2222222239
79834  -18.645  24.142  -44.175 0.1111111119
124806  -18.462  26.476  -44.488 0.1111111119
80671  -19.180  25.681  -45.459 0.1111111119
81487  -20.513  27.176  -45.644 0.1111111119
81486  -19.539  26.924  -45.267 0.1111111119
79780  -20.094  24.683  -38.618 0.1111111119
81408  -20.662  26.090  -38.871 0.1111111119
79773  -20.441  24.702  -37.640 0.1111111119
80612  -19.652  25.354  -40.198 0.1111111119
81427  -20.176  26.206  -39.642 0.1111111119
81445  -17.876  27.306  -42.449 0.1111111119
124890  -17.041  29.304  -42.187 0.1111111119
81474  -18.174  27.309  -44.232 0.1111111119
82209  -17.890  28.308  -44.105 0.1111111119
82210  -18.804  27.548  -44.534 0.1111111119
80588  -20.947  25.299  -37.142 0.1111111119
81395  -21.316  26.921  -37.384 0.1111111119
82144  -20.847  27.394  -38.077 0.1111111119
82867  -19.377  28.918  -39.227 0.1111111119
82879  -18.373  29.015  -40.176 0.1111111119
82888  -17.354  29.659  -41.345 0.1111111119
65214  -29.520  7.012  -41.669 0.1111111119
68028  -29.087  10.317  -40.920 0.1111111119
71506  -25.062  14.572  -40.703 0.1111111119
78198  -26.858  22.499  -39.313 0.1111111119
79826  -26.422  24.717  -41.312 0.1111111119
83592  -20.130  29.667  -38.081 0.1111111119
73169  -25.022  16.819  -41.329 0.1111111119
116174  -27.073  24.489  -41.355 0.1111111119
114676  -20.190  24.105  -37.066 0.1111111119
82902  -17.810  28.977  -43.769 0.1111111119
82878  -17.833  30.010  -40.350 0.1111111119
84300  -17.750  30.914  -40.535 0.1111111119
62477  -14.598  5.260  -31.437 0.2222222239
64186  -13.843  6.358  -31.464 0.2222222239
59896  -15.613  2.527  -30.456 0.3333333433
63328  -14.546  5.628  -31.580 0.4444444478
121141  -18.678  18.541  -38.691 0.3333333433
120210  -18.284  18.520  -37.906 0.2222222239
106702  -18.259  19.868  -37.806 0.1111111119
114534  -18.300  20.899  -38.182 0.1111111119
72287  -15.826  16.485  -34.219 0.2222222239
72252  -14.991  16.522  -32.726 0.1111111119
61645  -15.428  3.594  -31.262 0.2222222239
73085  -15.490  16.563  -32.599 0.1111111119
73122  -16.905  17.287  -35.053 0.1111111119
106488  -17.889  18.966  -36.242 0.1111111119
106691  -18.233  19.594  -36.496 0.1111111119
76535  -18.284  20.829  -37.652 0.1111111119
73950  -17.291  17.726  -35.610 0.1111111119
59880  -15.651  1.837  -29.890 0.2222222239
67912  -11.821  9.419  -31.189 0.2222222239
122913  -17.994  18.245  -37.447 0.1111111119
67008  -11.506  9.451  -29.114 0.1111111119
67901  -11.088  10.391  -28.795 0.3333333433
106619  -18.383  19.255  -38.198 0.3333333433
62478  -15.015  4.375  -31.317 0.2222222239
106645  -17.604  18.292  -36.004 0.1111111119
106483  -18.211  19.025  -37.665 0.1111111119
73940  -17.288  17.516  -35.366 0.1111111119
74816  -17.687  18.027  -35.639 0.1111111119
106489  -17.988  18.722  -35.889 0.1111111119
51155  -18.074  -7.433  -25.442 0.1111111119
51135  -18.789  -7.569  -24.638 0.1111111119
50194  -16.042  -8.171  -25.488 0.1111111119
51169  -16.880  -7.201  -26.258 0.1111111119
52207  -16.690  -6.854  -26.352 0.1111111119
53109  -16.692  -5.549  -27.144 0.1111111119
59862  -15.613  1.783  -29.649 0.1111111119
63327  -14.135  5.906  -31.434 0.1111111119
70513  -12.546  14.530  -29.776 0.2222222239
70523  -11.693  14.885  -31.235 0.2222222239
71386  -13.444  15.372  -29.232 0.2222222239
71398  -14.647  15.749  -29.538 0.2222222239
51154  -16.423  -7.376  -25.767 0.1111111119
114632  -13.502  6.753  -31.443 0.1111111119
51134  -17.722  -8.034  -24.808 0.1111111119
51156  -19.096  -6.939  -25.218 0.1111111119
51133  -15.759  -7.440  -25.313 0.1111111119
52194  -16.201  -6.809  -25.801 0.1111111119
117442  -16.450  -6.377  -26.291 0.1111111119
53086  -16.352  -5.557  -26.387 0.1111111119
55992  -15.910  -2.639  -27.428 0.1111111119
59844  -15.590  1.381  -28.407 0.1111111119
60767  -15.586  2.451  -30.028 0.1111111119
61634  -15.142  3.797  -30.990 0.1111111119
63297  -13.711  5.639  -30.379 0.1111111119
127166  -13.388  14.254  -29.498 0.2222222239
72233  -14.760  16.550  -30.446 0.1111111119
51136  -19.875  -7.023  -24.431 0.1111111119
72232  -13.945  16.861  -31.039 0.2222222239
72251  -14.098  16.505  -32.019 0.1111111119
69656  -12.560  13.040  -29.776 0.2222222239
56002  -15.742  -1.806  -27.729 0.1111111119
58979  -15.448  0.878  -29.422 0.1111111119
118756  -16.112  -3.515  -27.119 0.1111111119
119148  -14.168  5.017  -30.421 0.1111111119
62465  -14.353  4.479  -30.106 0.1111111119
50195  -16.909  -7.751  -25.658 0.1111111119
50182  -16.615  -8.631  -25.003 0.1111111119
60751  -15.639  2.170  -28.698 0.1111111119
70514  -14.307  14.493  -29.736 0.1111111119
53070  -16.063  -6.023  -25.763 0.1111111119
119890  -15.962  -5.239  -25.651 0.1111111119
60788  -15.433  3.215  -30.625 0.1111111119
71399  -15.719  15.530  -30.638 0.1111111119
72234  -15.656  16.344  -31.091 0.1111111119
73106  -16.139  16.770  -33.809 0.1111111119
68775  -13.339  11.728  -29.639 0.1111111119
73093  -16.066  16.636  -33.042 0.1111111119
63359  -21.629  5.309  -34.631 1.0000000000
63379  -25.739  4.885  -36.932 0.4444444478
64253  -21.126  6.873  -35.380 1.0000000000
65188  -18.212  7.868  -36.374 1.0000000000
65191  -19.795  7.720  -36.666 1.0000000000
66119  -20.063  8.602  -37.053 1.0000000000
66148  -28.172  7.903  -42.065 0.1111111119
67081  -16.245  9.365  -35.071 0.8888888955
67102  -18.623  9.672  -37.216 1.0000000000
67103  -19.425  9.228  -37.324 1.0000000000
67983  -16.364  10.108  -35.497 0.8888888955
67986  -24.532  9.898  -35.782 0.7777777910
67996  -16.761  10.605  -36.082 0.8888888955
67998  -18.010  10.247  -36.986 1.0000000000
68008  -19.189  10.664  -37.659 1.0000000000
68015  -27.095  9.888  -39.448 0.4444444478
68025  -25.693  10.600  -41.808 0.1111111119
68037  -26.337  10.598  -42.346 0.1111111119
68768  -11.629  11.841  -29.256 0.3333333433
68782  -10.992  11.622  -30.675 0.4444444478
68860  -17.354  11.609  -36.870 1.0000000000
68863  -21.581  11.450  -36.883 0.8888888955
68874  -19.193  11.466  -37.710 1.0000000000
68897  -25.347  11.324  -41.750 0.1111111119
68904  -25.970  11.177  -42.450 0.1111111119
69695  -15.721  12.577  -35.005 0.8888888955
69742  -18.472  12.749  -37.702 1.0000000000
69746  -26.769  12.109  -37.850 0.5555555820
69755  -25.210  12.724  -40.543 0.3333333433
69762  -24.483  12.967  -41.870 0.1111111119
69771  -27.726  11.737  -41.817 0.1111111119
70512  -11.945  14.804  -30.615 0.2222222239
70534  -12.360  14.162  -31.924 0.3333333433
70557  -15.497  13.434  -34.684 0.7777777910
70575  -25.988  13.886  -36.398 0.7777777910
70587  -26.337  13.357  -36.785 0.5555555820
70598  -17.985  13.340  -37.634 0.7777777910
70603  -21.994  13.848  -36.468 0.8888888955
70639  -24.744  13.418  -42.568 0.1111111119
71385  -12.419  15.626  -29.737 0.2222222239
71396  -12.138  15.844  -30.707 0.2222222239
71411  -16.273  15.610  -31.600 0.1111111119
71424  -15.030  14.069  -33.902 0.7777777910
71469  -25.467  14.432  -36.143 0.7777777910
71517  -24.347  14.487  -42.299 0.1111111119
72303  -23.525  15.340  -36.166 0.5555555820
72305  -24.987  15.078  -35.876 0.6666666865
72306  -26.289  15.791  -37.002 0.4444444478
72321  -19.638  15.917  -37.787 0.6666666865
73092  -15.684  16.558  -33.349 0.1111111119
73133  -22.930  15.984  -36.358 0.6666666865
73134  -26.190  16.582  -36.691 0.4444444478
73953  -25.687  17.347  -36.262 0.5555555820
73962  -26.319  17.319  -36.833 0.4444444478
74821  -25.495  18.059  -36.217 0.4444444478
75677  -25.190  18.750  -36.279 0.5555555820
75689  -26.197  19.189  -36.771 0.4444444478
76526  -26.036  20.012  -36.808 0.2222222239
78185  -25.751  22.657  -38.283 0.1111111119
78968  -25.341  23.243  -38.617 0.2222222239
78980  -23.505  23.505  -39.493 0.2222222239
80681  -21.710  26.789  -46.354 0.1111111119
81475  -18.254  26.340  -43.807 0.1111111119
81510  -22.005  27.328  -46.290 0.1111111119
82180  -17.288  28.266  -43.112 0.1111111119
82222  -22.341  27.807  -46.042 0.1111111119
106468  -24.117  16.412  -36.235 0.5555555820
106469  -19.225  16.753  -38.074 0.6666666865
106472  -19.012  17.403  -38.404 0.6666666865
106584  -23.471  17.352  -36.394 0.5555555820
106761  -22.078  17.130  -36.749 0.6666666865
107623  -19.955  12.915  -37.540 0.8888888955
107799  -18.409  17.509  -37.927 0.5555555820
109011  -26.305  14.919  -37.047 0.5555555820
110072  -11.566  12.398  -31.413 0.4444444478
111634  -24.787  7.676  -35.624 0.7777777910
114353  -10.720  10.897  -29.712 0.4444444478
115974  -25.747  15.601  -39.584 0.1111111119
116224  -15.938  11.646  -35.214 0.8888888955
118839  -26.587  8.793  -36.549 0.5555555820
119448  -26.538  12.753  -37.278 0.5555555820
119556  -24.162  10.490  -35.895 0.7777777910
119600  -18.757  15.087  -37.802 0.7777777910
120928  -23.963  16.942  -36.309 0.5555555820
121139  -22.722  18.346  -36.771 0.6666666865
121626  -22.816  8.666  -35.990 1.0000000000
121643  -25.375  12.962  -42.595 0.1111111119
121740  -25.508  14.953  -39.902 0.1111111119
122305  -23.248  17.985  -36.516 0.6666666865
124679  -26.023  5.426  -37.076 0.5555555820
125248  -28.605  10.461  -41.532 0.1111111119
125489  -27.061  8.032  -38.030 0.5555555820
125998  -29.838  10.891  -39.244 0.1111111119
126828  -26.543  18.121  -37.398 0.3333333433
127778  -22.856  15.386  -36.348 0.6666666865
127864  -20.112  18.908  -38.865 0.4444444478
128408  -22.926  9.833  -36.188 0.8888888955
128773  -26.762  10.826  -36.771 0.6666666865
