#!ascii label  , from subject sub-v2s16x51209_ses-1 vox2ras=TkReg
427
115575  -20.808  9.013  -36.799 0.0000000000
63344  -16.575  5.193  -33.434 0.0000000000
63371  -24.166  4.753  -35.608 0.0000000000
59021  -20.136  0.665  -33.496 0.0000000000
77360  -20.660  21.096  -39.427 0.0000000000
106610  -23.477  18.587  -36.567 0.0000000000
70572  -16.677  13.110  -36.309 0.0000000000
56043  -19.475  -2.893  -31.545 0.0000000000
61689  -17.936  3.305  -33.877 0.0000000000
112872  -17.441  1.466  -32.457 0.0000000000
76536  -21.941  20.434  -37.945 0.0000000000
106609  -19.701  17.107  -38.116 0.0000000000
67073  -15.293  9.149  -33.796 0.0000000000
69669  -13.579  11.620  -32.402 0.0000000000
68861  -17.981  11.129  -37.321 0.0000000000
70584  -21.716  13.060  -36.734 0.0000000000
68865  -23.095  11.350  -36.252 0.0000000000
67096  -26.373  9.512  -36.187 0.0000000000
65136  -14.617  7.209  -32.419 0.0000000000
65178  -17.909  7.198  -35.826 0.0000000000
65181  -22.478  7.620  -35.492 0.0000000000
62536  -19.816  4.901  -35.001 0.0000000000
61699  -22.379  3.037  -34.824 0.0000000000
122488  -23.446  0.430  -35.143 0.0000000000
71453  -16.306  14.784  -35.687 0.0000000000
71464  -21.052  15.284  -37.075 0.0000000000
125057  -24.707  16.346  -36.169 0.0000000000
58052  -16.734  -0.051  -31.272 0.0000000000
125887  -19.551  -1.000  -32.399 0.0000000000
60816  -16.632  2.787  -32.358 0.0000000000
59897  -16.341  1.565  -31.565 0.0000000000
107281  -19.312  17.558  -38.473 0.0000000000
73141  -18.091  16.484  -37.704 0.0000000000
66116  -17.792  8.646  -36.308 0.0000000000
67984  -16.971  10.017  -36.129 0.0000000000
115948  -19.141  10.009  -37.539 0.0000000000
67999  -20.407  10.767  -37.357 0.0000000000
112559  -21.852  10.201  -36.690 0.0000000000
68003  -25.008  10.616  -35.774 0.0000000000
67083  -23.043  9.283  -36.071 0.0000000000
64230  -15.267  6.661  -32.616 0.0000000000
64240  -16.364  6.982  -34.119 0.0000000000
112533  -17.385  5.948  -34.747 0.0000000000
64251  -19.320  5.910  -35.682 0.0000000000
63357  -17.939  5.309  -34.842 0.0000000000
60835  -19.205  2.116  -33.877 0.0000000000
61696  -19.851  3.209  -34.431 0.0000000000
114527  -21.108  2.241  -34.435 0.0000000000
59947  -22.307  1.300  -34.927 0.0000000000
59924  -21.871  0.843  -34.210 0.0000000000
75716  -19.680  20.072  -39.331 0.0000000000
77371  -18.514  20.939  -39.279 0.0000000000
77383  -20.145  21.342  -40.378 0.0000000000
78216  -19.390  21.721  -42.127 0.0000000000
78195  -21.593  22.326  -40.005 0.0000000000
106663  -22.025  18.812  -37.307 0.0000000000
121616  -15.233  12.727  -34.199 0.0000000000
70546  -15.027  13.522  -33.936 0.0000000000
118059  -16.327  13.950  -35.800 0.0000000000
125222  -18.522  14.457  -37.747 0.0000000000
70599  -18.634  13.650  -37.764 0.0000000000
122955  -23.728  13.557  -36.046 0.0000000000
71467  -23.635  14.495  -36.069 0.0000000000
109081  -25.688  15.197  -36.266 0.0000000000
64254  -22.913  6.708  -35.048 0.0000000000
65183  -24.264  7.113  -35.466 0.0000000000
56041  -17.729  -2.389  -31.056 0.0000000000
57069  -17.805  -1.574  -31.406 0.0000000000
58054  -18.322  -0.950  -31.886 0.0000000000
57071  -19.275  -2.103  -31.750 0.0000000000
62514  -16.491  4.533  -32.976 0.0000000000
110122  -17.494  3.861  -33.824 0.0000000000
61668  -16.844  3.360  -32.703 0.0000000000
59920  -17.672  2.320  -32.961 0.0000000000
59019  -18.532  1.216  -33.005 0.0000000000
106473  -20.236  19.607  -38.967 0.0000000000
76550  -21.230  20.784  -38.675 0.0000000000
75702  -20.759  19.221  -38.378 0.0000000000
106481  -21.277  18.188  -37.532 0.0000000000
106471  -21.278  17.349  -37.217 0.0000000000
67051  -13.787  9.398  -32.331 0.0000000000
67943  -14.361  10.325  -32.773 0.0000000000
68849  -16.359  10.987  -35.698 0.0000000000
68872  -17.793  11.945  -37.325 0.0000000000
110355  -19.138  12.877  -37.727 0.0000000000
68875  -20.019  11.474  -37.559 0.0000000000
69729  -22.931  12.274  -36.307 0.0000000000
122056  -25.235  12.898  -35.912 0.0000000000
68868  -26.356  11.280  -36.332 0.0000000000
113491  -19.991  -3.920  -30.681 0.0000000000
56044  -20.253  -2.869  -31.553 0.0000000000
66099  -15.425  8.285  -33.673 0.0000000000
65176  -16.886  7.967  -35.180 0.0000000000
106926  -18.956  7.790  -36.711 0.0000000000
65192  -20.683  8.181  -36.436 0.0000000000
64261  -19.754  6.871  -36.249 0.0000000000
63370  -20.866  6.049  -34.989 0.0000000000
127995  -22.278  5.536  -34.661 0.0000000000
125509  -18.734  4.151  -34.616 0.0000000000
62526  -20.534  4.392  -34.627 0.0000000000
62529  -23.335  3.872  -35.260 0.0000000000
61700  -23.036  2.933  -35.383 0.0000000000
116753  -23.839  0.961  -36.047 0.0000000000
77361  -22.462  21.670  -38.478 0.0000000000
72313  -18.404  15.779  -37.769 0.0000000000
106642  -20.495  16.093  -37.449 0.0000000000
106464  -22.129  16.354  -36.591 0.0000000000
70602  -21.186  13.753  -36.981 0.0000000000
72302  -22.071  15.382  -36.463 0.0000000000
73951  -24.258  17.466  -36.272 0.0000000000
66112  -24.379  8.502  -35.685 0.0000000000
66122  -26.251  7.902  -36.313 0.0000000000
58990  -16.176  0.817  -31.099 0.0000000000
58991  -16.823  0.852  -31.710 0.0000000000
59005  -18.826  0.311  -32.717 0.0000000000
58086  -19.745  0.110  -33.032 0.0000000000
56056  -21.093  -1.882  -32.067 0.0000000000
58068  -21.125  -0.823  -32.746 0.0000000000
58088  -21.555  -0.222  -33.148 0.0000000000
73140  -17.557  16.635  -37.195 0.0000000000
66117  -18.615  8.699  -36.867 0.0000000000
67092  -17.988  9.438  -36.693 0.0000000000
67093  -20.195  9.341  -37.260 0.0000000000
115935  -20.836  9.951  -37.017 0.0000000000
67094  -21.620  9.403  -36.598 0.0000000000
122769  -22.418  9.671  -36.390 0.0000000000
114326  -16.048  5.127  -32.723 0.0000000000
63343  -15.873  5.892  -32.862 0.0000000000
63355  -16.623  6.044  -33.972 0.0000000000
63356  -17.199  5.214  -34.217 0.0000000000
59923  -20.071  1.490  -33.933 0.0000000000
60858  -20.180  2.341  -34.261 0.0000000000
59945  -20.978  1.622  -34.175 0.0000000000
119465  -20.882  1.006  -33.836 0.0000000000
77373  -19.778  20.803  -39.764 0.0000000000
121474  -20.738  21.915  -40.416 0.0000000000
77374  -21.123  21.683  -39.751 0.0000000000
106603  -22.933  19.141  -36.843 0.0000000000
122664  -23.336  19.926  -36.933 0.0000000000
112479  -23.847  19.307  -36.645 0.0000000000
75676  -24.312  18.704  -36.394 0.0000000000
69713  -16.295  12.386  -35.714 0.0000000000
70558  -16.029  13.288  -35.454 0.0000000000
70582  -17.205  13.356  -36.935 0.0000000000
71463  -17.528  13.848  -37.247 0.0000000000
70583  -17.599  13.115  -37.347 0.0000000000
70586  -25.329  13.657  -36.074 0.0000000000
71468  -24.576  14.224  -35.960 0.0000000000
64255  -23.891  5.711  -35.136 0.0000000000
64256  -24.542  6.141  -35.548 0.0000000000
63372  -24.615  5.119  -35.856 0.0000000000
55026  -18.967  -3.460  -31.215 0.0000000000
56029  -18.145  -3.137  -30.919 0.0000000000
56042  -18.544  -2.520  -31.417 0.0000000000
57070  -18.597  -1.720  -31.715 0.0000000000
111729  -16.295  3.982  -32.495 0.0000000000
61687  -17.013  3.908  -33.145 0.0000000000
59908  -17.156  2.116  -32.562 0.0000000000
60817  -17.290  2.787  -32.867 0.0000000000
59921  -18.334  2.051  -33.331 0.0000000000
59909  -17.835  1.725  -32.793 0.0000000000
116583  -19.478  19.202  -39.202 0.0000000000
106479  -19.553  18.300  -38.863 0.0000000000
121104  -19.989  17.654  -38.299 0.0000000000
121122  -20.659  17.745  -37.737 0.0000000000
106598  -20.395  17.033  -37.662 0.0000000000
67052  -14.695  9.476  -33.117 0.0000000000
67944  -15.143  10.002  -33.755 0.0000000000
67997  -17.334  10.697  -36.635 0.0000000000
67967  -15.883  10.712  -35.003 0.0000000000
68859  -16.821  11.265  -36.307 0.0000000000
125560  -16.456  11.664  -35.880 0.0000000000
68873  -18.401  11.881  -37.605 0.0000000000
111454  -18.654  11.116  -37.618 0.0000000000
107581  -22.159  10.994  -36.693 0.0000000000
68864  -22.247  11.784  -36.665 0.0000000000
108751  -23.830  12.097  -35.965 0.0000000000
112512  -24.307  12.806  -35.930 0.0000000000
109822  -24.889  12.122  -35.776 0.0000000000
109461  -25.962  12.249  -36.033 0.0000000000
68867  -25.456  11.386  -35.824 0.0000000000
67987  -25.695  9.887  -35.762 0.0000000000
121235  -25.889  10.723  -35.840 0.0000000000
67105  -26.873  9.559  -36.862 0.0000000000
55018  -20.701  -3.343  -30.116 0.0000000000
66055  -13.921  7.777  -32.232 0.0000000000
66079  -14.870  7.820  -32.902 0.0000000000
65171  -16.763  7.364  -34.739 0.0000000000
65170  -16.203  7.931  -34.396 0.0000000000
65177  -17.282  7.273  -35.277 0.0000000000
109543  -17.520  7.918  -35.802 0.0000000000
65189  -18.621  7.154  -36.253 0.0000000000
65190  -19.236  7.179  -36.463 0.0000000000
63368  -19.233  5.335  -35.359 0.0000000000
123248  -19.688  6.285  -35.873 0.0000000000
63369  -19.987  5.701  -35.443 0.0000000000
63358  -20.645  5.189  -34.823 0.0000000000
61695  -18.059  3.931  -34.353 0.0000000000
60856  -18.786  3.437  -34.330 0.0000000000
109361  -20.842  2.957  -34.457 0.0000000000
61697  -20.467  3.687  -34.499 0.0000000000
62527  -21.518  3.706  -34.517 0.0000000000
110764  -21.951  4.470  -34.567 0.0000000000
62528  -22.555  3.821  -34.761 0.0000000000
115332  -22.697  0.543  -35.017 0.0000000000
59948  -23.028  0.949  -35.638 0.0000000000
59949  -24.358  0.738  -35.356 0.0000000000
127885  -21.959  21.130  -38.335 0.0000000000
77346  -22.665  21.144  -37.877 0.0000000000
128375  -13.618  10.902  -32.340 0.0000000000
72271  -15.885  14.921  -35.144 0.0000000000
72300  -16.761  15.332  -36.289 0.0000000000
72312  -17.730  15.818  -37.450 0.0000000000
111406  -17.372  14.932  -37.198 0.0000000000
71479  -19.068  14.381  -37.821 0.0000000000
71480  -19.371  15.124  -37.773 0.0000000000
121143  -20.179  15.201  -37.538 0.0000000000
106701  -21.384  16.076  -36.918 0.0000000000
69745  -20.845  12.963  -37.192 0.0000000000
70601  -20.334  13.687  -37.408 0.0000000000
72291  -24.382  15.716  -36.062 0.0000000000
71466  -22.865  14.864  -36.291 0.0000000000
109631  -23.685  16.006  -36.223 0.0000000000
121106  -23.485  16.589  -36.332 0.0000000000
73123  -24.536  16.902  -36.224 0.0000000000
73124  -25.217  16.776  -36.181 0.0000000000
65180  -21.464  7.766  -35.771 0.0000000000
66109  -22.250  8.325  -35.908 0.0000000000
66110  -23.031  8.111  -35.730 0.0000000000
122437  -25.595  7.467  -35.952 0.0000000000
58040  -17.082  -0.966  -31.167 0.0000000000
58039  -15.969  0.038  -30.567 0.0000000000
116336  -17.309  0.276  -31.797 0.0000000000
58067  -18.888  -0.566  -32.333 0.0000000000
58066  -18.018  0.068  -32.171 0.0000000000
112144  -19.561  -0.411  -32.680 0.0000000000
122564  -20.066  -0.364  -32.875 0.0000000000
56055  -20.540  -2.160  -31.887 0.0000000000
60807  -15.973  2.904  -31.674 0.0000000000
59907  -16.456  2.189  -32.014 0.0000000000
59898  -16.915  1.510  -32.150 0.0000000000
107001  -18.938  17.946  -38.814 0.0000000000
106478  -18.764  17.497  -38.282 0.0000000000
106477  -18.857  17.056  -38.120 0.0000000000
73142  -18.691  16.487  -37.928 0.0000000000
67082  -16.743  9.371  -35.611 0.0000000000
119032  -15.763  9.802  -34.606 0.0000000000
67091  -17.356  9.362  -36.154 0.0000000000
115276  -17.514  9.967  -36.537 0.0000000000
68007  -18.596  10.475  -37.443 0.0000000000
68009  -19.709  10.872  -37.627 0.0000000000
67104  -19.843  10.091  -37.528 0.0000000000
68000  -21.266  10.807  -36.960 0.0000000000
68002  -23.556  10.691  -36.084 0.0000000000
68866  -24.279  11.251  -35.889 0.0000000000
68001  -22.783  10.389  -36.338 0.0000000000
67985  -23.535  9.980  -36.003 0.0000000000
67084  -23.961  9.242  -35.828 0.0000000000
63342  -14.903  6.123  -32.020 0.0000000000
65160  -15.577  7.358  -33.349 0.0000000000
64231  -15.977  6.589  -33.378 0.0000000000
64241  -17.017  6.684  -34.706 0.0000000000
64249  -17.623  6.587  -35.290 0.0000000000
64250  -18.300  6.536  -35.713 0.0000000000
63366  -17.960  6.021  -35.239 0.0000000000
63367  -18.616  5.805  -35.471 0.0000000000
122352  -18.613  5.148  -35.091 0.0000000000
60834  -18.494  2.740  -33.826 0.0000000000
60857  -19.278  2.772  -34.160 0.0000000000
61698  -21.843  2.473  -34.597 0.0000000000
59946  -21.634  1.719  -34.462 0.0000000000
76548  -18.940  19.892  -39.296 0.0000000000
77382  -19.446  21.250  -40.386 0.0000000000
78204  -20.090  21.705  -41.200 0.0000000000
78206  -21.929  23.038  -40.380 0.0000000000
106476  -22.432  19.734  -37.343 0.0000000000
76537  -22.913  20.509  -37.422 0.0000000000
70545  -14.571  13.502  -33.461 0.0000000000
113018  -15.317  14.058  -34.371 0.0000000000
71440  -15.743  14.230  -35.090 0.0000000000
71462  -16.848  14.206  -36.546 0.0000000000
71478  -18.001  14.197  -37.614 0.0000000000
110787  -19.831  14.408  -37.599 0.0000000000
108047  -22.692  13.150  -36.326 0.0000000000
70585  -22.843  14.069  -36.238 0.0000000000
72304  -24.261  14.967  -35.874 0.0000000000
72292  -25.302  15.937  -36.175 0.0000000000
65182  -23.372  7.404  -35.413 0.0000000000
106905  -23.811  6.661  -35.254 0.0000000000
65184  -25.228  6.657  -35.882 0.0000000000
57055  -17.022  -1.748  -30.747 0.0000000000
58053  -17.547  -0.520  -31.617 0.0000000000
57086  -19.090  -1.356  -32.062 0.0000000000
62499  -15.764  4.652  -32.294 0.0000000000
62515  -17.081  4.498  -33.688 0.0000000000
61688  -17.415  3.309  -33.308 0.0000000000
60833  -17.799  2.748  -33.377 0.0000000000
59922  -19.200  1.365  -33.513 0.0000000000
106591  -18.785  19.236  -38.965 0.0000000000
76549  -20.405  20.411  -39.099 0.0000000000
75711  -20.987  20.025  -38.442 0.0000000000
106475  -21.550  19.520  -37.854 0.0000000000
106665  -20.499  18.408  -38.234 0.0000000000
107627  -21.228  18.835  -37.859 0.0000000000
106466  -22.026  17.904  -37.028 0.0000000000
68809  -14.338  11.336  -32.845 0.0000000000
67966  -15.454  10.525  -34.346 0.0000000000
118922  -14.948  10.886  -33.685 0.0000000000
68827  -15.448  11.271  -34.445 0.0000000000
126709  -15.481  12.016  -34.519 0.0000000000
69725  -16.808  12.083  -36.398 0.0000000000
69726  -17.341  12.534  -37.016 0.0000000000
69741  -17.902  12.586  -37.520 0.0000000000
110654  -18.931  12.216  -37.732 0.0000000000
69743  -19.585  12.176  -37.635 0.0000000000
69744  -20.429  12.193  -37.353 0.0000000000
68862  -20.831  11.477  -37.152 0.0000000000
69727  -21.405  12.198  -36.939 0.0000000000
69728  -22.205  12.487  -36.610 0.0000000000
126883  -23.500  12.776  -36.113 0.0000000000
121638  -24.625  13.419  -35.988 0.0000000000
69714  -26.004  13.135  -36.163 0.0000000000
69730  -26.316  12.715  -36.542 0.0000000000
123329  -26.584  12.077  -36.811 0.0000000000
111895  -24.585  4.117  -36.334 0.0000000000
55016  -19.274  -4.037  -30.851 0.0000000000
55027  -19.785  -3.545  -31.250 0.0000000000
66078  -14.555  8.618  -32.819 0.0000000000
66100  -15.899  8.862  -34.480 0.0000000000
66107  -16.493  8.689  -35.093 0.0000000000
66108  -17.134  8.665  -35.681 0.0000000000
66118  -19.371  8.390  -36.985 0.0000000000
66120  -21.511  8.618  -36.305 0.0000000000
65179  -20.507  7.309  -36.074 0.0000000000
64260  -19.071  6.499  -36.053 0.0000000000
64252  -20.302  6.500  -35.723 0.0000000000
125083  -21.935  7.114  -35.227 0.0000000000
64242  -21.910  6.255  -34.829 0.0000000000
64243  -22.916  5.677  -34.737 0.0000000000
63361  -23.575  4.795  -35.090 0.0000000000
62523  -17.645  4.532  -34.312 0.0000000000
62524  -18.318  4.627  -34.704 0.0000000000
62535  -19.039  4.698  -34.955 0.0000000000
62525  -19.600  4.079  -34.648 0.0000000000
123542  -21.250  4.638  -34.564 0.0000000000
63360  -22.670  4.788  -34.670 0.0000000000
62537  -24.016  3.951  -35.845 0.0000000000
61710  -23.840  2.837  -36.315 0.0000000000
60859  -22.664  2.047  -35.271 0.0000000000
60860  -23.426  1.820  -36.032 0.0000000000
76551  -21.553  21.448  -38.938 0.0000000000
77375  -22.079  22.051  -39.234 0.0000000000
72301  -17.198  15.978  -36.767 0.0000000000
72314  -18.997  15.836  -37.945 0.0000000000
118648  -18.113  15.035  -37.654 0.0000000000
121123  -19.861  16.562  -37.873 0.0000000000
106465  -21.011  16.658  -37.189 0.0000000000
111066  -21.580  16.712  -36.915 0.0000000000
106575  -22.711  17.599  -36.600 0.0000000000
70600  -19.467  13.643  -37.674 0.0000000000
71481  -20.696  14.468  -37.267 0.0000000000
71482  -22.234  14.536  -36.386 0.0000000000
71465  -21.513  14.542  -36.689 0.0000000000
121096  -22.781  16.842  -36.436 0.0000000000
121100  -23.901  18.034  -36.346 0.0000000000
74820  -24.704  18.093  -36.180 0.0000000000
66121  -22.292  8.979  -36.277 0.0000000000
66111  -23.486  8.632  -35.823 0.0000000000
67085  -25.010  9.127  -35.702 0.0000000000
110223  -23.854  7.941  -35.588 0.0000000000
66113  -25.393  8.267  -35.761 0.0000000000
67095  -26.009  8.912  -35.869 0.0000000000
59003  -17.403  0.883  -32.158 0.0000000000
59004  -17.959  0.966  -32.571 0.0000000000
59020  -19.260  0.740  -33.158 0.0000000000
56054  -19.936  -2.386  -31.764 0.0000000000
57087  -19.939  -1.655  -32.130 0.0000000000
57088  -20.765  -1.511  -32.351 0.0000000000
111940  -20.258  -0.887  -32.639 0.0000000000
58087  -20.620  -0.175  -33.056 0.0000000000
59022  -21.226  0.360  -33.551 0.0000000000
63359  -21.629  5.309  -34.631 0.0000000000
64253  -21.126  6.873  -35.380 0.0000000000
65188  -18.212  7.868  -36.374 0.0000000000
65191  -19.795  7.720  -36.666 0.0000000000
66119  -20.063  8.602  -37.053 0.0000000000
67081  -16.245  9.365  -35.071 0.0000000000
67102  -18.623  9.672  -37.216 0.0000000000
67103  -19.425  9.228  -37.324 0.0000000000
67983  -16.364  10.108  -35.497 0.0000000000
67986  -24.532  9.898  -35.782 0.0000000000
67996  -16.761  10.605  -36.082 0.0000000000
67998  -18.010  10.247  -36.986 0.0000000000
68008  -19.189  10.664  -37.659 0.0000000000
68860  -17.354  11.609  -36.870 0.0000000000
68863  -21.581  11.450  -36.883 0.0000000000
68874  -19.193  11.466  -37.710 0.0000000000
69695  -15.721  12.577  -35.005 0.0000000000
69742  -18.472  12.749  -37.702 0.0000000000
70557  -15.497  13.434  -34.684 0.0000000000
70575  -25.988  13.886  -36.398 0.0000000000
70598  -17.985  13.340  -37.634 0.0000000000
70603  -21.994  13.848  -36.468 0.0000000000
71424  -15.030  14.069  -33.902 0.0000000000
71469  -25.467  14.432  -36.143 0.0000000000
72303  -23.525  15.340  -36.166 0.0000000000
72305  -24.987  15.078  -35.876 0.0000000000
72321  -19.638  15.917  -37.787 0.0000000000
73133  -22.930  15.984  -36.358 0.0000000000
73953  -25.687  17.347  -36.262 0.0000000000
106468  -24.117  16.412  -36.235 0.0000000000
106469  -19.225  16.753  -38.074 0.0000000000
106472  -19.012  17.403  -38.404 0.0000000000
106584  -23.471  17.352  -36.394 0.0000000000
106761  -22.078  17.130  -36.749 0.0000000000
107623  -19.955  12.915  -37.540 0.0000000000
111634  -24.787  7.676  -35.624 0.0000000000
116224  -15.938  11.646  -35.214 0.0000000000
119556  -24.162  10.490  -35.895 0.0000000000
119600  -18.757  15.087  -37.802 0.0000000000
120928  -23.963  16.942  -36.309 0.0000000000
121139  -22.722  18.346  -36.771 0.0000000000
121626  -22.816  8.666  -35.990 0.0000000000
122305  -23.248  17.985  -36.516 0.0000000000
127778  -22.856  15.386  -36.348 0.0000000000
127864  -20.112  18.908  -38.865 0.0000000000
128408  -22.926  9.833  -36.188 0.0000000000
