#!ascii label  , from subject sub-v2s16x51209_ses-1 vox2ras=TkReg
1610
25031  27.995  -36.105  -9.694 0.8999999762
25032  27.492  -36.766  -9.447 0.8000000119
25041  27.845  -36.748  -10.249 0.8000000119
24078  26.911  -37.919  -10.566 0.6999999881
25066  27.461  -36.936  -12.461 0.8000000119
25966  27.401  -36.125  -9.137 0.8999999762
25040  28.384  -36.064  -10.530 1.0000000000
25991  29.041  -35.553  -12.219 1.0000000000
25065  28.515  -36.091  -12.559 0.8999999762
115926  28.057  -36.602  -12.072 0.8000000119
25067  27.041  -36.837  -13.142 0.8000000119
115089  27.858  -36.523  -12.936 0.8999999762
24108  26.676  -37.400  -12.370 0.8000000119
25074  26.618  -36.591  -13.897 0.6999999881
25075  25.318  -37.044  -13.820 0.6999999881
25954  25.747  -35.729  -8.619 0.8000000119
115052  27.553  -35.399  -9.320 0.8999999762
26919  27.639  -34.510  -9.555 0.8999999762
26920  26.687  -34.664  -9.247 0.8999999762
25967  24.348  -34.907  -9.251 0.8999999762
118329  28.801  -35.348  -10.820 0.8999999762
25980  29.458  -34.930  -11.973 1.0000000000
25072  28.281  -36.013  -13.449 0.8999999762
109795  28.925  -34.680  -14.125 1.0000000000
26977  28.152  -34.848  -14.694 0.8999999762
26008  27.870  -35.737  -14.244 0.8999999762
25088  27.005  -36.057  -14.450 0.8000000119
25090  25.260  -36.707  -14.579 0.6999999881
27899  28.693  -33.884  -10.367 0.8999999762
27900  27.805  -33.437  -10.039 0.8999999762
27886  26.130  -33.978  -9.707 0.8999999762
26922  24.772  -34.424  -9.524 0.8999999762
26923  23.930  -34.438  -9.604 0.8999999762
26936  28.233  -34.259  -9.916 0.8999999762
25981  29.181  -34.549  -11.074 0.8999999762
25994  29.362  -35.160  -12.663 1.0000000000
26021  27.261  -35.371  -14.960 0.8000000119
26022  26.448  -35.787  -15.171 0.8000000119
25100  25.648  -36.164  -15.307 0.8000000119
26040  25.403  -35.158  -16.434 0.8000000119
26024  25.032  -35.842  -16.024 0.8000000119
26041  24.714  -35.161  -16.849 0.8000000119
27901  26.072  -33.201  -10.184 0.8999999762
27888  24.369  -33.818  -9.976 0.8999999762
27889  23.554  -33.862  -10.094 0.8999999762
28838  28.412  -33.042  -10.445 0.8999999762
28842  24.628  -32.570  -10.744 0.8999999762
27904  23.240  -33.271  -10.601 0.8000000119
27890  22.861  -33.845  -10.262 0.8000000119
27914  29.208  -33.526  -10.897 0.8999999762
28843  23.710  -32.591  -10.967 0.6999999881
27905  22.446  -33.424  -10.712 0.6999999881
27906  21.588  -33.683  -10.808 0.6999999881
27913  29.674  -33.963  -11.810 0.8999999762
28857  22.346  -32.173  -11.521 0.6999999881
28858  21.484  -32.393  -11.613 0.6999999881
27924  30.275  -33.266  -12.992 1.0000000000
29790  21.855  -31.672  -11.910 0.6000000238
26955  29.723  -34.592  -12.665 1.0000000000
27944  29.604  -33.449  -14.237 1.0000000000
26975  29.486  -34.207  -13.899 1.0000000000
26976  28.838  -33.973  -14.656 1.0000000000
26988  27.943  -33.987  -15.343 0.8999999762
26989  27.334  -34.601  -15.468 0.8000000119
117073  26.614  -35.076  -15.687 0.8000000119
26990  25.968  -34.733  -16.306 0.8000000119
27005  25.307  -34.473  -16.769 0.8000000119
27006  24.656  -34.239  -17.216 0.8000000119
27978  25.192  -33.803  -17.039 0.8000000119
110683  23.714  -33.208  -17.813 0.8000000119
129109  27.617  -32.750  -10.347 0.8999999762
27887  25.273  -33.725  -9.915 0.8999999762
28839  27.115  -32.209  -10.493 0.8999999762
28840  26.210  -32.356  -10.549 0.8999999762
27902  25.304  -32.948  -10.386 0.8999999762
29777  25.000  -31.822  -11.077 0.8999999762
28853  29.745  -32.389  -11.483 0.8999999762
28844  22.842  -32.708  -11.099 0.6999999881
110372  29.648  -33.115  -11.375 0.8999999762
28856  23.266  -31.884  -11.475 0.6000000238
29789  22.598  -31.453  -11.817 0.6000000238
28866  30.402  -32.591  -12.848 1.0000000000
29800  21.469  -31.110  -12.299 0.5000000000
28876  30.204  -32.866  -13.700 1.0000000000
30767  21.118  -30.433  -12.578 0.5000000000
28890  29.658  -32.546  -14.654 1.0000000000
125001  29.114  -33.198  -14.869 1.0000000000
28900  28.811  -32.575  -15.331 1.0000000000
27954  28.405  -33.278  -15.334 1.0000000000
27955  27.528  -33.205  -15.931 0.8999999762
126310  26.658  -34.293  -16.090 0.8000000119
27975  26.906  -32.876  -16.468 0.8999999762
27976  26.222  -33.041  -16.749 0.8000000119
27004  25.912  -33.847  -16.622 0.8000000119
29849  26.165  -31.899  -17.096 0.8999999762
28920  25.829  -32.499  -17.089 0.8000000119
29865  26.036  -31.243  -17.307 0.8999999762
28930  25.046  -32.572  -17.357 0.8000000119
29868  23.878  -31.872  -18.039 0.8000000119
30827  23.575  -31.149  -18.354 0.8000000119
29879  23.006  -31.780  -18.410 0.8000000119
29776  25.720  -31.710  -10.913 0.8999999762
127111  28.017  -32.292  -10.509 0.8999999762
29773  28.500  -31.747  -10.692 0.8999999762
29786  25.311  -31.282  -11.237 0.6999999881
29787  24.693  -31.186  -11.474 0.8000000119
29785  29.048  -31.205  -10.826 0.8999999762
115079  23.196  -31.151  -11.808 0.6999999881
30757  22.734  -30.781  -12.121 0.6000000238
29799  22.151  -31.088  -12.145 0.6000000238
31607  23.674  -29.670  -12.258 0.6999999881
30765  22.876  -30.049  -12.393 0.6000000238
30766  22.024  -30.399  -12.450 0.5000000000
28889  30.346  -32.037  -14.097 1.0000000000
31617  22.237  -29.552  -12.637 0.5000000000
31630  21.505  -28.900  -13.072 0.5000000000
28899  29.185  -31.837  -15.304 1.0000000000
29831  28.800  -31.241  -15.682 1.0000000000
29832  28.285  -31.846  -15.873 1.0000000000
28918  27.405  -32.257  -16.334 0.8999999762
29830  29.474  -31.107  -15.328 1.0000000000
29847  28.201  -30.977  -16.153 0.8999999762
120863  27.637  -31.448  -16.392 0.8999999762
29848  26.840  -31.470  -16.831 0.8999999762
30811  27.491  -30.720  -16.661 0.8999999762
30812  26.657  -30.413  -17.196 0.8999999762
31682  25.297  -29.807  -17.944 0.8999999762
115693  24.909  -30.553  -17.936 0.8999999762
31680  26.885  -29.426  -17.326 0.8999999762
31681  26.105  -29.652  -17.586 0.8999999762
31683  24.624  -30.003  -18.251 0.8999999762
32586  25.659  -28.903  -17.993 0.8999999762
29774  27.545  -31.568  -10.620 0.8999999762
29775  26.563  -31.470  -10.749 0.8999999762
30737  25.867  -31.004  -11.072 0.8999999762
30736  26.473  -30.718  -10.973 0.8999999762
30753  26.000  -30.248  -11.258 1.0000000000
30754  25.270  -30.636  -11.451 0.8000000119
30752  28.778  -30.412  -10.843 0.8999999762
29788  23.885  -31.155  -11.677 0.6999999881
29798  30.531  -31.831  -12.770 0.8999999762
29784  29.788  -31.490  -11.482 0.8999999762
129500  24.220  -29.574  -12.074 0.6999999881
127391  23.563  -28.911  -12.461 0.6999999881
117207  22.958  -29.214  -12.557 0.5000000000
29808  30.629  -31.523  -13.467 1.0000000000
32519  22.249  -28.744  -12.849 0.5000000000
32527  21.749  -28.202  -13.286 0.5000000000
29819  30.481  -31.208  -14.221 1.0000000000
30787  30.114  -30.862  -14.881 1.0000000000
31649  30.341  -29.388  -15.291 1.0000000000
119456  29.621  -29.862  -15.636 1.0000000000
30798  28.954  -30.489  -15.817 1.0000000000
31651  28.861  -29.606  -16.219 1.0000000000
31650  29.597  -28.984  -15.960 1.0000000000
31668  28.124  -29.339  -16.726 0.8999999762
117449  27.525  -29.139  -17.120 0.8999999762
32584  27.121  -28.548  -17.472 0.8999999762
32655  23.986  -28.222  -22.132 0.6999999881
117577  23.050  -28.462  -21.494 0.8000000119
32643  22.347  -28.762  -21.018 0.8000000119
33657  22.789  -27.111  -21.318 0.8000000119
125335  29.476  -30.764  -11.155 0.8999999762
31604  28.602  -29.465  -11.049 1.0000000000
31587  27.808  -30.170  -10.912 1.0000000000
116244  26.320  -29.307  -11.438 1.0000000000
31606  25.337  -29.743  -11.612 0.6999999881
30750  30.399  -31.304  -12.153 0.8999999762
30751  30.082  -30.656  -11.637 0.8999999762
31616  24.123  -29.043  -12.250 0.6999999881
32518  23.088  -28.306  -12.718 0.6000000238
30786  30.631  -30.464  -14.365 1.0000000000
120455  30.865  -30.606  -13.417 0.8999999762
30763  30.651  -30.476  -12.301 0.8999999762
127834  21.946  -27.575  -13.446 0.4000000060
32573  29.359  -28.347  -16.420 1.0000000000
32583  28.223  -27.639  -17.278 1.0000000000
32574  28.811  -28.036  -16.842 1.0000000000
34714  23.089  -26.392  -20.748 0.8999999762
31746  25.293  -29.107  -22.201 0.6000000238
33670  24.699  -27.646  -22.548 0.6000000238
33671  23.714  -27.224  -22.263 0.8000000119
33672  23.028  -26.527  -21.827 0.8000000119
32632  22.446  -28.450  -20.755 0.8999999762
109123  22.888  -27.188  -20.705 0.8999999762
30764  30.291  -29.775  -11.736 0.8999999762
31603  29.579  -29.225  -11.359 0.8999999762
32498  26.235  -28.437  -11.614 0.8000000119
122455  24.672  -29.290  -11.912 0.6999999881
32517  23.930  -28.294  -12.500 0.6999999881
33536  23.593  -27.564  -12.778 0.6000000238
114507  22.558  -26.450  -13.600 0.4000000060
117798  31.119  -29.757  -13.508 1.0000000000
124042  30.891  -29.697  -14.446 1.0000000000
120805  30.387  -28.719  -15.541 1.0000000000
32558  30.064  -28.243  -16.054 1.0000000000
33596  29.618  -27.648  -16.564 1.0000000000
34691  29.140  -26.427  -17.410 1.0000000000
34712  24.255  -26.684  -19.838 0.8999999762
122541  23.904  -25.484  -20.563 0.8999999762
35710  23.721  -26.200  -20.352 0.8999999762
111787  22.864  -25.733  -21.604 0.8999999762
116629  26.422  -28.207  -22.157 0.6000000238
32653  25.842  -28.462  -22.475 0.6000000238
32654  25.072  -28.432  -22.481 0.6000000238
125867  24.419  -26.941  -22.605 0.8000000119
34761  23.765  -26.370  -22.467 0.8000000119
34744  22.820  -26.466  -21.462 0.8999999762
32495  29.064  -28.616  -11.242 0.8999999762
31605  27.426  -29.344  -11.155 0.8999999762
32497  27.029  -28.512  -11.351 0.6999999881
32496  28.075  -28.552  -11.222 0.8999999762
33534  25.150  -27.951  -12.118 0.6000000238
31615  30.815  -29.313  -12.145 1.0000000000
32513  31.055  -28.453  -12.117 1.0000000000
31602  30.280  -28.764  -11.690 1.0000000000
34614  25.383  -27.234  -12.161 0.6000000238
33535  24.494  -27.444  -12.478 0.6000000238
33551  23.223  -26.886  -13.213 0.5000000000
31641  31.378  -28.987  -13.772 1.0000000000
31614  31.235  -29.103  -12.793 1.0000000000
121805  31.823  -27.532  -13.570 1.0000000000
32556  31.408  -28.055  -14.890 1.0000000000
32543  31.061  -28.785  -14.851 1.0000000000
32557  30.841  -28.165  -15.489 1.0000000000
33595  30.558  -27.519  -16.086 1.0000000000
128228  29.932  -26.364  -17.084 1.0000000000
35688  29.792  -25.648  -17.499 1.0000000000
35690  28.369  -26.142  -17.848 1.0000000000
34692  27.802  -26.575  -17.865 1.0000000000
34700  27.643  -25.923  -18.285 1.0000000000
35697  26.949  -26.067  -18.541 1.0000000000
35707  26.761  -25.114  -19.313 1.0000000000
112060  26.076  -25.391  -19.566 0.8999999762
35698  26.381  -26.483  -18.685 0.8999999762
35709  24.498  -25.938  -20.075 0.8999999762
129024  23.308  -25.797  -20.758 0.8999999762
120951  22.744  -24.932  -21.932 0.8999999762
33655  27.401  -26.814  -21.856 0.6000000238
33667  26.807  -27.273  -22.264 0.6000000238
34759  26.127  -27.065  -22.863 0.6000000238
33669  25.627  -27.824  -22.745 0.6000000238
35763  24.132  -25.548  -22.841 0.8000000119
35764  23.142  -25.615  -22.289 0.8000000119
33512  29.702  -28.137  -11.451 0.8999999762
33514  27.621  -27.719  -11.389 0.6999999881
33516  25.820  -27.862  -11.842 0.6000000238
33531  31.193  -27.506  -12.183 0.8999999762
130232  24.998  -26.646  -12.438 0.6000000238
112741  24.388  -26.457  -12.735 0.5000000000
32525  31.560  -28.136  -12.965 1.0000000000
32542  31.590  -28.184  -14.102 1.0000000000
33581  31.370  -27.554  -15.368 1.0000000000
34666  31.308  -26.945  -15.868 1.0000000000
35675  30.635  -25.999  -16.967 1.0000000000
35689  28.964  -25.682  -17.791 1.0000000000
35695  28.383  -25.356  -18.191 1.0000000000
35706  27.296  -24.891  -19.050 1.0000000000
36647  26.304  -24.682  -19.812 1.0000000000
36663  24.995  -24.387  -20.530 0.8999999762
35725  24.726  -25.175  -20.333 0.8999999762
37644  22.943  -23.873  -21.794 0.8999999762
126419  27.123  -26.006  -22.645 0.6000000238
34758  26.710  -26.467  -22.712 0.6000000238
34774  26.228  -26.231  -22.987 0.6000000238
36713  25.534  -24.516  -23.406 0.6999999881
117697  24.068  -24.795  -23.159 0.6999999881
35783  23.375  -24.855  -22.730 0.6999999881
35765  22.838  -24.878  -22.206 0.8000000119
36686  22.745  -24.202  -22.192 0.8999999762
34743  27.860  -26.304  -21.813 0.6000000238
36715  23.588  -24.192  -23.192 0.6999999881
36716  22.983  -24.162  -22.619 0.8000000119
37700  22.760  -23.493  -22.506 0.8999999762
34592  26.190  -27.063  -11.834 0.6999999881
116452  25.705  -26.393  -12.179 0.6000000238
117071  30.532  -26.961  -11.782 0.8999999762
33513  28.775  -27.717  -11.335 0.8000000119
34590  28.149  -26.889  -11.439 0.6999999881
33549  31.810  -27.048  -12.841 0.8999999762
33550  31.239  -26.611  -12.260 0.8000000119
127892  32.107  -26.524  -13.137 0.8000000119
34649  32.245  -26.490  -14.624 0.8999999762
33548  32.103  -26.851  -13.667 0.8000000119
34665  31.979  -26.430  -15.569 1.0000000000
34681  31.394  -26.274  -16.319 1.0000000000
35674  31.480  -25.551  -16.741 1.0000000000
35687  30.706  -25.264  -17.351 1.0000000000
36628  30.748  -24.525  -17.704 1.0000000000
36629  29.233  -24.893  -18.070 1.0000000000
36638  28.425  -24.476  -18.624 1.0000000000
36639  27.695  -24.404  -19.030 1.0000000000
36646  27.030  -24.351  -19.534 1.0000000000
36662  25.823  -24.205  -20.273 0.8999999762
37642  24.475  -23.797  -20.992 0.8999999762
36664  24.024  -24.634  -20.905 0.8999999762
38573  23.227  -22.977  -21.622 0.8999999762
35780  26.656  -25.655  -22.955 0.6000000238
36714  24.541  -24.261  -23.414 0.6999999881
37682  22.752  -23.598  -22.161 0.8999999762
35744  28.466  -25.619  -21.732 0.6000000238
35745  27.640  -25.849  -22.276 0.6000000238
37698  24.024  -23.424  -23.550 0.6999999881
37699  23.088  -23.489  -23.072 0.6999999881
34591  27.114  -26.941  -11.550 0.6999999881
34613  26.605  -26.219  -11.852 0.6000000238
34610  29.723  -26.515  -11.656 0.8000000119
33533  29.060  -26.885  -11.473 0.8000000119
34612  27.605  -26.107  -11.652 0.6999999881
34634  31.870  -26.114  -12.736 0.6999999881
34635  31.201  -25.886  -12.308 0.8000000119
34633  32.342  -26.041  -13.609 0.6999999881
35651  32.590  -25.574  -14.542 0.6999999881
35659  32.791  -25.001  -15.491 0.8000000119
35673  32.265  -25.048  -16.492 0.8000000119
36627  32.300  -24.336  -16.943 0.8000000119
35686  31.539  -24.836  -17.176 0.8999999762
36636  29.951  -24.186  -18.180 1.0000000000
36637  29.221  -24.072  -18.560 1.0000000000
37620  27.607  -23.774  -19.497 1.0000000000
37621  26.959  -23.490  -19.999 1.0000000000
37611  28.698  -23.656  -18.996 1.0000000000
37619  28.165  -23.277  -19.457 1.0000000000
37640  26.164  -23.517  -20.380 1.0000000000
38570  25.763  -22.774  -20.784 1.0000000000
37641  25.350  -23.625  -20.687 0.8999999762
121050  24.815  -23.054  -21.109 0.8999999762
38572  24.023  -23.241  -21.291 0.8999999762
39452  23.397  -22.076  -21.658 0.8999999762
36703  27.472  -24.885  -22.631 0.6000000238
35779  26.951  -24.940  -22.925 0.6000000238
35781  25.826  -25.507  -23.218 0.6000000238
121103  22.759  -22.942  -22.086 0.8999999762
38603  22.713  -22.787  -22.452 0.8999999762
39503  24.484  -21.882  -23.949 0.6999999881
39504  23.513  -21.999  -23.750 0.6999999881
114623  22.634  -22.029  -23.230 0.8999999762
40555  21.797  -20.520  -23.078 0.8999999762
35614  29.888  -25.319  -12.129 0.6999999881
35615  29.009  -25.227  -11.952 0.6000000238
35616  28.042  -25.258  -11.854 0.6000000238
35618  26.120  -25.518  -12.237 0.6000000238
35639  31.495  -25.272  -12.540 0.6999999881
36566  29.416  -24.611  -12.298 0.6000000238
35638  32.178  -25.300  -13.118 0.6999999881
36596  32.900  -24.668  -14.382 0.6999999881
36595  33.185  -24.153  -15.034 0.6999999881
37583  32.956  -23.823  -16.550 0.8000000119
121879  31.560  -24.112  -17.566 0.8000000119
37596  31.494  -23.499  -17.895 0.8000000119
37597  30.785  -23.808  -18.064 0.8000000119
128080  29.654  -23.756  -18.540 1.0000000000
37609  30.107  -23.358  -18.541 0.8000000119
38550  28.010  -22.371  -19.861 1.0000000000
116848  27.599  -23.117  -19.820 1.0000000000
122088  26.536  -22.160  -20.563 1.0000000000
39435  27.321  -21.736  -20.296 1.0000000000
114654  25.790  -21.813  -20.960 1.0000000000
40517  25.100  -20.205  -21.309 1.0000000000
39469  24.667  -21.037  -21.390 1.0000000000
39470  23.691  -21.254  -21.638 0.8999999762
36712  26.337  -24.831  -23.235 0.6000000238
39471  22.758  -21.495  -22.142 0.8999999762
126081  27.954  -24.464  -22.419 0.6000000238
37680  26.897  -23.736  -23.005 0.6000000238
37696  26.142  -23.901  -23.428 0.6999999881
40520  22.320  -20.555  -22.429 0.8999999762
38615  25.083  -22.592  -23.763 0.6999999881
39519  23.826  -21.316  -24.120 0.6999999881
40573  22.240  -20.688  -23.588 0.8999999762
121137  27.491  -24.592  -12.221 0.5000000000
36565  30.164  -24.776  -12.343 0.6000000238
37536  29.073  -23.943  -12.472 0.5000000000
36582  31.786  -24.464  -12.847 0.6999999881
36583  30.881  -24.550  -12.489 0.6999999881
36581  32.473  -24.552  -13.525 0.6999999881
127886  33.078  -24.023  -14.480 0.6999999881
37546  32.849  -23.899  -13.944 0.6999999881
37582  33.347  -23.335  -16.052 0.6999999881
38509  33.168  -23.013  -16.820 0.6999999881
37595  32.368  -23.514  -17.387 0.8000000119
38520  31.849  -22.901  -18.029 0.8000000119
38531  31.240  -22.345  -18.455 0.8000000119
37608  30.948  -23.073  -18.275 0.8000000119
39417  30.618  -21.798  -18.838 0.8000000119
38532  30.415  -22.552  -18.705 0.8000000119
38549  29.396  -21.958  -19.304 0.8999999762
39434  28.695  -21.745  -19.626 1.0000000000
39432  29.930  -21.286  -19.224 0.8000000119
118520  28.656  -20.870  -19.731 0.8999999762
117311  28.040  -21.317  -19.963 1.0000000000
40502  26.992  -20.209  -20.541 1.0000000000
39449  26.563  -21.106  -20.686 1.0000000000
41587  24.455  -19.469  -21.555 1.0000000000
40518  24.056  -20.400  -21.630 0.8999999762
40519  23.138  -20.696  -21.927 0.8999999762
41588  23.135  -19.773  -21.998 0.8999999762
41589  22.063  -19.711  -22.608 0.8999999762
115064  27.287  -24.352  -22.782 0.6000000238
37681  26.383  -23.073  -23.302 0.6000000238
39518  24.704  -21.163  -24.192 0.6999999881
118849  22.674  -20.111  -24.173 0.8000000119
110793  27.797  -23.640  -22.523 0.6000000238
39502  25.263  -21.730  -23.866 0.6999999881
40571  24.133  -20.639  -24.393 0.6999999881
41636  22.311  -19.364  -24.107 0.8000000119
41601  21.790  -19.656  -23.050 0.8999999762
129507  23.548  -20.200  -24.491 0.6999999881
42717  21.991  -18.788  -23.366 0.8999999762
36584  29.984  -23.933  -12.514 0.5000000000
37550  29.162  -23.174  -12.771 0.5000000000
123892  31.630  -22.872  -13.420 0.6999999881
37549  30.092  -23.105  -12.868 0.5000000000
37547  32.133  -23.726  -13.331 0.6999999881
38485  33.145  -23.344  -14.646 0.6999999881
37565  32.524  -23.111  -13.853 0.6999999881
38499  33.425  -22.880  -15.477 0.6999999881
38518  33.434  -22.104  -17.098 0.6999999881
38519  32.696  -22.631  -17.582 0.6999999881
38530  32.147  -22.148  -18.191 0.8000000119
39416  31.503  -21.570  -18.610 0.8000000119
40477  30.791  -21.015  -18.971 0.8000000119
40485  29.403  -20.450  -19.539 0.8000000119
40487  28.050  -20.463  -20.000 0.8999999762
40501  27.573  -20.160  -20.254 1.0000000000
41585  26.171  -19.201  -20.865 1.0000000000
40503  26.125  -20.059  -20.930 1.0000000000
40484  30.224  -20.525  -19.302 0.8000000119
40486  28.602  -20.049  -19.793 0.8000000119
41578  26.776  -19.460  -20.645 0.8999999762
42703  25.851  -18.569  -20.975 1.0000000000
41586  25.465  -19.308  -21.142 1.0000000000
42696  26.595  -18.700  -20.747 0.8999999762
43746  24.207  -17.807  -21.818 1.0000000000
42705  23.767  -18.729  -21.868 1.0000000000
43747  23.176  -18.060  -22.309 1.0000000000
42707  22.021  -18.968  -22.915 0.8999999762
38614  25.842  -22.394  -23.587 0.6999999881
43758  22.610  -17.486  -22.925 0.8999999762
117754  26.594  -22.254  -23.143 0.6000000238
39501  26.036  -21.561  -23.538 0.6000000238
119495  22.136  -18.174  -23.274 0.8999999762
40554  25.405  -20.818  -23.949 0.6999999881
40570  24.781  -20.512  -24.313 0.6999999881
41634  24.386  -19.811  -24.625 0.6999999881
42752  22.764  -18.758  -24.569 0.6999999881
43796  22.250  -17.794  -24.423 0.8000000119
42751  23.833  -18.988  -24.877 0.6999999881
43797  21.704  -17.142  -24.048 0.8000000119
44784  21.645  -16.347  -23.955 0.8999999762
43810  22.719  -17.242  -25.014 0.6999999881
37548  31.066  -23.566  -12.854 0.6000000238
123847  30.638  -22.619  -13.222 0.5000000000
38486  32.128  -22.309  -13.842 0.6999999881
39376  33.549  -21.980  -15.565 0.6999999881
38500  33.214  -22.375  -14.857 0.6999999881
39390  33.775  -21.639  -16.370 0.6999999881
120847  33.689  -20.987  -15.634 0.6999999881
39399  33.802  -21.354  -17.032 0.6999999881
39400  33.373  -21.395  -17.662 0.6999999881
119687  32.871  -21.938  -17.794 0.6999999881
40465  33.322  -20.734  -18.126 0.6999999881
39415  32.554  -21.315  -18.318 0.6999999881
40483  30.984  -20.227  -19.216 0.8000000119
40476  31.734  -20.765  -18.826 0.8000000119
41564  29.181  -19.556  -19.783 0.8000000119
42679  30.570  -18.825  -19.772 0.8000000119
42680  29.675  -18.889  -19.921 0.8000000119
42682  28.131  -18.928  -20.224 0.8000000119
43737  27.095  -18.165  -20.725 0.8999999762
118920  25.602  -17.947  -21.067 0.8999999762
42704  24.939  -18.445  -21.321 1.0000000000
42693  29.257  -18.208  -20.278 0.8000000119
42694  28.427  -18.265  -20.401 0.8000000119
44749  24.476  -16.992  -21.827 1.0000000000
39490  26.822  -21.395  -22.929 0.6000000238
43757  23.570  -17.243  -22.299 1.0000000000
117027  25.120  -20.072  -24.271 0.6999999881
116482  24.659  -19.032  -24.868 0.6999999881
44764  22.290  -16.614  -23.402 0.8999999762
44763  23.074  -16.809  -22.827 1.0000000000
122438  24.369  -18.416  -25.124 0.6999999881
43795  23.339  -18.159  -24.969 0.8000000119
43811  21.905  -16.909  -24.521 0.8000000119
128269  33.958  -20.410  -15.939 0.6999999881
40453  34.024  -20.722  -16.513 0.6999999881
119533  33.841  -20.751  -17.391 0.6999999881
40464  33.763  -20.109  -17.829 0.6999999881
127793  33.273  -20.116  -18.393 0.6999999881
40475  32.639  -20.441  -18.626 0.6999999881
41549  32.870  -19.698  -18.840 0.6999999881
41550  31.952  -19.961  -19.081 0.8000000119
41562  31.213  -19.414  -19.458 0.8000000119
43724  30.910  -18.229  -20.062 0.8000000119
42692  30.134  -18.196  -20.161 0.8000000119
43744  26.829  -17.334  -21.060 0.8999999762
115762  26.292  -17.991  -20.917 0.8999999762
43736  27.817  -17.651  -20.769 0.8000000119
44747  26.219  -16.665  -21.389 0.8999999762
119710  25.075  -17.522  -21.347 0.8999999762
40553  26.287  -20.704  -23.349 0.6000000238
44760  25.719  -16.144  -21.854 0.8999999762
44762  23.845  -16.563  -22.430 1.0000000000
40552  26.695  -19.920  -23.077 0.6000000238
45802  23.012  -16.159  -23.098 0.8999999762
130583  24.906  -17.976  -25.266 0.6999999881
45820  23.064  -15.318  -23.468 0.8999999762
44799  21.530  -16.170  -24.354 0.8999999762
46771  21.362  -15.095  -24.132 0.8000000119
40452  34.168  -20.025  -17.045 0.6999999881
41539  34.122  -19.445  -17.618 0.6999999881
42662  33.343  -18.870  -18.951 0.6999999881
42677  32.525  -18.344  -19.586 0.6999999881
43735  28.792  -17.535  -20.629 0.8000000119
44729  27.562  -16.963  -21.133 0.8000000119
44728  28.308  -16.928  -21.058 0.8000000119
45784  27.345  -15.890  -21.626 0.8000000119
44761  24.769  -16.330  -22.071 0.8999999762
41615  25.817  -19.860  -23.771 0.6000000238
45785  26.580  -15.993  -21.681 0.8000000119
45799  26.222  -15.444  -22.332 0.8999999762
45800  25.141  -15.675  -22.544 0.8999999762
45801  24.045  -15.873  -22.754 0.8999999762
41633  25.290  -19.284  -24.494 0.6999999881
43809  24.014  -17.528  -25.360 0.6999999881
46770  21.846  -14.697  -24.157 0.8000000119
45849  22.144  -15.593  -25.451 0.6999999881
46797  21.232  -14.335  -24.883 0.8000000119
41531  34.256  -19.179  -16.835 0.6999999881
42661  34.130  -18.898  -18.181 0.6999999881
43709  34.096  -18.232  -18.613 0.6999999881
43734  29.725  -17.497  -20.526 0.8000000119
44727  29.255  -16.756  -20.980 0.8000000119
44744  28.594  -16.262  -21.364 0.8000000119
46753  27.041  -15.002  -22.401 0.8000000119
45818  25.498  -14.972  -23.031 0.8999999762
41632  25.915  -19.049  -23.976 0.6000000238
45819  24.366  -15.117  -23.235 0.8999999762
111890  25.630  -17.858  -25.100 0.6999999881
43808  25.105  -17.327  -25.459 0.6999999881
46769  23.279  -14.289  -23.890 0.8999999762
45848  23.447  -15.836  -25.824 0.6999999881
45861  21.523  -14.538  -25.365 0.8000000119
121840  22.056  -13.808  -24.450 0.8000000119
126452  22.483  -15.032  -25.907 0.6999999881
46796  21.399  -13.649  -25.205 0.8000000119
46783  21.370  -13.972  -24.753 0.8000000119
46807  22.139  -13.991  -26.071 0.8000000119
42643  34.331  -18.222  -16.776 0.6999999881
42652  34.442  -18.191  -17.741 0.6000000238
42734  26.416  -18.581  -23.818 0.6000000238
129657  25.761  -14.340  -23.386 0.8999999762
46768  24.778  -14.317  -23.591 0.8999999762
109917  25.929  -18.418  -24.514 0.6000000238
47777  23.958  -13.461  -24.171 0.8999999762
44808  24.356  -16.650  -25.661 0.8000000119
47778  22.748  -13.391  -24.474 0.8999999762
47793  21.738  -13.024  -24.974 0.8000000119
45860  23.569  -15.071  -26.256 0.6999999881
47801  21.865  -12.932  -25.722 0.8000000119
47800  22.405  -12.398  -25.610 0.8000000119
43807  25.996  -17.144  -25.366 0.6999999881
116858  26.462  -14.031  -23.469 0.8000000119
44806  26.300  -16.412  -25.651 0.5000000000
44807  25.402  -16.582  -25.723 0.6000000238
45846  25.656  -15.848  -26.053 0.6000000238
45847  24.627  -15.895  -26.008 0.6999999881
48826  23.473  -11.824  -25.338 0.8000000119
45859  24.805  -15.180  -26.475 0.6000000238
46817  24.263  -13.722  -27.145 0.6000000238
47812  23.071  -12.970  -27.035 0.6999999881
122106  22.998  -12.020  -27.069 0.8000000119
47792  22.947  -12.657  -24.863 0.8000000119
47828  24.220  -12.887  -27.492 0.6000000238
122289  26.413  -13.412  -23.918 0.8000000119
47791  25.784  -12.855  -24.416 0.8000000119
121946  24.445  -12.716  -24.559 0.8999999762
45845  26.607  -15.725  -26.030 0.6000000238
48841  22.905  -11.779  -26.281 0.8000000119
48840  24.359  -11.316  -25.419 0.8000000119
48864  23.835  -11.652  -27.630 0.6000000238
48824  26.234  -12.190  -24.792 0.8000000119
48839  25.478  -11.399  -25.260 0.8000000119
45858  25.916  -15.197  -26.518 0.6000000238
46816  25.317  -13.903  -27.329 0.6000000238
49886  23.609  -11.122  -26.075 0.8000000119
47827  25.535  -13.248  -27.728 0.6000000238
49901  23.932  -10.644  -26.763 0.6999999881
49885  24.691  -10.732  -25.953 0.8000000119
48876  25.776  -11.752  -28.653 0.6000000238
49911  24.343  -10.533  -28.115 0.6000000238
50952  24.788  -9.812  -28.015 0.6999999881
48863  25.717  -12.570  -28.191 0.6000000238
122283  27.672  -11.832  -24.974 0.8000000119
45857  26.981  -15.053  -26.533 0.6000000238
48823  27.282  -12.269  -24.623 0.8000000119
46803  27.719  -14.616  -26.916 0.5000000000
50926  25.349  -10.143  -26.370 0.8000000119
49884  25.794  -10.822  -25.705 0.8000000119
126932  26.948  -14.457  -27.051 0.6000000238
46815  26.362  -13.975  -27.427 0.6000000238
50951  25.499  -9.340  -27.819 0.6000000238
46813  28.370  -14.152  -27.334 0.5000000000
47825  27.413  -13.278  -27.925 0.6000000238
48862  26.855  -12.595  -28.332 0.6000000238
49929  24.945  -10.872  -28.636 0.6000000238
47835  27.873  -12.919  -28.293 0.6000000238
113614  26.772  -11.728  -28.877 0.6000000238
49927  26.833  -10.834  -29.317 0.6000000238
50963  26.207  -9.921  -29.179 0.6000000238
49883  27.641  -11.264  -25.540 0.8000000119
48838  26.701  -11.456  -25.244 0.8000000119
48837  28.387  -11.758  -25.012 0.8000000119
49899  28.576  -10.736  -26.488 0.6999999881
49900  27.723  -10.608  -26.290 0.6999999881
114516  28.148  -13.537  -27.852 0.6000000238
52032  26.354  -9.164  -27.610 0.6000000238
50940  25.862  -9.591  -26.930 0.6999999881
47834  28.705  -13.139  -28.309 0.5000000000
50980  26.424  -9.187  -29.051 0.6000000238
48875  28.327  -12.461  -28.740 0.5000000000
49926  27.670  -11.712  -29.094 0.6000000238
48874  29.332  -12.650  -28.784 0.5000000000
122462  29.373  -11.053  -26.288 0.6999999881
50938  27.981  -9.914  -27.070 0.6000000238
52031  27.090  -9.178  -27.466 0.6000000238
50939  26.897  -9.688  -26.846 0.6000000238
52044  27.709  -8.368  -28.813 0.6000000238
52030  27.739  -9.040  -27.919 0.6000000238
49924  29.655  -11.660  -29.442 0.5000000000
49937  28.622  -10.762  -29.862 0.6000000238
50977  28.713  -9.707  -30.191 0.6000000238
50979  26.943  -9.828  -29.556 0.6000000238
52055  26.967  -8.764  -28.960 0.6000000238
122139  28.374  -8.717  -28.230 0.6000000238
116374  29.437  -10.633  -29.974 0.6000000238
48873  30.345  -12.558  -28.896 0.5000000000
49923  30.782  -11.831  -29.319 0.4000000060
49935  31.272  -11.100  -29.734 0.5000000000
50937  29.075  -10.436  -26.991 0.6000000238
115337  28.733  -9.545  -27.597 0.6000000238
52066  27.962  -8.692  -30.044 0.6000000238
52054  27.777  -8.429  -29.496 0.6000000238
52043  29.237  -8.941  -27.996 0.6000000238
50976  29.810  -9.792  -30.351 0.6000000238
52064  29.836  -8.529  -30.680 0.6000000238
49936  30.321  -10.936  -29.797 0.5000000000
50975  31.666  -10.308  -30.473 0.5000000000
49934  32.214  -11.176  -29.753 0.4000000060
50974  32.603  -10.614  -30.335 0.4000000060
53104  28.869  -7.730  -30.011 0.6000000238
53081  28.667  -8.106  -28.718 0.5000000000
52042  30.022  -9.101  -27.729 0.5000000000
52029  29.781  -9.930  -27.343 0.5000000000
53105  28.418  -8.042  -30.028 0.6000000238
53095  29.162  -7.652  -29.314 0.5000000000
50984  30.721  -9.414  -30.681 0.6000000238
114409  31.595  -9.106  -31.058 0.5000000000
50983  32.481  -9.877  -30.977 0.4000000060
122369  30.504  -8.769  -27.824 0.4000000060
53112  29.975  -7.915  -30.667 0.6000000238
53103  30.818  -7.724  -30.660 0.5000000000
52071  32.422  -8.831  -31.406 0.4000000060
52072  30.722  -8.316  -30.939 0.6000000238
53113  32.009  -7.815  -31.374 0.6000000238
113134  30.688  -7.256  -29.870 0.4000000060
50982  33.154  -9.575  -31.268 0.4000000060
52070  33.280  -8.757  -31.709 0.4000000060
54026  31.564  -7.124  -29.586 0.4000000060
53110  32.437  -7.857  -31.560 0.4000000060
54038  31.378  -7.300  -30.414 0.4000000060
50981  34.001  -9.732  -31.361 0.4000000060
54045  32.673  -7.269  -31.255 0.4000000060
52040  32.028  -8.718  -27.284 0.4000000060
53078  31.566  -8.002  -28.021 0.4000000060
54037  32.120  -7.096  -30.463 0.4000000060
53108  34.682  -8.095  -32.136 0.4000000060
53109  33.455  -7.697  -31.937 0.4000000060
54044  34.005  -6.936  -31.886 0.4000000060
114830  33.301  -6.958  -31.409 0.4000000060
53077  32.358  -7.886  -27.688 0.4000000060
54012  32.713  -7.061  -28.235 0.4000000060
53092  31.932  -7.301  -28.595 0.4000000060
54043  35.288  -7.222  -31.992 0.3000000119
54036  32.912  -6.870  -30.486 0.4000000060
54025  32.437  -6.962  -29.384 0.4000000060
54024  33.274  -6.567  -29.248 0.4000000060
32644  22.167  -29.162  -20.676 0.8000000119
32615  22.482  -28.606  -20.263 0.8999999762
33625  23.109  -27.950  -20.035 0.8999999762
32616  22.344  -29.289  -19.777 0.8999999762
121439  22.774  -30.286  -18.954 0.8999999762
32575  28.022  -28.490  -17.074 0.8999999762
33602  28.341  -26.877  -17.514 1.0000000000
31696  24.708  -29.255  -18.411 0.8999999762
120052  26.423  -28.946  -17.626 0.8999999762
32585  26.365  -28.256  -17.901 0.8999999762
33603  27.656  -27.222  -17.643 1.0000000000
32596  25.730  -28.112  -18.285 0.8999999762
115226  25.328  -27.625  -18.716 0.8999999762
33604  27.001  -27.667  -17.795 1.0000000000
116924  23.825  -28.121  -19.403 0.8999999762
34702  25.619  -26.858  -18.956 0.8999999762
53080  29.732  -8.169  -28.348 0.4000000060
53094  30.101  -7.492  -29.119 0.4000000060
53079  30.676  -8.007  -28.237 0.4000000060
50950  30.752  -9.638  -27.278 0.4000000060
25965  28.366  -35.228  -9.908 0.8999999762
25995  28.898  -35.547  -13.041 1.0000000000
25089  26.174  -36.372  -14.605 0.8000000119
26910  25.118  -35.151  -9.054 0.8999999762
115768  29.261  -31.887  -11.047 0.8999999762
28901  28.071  -32.626  -15.774 0.8999999762
27956  26.755  -33.530  -16.318 0.8000000119
27977  25.454  -33.180  -17.046 0.8000000119
28931  24.211  -32.574  -17.706 0.8000000119
29820  29.913  -31.616  -14.763 1.0000000000
29866  25.507  -31.898  -17.351 0.8999999762
125530  24.416  -31.226  -17.999 0.8000000119
31697  23.963  -29.793  -18.603 0.8999999762
114886  23.360  -30.427  -18.634 0.8000000119
30810  28.174  -30.165  -16.439 0.8999999762
32597  25.026  -28.400  -18.538 0.8999999762
30735  27.200  -30.816  -10.795 0.8999999762
31588  26.849  -30.095  -11.087 1.0000000000
33552  22.482  -27.220  -13.380 0.4000000060
33537  22.959  -27.576  -13.029 0.4000000060
31667  28.778  -28.800  -16.558 1.0000000000
128472  27.597  -27.908  -17.441 0.8999999762
31742  22.142  -29.549  -20.884 0.6999999881
108276  22.806  -25.675  -21.862 0.8000000119
125104  29.674  -28.668  -11.444 0.8999999762
31747  24.590  -28.966  -22.202 0.6000000238
120436  22.647  -27.921  -20.645 0.8999999762
33515  26.647  -27.754  -11.579 0.6999999881
33610  24.520  -27.886  -19.039 0.8999999762
36666  22.923  -24.904  -21.618 0.8999999762
128969  22.743  -24.292  -21.981 0.8999999762
34775  25.600  -26.349  -23.014 0.6999999881
34776  25.083  -25.776  -23.100 0.6999999881
32514  30.490  -27.839  -11.696 0.8999999762
33609  26.229  -27.394  -18.353 0.8999999762
35724  25.560  -24.929  -20.084 0.8999999762
115958  25.307  -25.659  -19.809 0.8999999762
34711  25.080  -26.414  -19.555 0.8999999762
36665  23.300  -24.502  -21.393 0.8999999762
35619  25.058  -25.678  -12.632 0.5000000000
33566  31.815  -27.403  -14.494 1.0000000000
37643  23.617  -23.841  -21.372 0.8999999762
34664  32.399  -25.865  -15.261 0.8999999762
35660  32.172  -25.755  -16.020 0.8999999762
129876  24.650  -23.017  -23.692 0.6999999881
112210  22.634  -22.127  -22.449 0.8999999762
39520  22.804  -21.359  -23.657 0.8000000119
35617  27.057  -25.365  -11.935 0.6000000238
35613  30.688  -25.317  -12.289 0.8000000119
37575  33.108  -24.067  -15.788 0.6999999881
38534  28.874  -22.734  -19.333 1.0000000000
116185  25.104  -21.580  -21.239 1.0000000000
40535  21.842  -20.315  -22.852 0.8999999762
36567  28.449  -24.437  -12.273 0.6000000238
36568  26.627  -24.722  -12.332 0.5000000000
125064  33.300  -23.582  -15.413 0.6999999881
38533  29.698  -22.684  -19.001 0.8999999762
127910  27.978  -23.401  -12.647 0.5000000000
38508  33.531  -22.513  -16.253 0.6999999881
42706  22.623  -18.918  -22.374 0.8999999762
39337  30.244  -21.835  -13.478 0.5000000000
125426  32.773  -22.608  -14.293 0.6999999881
42695  27.383  -18.983  -20.469 0.8999999762
41563  30.151  -19.683  -19.547 0.8000000119
42681  28.859  -18.892  -20.126 0.8000000119
45821  21.910  -15.659  -23.822 0.8999999762
38487  31.219  -22.040  -13.579 0.5000000000
39354  32.628  -21.883  -14.356 0.6999999881
42678  31.506  -18.646  -19.724 0.8000000119
113664  27.761  -18.395  -20.501 0.8999999762
43745  25.884  -17.363  -21.173 0.8999999762
44809  23.115  -16.557  -25.439 0.8000000119
44810  21.957  -16.302  -24.981 0.8000000119
41548  33.617  -19.538  -18.338 0.6999999881
44726  30.216  -16.833  -20.798 0.8000000119
42653  34.345  -18.801  -17.422 0.6999999881
46767  26.401  -14.716  -22.937 0.8999999762
46806  23.594  -14.130  -26.723 0.6999999881
47776  25.430  -13.612  -23.931 0.8999999762
123706  23.867  -10.843  -27.483 0.6999999881
115868  24.759  -12.443  -27.953 0.6000000238
129815  24.108  -11.113  -27.893 0.6000000238
126710  24.568  -10.198  -26.720 0.8000000119
50964  25.567  -9.571  -28.550 0.6000000238
50925  26.569  -10.439  -26.043 0.6999999881
119288  27.543  -12.325  -28.656 0.6000000238
52067  27.204  -8.918  -29.551 0.6000000238
49925  28.585  -11.754  -29.302 0.6000000238
53096  28.342  -7.928  -29.498 0.6000000238
52041  31.227  -8.807  -27.571 0.4000000060
53093  31.030  -7.351  -28.862 0.4000000060
52039  32.711  -8.482  -26.865 0.4000000060
54035  33.565  -6.508  -30.796 0.4000000060
33611  23.368  -28.653  -19.397 0.8999999762
19581  24.911  -42.674  -10.461 0.4000000060
19573  23.876  -42.962  -9.143 0.4000000060
18745  23.223  -43.278  -8.571 0.4000000060
19571  25.106  -42.025  -9.888 0.4000000060
19562  23.654  -42.694  -8.294 0.4000000060
19547  23.051  -42.721  -7.644 0.4000000060
20377  25.425  -41.444  -10.316 0.3000000119
20369  24.818  -41.853  -8.993 0.4000000060
20390  25.676  -40.899  -10.892 0.4000000060
22106  25.525  -39.516  -11.849 0.4000000060
22116  25.035  -39.048  -12.386 0.4000000060
23112  24.462  -38.354  -12.764 0.4000000060
19546  23.806  -42.108  -7.788 0.5000000000
20344  22.324  -42.273  -7.341 0.4000000060
20368  25.252  -41.301  -9.405 0.4000000060
20357  24.499  -41.652  -8.117 0.4000000060
112735  25.598  -40.183  -10.789 0.5000000000
110619  25.602  -39.575  -11.153 0.4000000060
23111  25.250  -38.300  -12.188 0.4000000060
24110  24.803  -37.872  -12.723 0.5000000000
24122  24.119  -37.784  -13.231 0.5000000000
25092  23.853  -37.304  -14.414 0.6000000238
24123  23.299  -37.911  -13.609 0.5000000000
24143  23.231  -37.580  -14.253 0.6000000238
25103  22.972  -37.030  -15.702 0.4000000060
20342  24.046  -41.335  -7.499 0.5000000000
113347  22.312  -41.507  -7.265 0.5000000000
20345  21.602  -41.779  -7.364 0.5000000000
123692  20.183  -42.038  -7.762 0.5000000000
20356  25.069  -41.161  -8.466 0.6000000238
20341  24.738  -40.950  -7.753 0.6000000238
22078  25.716  -39.756  -9.373 0.5000000000
22094  25.681  -39.685  -10.322 0.5000000000
131090  25.757  -38.551  -11.548 0.5000000000
24121  25.009  -37.460  -13.234 0.6000000238
25091  24.494  -37.243  -13.975 0.6000000238
117576  24.388  -36.907  -14.878 0.6000000238
114063  24.340  -35.963  -16.482 0.6000000238
26042  23.865  -35.587  -17.127 0.6000000238
25102  23.535  -37.083  -15.162 0.6000000238
25115  23.608  -36.491  -16.288 0.6000000238
25126  23.274  -36.187  -17.038 0.6000000238
26054  23.072  -35.514  -17.598 0.6000000238
21159  23.559  -40.822  -7.277 0.5000000000
21160  22.710  -40.855  -7.239 0.5000000000
21161  21.721  -40.809  -7.486 0.5000000000
21173  20.236  -40.788  -8.315 0.5000000000
21172  25.224  -40.411  -8.028 0.6000000238
21157  24.833  -40.296  -7.605 0.6000000238
22077  26.080  -39.105  -9.850 0.6000000238
22059  26.153  -39.004  -8.881 0.6000000238
23098  26.350  -38.325  -11.067 0.5000000000
23060  26.524  -38.517  -9.542 0.6000000238
24094  26.048  -37.991  -11.834 0.6000000238
24109  25.571  -37.673  -12.563 0.6000000238
25101  24.931  -36.453  -15.323 0.6000000238
26053  23.485  -34.745  -17.662 0.6000000238
115821  22.322  -40.068  -7.449 0.6000000238
22049  21.398  -39.804  -7.932 0.5000000000
112362  20.535  -39.969  -8.445 0.5000000000
23043  25.868  -39.067  -8.061 0.6000000238
22045  24.486  -39.872  -7.372 0.6000000238
116902  23.174  -40.154  -7.273 0.6000000238
22062  20.781  -39.166  -8.474 0.5000000000
22063  19.980  -39.399  -8.963 0.5000000000
23020  25.495  -38.576  -7.749 0.6000000238
130500  23.404  -33.609  -17.933 0.6999999881
22046  23.705  -39.420  -7.326 0.6000000238
22048  22.158  -39.286  -7.759 0.6000000238
22061  21.523  -38.937  -8.183 0.6000000238
117410  24.694  -39.031  -7.393 0.6000000238
23024  22.081  -38.671  -8.015 0.6000000238
23045  21.686  -38.340  -8.298 0.6000000238
23046  21.086  -38.401  -8.557 0.6000000238
23061  19.752  -38.752  -9.250 0.6000000238
23021  24.812  -38.280  -7.551 0.6000000238
23062  19.259  -38.595  -9.633 0.5000000000
117878  26.544  -38.381  -8.989 0.6000000238
24064  19.177  -37.761  -9.836 0.6000000238
28000  22.866  -33.266  -18.283 0.6999999881
23022  23.891  -38.359  -7.560 0.6000000238
24048  21.544  -37.665  -8.579 0.6000000238
24021  24.391  -37.639  -7.814 0.6000000238
24022  23.650  -37.584  -7.984 0.6000000238
24046  23.114  -37.098  -8.274 0.6000000238
24049  20.700  -37.794  -8.931 0.6000000238
24063  19.894  -37.963  -9.343 0.6000000238
23019  25.904  -37.779  -8.095 0.6000000238
116803  19.749  -37.057  -9.621 0.6000000238
24061  27.078  -37.406  -9.130 0.6000000238
24092  27.453  -37.315  -10.839 0.6000000238
29880  22.218  -31.724  -18.828 0.6999999881
25002  25.659  -37.066  -8.137 0.6000000238
25023  22.566  -36.589  -8.642 0.6999999881
25024  21.794  -36.811  -8.795 0.6999999881
25018  26.896  -36.674  -8.743 0.6000000238
30839  22.307  -30.413  -19.256 0.6999999881
25021  24.299  -36.224  -8.515 0.6999999881
25019  26.150  -36.421  -8.423 0.6999999881
25020  25.290  -36.350  -8.369 0.6999999881
25957  22.821  -35.916  -8.925 0.6999999881
25958  22.063  -36.090  -9.043 0.6999999881
25025  21.012  -37.010  -9.008 0.6000000238
25033  21.298  -36.277  -9.203 0.6999999881
129970  20.929  -35.798  -9.556 0.6000000238
25034  20.468  -36.434  -9.482 0.5000000000
32633  22.155  -29.271  -20.308 0.8000000119
114802  24.950  -35.771  -8.665 0.6999999881
25955  24.309  -35.461  -8.905 0.6999999881
128797  23.066  -35.340  -9.196 0.6999999881
120153  22.389  -35.418  -9.364 0.6999999881
116930  19.549  -35.355  -10.475 0.5000000000
26925  21.891  -34.904  -9.838 0.6999999881
26926  21.046  -35.177  -9.879 0.6000000238
26939  20.398  -34.822  -10.381 0.6000000238
45797  28.358  -15.173  -22.088 0.6999999881
43723  31.676  -17.894  -20.075 0.6999999881
43733  30.744  -17.510  -20.404 0.6999999881
44743  29.923  -16.218  -21.249 0.6999999881
129491  29.254  -16.116  -21.416 0.6999999881
45782  28.858  -15.661  -21.731 0.6999999881
46752  27.804  -14.740  -22.471 0.6999999881
47775  27.332  -13.573  -23.567 0.6999999881
42676  33.512  -17.972  -19.278 0.6000000238
43732  31.681  -17.120  -20.448 0.6000000238
124024  30.976  -16.821  -20.707 0.6999999881
43721  34.181  -17.639  -18.915 0.6000000238
46751  28.578  -14.487  -22.489 0.6999999881
46766  28.033  -14.054  -22.954 0.6999999881
43722  32.753  -17.422  -19.972 0.6000000238
45763  32.278  -15.970  -20.984 0.6000000238
45781  30.459  -15.681  -21.558 0.6999999881
118702  29.634  -15.624  -21.678 0.6999999881
46765  28.823  -13.775  -22.826 0.6999999881
47774  28.357  -13.304  -23.382 0.6999999881
48822  28.164  -12.244  -24.501 0.6999999881
111973  33.889  -17.208  -19.443 0.6000000238
44716  33.498  -16.642  -20.090 0.6000000238
44724  33.116  -16.048  -20.616 0.5000000000
45780  31.432  -15.707  -21.400 0.6000000238
46749  30.615  -14.515  -22.327 0.5000000000
46764  29.574  -13.696  -22.730 0.6999999881
47787  29.706  -12.518  -23.563 0.6999999881
122742  28.823  -12.054  -24.493 0.6999999881
50970  36.783  -9.965  -30.618 0.3000000119
52068  35.997  -9.502  -31.380 0.3000000119
52069  34.284  -8.895  -31.998 0.3000000119
18759  23.341  -43.529  -9.668 0.4000000060
17919  21.842  -44.347  -9.241 0.4000000060
18765  25.459  -42.751  -11.184 0.3000000119
127944  22.184  -43.838  -8.251 0.4000000060
20389  26.008  -41.278  -11.743 0.4000000060
19548  22.232  -42.984  -7.474 0.4000000060
21217  25.590  -40.017  -12.537 0.4000000060
22129  25.038  -39.624  -13.057 0.4000000060
22130  24.206  -39.074  -13.091 0.4000000060
23123  23.625  -38.379  -13.223 0.5000000000
24160  22.623  -37.552  -14.894 0.4000000060
19550  20.490  -42.722  -7.506 0.4000000060
25116  22.847  -36.720  -16.500 0.5000000000
20358  19.665  -41.570  -8.315 0.5000000000
27019  22.680  -34.746  -18.141 0.6000000238
21174  19.485  -40.744  -8.938 0.5000000000
120675  19.910  -40.173  -8.863 0.5000000000
22079  19.325  -39.970  -9.411 0.5000000000
118168  19.410  -39.223  -9.441 0.5000000000
23081  18.627  -38.450  -10.071 0.4000000060
28942  22.464  -32.445  -18.561 0.6999999881
118737  22.026  -31.087  -19.261 0.6999999881
25974  19.687  -36.223  -9.998 0.5000000000
30854  21.861  -30.469  -19.692 0.8000000119
30869  21.609  -30.516  -20.220 0.6999999881
129449  18.815  -35.501  -10.751 0.5000000000
39377  33.198  -21.467  -14.904 0.6000000238
40436  33.081  -20.565  -14.921 0.6000000238
43708  34.466  -17.569  -18.213 0.6000000238
44715  34.439  -16.339  -19.364 0.5000000000
45762  33.590  -15.473  -20.776 0.5000000000
45778  33.100  -15.100  -21.280 0.5000000000
120096  31.279  -14.589  -22.205 0.5000000000
47772  31.000  -13.026  -22.979 0.5000000000
47786  30.387  -12.532  -23.332 0.5000000000
48835  30.000  -11.543  -24.680 0.5000000000
52062  37.490  -9.407  -30.331 0.3000000119
53102  36.776  -9.062  -31.171 0.3000000119
53107  35.857  -8.546  -31.938 0.3000000119
24077  27.260  -37.486  -9.936 0.6000000238
23078  26.863  -38.108  -9.937 0.6000000238
24093  26.867  -37.717  -11.402 0.6000000238
26924  22.930  -34.610  -9.701 0.8000000119
123493  24.135  -34.727  -17.332 0.6999999881
28932  23.359  -32.526  -18.130 0.6999999881
30838  22.703  -30.971  -18.763 0.6999999881
47790  26.847  -12.883  -24.218 0.6999999881
48836  29.207  -11.679  -24.924 0.6000000238
129167  35.241  -9.025  -31.990 0.3000000119
31700  22.112  -29.891  -19.654 0.8000000119
117564  21.573  -30.938  -20.617 0.6999999881
44742  30.755  -16.288  -21.101 0.6999999881
19572  24.526  -42.528  -9.558 0.4000000060
124370  25.668  -41.576  -11.019 0.3000000119
21195  25.483  -40.563  -9.994 0.5000000000
19549  21.429  -42.729  -7.363 0.5000000000
22131  23.234  -38.980  -13.516 0.3000000119
24161  22.345  -37.238  -15.819 0.4000000060
19551  19.700  -42.490  -7.878 0.5000000000
25970  20.342  -35.624  -9.956 0.6000000238
127091  29.206  -14.257  -22.513 0.6999999881
47789  27.827  -12.838  -24.039 0.6999999881
44717  32.459  -16.613  -20.517 0.6000000238
44725  31.579  -16.416  -20.855 0.6999999881
45795  30.118  -15.085  -22.038 0.6999999881
45779  32.314  -15.364  -21.404 0.5000000000
46735  30.941  -15.138  -21.943 0.6000000238
46750  29.848  -14.399  -22.425 0.6999999881
47773  29.205  -13.076  -23.132 0.6999999881
47788  28.810  -12.591  -23.904 0.6999999881
45753  34.056  -15.920  -20.217 0.5000000000
127095  32.860  -15.596  -21.015 0.5000000000
46734  31.738  -14.977  -21.847 0.5000000000
47759  30.365  -13.773  -22.667 0.5000000000
112398  30.021  -13.035  -22.981 0.5000000000
48820  30.335  -11.949  -23.886 0.5000000000
48821  29.481  -12.027  -24.215 0.6999999881
46733  32.543  -14.706  -21.743 0.5000000000
46748  31.964  -14.227  -22.277 0.5000000000
48819  31.173  -11.744  -23.829 0.5000000000
115267  21.645  -31.784  -19.331 0.6000000238
112503  21.269  -31.899  -19.912 0.6000000238
121065  23.038  -30.935  -21.463 0.5000000000
29924  21.536  -31.568  -20.763 0.6000000238
114799  22.459  -30.230  -21.223 0.6000000238
30876  24.807  -30.461  -21.556 0.5000000000
30877  23.979  -30.604  -21.662 0.5000000000
30878  23.224  -30.216  -21.583 0.6000000238
28859  20.592  -32.538  -11.672 0.5000000000
31741  22.883  -29.428  -21.405 0.6000000238
30868  25.436  -30.412  -21.110 0.5000000000
31730  25.978  -29.776  -21.096 0.5000000000
29791  21.017  -31.832  -12.052 0.4000000060
29792  20.069  -31.910  -12.039 0.4000000060
29801  20.504  -31.112  -12.396 0.4000000060
31738  25.366  -29.770  -21.701 0.5000000000
31729  26.570  -29.163  -20.918 0.5000000000
31737  26.032  -29.029  -21.819 0.5000000000
110999  20.744  -29.885  -12.818 0.4000000060
117388  26.974  -27.895  -21.526 0.5000000000
32631  26.618  -28.547  -21.475 0.5000000000
31631  20.715  -29.179  -13.166 0.4000000060
35640  24.236  -25.805  -13.006 0.4000000060
123349  23.197  -26.141  -13.462 0.4000000060
38474  28.746  -22.353  -13.127 0.4000000060
38460  28.249  -22.977  -12.792 0.4000000060
36569  25.787  -24.764  -12.606 0.4000000060
39339  28.408  -21.628  -13.478 0.4000000060
37540  25.702  -23.878  -12.979 0.4000000060
130992  24.419  -25.225  -13.108 0.4000000060
37551  26.093  -23.020  -13.217 0.4000000060
36570  24.980  -24.654  -12.987 0.4000000060
35641  23.632  -25.388  -13.471 0.4000000060
38461  27.464  -23.221  -12.756 0.4000000060
37539  26.583  -23.480  -12.830 0.4000000060
39338  29.306  -21.696  -13.435 0.4000000060
38475  27.768  -22.348  -13.210 0.4000000060
110991  27.065  -22.071  -13.451 0.4000000060
38476  26.378  -22.270  -13.481 0.4000000060
38477  25.585  -22.544  -13.549 0.4000000060
36586  24.217  -24.561  -13.423 0.4000000060
39359  25.412  -21.423  -14.047 0.4000000060
37553  24.701  -22.904  -13.713 0.4000000060
40410  28.973  -20.965  -13.731 0.4000000060
40411  28.121  -20.887  -13.731 0.4000000060
39340  27.567  -21.541  -13.576 0.4000000060
39355  31.811  -21.507  -13.954 0.5000000000
39356  30.844  -21.242  -13.772 0.4000000060
39357  29.878  -21.077  -13.754 0.4000000060
40421  27.822  -20.132  -13.897 0.4000000060
40412  27.308  -20.798  -13.795 0.4000000060
39341  26.700  -21.472  -13.705 0.4000000060
39342  25.871  -21.804  -13.771 0.4000000060
39358  26.020  -21.092  -14.008 0.4000000060
38488  25.087  -22.033  -13.871 0.4000000060
40416  32.431  -21.043  -14.419 0.5000000000
40417  31.477  -20.711  -14.139 0.5000000000
40418  30.492  -20.480  -14.039 0.4000000060
40419  29.554  -20.301  -13.993 0.4000000060
40420  28.657  -20.195  -13.936 0.4000000060
130577  26.628  -20.740  -13.928 0.4000000060
41504  32.185  -20.192  -14.503 0.5000000000
41506  30.207  -19.663  -14.232 0.4000000060
41508  28.289  -19.461  -14.168 0.4000000060
41505  31.185  -19.909  -14.313 0.4000000060
42607  30.000  -18.791  -14.411 0.4000000060
41507  29.223  -19.393  -14.231 0.4000000060
42609  28.623  -18.736  -14.421 0.4000000060
114989  31.328  -17.755  -14.928 0.4000000060
43673  30.488  -17.438  -14.961 0.4000000060
43657  29.742  -17.902  -14.687 0.4000000060
43674  29.126  -17.286  -14.927 0.4000000060
41517  33.584  -20.112  -15.525 0.5000000000
42624  32.667  -18.679  -15.018 0.5000000000
129893  32.104  -18.003  -14.926 0.4000000060
44662  30.303  -16.690  -15.312 0.4000000060
119032  29.796  -17.151  -15.027 0.4000000060
45691  28.609  -16.184  -15.544 0.3000000119
41532  34.063  -19.790  -16.198 0.5000000000
42625  31.618  -18.495  -14.684 0.5000000000
42606  30.925  -19.069  -14.452 0.4000000060
42608  29.289  -18.564  -14.473 0.4000000060
122770  28.253  -18.202  -14.625 0.4000000060
42626  30.671  -18.230  -14.662 0.4000000060
43658  28.885  -18.015  -14.661 0.4000000060
42623  33.468  -18.301  -15.605 0.5000000000
44661  31.188  -17.006  -15.244 0.4000000060
44663  29.379  -16.548  -15.348 0.3000000119
125529  33.946  -17.991  -16.088 0.5000000000
43671  32.770  -17.808  -15.285 0.5000000000
43672  32.010  -17.394  -15.180 0.4000000060
45690  29.988  -15.953  -15.714 0.4000000060
45718  28.530  -15.316  -15.996 0.3000000119
44686  33.760  -16.646  -16.150 0.5000000000
43702  34.474  -17.305  -17.256 0.5000000000
112860  32.134  -16.038  -15.799 0.3000000119
44688  32.029  -16.676  -15.476 0.4000000060
45689  31.096  -16.127  -15.651 0.4000000060
45717  29.530  -15.207  -16.066 0.3000000119
122048  29.203  -15.831  -15.728 0.3000000119
45719  27.541  -15.159  -16.082 0.3000000119
44660  33.462  -16.092  -16.165 0.3000000119
43693  34.119  -17.339  -16.394 0.4000000060
44685  34.228  -16.572  -16.710 0.4000000060
44695  34.493  -16.370  -17.397 0.4000000060
43720  34.462  -17.019  -18.730 0.4000000060
45715  31.665  -15.326  -16.139 0.3000000119
45716  30.517  -15.286  -16.070 0.3000000119
46675  28.971  -14.523  -16.523 0.3000000119
46677  27.126  -14.494  -16.544 0.3000000119
46678  26.305  -14.442  -16.476 0.3000000119
45714  32.836  -15.626  -16.123 0.3000000119
47680  28.382  -13.907  -17.034 0.3000000119
46676  28.010  -14.542  -16.536 0.3000000119
47682  26.651  -13.904  -16.964 0.3000000119
120768  33.911  -16.134  -16.468 0.3000000119
45729  34.555  -15.547  -17.691 0.3000000119
44704  34.631  -16.268  -18.270 0.4000000060
45752  34.698  -15.450  -19.669 0.4000000060
45761  34.382  -15.199  -20.391 0.4000000060
46732  33.415  -14.472  -21.559 0.4000000060
47758  31.153  -13.968  -22.541 0.4000000060
47683  25.822  -13.864  -16.836 0.3000000119
119952  33.222  -14.971  -16.491 0.3000000119
110795  32.446  -14.972  -16.399 0.3000000119
45713  33.636  -15.602  -16.447 0.3000000119
45730  34.259  -14.877  -17.255 0.3000000119
45743  34.841  -15.435  -18.692 0.3000000119
46711  34.971  -14.867  -19.287 0.3000000119
46720  34.946  -14.702  -19.918 0.4000000060
125797  34.592  -14.590  -20.593 0.4000000060
46747  32.890  -14.049  -22.081 0.4000000060
47757  32.441  -13.493  -22.527 0.4000000060
127200  31.703  -13.537  -22.671 0.4000000060
48811  31.558  -12.298  -23.346 0.4000000060
45712  34.237  -15.715  -16.874 0.3000000119
46719  35.019  -14.003  -20.348 0.3000000119
46746  33.683  -13.863  -21.833 0.4000000060
47756  33.337  -13.375  -22.306 0.4000000060
47771  31.980  -12.917  -22.950 0.4000000060
48818  31.975  -11.743  -23.810 0.4000000060
49871  31.581  -11.286  -24.404 0.4000000060
49880  30.462  -11.151  -25.240 0.4000000060
49881  29.689  -11.366  -25.471 0.5000000000
47736  35.173  -13.315  -20.043 0.3000000119
47745  35.054  -13.191  -20.982 0.3000000119
108567  34.345  -13.225  -21.884 0.3000000119
47769  33.778  -12.680  -22.571 0.4000000060
48809  33.249  -12.153  -23.133 0.4000000060
48810  32.386  -12.258  -23.284 0.4000000060
48817  32.803  -11.685  -23.728 0.3000000119
49878  31.994  -10.850  -24.969 0.4000000060
49897  30.905  -10.851  -25.904 0.3000000119
49898  30.179  -11.087  -26.101 0.3000000119
120456  29.843  -10.697  -26.729 0.4000000060
50935  31.256  -10.220  -26.436 0.3000000119
50936  30.505  -10.490  -26.671 0.3000000119
48776  35.215  -12.555  -20.419 0.3000000119
48783  35.248  -12.259  -21.191 0.3000000119
48798  34.590  -12.400  -22.295 0.3000000119
48808  34.110  -12.000  -22.957 0.3000000119
49861  33.662  -11.581  -23.609 0.3000000119
49869  33.220  -11.138  -24.221 0.3000000119
49877  32.785  -10.703  -24.812 0.3000000119
50934  32.000  -9.932  -26.124 0.3000000119
50924  32.384  -10.343  -25.474 0.3000000119
49831  35.287  -11.741  -20.628 0.3000000119
48797  35.204  -11.969  -21.919 0.3000000119
49849  34.823  -11.678  -22.631 0.3000000119
49860  34.408  -11.347  -23.369 0.3000000119
49868  34.057  -11.021  -24.112 0.3000000119
50916  33.616  -10.558  -24.684 0.3000000119
50923  33.124  -10.075  -25.215 0.3000000119
52028  32.377  -9.253  -26.537 0.3000000119
50949  31.634  -9.476  -26.882 0.3000000119
50933  32.743  -9.706  -25.879 0.3000000119
41518  32.875  -19.673  -14.962 0.5000000000
28943  21.800  -32.302  -18.970 0.6000000238
28944  21.413  -32.527  -19.529 0.5000000000
113471  21.309  -31.958  -20.449 0.5000000000
29922  22.706  -31.758  -21.375 0.5000000000
28043  21.751  -33.234  -21.091 0.5000000000
29909  25.567  -31.125  -20.566 0.5000000000
29911  24.310  -31.920  -21.204 0.5000000000
29921  23.684  -31.644  -21.433 0.5000000000
26938  21.270  -34.452  -10.353 0.6000000238
27915  21.079  -33.145  -11.283 0.6000000238
27916  20.191  -33.240  -11.353 0.5000000000
117867  19.475  -33.316  -11.440 0.5000000000
28860  19.670  -32.656  -11.700 0.5000000000
29802  19.618  -31.336  -12.374 0.4000000060
30769  19.713  -30.623  -12.638 0.4000000060
31619  19.957  -29.780  -12.929 0.4000000060
119411  19.930  -29.063  -13.264 0.4000000060
34637  21.749  -26.857  -13.749 0.3000000119
35642  22.726  -25.649  -13.778 0.3000000119
37566  23.941  -22.861  -14.116 0.4000000060
36587  23.555  -24.510  -13.772 0.4000000060
38489  24.345  -22.197  -14.253 0.4000000060
122520  27.588  -19.512  -14.159 0.4000000060
113466  24.580  -20.873  -14.633 0.4000000060
114276  26.968  -20.023  -14.089 0.4000000060
40422  26.133  -20.354  -14.226 0.4000000060
121356  27.809  -18.795  -14.416 0.4000000060
41509  26.228  -19.489  -14.459 0.4000000060
43675  28.295  -17.456  -14.898 0.4000000060
44664  28.016  -16.694  -15.295 0.4000000060
45692  27.825  -15.921  -15.660 0.3000000119
45720  26.716  -15.042  -16.091 0.3000000119
126283  26.037  -30.470  -20.528 0.5000000000
33553  21.328  -27.632  -13.624 0.4000000060
109299  23.602  -22.399  -14.663 0.4000000060
39361  23.979  -21.493  -14.807 0.4000000060
121321  27.049  -19.151  -14.340 0.4000000060
32528  21.040  -28.371  -13.441 0.4000000060
128638  23.721  -29.839  -21.760 0.5000000000
38473  29.677  -22.438  -13.145 0.4000000060
118143  34.568  -16.904  -17.940 0.5000000000
42644  34.015  -18.780  -16.131 0.5000000000
46721  33.941  -14.860  -21.024 0.4000000060
48834  30.776  -11.362  -24.485 0.4000000060
29923  21.961  -31.843  -21.142 0.6000000238
29920  24.463  -31.226  -21.340 0.5000000000
29910  24.926  -31.737  -20.891 0.5000000000
37552  25.382  -23.244  -13.362 0.4000000060
37554  23.923  -23.691  -13.813 0.4000000060
115289  25.584  -20.015  -14.493 0.4000000060
39360  24.772  -21.455  -14.304 0.4000000060
41519  31.943  -19.320  -14.556 0.5000000000
41533  33.525  -19.224  -15.526 0.5000000000
43694  33.471  -17.363  -15.738 0.5000000000
43695  32.686  -17.128  -15.431 0.4000000060
44687  32.986  -16.465  -15.722 0.4000000060
46731  34.370  -14.071  -21.215 0.4000000060
115006  33.877  -15.080  -16.736 0.3000000119
47770  32.846  -12.804  -22.788 0.4000000060
49870  32.388  -11.241  -24.332 0.3000000119
49879  31.199  -10.936  -25.063 0.4000000060
48784  34.948  -12.635  -21.669 0.3000000119
49859  35.005  -10.898  -22.904 0.3000000119
52027  33.021  -8.985  -26.169 0.3000000119
40423  25.329  -20.755  -14.342 0.4000000060
24079  18.520  -37.582  -10.291 0.4000000060
25035  19.088  -36.900  -10.120 0.4000000060
24080  17.842  -37.370  -10.685 0.4000000060
25975  18.311  -35.979  -10.801 0.3000000119
25042  18.965  -36.092  -10.420 0.4000000060
25982  18.302  -35.293  -11.121 0.3000000119
26055  22.213  -35.554  -18.145 0.5000000000
26940  19.700  -34.445  -10.855 0.5000000000
26941  18.944  -34.845  -10.989 0.3000000119
27020  21.701  -34.782  -18.760 0.5000000000
25128  21.528  -36.411  -18.024 0.5000000000
27907  20.574  -33.953  -10.902 0.5000000000
27917  19.786  -33.786  -11.166 0.4000000060
27034  22.202  -33.972  -18.550 0.5000000000
26056  21.152  -35.609  -18.838 0.5000000000
26070  20.728  -35.009  -19.714 0.3000000119
28001  21.752  -33.101  -18.941 0.5000000000
108515  21.335  -34.050  -19.376 0.4000000060
28018  21.136  -33.385  -19.855 0.4000000060
26082  20.452  -35.069  -20.544 0.3000000119
27049  20.821  -34.306  -20.268 0.3000000119
27061  20.958  -34.791  -21.013 0.3000000119
127709  23.028  -33.719  -21.365 0.3000000119
117521  22.279  -33.941  -21.402 0.3000000119
27073  21.565  -34.131  -21.184 0.4000000060
28032  21.205  -33.792  -20.646 0.4000000060
30770  18.810  -31.030  -12.626 0.3000000119
28971  24.461  -32.496  -20.957 0.4000000060
28041  24.040  -33.053  -21.147 0.4000000060
115270  22.670  -33.201  -21.368 0.4000000060
32529  20.268  -28.464  -13.489 0.3000000119
35652  22.906  -24.833  -13.960 0.3000000119
36597  23.140  -24.040  -14.243 0.3000000119
112143  23.350  -23.216  -14.452 0.3000000119
38490  22.864  -22.707  -14.992 0.3000000119
40425  24.083  -20.580  -15.055 0.3000000119
41510  25.394  -19.380  -14.703 0.3000000119
40424  24.824  -20.100  -14.749 0.3000000119
40437  24.232  -19.874  -15.191 0.3000000119
41521  23.127  -19.427  -15.879 0.3000000119
42610  27.190  -18.495  -14.540 0.3000000119
42611  26.543  -18.640  -14.605 0.3000000119
116816  25.885  -18.821  -14.713 0.3000000119
42612  25.243  -18.613  -14.929 0.3000000119
41511  24.666  -19.275  -15.013 0.3000000119
43676  27.446  -17.279  -15.007 0.3000000119
43660  26.895  -17.905  -14.739 0.3000000119
43661  25.988  -17.976  -14.849 0.3000000119
42627  25.108  -17.802  -15.186 0.3000000119
43678  25.722  -17.099  -15.255 0.3000000119
43679  24.914  -17.010  -15.374 0.3000000119
44665  27.203  -16.504  -15.374 0.3000000119
43677  26.595  -17.167  -15.115 0.3000000119
44667  25.384  -16.356  -15.464 0.3000000119
25127  22.600  -36.268  -17.390 0.5000000000
28979  23.899  -32.475  -21.296 0.4000000060
30777  19.047  -30.104  -12.896 0.3000000119
40438  23.595  -20.118  -15.528 0.3000000119
26947  19.014  -33.952  -11.355 0.3000000119
28868  19.044  -32.022  -12.193 0.3000000119
18735  19.951  -43.349  -7.656 0.4000000060
115069  18.613  -43.013  -8.383 0.4000000060
19564  18.253  -42.589  -8.858 0.4000000060
19576  17.208  -42.309  -9.829 0.4000000060
20371  17.604  -41.378  -10.031 0.3000000119
119566  18.466  -41.898  -9.063 0.4000000060
19574  17.922  -42.052  -9.460 0.4000000060
21185  18.187  -40.640  -9.896 0.4000000060
23124  22.862  -38.436  -13.660 0.3000000119
20370  18.324  -41.319  -9.508 0.4000000060
21196  17.558  -40.513  -10.322 0.3000000119
22096  17.417  -39.685  -10.502 0.3000000119
111741  17.321  -38.807  -10.648 0.3000000119
22097  16.580  -39.378  -10.969 0.3000000119
23083  17.262  -37.964  -10.860 0.3000000119
22080  18.139  -39.911  -10.151 0.4000000060
23082  17.959  -38.226  -10.493 0.3000000119
18761  17.367  -43.801  -9.124 0.4000000060
19575  17.599  -42.893  -9.235 0.4000000060
24095  17.187  -37.164  -11.103 0.3000000119
18734  20.803  -43.504  -7.528 0.3000000119
24096  16.557  -37.752  -11.425 0.3000000119
18732  22.538  -43.454  -8.011 0.4000000060
18733  21.725  -43.597  -7.706 0.4000000060
18746  21.793  -44.147  -8.424 0.4000000060
18747  19.374  -43.918  -7.926 0.4000000060
18748  18.768  -43.611  -8.209 0.4000000060
18758  24.142  -43.237  -10.269 0.4000000060
19561  24.227  -42.327  -8.617 0.4000000060
19563  18.940  -42.267  -8.465 0.4000000060
19565  18.113  -43.547  -8.635 0.4000000060
19580  25.418  -42.119  -10.708 0.3000000119
20343  23.152  -41.704  -7.316 0.5000000000
20346  20.832  -42.017  -7.507 0.5000000000
20359  18.946  -41.389  -8.985 0.4000000060
21158  24.282  -40.590  -7.422 0.6000000238
21162  20.941  -40.503  -7.973 0.5000000000
21183  25.424  -40.525  -8.893 0.6000000238
21184  18.821  -40.679  -9.456 0.5000000000
21206  25.735  -40.294  -11.604 0.4000000060
21216  26.054  -40.739  -12.354 0.4000000060
22044  25.250  -39.579  -7.679 0.6000000238
22047  22.837  -39.533  -7.431 0.6000000238
22060  25.630  -39.716  -8.414 0.6000000238
22095  18.051  -39.086  -10.291 0.4000000060
23023  22.834  -38.733  -7.670 0.6000000238
23042  26.686  -37.906  -8.821 0.6000000238
23044  22.238  -38.088  -8.147 0.6000000238
23047  20.339  -38.569  -8.897 0.6000000238
23059  26.851  -37.982  -9.396 0.6000000238
23079  26.473  -38.511  -10.279 0.6000000238
23080  25.867  -38.977  -10.818 0.5000000000
23099  25.482  -38.933  -11.647 0.4000000060
24020  25.240  -37.724  -7.791 0.6000000238
24023  23.004  -37.866  -8.015 0.6000000238
24044  26.713  -37.387  -8.670 0.6000000238
24045  26.314  -37.161  -8.368 0.6000000238
24047  22.363  -37.341  -8.410 0.6999999881
24062  20.356  -37.232  -9.257 0.6000000238
24107  27.489  -37.162  -11.722 0.8000000119
24120  26.019  -37.136  -13.317 0.6000000238
24124  22.643  -37.963  -14.042 0.3000000119
24142  23.742  -37.575  -13.834 0.6000000238
25003  24.805  -36.977  -8.098 0.6000000238
25004  23.917  -36.976  -8.213 0.6000000238
25022  23.359  -36.404  -8.560 0.6999999881
25043  18.409  -36.738  -10.530 0.4000000060
25044  17.751  -36.567  -10.938 0.3000000119
25052  28.645  -36.015  -11.553 1.0000000000
25053  28.052  -36.682  -11.153 0.6000000238
25073  27.488  -36.338  -13.722 0.8999999762
25114  24.304  -36.485  -15.719 0.6000000238
25953  26.677  -35.700  -8.817 0.8999999762
25956  23.570  -35.719  -8.861 0.6999999881
25968  23.679  -35.072  -9.230 0.6999999881
25969  21.594  -35.610  -9.474 0.6999999881
26007  28.623  -35.334  -13.863 1.0000000000
26023  25.863  -35.477  -15.843 0.8000000119
26909  26.020  -35.115  -8.909 0.8999999762
26921  25.665  -34.498  -9.364 0.8999999762
26935  28.731  -34.662  -10.382 0.8999999762
26937  22.164  -34.154  -10.290 0.8000000119
26964  29.327  -34.885  -13.398 1.0000000000
27018  23.110  -34.034  -18.040 0.6999999881
27071  22.865  -34.355  -21.331 0.3000000119
27072  21.905  -34.816  -21.420 0.3000000119
27903  24.036  -33.246  -10.476 0.8999999762
27925  30.039  -33.862  -12.742 1.0000000000
27934  29.974  -33.693  -13.488 1.0000000000
27990  24.592  -33.355  -17.398 0.8000000119
28031  23.670  -33.764  -21.115 0.4000000060
28042  23.460  -33.143  -21.320 0.4000000060
28841  25.432  -32.338  -10.697 0.8999999762
28845  21.973  -32.933  -11.193 0.6999999881
28852  30.225  -32.134  -12.139 0.8999999762
28854  29.053  -32.566  -10.821 0.8999999762
28855  24.207  -31.873  -11.265 0.6999999881
28867  30.117  -33.082  -12.178 0.8999999762
28919  26.549  -32.335  -16.778 0.8999999762
28980  23.152  -32.476  -21.394 0.4000000060
28981  22.268  -32.488  -21.271 0.5000000000
28982  21.589  -32.300  -20.881 0.6000000238
29867  24.708  -31.902  -17.654 0.8000000119
29897  21.550  -31.166  -19.756 0.8000000119
29912  21.334  -31.322  -20.287 0.6999999881
30734  28.135  -30.969  -10.690 0.8999999762
30755  24.406  -30.238  -11.831 0.6999999881
30756  23.477  -30.522  -12.043 0.6999999881
30768  20.419  -30.371  -12.666 0.4000000060
30796  30.250  -30.148  -15.036 1.0000000000
30797  29.699  -30.506  -15.358 1.0000000000
30825  25.711  -30.483  -17.588 0.8999999762
30826  24.156  -30.547  -18.327 0.8999999762
30867  26.585  -29.918  -20.375 0.5000000000
30879  21.873  -30.311  -20.734 0.6999999881
31618  21.456  -29.658  -12.786 0.5000000000
31629  30.939  -29.863  -12.686 0.8999999762
31669  27.472  -29.867  -16.934 0.8999999762
31698  23.164  -29.802  -18.939 0.8000000119
31699  22.558  -29.821  -19.297 0.8999999762
31716  21.856  -29.874  -20.019 0.8000000119
31731  21.911  -29.748  -20.480 0.6999999881
31739  24.556  -29.728  -21.941 0.6000000238
31740  23.801  -29.129  -21.895 0.5000000000
32515  25.428  -28.717  -11.786 0.6999999881
32516  24.631  -28.458  -12.179 0.6000000238
32526  22.411  -27.935  -13.118 0.5000000000
32598  24.164  -28.672  -18.909 0.8999999762
32599  23.608  -29.233  -18.973 0.8999999762
32600  22.925  -29.247  -19.333 0.8999999762
33532  29.749  -27.322  -11.534 0.8999999762
33623  24.824  -27.166  -19.304 0.8999999762
33624  23.994  -27.458  -19.631 0.8999999762
33642  22.665  -27.353  -21.049 0.8999999762
33656  23.092  -27.537  -21.625 0.8000000119
33668  26.211  -27.834  -22.640 0.6000000238
34609  30.436  -26.064  -12.002 0.8000000119
34611  28.740  -26.072  -11.605 0.6000000238
34615  23.874  -26.914  -12.834 0.5000000000
34636  23.753  -26.268  -13.125 0.5000000000
34682  30.494  -26.754  -16.544 1.0000000000
34683  29.669  -26.937  -16.865 1.0000000000
34684  28.966  -27.280  -17.125 1.0000000000
34701  27.084  -26.747  -18.134 1.0000000000
34713  23.489  -26.980  -20.239 0.8999999762
34729  22.827  -26.489  -21.166 0.8999999762
34757  27.238  -26.456  -22.298 0.6000000238
34760  24.730  -26.344  -22.825 0.8000000119
35637  32.568  -25.253  -13.815 0.6999999881
35696  27.752  -25.072  -18.616 1.0000000000
35708  25.853  -26.108  -19.272 0.8999999762
35726  23.311  -25.191  -21.065 0.8999999762
35727  22.979  -25.762  -21.176 0.8999999762
35762  27.288  -25.439  -22.649 0.6000000238
35782  24.897  -25.072  -23.249 0.6999999881
36585  24.816  -23.832  -13.377 0.4000000060
36615  32.752  -24.480  -16.265 0.8000000119
36702  27.927  -25.174  -22.306 0.6000000238
37537  28.438  -23.628  -12.580 0.5000000000
37538  27.801  -23.881  -12.510 0.5000000000
37610  29.376  -23.389  -18.850 1.0000000000
37612  28.118  -23.927  -19.114 1.0000000000
37697  25.134  -23.538  -23.599 0.6999999881
38462  26.887  -22.702  -13.109 0.4000000060
38551  27.183  -22.635  -20.201 1.0000000000
38569  26.535  -22.919  -20.408 1.0000000000
38571  25.010  -22.270  -21.185 1.0000000000
38616  24.197  -22.600  -23.748 0.6999999881
38617  23.284  -22.722  -23.391 0.6999999881
38618  22.799  -22.818  -22.996 0.8999999762
39418  30.000  -22.051  -19.026 0.8000000119
39433  29.205  -21.256  -19.494 0.8999999762
39450  25.595  -20.970  -21.126 1.0000000000
39451  24.322  -21.793  -21.390 0.8999999762
39453  23.022  -22.227  -21.904 0.8999999762
39491  22.160  -21.171  -22.784 0.8999999762
39505  22.112  -21.304  -23.127 0.8999999762
40488  27.440  -20.822  -20.278 1.0000000000
40572  23.172  -20.751  -24.168 0.6999999881
41561  32.259  -19.181  -19.346 0.8000000119
41565  28.526  -19.416  -19.996 0.8000000119
41566  27.954  -19.659  -20.142 0.8999999762
41577  27.349  -19.684  -20.404 0.8999999762
41616  22.003  -19.927  -23.528 0.8000000119
41635  23.248  -19.565  -24.583 0.6999999881
42735  22.003  -18.516  -23.926 0.8000000119
42750  25.186  -18.552  -24.988 0.6999999881
43659  27.650  -18.015  -14.696 0.3000000119
43748  22.427  -18.323  -22.751 0.8999999762
44745  27.820  -16.367  -21.349 0.8000000119
44746  27.053  -16.525  -21.362 0.8000000119
44748  25.349  -16.798  -21.526 0.8999999762
45783  28.087  -15.762  -21.654 0.8000000119
45796  29.227  -14.970  -22.148 0.6999999881
45798  27.595  -15.328  -21.997 0.8000000119
45836  21.461  -15.406  -24.227 0.8000000119
45850  21.321  -15.237  -24.771 0.8000000119
46784  21.331  -14.771  -24.501 0.8000000119
46804  26.140  -14.576  -26.982 0.6000000238
46805  25.055  -14.530  -26.927 0.6000000238
46814  27.394  -13.940  -27.481 0.6000000238
47681  27.493  -13.925  -17.014 0.3000000119
47813  22.432  -13.157  -26.424 0.8000000119
47826  26.592  -13.303  -27.824 0.6000000238
48812  30.884  -12.256  -23.412 0.5000000000
48825  24.961  -11.984  -24.858 0.8000000119
48850  23.349  -11.272  -26.932 0.6999999881
49882  28.667  -11.298  -25.733 0.8000000119
49896  31.632  -10.577  -25.686 0.3000000119
49928  25.777  -10.660  -28.938 0.6000000238
49938  27.728  -10.829  -29.612 0.6000000238
50941  24.939  -9.719  -27.206 0.8000000119
50965  24.892  -10.154  -28.532 0.6000000238
50978  27.749  -9.697  -29.967 0.6000000238
52045  26.909  -8.878  -28.231 0.6000000238
52056  26.176  -9.001  -28.399 0.6000000238
52065  28.907  -8.678  -30.388 0.6000000238
52073  29.206  -7.924  -30.406 0.6000000238
53111  31.655  -8.037  -31.296 0.4000000060
54046  31.874  -7.575  -31.080 0.6000000238
109264  25.219  -31.224  -17.624 0.8999999762
109489  21.282  -32.721  -20.358 0.5000000000
110197  30.053  -24.891  -17.748 1.0000000000
110883  30.774  -10.364  -30.198 0.5000000000
110910  25.727  -23.099  -23.566 0.6999999881
111814  25.878  -36.748  -14.043 0.6999999881
111889  22.466  -21.976  -22.788 0.8999999762
112387  18.664  -40.110  -9.792 0.4000000060
112591  25.245  -27.051  -22.803 0.6999999881
112945  22.741  -28.726  -19.748 0.8999999762
113729  24.713  -33.261  -10.301 0.8999999762
114189  31.828  -27.005  -15.202 1.0000000000
114286  27.206  -14.387  -22.989 0.6999999881
114959  26.957  -15.494  -21.939 0.8000000119
115468  18.782  -39.347  -9.844 0.4000000060
115534  29.722  -7.535  -30.175 0.5000000000
115554  30.692  -31.162  -12.784 0.8999999762
116050  25.024  -30.981  -21.109 0.5000000000
116217  24.309  -10.225  -27.415 0.6999999881
116340  20.929  -41.220  -7.731 0.5000000000
116355  26.940  -32.931  -10.245 0.8999999762
116911  30.474  -32.190  -13.395 1.0000000000
117127  26.535  -25.772  -19.004 1.0000000000
118152  27.000  -33.746  -9.708 0.8999999762
118351  27.155  -25.470  -18.777 1.0000000000
118678  22.469  -12.456  -26.347 0.8000000119
119029  21.934  -19.234  -23.514 0.8999999762
120092  22.615  -27.887  -21.136 0.8000000119
120427  21.984  -17.262  -23.625 0.8999999762
120548  26.379  -37.724  -8.447 0.6000000238
120609  22.087  -31.075  -21.096 0.6000000238
120752  26.341  -24.165  -12.634 0.4000000060
121218  29.081  -35.327  -11.528 1.0000000000
121252  22.019  -17.917  -23.762 0.8000000119
122006  19.179  -43.110  -7.990 0.5000000000
122127  23.864  -40.183  -7.274 0.6000000238
122143  29.517  -30.042  -11.199 0.8999999762
122372  29.590  -25.827  -11.825 0.6999999881
122674  28.684  -16.819  -15.195 0.3000000119
122795  24.709  -11.601  -28.262 0.6000000238
124725  27.250  -33.923  -15.852 0.8000000119
124846  26.716  -24.374  -23.108 0.6000000238
127158  26.215  -38.369  -8.376 0.6000000238
127734  22.066  -29.568  -19.923 0.8000000119
128086  27.045  -24.003  -12.531 0.5000000000
128266  20.346  -41.501  -7.902 0.5000000000
128540  29.793  -34.293  -13.266 1.0000000000
128828  30.058  -27.208  -16.520 1.0000000000
129195  24.128  -29.239  -18.722 0.8999999762
129200  30.954  -30.156  -13.961 1.0000000000
129395  25.746  -32.697  -10.465 0.8999999762
129439  27.332  -27.282  -21.564 0.5000000000
129451  23.866  -33.965  -17.605 0.8000000119
129964  21.850  -29.210  -12.815 0.5000000000
130104  21.866  -17.809  -23.990 0.8000000119
130132  30.711  -29.865  -12.177 1.0000000000
130571  22.533  -43.928  -9.045 0.4000000060
130753  27.681  -33.950  -9.757 0.8999999762
130922  24.108  -22.561  -21.348 0.8999999762
130972  26.472  -24.054  -20.015 1.0000000000
