#!ascii label  , from subject sub-v2s16x51246_ses-1 vox2ras=TkReg
950
98820  -44.379  36.331  22.477 0.0000000000
123940  -31.462  49.426  9.970 0.0000000000
122324  -32.752  43.824  17.786 0.0000000000
102474  -41.474  42.596  15.743 0.0000000000
104725  -38.806  47.175  7.193 0.0000000000
105895  -38.256  49.528  13.842 0.0000000000
104043  -39.521  45.579  11.129 0.0000000000
101897  -37.009  41.367  15.107 0.0000000000
123612  -36.282  32.104  27.316 0.0000000000
98097  -39.384  35.428  24.155 0.0000000000
120401  -23.922  47.418  7.011 0.0000000000
104072  -31.644  45.443  6.061 0.0000000000
102033  -38.919  41.170  4.015 0.0000000000
101201  -38.461  41.166  21.929 0.0000000000
104032  -33.000  45.635  13.829 0.0000000000
103977  -37.780  46.336  18.415 0.0000000000
101210  -41.853  41.082  20.422 0.0000000000
99990  -37.955  37.905  19.393 0.0000000000
98865  -33.559  36.712  17.366 0.0000000000
98122  -43.929  36.025  19.331 0.0000000000
103556  -42.191  45.015  6.345 0.0000000000
104692  -40.960  47.703  9.240 0.0000000000
104058  -38.949  45.335  8.965 0.0000000000
122196  -36.867  44.523  11.139 0.0000000000
96699  -38.638  33.039  25.815 0.0000000000
97388  -35.719  34.742  23.291 0.0000000000
105934  -20.016  48.093  9.086 0.0000000000
131103  -36.114  44.250  5.209 0.0000000000
100586  -35.590  39.491  21.239 0.0000000000
101861  -35.524  41.634  18.999 0.0000000000
135534  -28.132  47.666  10.612 0.0000000000
105284  -32.441  48.133  11.245 0.0000000000
104615  -39.548  46.310  14.306 0.0000000000
105230  -37.803  48.116  16.508 0.0000000000
103499  -39.775  45.353  17.624 0.0000000000
102969  -40.843  44.405  20.260 0.0000000000
101876  -41.470  42.076  18.476 0.0000000000
100602  -40.412  39.727  19.743 0.0000000000
101242  -39.719  40.731  17.556 0.0000000000
100614  -35.096  39.171  17.215 0.0000000000
105337  -34.994  47.831  8.834 0.0000000000
133174  -35.189  50.294  11.066 0.0000000000
106456  -38.996  49.869  9.975 0.0000000000
105271  -40.844  47.400  11.752 0.0000000000
103509  -41.385  44.019  13.189 0.0000000000
101924  -40.056  41.716  14.671 0.0000000000
102492  -38.403  42.724  13.533 0.0000000000
139420  -35.880  42.404  13.623 0.0000000000
96088  -39.472  31.923  25.312 0.0000000000
96713  -41.770  34.175  25.563 0.0000000000
121137  -42.645  35.767  25.208 0.0000000000
104653  -21.246  46.419  11.818 0.0000000000
104688  -24.347  46.823  9.702 0.0000000000
105330  -28.145  47.361  8.974 0.0000000000
104706  -31.940  46.821  8.232 0.0000000000
104066  -36.037  45.957  7.067 0.0000000000
103574  -40.109  44.935  5.303 0.0000000000
101380  -42.267  40.837  6.013 0.0000000000
101407  -40.552  39.275  3.679 0.0000000000
99411  -35.594  37.511  23.552 0.0000000000
99938  -38.459  38.619  24.065 0.0000000000
99941  -42.134  39.218  24.371 0.0000000000
103988  -32.884  45.704  17.274 0.0000000000
105259  -35.788  47.333  13.177 0.0000000000
104585  -35.644  47.210  16.719 0.0000000000
124654  -35.237  44.565  17.856 0.0000000000
102452  -37.985  42.876  19.697 0.0000000000
101848  -40.658  42.449  22.542 0.0000000000
120836  -43.240  39.087  21.451 0.0000000000
99449  -41.605  37.580  20.522 0.0000000000
98841  -39.404  36.265  19.640 0.0000000000
98151  -37.184  35.216  18.036 0.0000000000
138572  -37.459  40.000  17.422 0.0000000000
137814  -35.686  37.535  18.230 0.0000000000
97452  -34.792  34.783  16.264 0.0000000000
97400  -44.877  34.988  21.876 0.0000000000
98112  -45.721  35.215  20.271 0.0000000000
98831  -44.788  36.621  20.738 0.0000000000
103056  -41.204  44.073  6.860 0.0000000000
103546  -40.320  45.027  7.789 0.0000000000
103545  -38.407  44.215  7.934 0.0000000000
103538  -37.408  44.580  8.810 0.0000000000
102461  -33.933  42.518  18.089 0.0000000000
105926  -30.200  48.933  10.025 0.0000000000
133781  -40.956  43.691  15.101 0.0000000000
103503  -39.628  44.958  16.068 0.0000000000
103500  -40.517  44.160  16.690 0.0000000000
102982  -41.112  44.068  18.399 0.0000000000
102986  -41.436  43.123  17.425 0.0000000000
101875  -41.048  41.482  17.814 0.0000000000
101880  -40.987  41.606  16.681 0.0000000000
105339  -36.675  47.538  8.380 0.0000000000
105939  -37.343  49.028  9.412 0.0000000000
105948  -39.118  48.578  8.536 0.0000000000
104691  -40.754  47.115  10.126 0.0000000000
105304  -40.850  47.902  10.103 0.0000000000
104667  -41.044  46.493  11.651 0.0000000000
104033  -41.123  45.771  12.642 0.0000000000
103516  -40.844  44.524  12.530 0.0000000000
102999  -40.560  42.949  13.338 0.0000000000
103515  -39.566  44.406  12.216 0.0000000000
130706  -36.902  43.740  12.363 0.0000000000
97390  -38.289  34.351  23.964 0.0000000000
96701  -40.417  33.251  26.120 0.0000000000
97374  -40.302  34.676  24.965 0.0000000000
97375  -42.283  34.718  25.390 0.0000000000
98785  -41.190  35.962  24.823 0.0000000000
105326  -22.232  47.347  8.132 0.0000000000
104696  -21.934  47.053  8.934 0.0000000000
104698  -24.421  46.909  8.296 0.0000000000
126979  -26.604  47.180  9.026 0.0000000000
122148  -26.107  46.846  7.469 0.0000000000
104734  -29.640  46.411  6.216 0.0000000000
104718  -29.629  46.484  7.204 0.0000000000
104062  -31.955  45.581  6.903 0.0000000000
104722  -33.439  46.068  7.633 0.0000000000
104074  -33.535  45.192  6.582 0.0000000000
124806  -37.017  43.302  4.597 0.0000000000
103572  -37.905  44.726  5.395 0.0000000000
103095  -39.030  43.253  4.886 0.0000000000
103082  -41.665  43.834  5.448 0.0000000000
102035  -41.682  41.278  5.284 0.0000000000
137503  -41.575  39.928  5.366 0.0000000000
101396  -40.248  40.027  3.790 0.0000000000
99978  -31.703  38.431  20.582 0.0000000000
123876  -30.952  37.502  21.787 0.0000000000
99442  -32.573  37.690  21.973 0.0000000000
99410  -34.221  37.198  23.564 0.0000000000
99950  -34.165  38.092  22.274 0.0000000000
100574  -37.189  40.009  22.033 0.0000000000
123006  -36.892  39.133  22.875 0.0000000000
100564  -38.477  40.177  23.171 0.0000000000
125207  -40.038  39.430  24.373 0.0000000000
100565  -39.442  40.735  23.455 0.0000000000
120132  -31.679  45.304  14.179 0.0000000000
104002  -31.784  45.511  16.395 0.0000000000
104015  -33.291  45.912  16.090 0.0000000000
105906  -36.889  49.798  12.243 0.0000000000
105287  -35.506  48.590  11.828 0.0000000000
105894  -37.335  48.972  13.135 0.0000000000
104575  -37.944  47.353  17.703 0.0000000000
104586  -36.866  47.767  17.186 0.0000000000
103993  -37.144  46.793  17.987 0.0000000000
103991  -35.132  46.163  17.637 0.0000000000
103486  -37.227  45.226  18.426 0.0000000000
102463  -36.757  43.408  18.542 0.0000000000
102981  -38.683  44.741  19.416 0.0000000000
102445  -41.385  43.009  21.141 0.0000000000
102444  -40.907  43.496  21.419 0.0000000000
117163  -41.754  42.129  21.409 0.0000000000
101194  -42.334  40.898  22.632 0.0000000000
100575  -42.555  40.453  21.496 0.0000000000
99450  -42.980  37.883  20.683 0.0000000000
121118  -41.709  39.297  20.555 0.0000000000
99999  -38.493  38.823  19.335 0.0000000000
99447  -39.610  37.678  20.144 0.0000000000
99453  -38.290  37.185  19.519 0.0000000000
98117  -38.126  35.982  19.055 0.0000000000
98855  -37.363  36.210  18.823 0.0000000000
101898  -38.078  41.352  15.206 0.0000000000
101286  -38.411  41.019  15.889 0.0000000000
101260  -37.319  40.482  16.564 0.0000000000
126034  -34.615  37.907  17.749 0.0000000000
99474  -35.263  38.036  17.993 0.0000000000
124244  -34.985  37.228  17.927 0.0000000000
98867  -35.206  36.329  17.889 0.0000000000
98166  -34.327  35.266  16.850 0.0000000000
97463  -33.768  34.868  15.322 0.0000000000
97405  -42.070  34.191  21.285 0.0000000000
119391  -42.574  35.320  18.042 0.0000000000
104738  -40.919  46.926  6.386 0.0000000000
105342  -40.641  48.113  8.225 0.0000000000
104728  -41.320  46.836  7.434 0.0000000000
117137  -39.947  46.020  9.170 0.0000000000
104047  -39.037  45.699  10.370 0.0000000000
103521  -38.888  44.920  11.597 0.0000000000
104046  -37.908  45.220  10.110 0.0000000000
96071  -38.027  32.502  26.506 0.0000000000
96708  -36.320  33.137  24.305 0.0000000000
98095  -37.348  35.272  23.559 0.0000000000
105953  -21.900  48.218  6.943 0.0000000000
103553  -34.054  44.738  5.951 0.0000000000
137680  -37.093  42.004  3.476 0.0000000000
102045  -37.925  41.309  3.284 0.0000000000
99981  -33.994  38.973  20.908 0.0000000000
101207  -36.241  40.641  20.364 0.0000000000
101208  -37.158  40.945  20.729 0.0000000000
117667  -32.712  46.372  12.375 0.0000000000
105256  -39.304  47.730  14.239 0.0000000000
117115  -38.097  49.003  15.261 0.0000000000
104614  -38.750  47.586  15.129 0.0000000000
104005  -38.361  46.963  17.210 0.0000000000
103979  -39.405  46.015  19.099 0.0000000000
103473  -39.698  45.167  19.800 0.0000000000
103490  -40.472  45.063  19.048 0.0000000000
102983  -41.296  43.921  19.308 0.0000000000
101865  -41.606  42.028  19.373 0.0000000000
101209  -41.318  40.133  20.079 0.0000000000
101864  -41.143  41.195  18.746 0.0000000000
101235  -39.754  40.418  18.417 0.0000000000
101234  -38.872  40.184  18.120 0.0000000000
101258  -35.853  40.382  16.305 0.0000000000
103482  -32.089  44.794  17.807 0.0000000000
105318  -33.429  48.564  9.329 0.0000000000
106442  -33.252  49.934  10.394 0.0000000000
105938  -34.542  49.664  9.886 0.0000000000
106446  -37.249  50.593  10.804 0.0000000000
106437  -38.510  50.659  11.768 0.0000000000
106457  -40.012  49.246  9.652 0.0000000000
105921  -40.012  49.312  11.186 0.0000000000
105909  -39.363  49.613  12.836 0.0000000000
104630  -40.161  46.700  13.355 0.0000000000
104026  -41.283  44.804  13.140 0.0000000000
132200  -41.537  43.230  14.139 0.0000000000
122263  -41.364  42.117  14.880 0.0000000000
102494  -41.276  42.806  13.705 0.0000000000
102493  -39.534  42.544  13.619 0.0000000000
101922  -37.801  41.816  14.451 0.0000000000
103007  -37.683  43.780  12.540 0.0000000000
133795  -37.543  42.879  13.410 0.0000000000
96072  -39.454  32.348  26.550 0.0000000000
96090  -40.818  32.783  25.758 0.0000000000
96740  -41.523  33.831  22.981 0.0000000000
97397  -42.467  34.341  23.661 0.0000000000
98098  -43.211  35.245  24.608 0.0000000000
98810  -43.611  36.438  24.120 0.0000000000
116694  -23.000  46.542  11.791 0.0000000000
104676  -22.729  46.576  10.488 0.0000000000
104656  -24.546  46.950  11.122 0.0000000000
105310  -26.077  47.455  10.255 0.0000000000
105312  -27.844  47.666  9.675 0.0000000000
105315  -30.143  48.388  9.521 0.0000000000
105351  -25.859  47.080  6.637 0.0000000000
104716  -27.911  46.761  7.464 0.0000000000
104704  -30.106  46.883  8.145 0.0000000000
105334  -31.441  47.733  8.812 0.0000000000
105335  -33.221  47.614  8.788 0.0000000000
104724  -35.476  46.544  7.771 0.0000000000
118846  -37.526  46.754  7.340 0.0000000000
103555  -36.114  44.812  5.798 0.0000000000
123210  -37.683  45.743  6.270 0.0000000000
104078  -40.271  46.378  5.894 0.0000000000
104090  -41.816  45.634  5.856 0.0000000000
103067  -42.678  43.514  6.019 0.0000000000
135781  -40.794  40.436  6.415 0.0000000000
117932  -39.991  39.184  5.331 0.0000000000
101406  -39.944  39.759  2.917 0.0000000000
98807  -35.821  36.419  23.578 0.0000000000
121372  -37.710  36.350  23.734 0.0000000000
99952  -35.835  38.545  22.752 0.0000000000
99936  -37.150  38.058  23.776 0.0000000000
98808  -39.075  37.032  24.172 0.0000000000
99397  -40.491  37.504  24.546 0.0000000000
99927  -42.189  38.109  24.592 0.0000000000
99943  -43.460  37.969  23.612 0.0000000000
103495  -33.126  45.402  17.480 0.0000000000
105919  -33.691  49.102  11.245 0.0000000000
105267  -34.509  47.070  12.347 0.0000000000
104628  -34.353  46.392  13.317 0.0000000000
105254  -36.844  48.183  14.701 0.0000000000
104613  -35.358  46.828  14.790 0.0000000000
104598  -34.569  46.486  15.500 0.0000000000
104570  -34.103  46.321  17.117 0.0000000000
103973  -33.924  45.435  17.526 0.0000000000
102978  -34.454  43.905  17.725 0.0000000000
121960  -35.911  43.068  18.221 0.0000000000
101863  -37.366  42.033  19.787 0.0000000000
101854  -38.308  42.293  20.525 0.0000000000
102957  -39.923  43.969  20.830 0.0000000000
102433  -39.828  42.860  21.695 0.0000000000
101833  -39.302  41.625  22.364 0.0000000000
101180  -41.299  40.920  23.944 0.0000000000
119414  -42.849  39.301  23.714 0.0000000000
99433  -44.184  37.421  22.131 0.0000000000
98830  -43.656  37.083  20.465 0.0000000000
98844  -42.986  36.452  19.987 0.0000000000
98120  -41.341  35.711  19.390 0.0000000000
99982  -40.187  38.428  20.309 0.0000000000
98842  -40.224  36.154  19.798 0.0000000000
98135  -40.154  35.269  18.692 0.0000000000
97428  -38.870  35.097  18.181 0.0000000000
97440  -37.699  34.859  17.362 0.0000000000
101884  -40.221  41.349  16.229 0.0000000000
101241  -38.734  40.504  17.292 0.0000000000
100605  -37.403  39.107  18.447 0.0000000000
100615  -36.345  39.464  17.472 0.0000000000
100604  -36.535  38.908  18.083 0.0000000000
99459  -36.452  37.431  18.593 0.0000000000
98854  -36.592  36.516  18.559 0.0000000000
97438  -35.928  34.989  17.172 0.0000000000
98821  -44.892  35.547  21.745 0.0000000000
98108  -45.423  35.095  20.986 0.0000000000
98832  -45.323  35.751  20.894 0.0000000000
98846  -45.404  35.830  20.194 0.0000000000
98823  -44.690  36.535  21.502 0.0000000000
103055  -39.801  43.650  7.266 0.0000000000
123104  -39.387  44.239  7.679 0.0000000000
103054  -38.705  43.569  7.457 0.0000000000
102977  -33.746  43.354  17.774 0.0000000000
105936  -30.534  49.080  9.987 0.0000000000
105927  -30.935  49.261  10.057 0.0000000000
105928  -31.730  49.492  10.119 0.0000000000
102988  -41.272  43.299  16.030 0.0000000000
102989  -41.449  43.054  16.580 0.0000000000
102471  -41.428  42.380  16.574 0.0000000000
102473  -41.313  41.952  15.794 0.0000000000
105353  -37.836  47.288  7.726 0.0000000000
105947  -37.979  48.372  8.695 0.0000000000
105341  -38.665  47.824  7.974 0.0000000000
104048  -40.252  46.239  10.624 0.0000000000
104666  -40.820  46.644  11.070 0.0000000000
104044  -40.818  45.880  11.595 0.0000000000
103523  -41.033  45.233  12.346 0.0000000000
103522  -40.224  45.095  11.859 0.0000000000
95430  -37.915  31.874  27.170 0.0000000000
97373  -39.274  34.506  24.464 0.0000000000
98072  -41.305  34.901  25.351 0.0000000000
98071  -40.279  35.638  24.531 0.0000000000
105348  -23.245  47.525  7.134 0.0000000000
105327  -23.052  47.273  7.891 0.0000000000
105328  -23.791  47.194  7.663 0.0000000000
104715  -25.245  46.902  7.904 0.0000000000
105349  -24.511  47.151  7.394 0.0000000000
104083  -31.181  45.723  5.519 0.0000000000
119179  -30.227  46.197  5.942 0.0000000000
104071  -30.816  45.835  6.043 0.0000000000
104061  -31.117  45.870  6.718 0.0000000000
104063  -32.851  45.520  7.046 0.0000000000
104073  -32.547  45.205  6.327 0.0000000000
128836  -38.321  42.405  4.459 0.0000000000
103094  -37.889  43.314  4.782 0.0000000000
102590  -39.558  42.034  4.570 0.0000000000
103096  -40.097  42.740  4.941 0.0000000000
102034  -40.747  40.823  4.601 0.0000000000
136235  -31.291  38.778  20.068 0.0000000000
99979  -32.511  38.600  20.633 0.0000000000
99965  -32.165  38.028  21.201 0.0000000000
99966  -32.950  38.233  21.320 0.0000000000
99443  -33.355  37.853  22.119 0.0000000000
101200  -37.595  40.681  21.544 0.0000000000
101189  -38.013  40.410  22.373 0.0000000000
136429  -38.975  39.972  23.730 0.0000000000
101190  -38.862  40.908  22.723 0.0000000000
104031  -32.117  45.499  13.499 0.0000000000
104023  -32.400  45.449  14.481 0.0000000000
104024  -33.282  45.725  14.877 0.0000000000
105907  -37.932  50.031  12.772 0.0000000000
103994  -37.998  46.990  18.204 0.0000000000
104574  -37.413  47.370  17.655 0.0000000000
103976  -36.679  45.875  18.124 0.0000000000
102980  -37.573  44.426  18.730 0.0000000000
103487  -38.314  45.671  18.880 0.0000000000
101855  -41.724  42.083  20.328 0.0000000000
123729  -42.197  41.217  21.547 0.0000000000
100590  -42.044  40.243  20.693 0.0000000000
99991  -38.740  37.874  19.780 0.0000000000
98839  -37.859  36.638  19.201 0.0000000000
134373  -37.679  37.287  19.247 0.0000000000
101285  -37.381  40.851  15.894 0.0000000000
99473  -34.129  37.405  17.589 0.0000000000
98866  -34.395  36.540  17.593 0.0000000000
98147  -33.893  35.899  17.241 0.0000000000
98165  -33.534  35.380  16.637 0.0000000000
98878  -33.029  35.965  17.038 0.0000000000
97406  -43.301  34.493  21.694 0.0000000000
119390  -43.688  35.495  17.816 0.0000000000
98137  -43.173  35.611  18.622 0.0000000000
104739  -41.491  46.512  6.615 0.0000000000
104727  -41.158  47.199  7.089 0.0000000000
104069  -41.785  45.988  6.830 0.0000000000
120559  -40.119  45.638  8.447 0.0000000000
104054  -39.927  46.239  9.860 0.0000000000
104053  -38.867  45.592  9.668 0.0000000000
103532  -37.193  44.762  9.510 0.0000000000
96100  -35.044  32.865  24.191 0.0000000000
121822  -37.479  34.192  23.708 0.0000000000
97389  -36.660  34.491  23.465 0.0000000000
105952  -21.210  48.426  7.355 0.0000000000
103109  -36.015  42.932  3.610 0.0000000000
102044  -36.510  42.412  3.229 0.0000000000
102597  -35.957  42.914  2.861 0.0000000000
101221  -35.405  40.790  19.717 0.0000000000
101222  -36.085  41.210  19.645 0.0000000000
105279  -27.453  47.546  10.888 0.0000000000
104665  -33.031  47.202  11.716 0.0000000000
104601  -38.927  46.543  15.358 0.0000000000
126125  -38.859  46.180  16.189 0.0000000000
104006  -39.047  46.229  17.433 0.0000000000
103995  -39.219  46.192  18.540 0.0000000000
103496  -39.904  45.665  18.798 0.0000000000
102468  -41.486  43.103  18.373 0.0000000000
102465  -41.530  42.967  19.263 0.0000000000
101225  -41.514  41.190  19.608 0.0000000000
101243  -40.525  41.179  17.419 0.0000000000
101236  -40.475  40.902  18.101 0.0000000000
100607  -39.127  39.727  18.852 0.0000000000
105319  -34.361  48.643  9.359 0.0000000000
105320  -35.302  48.732  9.394 0.0000000000
106455  -37.834  49.893  10.065 0.0000000000
106454  -36.690  49.939  10.193 0.0000000000
124832  -37.904  50.760  11.259 0.0000000000
106447  -38.765  50.452  10.945 0.0000000000
118801  -40.936  47.931  8.629 0.0000000000
105942  -40.479  48.580  8.977 0.0000000000
105321  -40.771  48.267  9.379 0.0000000000
105289  -40.617  48.197  10.989 0.0000000000
105288  -40.097  48.769  11.913 0.0000000000
117113  -39.530  49.719  12.004 0.0000000000
105270  -40.022  48.273  12.629 0.0000000000
105263  -39.716  47.906  13.370 0.0000000000
104647  -40.660  47.012  12.500 0.0000000000
126219  -41.285  44.832  12.747 0.0000000000
103506  -41.310  43.980  13.829 0.0000000000
102994  -41.430  43.329  13.668 0.0000000000
126367  -41.468  42.711  14.108 0.0000000000
102998  -39.273  43.147  13.167 0.0000000000
102478  -38.673  42.176  14.003 0.0000000000
103520  -37.827  44.684  11.404 0.0000000000
103514  -38.273  44.325  12.080 0.0000000000
103513  -37.289  44.218  11.925 0.0000000000
102508  -36.297  42.970  13.109 0.0000000000
102996  -37.037  43.276  12.966 0.0000000000
127773  -39.019  32.485  26.594 0.0000000000
96712  -40.807  33.658  25.898 0.0000000000
96074  -40.355  33.149  26.204 0.0000000000
96728  -41.233  33.590  25.292 0.0000000000
118235  -41.192  33.547  23.938 0.0000000000
96729  -41.848  33.963  24.518 0.0000000000
97391  -42.441  34.499  24.948 0.0000000000
97376  -42.739  35.220  25.231 0.0000000000
98074  -43.202  35.856  24.860 0.0000000000
98099  -43.717  35.619  23.981 0.0000000000
104619  -20.139  46.493  13.334 0.0000000000
119402  -20.733  46.369  14.055 0.0000000000
104635  -21.611  46.392  12.487 0.0000000000
104636  -22.550  46.467  12.481 0.0000000000
135893  -22.074  46.449  11.799 0.0000000000
105924  -19.434  48.445  10.265 0.0000000000
105296  -20.076  47.330  9.959 0.0000000000
136492  -23.495  46.701  9.606 0.0000000000
104687  -22.532  46.684  9.707 0.0000000000
119596  -23.247  46.620  10.236 0.0000000000
104655  -23.439  46.640  11.004 0.0000000000
104678  -24.710  47.025  10.347 0.0000000000
104679  -25.364  47.288  10.701 0.0000000000
104689  -25.211  47.120  9.783 0.0000000000
105329  -27.346  47.272  9.023 0.0000000000
105314  -29.405  48.090  9.580 0.0000000000
105331  -28.935  47.427  8.929 0.0000000000
104731  -26.574  46.967  6.661 0.0000000000
119570  -28.168  46.746  6.634 0.0000000000
104705  -31.016  46.852  8.201 0.0000000000
105333  -30.558  47.698  8.862 0.0000000000
135106  -32.345  47.653  8.772 0.0000000000
127262  -32.877  46.800  8.242 0.0000000000
104065  -35.037  45.787  7.176 0.0000000000
104723  -34.444  46.313  7.731 0.0000000000
104067  -36.515  46.575  7.531 0.0000000000
131190  -37.066  46.148  6.888 0.0000000000
103569  -34.477  44.429  5.319 0.0000000000
103554  -35.008  44.745  5.945 0.0000000000
103573  -38.873  44.786  5.363 0.0000000000
104086  -37.223  45.114  5.791 0.0000000000
136115  -38.550  45.114  5.524 0.0000000000
104077  -38.894  46.093  6.020 0.0000000000
104088  -39.368  45.539  5.583 0.0000000000
104089  -40.799  45.819  5.592 0.0000000000
127290  -41.219  45.239  5.525 0.0000000000
102578  -42.366  41.957  5.763 0.0000000000
103068  -42.686  43.350  5.970 0.0000000000
102570  -42.441  42.599  6.217 0.0000000000
102569  -41.395  42.203  6.625 0.0000000000
102017  -42.171  41.360  6.257 0.0000000000
101379  -41.792  40.490  6.181 0.0000000000
133222  -41.133  39.711  4.842 0.0000000000
100715  -41.127  39.647  5.418 0.0000000000
100722  -40.483  39.087  4.450 0.0000000000
100082  -39.286  38.665  4.686 0.0000000000
100093  -39.656  38.506  3.867 0.0000000000
101405  -38.871  40.610  2.748 0.0000000000
98804  -33.029  36.929  23.616 0.0000000000
137037  -34.920  37.481  23.467 0.0000000000
98806  -34.974  36.858  23.692 0.0000000000
126227  -35.970  37.023  23.715 0.0000000000
121208  -36.657  36.487  23.657 0.0000000000
138410  -36.527  37.124  23.730 0.0000000000
135476  -35.133  38.974  21.550 0.0000000000
100572  -35.741  39.001  22.018 0.0000000000
99937  -37.768  38.522  23.792 0.0000000000
99954  -37.224  38.791  23.389 0.0000000000
99413  -37.859  37.939  24.013 0.0000000000
99414  -38.704  37.875  24.213 0.0000000000
99415  -39.649  37.721  24.376 0.0000000000
99940  -41.080  39.411  24.491 0.0000000000
99926  -41.463  38.602  24.559 0.0000000000
99942  -42.905  38.344  24.196 0.0000000000
104003  -32.676  45.826  16.831 0.0000000000
103494  -32.431  45.327  17.540 0.0000000000
106435  -34.380  50.150  10.872 0.0000000000
106433  -33.172  49.694  10.783 0.0000000000
105920  -34.780  49.761  11.279 0.0000000000
105268  -35.353  47.576  12.372 0.0000000000
131856  -35.086  46.863  12.979 0.0000000000
104629  -35.225  46.717  13.755 0.0000000000
105244  -37.625  48.510  15.862 0.0000000000
120491  -37.568  48.755  15.179 0.0000000000
120993  -36.179  47.386  17.077 0.0000000000
105228  -36.362  47.702  16.430 0.0000000000
104599  -35.465  47.129  15.954 0.0000000000
104597  -33.986  46.299  16.387 0.0000000000
104584  -34.816  46.756  16.672 0.0000000000
103975  -35.656  45.575  17.895 0.0000000000
103974  -34.740  45.484  17.689 0.0000000000
103484  -34.366  44.826  17.673 0.0000000000
130983  -35.251  43.414  17.921 0.0000000000
102979  -36.024  43.893  18.108 0.0000000000
102464  -37.754  43.574  19.129 0.0000000000
121320  -37.094  42.629  19.111 0.0000000000
102968  -40.194  44.600  20.360 0.0000000000
102967  -39.444  44.382  20.145 0.0000000000
102434  -40.537  42.971  21.907 0.0000000000
102443  -40.318  43.500  21.391 0.0000000000
101847  -39.882  42.398  22.219 0.0000000000
101834  -40.024  41.928  22.808 0.0000000000
101191  -40.212  41.477  23.347 0.0000000000
101835  -40.676  42.014  23.114 0.0000000000
100576  -43.025  40.011  22.009 0.0000000000
100566  -42.742  40.086  23.152 0.0000000000
135427  -43.316  39.153  22.611 0.0000000000
99970  -43.740  38.359  21.813 0.0000000000
99444  -44.082  37.559  21.134 0.0000000000
99969  -43.437  38.369  21.110 0.0000000000
98829  -42.205  36.898  20.376 0.0000000000
98843  -41.713  36.251  19.948 0.0000000000
98828  -40.967  36.670  20.251 0.0000000000
100589  -40.804  39.240  20.315 0.0000000000
100588  -39.997  39.092  20.066 0.0000000000
99454  -39.085  37.014  19.791 0.0000000000
98827  -39.962  36.820  20.096 0.0000000000
98119  -39.720  35.697  19.314 0.0000000000
97429  -39.570  35.085  18.226 0.0000000000
98134  -39.265  35.367  18.781 0.0000000000
98132  -37.650  35.618  18.577 0.0000000000
98152  -38.048  35.129  18.119 0.0000000000
97455  -37.383  34.695  16.374 0.0000000000
97439  -36.800  34.898  17.260 0.0000000000
101925  -40.881  41.769  14.848 0.0000000000
101901  -40.967  41.686  15.560 0.0000000000
101900  -40.148  41.502  15.421 0.0000000000
101240  -37.822  40.369  17.022 0.0000000000
101261  -38.623  40.752  16.542 0.0000000000
100616  -37.940  39.887  17.792 0.0000000000
100634  -35.413  39.801  16.748 0.0000000000
138230  -35.732  39.448  17.231 0.0000000000
99996  -36.046  38.174  18.250 0.0000000000
99997  -36.837  38.324  18.623 0.0000000000
98853  -35.797  36.817  18.265 0.0000000000
98167  -35.097  35.096  17.031 0.0000000000
98149  -35.518  35.617  17.668 0.0000000000
97453  -35.565  34.718  16.351 0.0000000000
97407  -44.524  34.814  21.969 0.0000000000
97408  -45.245  34.906  21.120 0.0000000000
98140  -45.991  34.997  19.246 0.0000000000
103547  -41.419  45.194  7.141 0.0000000000
135899  -40.385  44.386  7.394 0.0000000000
103540  -39.166  44.848  8.271 0.0000000000
104052  -38.010  45.062  9.306 0.0000000000
103539  -38.204  44.724  8.606 0.0000000000
101874  -34.529  41.944  18.498 0.0000000000
136366  -29.636  48.633  10.034 0.0000000000
105301  -29.816  48.357  10.409 0.0000000000
103505  -40.340  44.572  14.803 0.0000000000
104016  -39.489  45.509  15.097 0.0000000000
103497  -40.502  44.687  17.993 0.0000000000
102985  -41.088  43.684  17.204 0.0000000000
101881  -41.433  42.232  17.529 0.0000000000
101879  -40.219  41.162  16.927 0.0000000000
105338  -35.957  47.876  8.778 0.0000000000
123845  -36.287  48.876  9.440 0.0000000000
105946  -36.927  48.176  8.814 0.0000000000
105940  -38.485  49.156  9.275 0.0000000000
104680  -40.929  47.245  10.957 0.0000000000
104648  -41.148  46.383  12.054 0.0000000000
104039  -41.147  45.726  12.254 0.0000000000
134338  -41.321  44.071  12.934 0.0000000000
103000  -41.290  43.487  13.324 0.0000000000
103009  -40.458  43.684  12.793 0.0000000000
103008  -38.831  43.773  12.642 0.0000000000
95444  -39.505  32.001  26.337 0.0000000000
96710  -39.072  33.677  24.993 0.0000000000
96700  -39.742  33.006  26.362 0.0000000000
96711  -40.066  33.981  25.848 0.0000000000
97366  -40.912  33.887  25.907 0.0000000000
116379  -41.748  34.175  25.599 0.0000000000
98073  -42.187  35.257  25.415 0.0000000000
139912  -19.933  46.576  12.658 0.0000000000
105325  -21.379  47.553  8.342 0.0000000000
105309  -21.024  47.285  9.083 0.0000000000
104697  -22.960  46.918  8.766 0.0000000000
122951  -23.912  46.795  8.950 0.0000000000
137514  -24.635  46.834  9.109 0.0000000000
104699  -25.250  46.904  8.828 0.0000000000
104700  -25.992  46.933  8.485 0.0000000000
135577  -26.819  46.905  8.306 0.0000000000
104741  -29.033  46.775  5.583 0.0000000000
104735  -30.343  46.182  6.579 0.0000000000
104719  -30.602  46.353  7.377 0.0000000000
104720  -31.502  46.199  7.530 0.0000000000
104721  -32.420  46.092  7.635 0.0000000000
104064  -34.104  45.631  7.183 0.0000000000
103078  -36.547  43.861  4.868 0.0000000000
103571  -36.891  44.469  5.345 0.0000000000
103079  -37.420  44.005  5.003 0.0000000000
103080  -38.349  44.093  5.088 0.0000000000
126456  -39.264  44.199  5.184 0.0000000000
125548  -41.071  44.577  5.390 0.0000000000
103081  -40.287  43.771  5.178 0.0000000000
102577  -41.339  42.647  5.259 0.0000000000
102027  -42.244  40.879  5.836 0.0000000000
101389  -41.853  40.214  5.762 0.0000000000
101398  -41.652  40.207  5.256 0.0000000000
101397  -40.987  39.844  4.491 0.0000000000
132922  -30.868  39.693  19.306 0.0000000000
99989  -30.535  38.979  19.746 0.0000000000
99977  -30.778  38.342  20.508 0.0000000000
99964  -31.366  37.883  21.127 0.0000000000
133204  -33.484  37.074  23.608 0.0000000000
99430  -33.656  37.491  23.095 0.0000000000
99431  -34.566  37.780  23.046 0.0000000000
99432  -35.314  38.025  23.137 0.0000000000
100573  -36.389  39.596  21.757 0.0000000000
116539  -36.872  39.493  22.426 0.0000000000
100563  -37.539  39.619  22.858 0.0000000000
100551  -38.189  39.311  23.631 0.0000000000
99939  -39.351  38.608  24.328 0.0000000000
100552  -39.087  39.389  24.100 0.0000000000
130522  -39.748  40.171  24.071 0.0000000000
100553  -40.705  40.256  24.294 0.0000000000
117727  -31.721  45.350  15.083 0.0000000000
104014  -32.538  45.574  15.617 0.0000000000
117560  -36.270  50.365  11.401 0.0000000000
105905  -35.901  49.642  11.660 0.0000000000
105269  -36.324  48.342  12.484 0.0000000000
105260  -36.660  48.017  13.545 0.0000000000
104587  -37.532  47.777  17.159 0.0000000000
105229  -37.190  48.142  16.549 0.0000000000
104573  -36.553  47.148  17.523 0.0000000000
104572  -35.539  46.868  17.289 0.0000000000
103992  -36.098  46.403  17.776 0.0000000000
103485  -36.247  44.882  18.128 0.0000000000
139942  -36.759  44.307  18.353 0.0000000000
102966  -38.551  43.734  19.690 0.0000000000
102959  -41.142  43.841  20.839 0.0000000000
102958  -40.627  44.037  20.908 0.0000000000
102435  -41.141  42.789  21.957 0.0000000000
101836  -41.498  41.956  22.664 0.0000000000
99985  -42.943  38.748  20.912 0.0000000000
100591  -42.611  39.553  20.994 0.0000000000
99984  -42.162  38.611  20.669 0.0000000000
100601  -39.530  39.354  19.530 0.0000000000
99992  -39.368  38.564  19.930 0.0000000000
98840  -38.602  36.432  19.429 0.0000000000
98118  -38.903  35.811  19.234 0.0000000000
101899  -39.148  41.393  15.276 0.0000000000
124282  -37.893  40.666  16.371 0.0000000000
100012  -34.834  38.490  17.563 0.0000000000
98148  -34.708  35.774  17.451 0.0000000000
97451  -34.047  34.901  16.121 0.0000000000
97450  -33.361  34.967  15.951 0.0000000000
104726  -40.315  47.363  6.940 0.0000000000
105354  -39.695  47.706  7.461 0.0000000000
105355  -40.604  47.715  7.554 0.0000000000
105343  -41.042  47.506  7.881 0.0000000000
104712  -41.061  47.395  8.390 0.0000000000
104068  -41.217  46.027  7.627 0.0000000000
133533  -40.992  46.651  8.370 0.0000000000
104711  -40.818  46.953  9.219 0.0000000000
104042  -38.359  45.244  10.914 0.0000000000
136585  -37.538  44.902  10.743 0.0000000000
103527  -36.986  44.745  10.258 0.0000000000
96070  -37.053  32.264  27.091 0.0000000000
96069  -35.874  32.437  26.246 0.0000000000
96087  -36.762  32.664  25.582 0.0000000000
96709  -37.453  33.070  24.972 0.0000000000
127435  -35.520  33.370  23.733 0.0000000000
96727  -37.987  33.640  24.397 0.0000000000
98096  -38.454  35.338  23.773 0.0000000000
105945  -20.058  48.594  8.642 0.0000000000
105345  -21.026  48.049  7.906 0.0000000000
105347  -22.450  47.663  7.359 0.0000000000
105358  -22.719  48.002  6.628 0.0000000000
103552  -33.182  44.801  5.829 0.0000000000
103586  -35.611  43.785  4.617 0.0000000000
103093  -36.203  43.253  4.307 0.0000000000
136387  -37.473  42.715  4.411 0.0000000000
102589  -37.630  41.984  3.963 0.0000000000
136921  -37.129  41.851  2.842 0.0000000000
101206  -35.416  40.091  20.472 0.0000000000
100587  -36.094  39.988  20.978 0.0000000000
101199  -36.775  40.289  21.218 0.0000000000
136704  -32.201  45.833  12.779 0.0000000000
104038  -32.785  45.837  13.081 0.0000000000
105896  -38.888  49.604  13.759 0.0000000000
105883  -38.438  49.273  14.530 0.0000000000
121866  -38.674  48.672  14.943 0.0000000000
105245  -38.194  48.370  15.718 0.0000000000
104600  -38.338  47.351  16.186 0.0000000000
134185  -37.945  47.627  17.072 0.0000000000
120090  -38.476  46.788  18.137 0.0000000000
103978  -38.726  46.364  18.713 0.0000000000
103488  -39.240  45.806  19.292 0.0000000000
103489  -39.825  45.616  19.438 0.0000000000
103474  -40.279  45.016  19.830 0.0000000000
124383  -40.842  44.578  19.425 0.0000000000
102454  -41.535  42.981  20.169 0.0000000000
119893  -41.434  40.687  19.838 0.0000000000
101224  -40.912  40.512  19.389 0.0000000000
116934  -40.472  40.618  18.732 0.0000000000
101223  -40.005  40.103  19.119 0.0000000000
137097  -37.907  38.971  18.872 0.0000000000
101284  -36.387  40.852  15.747 0.0000000000
101257  -35.036  40.255  16.217 0.0000000000
100613  -34.442  38.904  17.171 0.0000000000
100011  -34.009  38.281  17.421 0.0000000000
126915  -32.581  49.565  9.839 0.0000000000
106451  -32.777  49.858  10.152 0.0000000000
105937  -33.654  49.607  9.806 0.0000000000
134021  -33.935  50.037  10.182 0.0000000000
106444  -34.668  50.143  10.574 0.0000000000
106453  -35.538  49.793  10.105 0.0000000000
106445  -36.033  50.431  10.877 0.0000000000
106436  -37.143  50.687  11.349 0.0000000000
106427  -37.427  50.553  11.955 0.0000000000
105908  -38.681  50.155  13.081 0.0000000000
122219  -39.895  48.213  7.937 0.0000000000
105941  -39.592  49.081  9.111 0.0000000000
105930  -40.418  48.801  10.166 0.0000000000
106448  -39.646  49.803  10.537 0.0000000000
106438  -39.261  50.206  11.509 0.0000000000
106429  -38.990  50.401  12.385 0.0000000000
105897  -39.406  48.953  13.417 0.0000000000
104025  -40.756  45.668  13.391 0.0000000000
133452  -40.573  45.094  14.028 0.0000000000
102992  -41.499  42.880  14.881 0.0000000000
102480  -41.025  42.133  14.184 0.0000000000
135281  -40.600  42.439  13.749 0.0000000000
102479  -39.847  42.070  14.087 0.0000000000
101923  -38.934  41.701  14.551 0.0000000000
102997  -38.065  43.303  13.103 0.0000000000
117068  -37.820  32.046  27.218 0.0000000000
95432  -39.236  32.133  26.711 0.0000000000
96089  -40.032  32.603  26.158 0.0000000000
96073  -39.981  32.790  26.298 0.0000000000
130709  -40.014  32.464  24.819 0.0000000000
96739  -40.737  33.469  23.028 0.0000000000
138072  -41.464  33.956  21.854 0.0000000000
120844  -42.358  34.275  22.367 0.0000000000
97398  -43.550  34.713  22.957 0.0000000000
122779  -43.042  34.828  24.179 0.0000000000
97393  -43.743  35.100  23.570 0.0000000000
97399  -44.310  34.962  22.663 0.0000000000
98105  -44.309  35.355  22.835 0.0000000000
118563  -44.057  36.120  23.397 0.0000000000
104652  -20.526  46.553  11.311 0.0000000000
104686  -21.496  46.802  9.702 0.0000000000
104675  -21.019  46.628  10.440 0.0000000000
134782  -21.528  46.484  11.128 0.0000000000
104654  -22.465  46.529  11.104 0.0000000000
116693  -23.928  46.672  11.844 0.0000000000
104657  -25.438  47.167  11.508 0.0000000000
105297  -26.136  47.450  11.087 0.0000000000
105298  -26.851  47.582  10.660 0.0000000000
105299  -27.606  47.714  10.295 0.0000000000
104690  -26.005  47.230  9.389 0.0000000000
105311  -26.898  47.523  9.780 0.0000000000
105300  -28.378  47.969  10.055 0.0000000000
105925  -29.170  48.348  9.982 0.0000000000
105935  -29.827  48.751  9.997 0.0000000000
105316  -30.937  48.664  9.490 0.0000000000
105350  -25.239  47.094  7.001 0.0000000000
123755  -27.089  46.798  7.469 0.0000000000
104702  -28.429  46.939  8.219 0.0000000000
104717  -28.711  46.682  7.396 0.0000000000
104703  -29.239  46.915  8.136 0.0000000000
105332  -29.733  47.563  8.893 0.0000000000
105317  -31.868  48.652  9.388 0.0000000000
138714  -32.680  48.400  9.247 0.0000000000
105336  -34.103  47.698  8.828 0.0000000000
104707  -33.817  46.871  8.281 0.0000000000
104708  -34.725  47.027  8.325 0.0000000000
104709  -35.457  47.230  8.367 0.0000000000
104710  -36.159  47.095  8.144 0.0000000000
105352  -36.990  47.112  7.910 0.0000000000
104075  -34.555  45.215  6.575 0.0000000000
104076  -35.559  45.338  6.499 0.0000000000
125417  -36.605  45.505  6.398 0.0000000000
104736  -38.213  46.448  6.669 0.0000000000
104737  -39.585  46.776  6.462 0.0000000000
104079  -41.401  46.345  5.996 0.0000000000
104080  -41.938  45.804  6.232 0.0000000000
103575  -42.090  44.750  5.715 0.0000000000
103558  -42.593  44.189  5.967 0.0000000000
123217  -41.655  43.157  6.600 0.0000000000
103066  -40.451  43.029  6.884 0.0000000000
101388  -41.165  39.886  6.101 0.0000000000
100703  -40.395  39.544  5.933 0.0000000000
102046  -39.070  40.567  3.331 0.0000000000
98092  -34.361  36.023  23.321 0.0000000000
98805  -33.872  36.878  23.658 0.0000000000
98093  -35.305  35.791  23.378 0.0000000000
98094  -36.243  35.572  23.451 0.0000000000
99968  -34.479  38.701  21.523 0.0000000000
99951  -35.053  38.426  22.327 0.0000000000
100562  -36.368  39.077  22.513 0.0000000000
136695  -36.646  38.246  23.482 0.0000000000
122588  -36.422  37.619  23.659 0.0000000000
99412  -37.178  37.273  23.830 0.0000000000
125087  -38.147  37.176  24.019 0.0000000000
117988  -38.672  36.291  23.906 0.0000000000
139570  -39.464  36.242  24.148 0.0000000000
98784  -40.126  36.733  24.425 0.0000000000
131139  -41.028  36.883  24.713 0.0000000000
99925  -40.469  38.444  24.497 0.0000000000
99398  -41.408  37.624  24.696 0.0000000000
99399  -42.235  37.217  24.829 0.0000000000
99400  -42.784  37.387  24.603 0.0000000000
99416  -43.301  37.354  24.129 0.0000000000
99417  -43.854  37.134  23.247 0.0000000000
103493  -31.691  45.249  17.719 0.0000000000
121821  -32.751  44.902  17.680 0.0000000000
105929  -32.545  49.696  10.380 0.0000000000
130766  -33.175  48.149  11.349 0.0000000000
105286  -34.686  48.113  11.698 0.0000000000
105266  -33.613  46.579  12.448 0.0000000000
116538  -33.471  46.025  13.258 0.0000000000
104627  -33.810  45.897  14.031 0.0000000000
105261  -37.512  48.805  14.189 0.0000000000
105253  -36.006  47.332  14.164 0.0000000000
105243  -36.954  48.328  15.771 0.0000000000
105242  -36.164  47.549  15.288 0.0000000000
104612  -34.564  46.338  14.348 0.0000000000
133358  -34.003  46.085  14.825 0.0000000000
104611  -33.823  46.092  15.527 0.0000000000
104004  -33.374  46.128  17.004 0.0000000000
104571  -34.743  46.450  17.284 0.0000000000
103990  -34.334  46.019  17.472 0.0000000000
103989  -33.580  45.906  17.315 0.0000000000
103483  -33.568  44.568  17.651 0.0000000000
128041  -34.546  42.873  17.921 0.0000000000
102462  -35.312  42.514  18.323 0.0000000000
102451  -36.183  42.457  18.682 0.0000000000
101862  -36.499  41.837  19.332 0.0000000000
101853  -36.802  41.333  20.004 0.0000000000
133738  -37.507  41.581  20.411 0.0000000000
102453  -38.935  43.346  20.308 0.0000000000
102442  -39.404  43.000  21.054 0.0000000000
101846  -39.034  42.075  21.531 0.0000000000
126788  -39.565  41.345  22.967 0.0000000000
101179  -40.409  40.923  23.862 0.0000000000
100554  -41.657  40.172  24.263 0.0000000000
101193  -41.678  41.303  23.389 0.0000000000
101181  -42.106  40.678  23.666 0.0000000000
100555  -42.354  39.975  23.937 0.0000000000
121537  -43.291  38.628  23.411 0.0000000000
99955  -43.717  38.163  22.798 0.0000000000
98845  -44.492  36.454  20.010 0.0000000000
98121  -42.433  35.859  19.393 0.0000000000
98136  -41.829  35.402  18.647 0.0000000000
139496  -41.509  39.688  20.375 0.0000000000
99983  -41.095  38.427  20.533 0.0000000000
99448  -40.535  37.538  20.396 0.0000000000
139927  -40.907  36.045  19.822 0.0000000000
135640  -40.928  35.373  18.896 0.0000000000
119050  -40.958  35.122  18.245 0.0000000000
97443  -40.206  34.945  17.753 0.0000000000
97442  -39.359  34.883  17.601 0.0000000000
98133  -38.458  35.475  18.719 0.0000000000
97441  -38.566  34.854  17.472 0.0000000000
101883  -39.326  41.164  16.017 0.0000000000
101262  -39.482  40.931  16.747 0.0000000000
100606  -38.261  39.454  18.591 0.0000000000
101259  -36.661  40.448  16.427 0.0000000000
100013  -35.681  38.787  17.702 0.0000000000
127666  -37.089  39.559  17.726 0.0000000000
99460  -37.246  37.732  19.014 0.0000000000
125683  -37.175  36.957  18.936 0.0000000000
98131  -36.832  35.800  18.410 0.0000000000
98130  -36.017  36.055  18.188 0.0000000000
98150  -36.340  35.424  17.875 0.0000000000
96053  -37.125  32.001  27.438 0.0000000000
96054  -38.743  32.092  26.937 0.0000000000
97392  -42.775  34.906  25.066 0.0000000000
98786  -41.986  36.456  25.061 0.0000000000
98787  -42.714  36.530  24.954 0.0000000000
98809  -43.155  36.694  24.599 0.0000000000
99935  -36.028  38.123  23.317 0.0000000000
99953  -36.496  38.639  23.072 0.0000000000
99998  -37.603  38.476  18.992 0.0000000000
101192  -40.997  41.556  23.506 0.0000000000
101845  -37.994  41.437  21.101 0.0000000000
102018  -42.524  41.785  6.035 0.0000000000
102019  -42.677  42.737  6.006 0.0000000000
102579  -42.632  42.571  5.981 0.0000000000
102588  -36.749  42.579  4.003 0.0000000000
102970  -41.334  43.747  20.031 0.0000000000
103083  -42.436  43.902  5.801 0.0000000000
103121  -35.526  43.530  2.601 0.0000000000
103557  -42.576  44.331  6.027 0.0000000000
103570  -35.352  44.328  5.289 0.0000000000
104081  -42.377  45.028  6.019 0.0000000000
104087  -38.243  45.380  5.739 0.0000000000
104620  -21.115  46.352  13.244 0.0000000000
104634  -20.577  46.446  12.399 0.0000000000
104651  -19.776  46.718  11.990 0.0000000000
104677  -23.991  46.738  10.349 0.0000000000
104685  -20.640  47.006  9.802 0.0000000000
104701  -27.643  46.930  8.271 0.0000000000
105255  -38.033  49.175  14.717 0.0000000000
105262  -39.119  48.889  14.193 0.0000000000
105285  -33.824  47.586  11.717 0.0000000000
105307  -19.793  47.879  9.711 0.0000000000
105308  -20.297  47.582  9.343 0.0000000000
105313  -28.646  47.833  9.627 0.0000000000
105324  -20.552  47.945  8.561 0.0000000000
105340  -37.480  47.657  8.269 0.0000000000
105346  -21.671  47.829  7.632 0.0000000000
105949  -40.012  48.596  8.492 0.0000000000
106428  -38.283  50.535  12.325 0.0000000000
106434  -33.815  49.960  10.872 0.0000000000
106441  -32.207  49.689  10.083 0.0000000000
106443  -33.867  50.059  10.482 0.0000000000
106452  -33.321  49.993  10.138 0.0000000000
119362  -29.020  48.043  10.323 0.0000000000
119809  -21.945  46.587  10.402 0.0000000000
122035  -40.317  38.880  3.533 0.0000000000
122920  -42.364  43.052  5.704 0.0000000000
123350  -23.631  46.999  8.312 0.0000000000
125880  -20.896  48.953  7.217 0.0000000000
126354  -42.393  43.816  6.272 0.0000000000
127745  -38.152  50.400  10.655 0.0000000000
128844  -29.809  46.527  5.478 0.0000000000
130394  -40.518  35.655  19.350 0.0000000000
131603  -33.497  45.558  7.131 0.0000000000
132598  -37.850  50.739  11.763 0.0000000000
136539  -40.438  48.726  9.503 0.0000000000
137003  -39.593  32.417  26.478 0.0000000000
137347  -35.480  50.183  11.268 0.0000000000
137577  -40.729  41.904  4.881 0.0000000000
137963  -35.652  32.989  24.234 0.0000000000
138924  -33.165  46.166  12.814 0.0000000000
