#!ascii label  , from subject sub-v2s16x51246_ses-1 vox2ras=TkReg
632
119558  -28.101  -54.750  12.694 0.6999999881
18301  -28.455  -54.234  12.387 0.6000000238
18311  -28.915  -54.280  11.862 0.6000000238
18323  -29.658  -54.707  9.631 0.4000000060
16057  -20.523  -57.095  7.472 0.6999999881
16834  -20.714  -56.203  7.502 0.6999999881
128820  -20.861  -56.677  8.511 0.6999999881
17582  -21.227  -55.615  8.407 0.6000000238
128722  -21.462  -56.848  9.496 0.6999999881
17572  -21.844  -55.487  9.393 0.6000000238
17561  -22.465  -55.533  10.187 0.6000000238
119922  -22.401  -54.677  9.529 0.6000000238
17549  -23.741  -55.263  11.295 0.6000000238
18316  -23.136  -54.842  10.497 0.6000000238
19048  -23.634  -53.481  10.193 0.5000000000
18309  -24.515  -54.738  11.679 0.5000000000
19049  -24.214  -53.831  10.969 0.5000000000
19798  -26.382  -52.387  12.020 0.6000000238
18299  -27.000  -54.013  12.672 0.6000000238
19790  -27.063  -52.652  12.342 0.6000000238
19791  -28.001  -52.657  12.390 0.6000000238
19042  -28.817  -52.862  11.998 0.6000000238
17592  -20.602  -55.855  6.761 0.6000000238
18342  -21.291  -54.531  7.080 0.6000000238
18343  -21.744  -53.982  7.766 0.6000000238
18331  -22.026  -54.273  8.621 0.6000000238
19063  -22.669  -53.002  8.591 0.6000000238
18322  -22.576  -53.789  9.099 0.6000000238
118385  -23.052  -54.009  9.899 0.6000000238
19806  -23.750  -52.676  9.846 0.6000000238
19807  -24.451  -52.396  10.486 0.6000000238
19796  -24.879  -53.013  11.219 0.6000000238
19808  -25.192  -52.098  11.068 0.6999999881
20550  -26.131  -51.774  11.591 0.6000000238
20551  -27.081  -51.420  11.682 0.6000000238
19043  -29.327  -52.853  11.288 0.5000000000
19050  -29.569  -53.422  10.597 0.5000000000
118492  -20.157  -56.227  6.426 0.6000000238
17605  -20.825  -55.092  6.586 0.6000000238
19076  -21.481  -53.625  6.797 0.6000000238
19062  -22.044  -53.192  7.697 0.6000000238
19822  -22.424  -52.389  7.816 0.6000000238
20587  -22.721  -51.555  8.033 0.6000000238
20570  -23.302  -51.368  8.786 0.6000000238
132717  -23.226  -52.629  9.149 0.6000000238
20571  -23.884  -51.268  9.474 0.6000000238
136037  -24.404  -51.229  9.993 0.6999999881
20552  -28.012  -51.360  11.609 0.6000000238
20553  -28.770  -51.520  11.252 0.6000000238
19056  -29.911  -53.879  9.720 0.4000000060
125911  -19.186  -55.100  6.204 0.6000000238
116634  -19.977  -55.375  6.106 0.6000000238
19090  -20.594  -53.992  6.120 0.6000000238
19840  -21.831  -52.617  6.846 0.6000000238
20586  -22.239  -51.770  7.194 0.5000000000
21348  -23.682  -50.545  9.066 0.6999999881
22160  -26.127  -49.745  10.341 0.6000000238
21331  -24.971  -50.824  10.377 0.6000000238
21332  -25.788  -50.471  10.695 0.6000000238
21324  -27.435  -50.771  11.139 0.6000000238
20560  -28.319  -50.915  10.927 0.6000000238
20554  -29.303  -51.739  10.624 0.6000000238
19809  -29.544  -52.496  10.574 0.6000000238
19825  -30.651  -53.201  8.515 0.4000000060
118047  -30.008  -53.030  9.486 0.5000000000
18355  -18.344  -54.439  6.331 0.5000000000
19088  -19.003  -53.256  6.288 0.6000000238
19089  -20.187  -53.388  5.958 0.6000000238
133293  -20.628  -52.755  5.796 0.6000000238
126533  -21.364  -53.038  6.124 0.5000000000
20636  -21.130  -51.648  5.767 0.5000000000
20624  -21.776  -51.850  6.477 0.5000000000
21387  -22.370  -50.171  7.240 0.6000000238
23049  -23.157  -48.480  7.538 0.6000000238
22219  -22.975  -49.457  7.982 0.6999999881
22200  -24.320  -49.119  9.104 0.6999999881
21349  -24.408  -50.472  9.735 0.6999999881
23032  -26.309  -48.397  8.796 0.6000000238
21350  -25.234  -50.007  10.178 0.6999999881
22201  -26.667  -48.836  9.096 0.6000000238
22202  -27.339  -49.369  8.912 0.6000000238
22161  -26.979  -49.698  10.241 0.6000000238
21334  -27.837  -50.247  10.244 0.6000000238
21352  -28.638  -50.707  9.401 0.6000000238
20573  -29.674  -52.153  9.641 0.5000000000
120552  -30.827  -52.678  8.141 0.4000000060
19087  -17.658  -53.070  6.741 0.6000000238
19850  -19.715  -52.446  6.073 0.5000000000
19862  -20.639  -52.020  5.767 0.6000000238
126843  -21.147  -50.953  5.797 0.5000000000
21401  -21.520  -51.180  6.118 0.6000000238
21416  -21.652  -49.577  6.024 0.5000000000
116374  -22.063  -51.081  6.743 0.6000000238
22236  -22.093  -49.497  6.535 0.5000000000
22218  -22.525  -49.249  7.239 0.5000000000
23050  -24.217  -47.917  8.107 0.5000000000
22199  -23.769  -48.781  8.452 0.6000000238
23824  -24.857  -47.096  7.738 0.5000000000
23807  -25.203  -47.702  8.413 0.5000000000
23030  -24.691  -48.357  8.792 0.6000000238
24609  -26.342  -47.243  7.404 0.4000000060
23031  -25.552  -48.246  8.916 0.6999999881
23066  -26.834  -48.284  7.147 0.4000000060
23052  -27.148  -49.055  7.552 0.5000000000
120971  -27.431  -49.468  7.994 0.6000000238
22220  -27.580  -50.006  7.056 0.5000000000
21369  -27.942  -50.311  7.812 0.6000000238
21404  -28.349  -50.494  6.130 0.5000000000
21370  -28.523  -50.945  8.132 0.6000000238
20590  -30.247  -52.036  7.727 0.5000000000
21389  -28.173  -50.649  6.731 0.6000000238
20608  -29.006  -51.466  7.373 0.6000000238
133689  -29.597  -51.963  8.649 0.6000000238
19849  -18.251  -52.409  6.604 0.5000000000
20634  -19.920  -51.463  6.036 0.5000000000
21413  -19.989  -50.587  5.957 0.5000000000
139031  -20.691  -49.414  5.599 0.4000000060
23083  -21.980  -48.840  6.103 0.4000000060
23048  -22.425  -48.703  6.726 0.5000000000
23841  -23.183  -47.235  6.511 0.5000000000
23858  -27.032  -47.544  5.069 0.4000000060
24627  -26.304  -46.476  6.932 0.4000000060
23843  -26.784  -47.558  6.326 0.4000000060
23859  -27.151  -48.444  5.151 0.5000000000
23067  -27.135  -48.914  5.823 0.5000000000
23084  -27.575  -49.178  4.789 0.5000000000
22237  -27.611  -49.766  5.585 0.5000000000
22252  -28.544  -49.771  5.125 0.5000000000
21371  -30.659  -50.509  8.110 0.5000000000
21390  -28.867  -51.062  6.732 0.6000000238
20609  -29.502  -51.442  7.246 0.5000000000
23840  -22.487  -47.673  6.094 0.4000000060
24624  -23.399  -46.511  6.257 0.5000000000
23842  -24.135  -46.793  6.912 0.5000000000
24626  -25.685  -45.975  7.069 0.5000000000
117619  -27.461  -48.381  4.317 0.4000000060
22262  -28.437  -49.421  4.612 0.5000000000
22203  -30.061  -49.096  8.013 0.5000000000
22205  -31.327  -49.861  8.737 0.3000000119
23095  -28.318  -48.895  4.073 0.5000000000
21419  -28.923  -49.890  5.459 0.5000000000
132836  -29.507  -50.406  6.580 0.5000000000
24625  -24.541  -46.029  6.611 0.4000000060
24641  -26.661  -46.495  6.002 0.4000000060
25407  -25.374  -45.390  6.600 0.4000000060
24653  -27.258  -46.724  3.863 0.4000000060
24652  -26.982  -46.642  4.825 0.4000000060
127669  -27.824  -48.038  3.592 0.4000000060
23885  -28.750  -47.006  2.672 0.4000000060
23879  -29.212  -47.465  3.366 0.5000000000
23035  -30.338  -48.271  8.550 0.4000000060
22204  -30.582  -49.437  8.410 0.4000000060
23085  -29.205  -49.243  5.256 0.5000000000
23034  -29.798  -48.304  7.954 0.5000000000
23860  -29.417  -48.357  5.047 0.5000000000
23068  -29.504  -48.549  6.042 0.5000000000
23053  -29.614  -48.494  7.116 0.5000000000
24673  -28.777  -46.386  2.300 0.4000000060
23886  -29.103  -47.106  2.814 0.4000000060
23809  -29.931  -47.452  8.330 0.4000000060
23827  -29.610  -47.401  7.718 0.5000000000
23870  -29.515  -47.330  4.033 0.5000000000
116973  -29.530  -47.535  5.992 0.5000000000
24674  -29.190  -46.424  2.406 0.4000000060
24590  -29.807  -46.646  8.266 0.4000000060
24591  -30.468  -46.476  8.768 0.3000000119
24654  -29.533  -46.771  3.570 0.5000000000
122156  -29.460  -46.412  5.964 0.5000000000
24628  -29.464  -46.884  6.976 0.5000000000
25459  -29.440  -45.435  2.058 0.4000000060
25381  -29.594  -45.979  8.018 0.3000000119
25382  -29.975  -45.803  8.428 0.3000000119
25438  -29.553  -45.886  4.137 0.4000000060
25396  -29.407  -45.866  7.245 0.5000000000
25423  -29.399  -45.604  5.298 0.4000000060
24642  -29.543  -46.561  4.664 0.5000000000
25409  -29.275  -45.305  6.409 0.5000000000
27082  -29.338  -44.026  2.942 0.4000000060
26159  -30.232  -44.967  8.488 0.3000000119
26160  -31.033  -44.830  8.738 0.3000000119
132430  -29.496  -45.274  3.713 0.4000000060
125215  -29.299  -44.996  7.256 0.4000000060
26216  -29.346  -44.962  4.683 0.4000000060
26204  -29.168  -44.666  5.755 0.4000000060
28044  -29.297  -43.005  2.812 0.5000000000
27022  -29.904  -44.319  8.132 0.3000000119
27023  -30.594  -44.187  8.415 0.4000000060
120250  -31.793  -42.971  7.797 0.4000000060
27041  -32.471  -43.574  7.662 0.4000000060
26227  -29.314  -44.417  3.937 0.4000000060
27048  -29.290  -43.661  7.046 0.5000000000
27038  -29.759  -43.663  7.737 0.4000000060
124698  -29.086  -44.023  5.073 0.5000000000
119171  -29.201  -42.988  6.460 0.5000000000
119139  -29.684  -42.867  7.308 0.4000000060
27997  -30.494  -42.479  7.656 0.4000000060
127030  -31.862  -42.293  7.590 0.4000000060
28012  -33.326  -42.937  6.515 0.3000000119
27074  -29.127  -43.303  4.187 0.5000000000
28035  -29.074  -42.383  4.958 0.5000000000
29717  -31.935  -40.965  7.237 0.4000000060
28914  -32.723  -41.232  6.836 0.3000000119
28947  -29.307  -41.331  3.516 0.5000000000
29716  -31.150  -40.851  7.252 0.4000000060
138520  -30.924  -42.032  7.594 0.4000000060
28903  -31.405  -41.688  7.477 0.4000000060
28915  -33.314  -41.560  6.360 0.4000000060
28923  -33.833  -41.430  5.638 0.3000000119
125164  -29.198  -42.256  3.837 0.5000000000
28019  -29.170  -42.342  5.895 0.5000000000
27996  -29.962  -42.105  7.221 0.5000000000
29728  -31.688  -40.203  7.041 0.4000000060
29730  -33.397  -39.896  6.366 0.4000000060
29768  -29.407  -40.497  3.121 0.5000000000
28935  -29.237  -41.561  4.635 0.5000000000
124213  -29.426  -41.093  5.445 0.5000000000
29726  -29.760  -40.856  6.281 0.5000000000
28913  -29.856  -41.497  6.845 0.5000000000
28922  -29.435  -41.616  6.147 0.5000000000
30501  -33.082  -39.090  6.509 0.4000000060
118840  -29.550  -39.754  3.614 0.5000000000
31272  -30.964  -38.482  6.149 0.5000000000
30517  -34.438  -39.122  5.525 0.3000000119
29742  -33.831  -40.490  5.953 0.3000000119
30532  -30.119  -38.820  4.884 0.5000000000
124939  -30.537  -38.803  5.751 0.5000000000
29740  -29.711  -40.256  5.516 0.5000000000
18300  -27.801  -54.091  12.656 0.6000000238
119649  -29.536  -54.214  10.282 0.5000000000
18308  -23.810  -54.565  11.028 0.6000000238
21388  -22.962  -50.545  8.233 0.6999999881
20561  -28.913  -51.210  10.629 0.6000000238
21367  -23.606  -49.703  8.724 0.6999999881
20588  -29.112  -51.467  8.415 0.6000000238
23012  -25.959  -48.713  9.384 0.6999999881
23051  -26.647  -48.296  8.101 0.5000000000
21351  -28.051  -50.035  9.120 0.6000000238
23823  -23.711  -47.529  7.283 0.5000000000
24607  -25.051  -46.436  7.259 0.5000000000
23808  -26.015  -47.824  8.460 0.4000000060
21405  -28.930  -50.505  6.149 0.5000000000
21391  -29.446  -51.052  6.785 0.5000000000
23869  -27.359  -47.519  4.005 0.4000000060
23094  -27.885  -48.776  4.040 0.5000000000
25422  -26.637  -45.708  5.568 0.4000000060
27040  -30.934  -43.291  8.148 0.4000000060
27999  -32.587  -42.736  7.275 0.3000000119
29757  -29.431  -40.564  4.404 0.5000000000
30498  -30.840  -39.254  6.429 0.5000000000
10540  -22.844  -65.922  12.203 0.5000000000
11202  -23.982  -65.267  11.308 0.5000000000
11201  -23.431  -65.539  11.708 0.5000000000
11861  -26.564  -63.962  10.820 0.5000000000
137740  -24.813  -64.826  10.287 0.5000000000
11213  -24.130  -65.322  10.383 0.4000000060
11846  -22.932  -64.335  12.809 0.5000000000
11848  -24.684  -64.151  12.276 0.6000000238
124352  -23.731  -64.274  12.493 0.6000000238
11860  -25.640  -64.447  10.788 0.5000000000
11849  -25.406  -64.273  11.725 0.5000000000
12985  -27.831  -62.710  10.363 0.4000000060
12432  -21.095  -62.679  13.170 0.6999999881
12932  -21.840  -63.033  13.339 0.6999999881
12948  -23.824  -62.898  12.876 0.6999999881
137040  -25.544  -62.495  12.820 0.5000000000
12435  -24.106  -63.613  12.651 0.6999999881
12437  -27.357  -63.107  11.927 0.5000000000
12436  -26.522  -63.276  12.295 0.5000000000
135165  -25.606  -63.670  12.284 0.5000000000
12986  -28.212  -62.081  10.835 0.5000000000
12458  -27.331  -63.383  10.894 0.5000000000
12443  -19.040  -63.341  11.376 0.5000000000
12966  -19.751  -62.692  11.673 0.6999999881
13480  -21.582  -61.195  11.647 0.6999999881
12944  -20.375  -62.621  12.589 0.6999999881
13463  -21.904  -61.629  12.448 0.6999999881
12947  -22.780  -62.720  13.067 0.6000000238
13467  -25.790  -61.696  13.033 0.6999999881
119514  -24.981  -61.330  12.841 0.6000000238
13470  -28.221  -61.692  12.263 0.5000000000
13469  -27.665  -61.795  12.743 0.6000000238
13468  -26.845  -61.793  13.061 0.6000000238
12968  -28.217  -62.133  11.682 0.5000000000
14033  -28.529  -60.530  10.075 0.5000000000
13485  -19.762  -62.003  9.965 0.5000000000
12984  -20.027  -62.107  10.965 0.6999999881
13464  -22.630  -61.817  12.699 0.6999999881
14016  -22.980  -60.492  11.792 0.6999999881
14015  -22.225  -60.529  11.338 0.6999999881
13465  -24.195  -61.451  12.661 0.8000000119
14655  -24.248  -59.898  12.353 0.6999999881
14004  -26.498  -60.790  13.270 0.6000000238
14003  -25.388  -60.731  12.999 0.6999999881
14005  -28.075  -60.956  12.767 0.6999999881
13987  -27.562  -60.281  13.227 0.6000000238
117743  -28.611  -60.206  11.056 0.6000000238
120717  -28.635  -60.072  11.819 0.6000000238
15353  -28.423  -58.047  9.866 0.6000000238
13490  -19.081  -61.555  9.139 0.5000000000
13497  -19.947  -61.267  8.857 0.6000000238
12992  -19.142  -62.221  9.659 0.5000000000
13492  -20.131  -61.441  9.490 0.6000000238
13493  -20.663  -60.903  9.893 0.6000000238
14014  -21.633  -60.590  10.919 0.6999999881
14668  -22.633  -59.895  11.118 0.6999999881
14680  -22.136  -59.437  10.551 0.6000000238
14001  -23.754  -60.529  12.274 0.6999999881
14669  -23.428  -59.689  11.702 0.6999999881
137254  -24.915  -60.091  12.765 0.6999999881
14645  -28.349  -58.712  12.664 0.6999999881
15337  -28.582  -58.651  10.796 0.6999999881
15318  -28.683  -58.693  11.940 0.6999999881
14048  -19.355  -60.835  8.495 0.5000000000
14050  -20.424  -60.230  8.558 0.6000000238
14032  -20.866  -60.277  9.394 0.6000000238
14679  -21.466  -59.692  9.880 0.6000000238
14670  -24.129  -59.084  12.138 0.8000000119
15317  -24.097  -58.196  12.127 0.5000000000
15336  -22.831  -58.275  11.013 0.6000000238
15305  -25.475  -58.882  13.086 0.6999999881
16018  -25.688  -57.402  13.162 0.6999999881
16000  -28.193  -58.126  12.938 0.6999999881
15999  -27.616  -58.011  13.286 0.6999999881
16051  -28.452  -57.094  9.990 0.5000000000
116654  -28.548  -57.763  10.661 0.6999999881
16821  -28.642  -56.302  9.727 0.5000000000
14046  -18.204  -60.178  8.836 0.5000000000
14064  -19.151  -60.315  8.113 0.5000000000
14713  -20.360  -59.187  7.763 0.6000000238
14049  -19.950  -60.745  8.385 0.6000000238
14714  -20.721  -59.045  8.563 0.6000000238
14697  -21.270  -59.063  9.382 0.6000000238
16049  -21.008  -57.418  9.032 0.6000000238
15352  -21.663  -58.490  9.885 0.6000000238
16050  -21.563  -57.675  9.729 0.6000000238
16781  -24.916  -56.883  12.637 0.6000000238
16796  -24.258  -56.458  12.089 0.5000000000
16040  -22.197  -57.927  10.421 0.5000000000
16019  -26.554  -56.790  13.328 0.6000000238
16782  -25.733  -56.429  13.022 0.6000000238
16784  -28.441  -56.069  12.405 0.6000000238
16768  -28.056  -56.537  13.034 0.6000000238
17573  -28.899  -55.647  10.548 0.5000000000
14712  -18.573  -59.949  8.187 0.5000000000
14725  -19.813  -59.512  7.459 0.6000000238
16058  -20.648  -57.637  8.211 0.6000000238
16795  -23.568  -56.872  11.602 0.5000000000
17562  -23.081  -55.744  10.894 0.5000000000
17542  -25.858  -55.504  12.808 0.4000000060
17551  -25.029  -55.311  12.287 0.5000000000
17550  -24.361  -55.646  11.918 0.5000000000
133694  -28.583  -55.084  12.268 0.6000000238
15359  -17.364  -58.949  7.917 0.5000000000
14723  -18.268  -59.253  7.750 0.6000000238
15371  -19.909  -58.695  7.002 0.6000000238
120056  -20.243  -58.601  7.284 0.6000000238
18298  -26.065  -53.837  12.350 0.5000000000
19039  -25.098  -53.890  11.754 0.4000000060
15358  -16.417  -58.424  7.924 0.5000000000
15369  -17.267  -58.364  7.450 0.5000000000
15383  -19.072  -58.288  6.876 0.6000000238
16068  -20.347  -57.368  6.987 0.6000000238
15357  -15.406  -58.045  8.173 0.5000000000
138246  -16.500  -57.818  7.338 0.5000000000
16067  -17.156  -57.617  6.984 0.6000000238
16845  -20.188  -57.167  6.710 0.6000000238
15356  -14.526  -57.627  8.425 0.5000000000
15368  -15.730  -57.541  7.509 0.5000000000
16074  -16.829  -56.785  6.695 0.5000000000
16843  -18.502  -56.589  6.430 0.6000000238
16075  -18.857  -57.469  6.608 0.6000000238
16064  -14.510  -55.722  7.475 0.5000000000
16832  -15.220  -55.777  6.808 0.5000000000
16825  -13.800  -55.261  8.076 0.5000000000
17603  -19.226  -55.927  6.254 0.5000000000
16842  -17.205  -56.129  6.453 0.5000000000
17569  -13.894  -54.577  8.455 0.5000000000
17579  -14.244  -54.549  8.046 0.5000000000
132757  -16.242  -55.306  6.536 0.5000000000
127694  -18.076  -55.815  6.351 0.4000000060
16815  -14.585  -54.813  8.463 0.5000000000
17591  -15.380  -54.396  7.386 0.5000000000
17600  -15.887  -54.550  6.828 0.4000000060
17601  -17.041  -55.050  6.483 0.4000000060
18327  -15.648  -54.198  7.778 0.4000000060
18340  -15.947  -53.974  7.481 0.4000000060
18341  -16.356  -53.492  7.387 0.4000000060
17543  -26.922  -55.436  13.145 0.6000000238
18317  -28.947  -54.958  11.316 0.5000000000
17574  -29.109  -55.555  9.708 0.4000000060
16041  -22.806  -57.236  10.970 0.6000000238
18354  -17.155  -53.707  6.742 0.4000000060
13482  -23.258  -61.227  12.403 0.6999999881
14656  -24.834  -59.390  12.689 0.6999999881
15293  -28.007  -58.623  13.112 0.6999999881
15291  -26.483  -59.078  13.384 0.6999999881
16029  -23.487  -57.762  11.582 0.6000000238
15335  -22.260  -58.763  10.485 0.6000000238
134151  -28.684  -57.302  11.970 0.6999999881
16017  -24.784  -57.751  12.639 0.6999999881
15998  -26.697  -57.641  13.399 0.6999999881
16797  -28.681  -56.590  11.762 0.6000000238
16809  -28.687  -56.383  10.728 0.6000000238
11190  -23.166  -65.041  12.386 0.5000000000
11212  -23.600  -65.799  10.975 0.5000000000
11847  -23.977  -64.829  11.933 0.5000000000
11859  -24.677  -64.788  11.301 0.5000000000
11872  -24.491  -64.901  9.411 0.5000000000
12434  -23.324  -63.587  12.882 0.6999999881
12444  -26.152  -63.943  11.633 0.5000000000
12445  -27.839  -62.686  11.349 0.5000000000
12945  -21.071  -61.923  12.454 0.6999999881
12946  -21.865  -62.245  13.001 0.6999999881
12949  -24.872  -63.085  12.739 0.6999999881
12950  -26.293  -62.510  12.814 0.5000000000
12951  -27.158  -62.549  12.569 0.6000000238
12952  -27.837  -62.407  12.183 0.5000000000
12967  -20.347  -62.120  11.894 0.6999999881
12991  -18.622  -62.114  9.657 0.5000000000
13448  -27.407  -61.154  13.135 0.6000000238
13466  -24.955  -62.099  12.876 0.6000000238
13479  -20.710  -61.588  11.414 0.6999999881
13481  -22.429  -61.126  12.087 0.6999999881
13486  -20.382  -61.512  10.411 0.5000000000
13487  -21.039  -61.008  10.767 0.6999999881
13491  -19.613  -61.649  9.259 0.5000000000
13496  -19.623  -61.228  8.785 0.6000000238
14002  -24.567  -60.659  12.635 0.6999999881
14006  -28.425  -60.409  12.336 0.6000000238
14017  -28.562  -60.670  11.649 0.6000000238
14021  -21.302  -60.376  10.230 0.6000000238
14022  -21.917  -60.032  10.666 0.6999999881
14023  -28.568  -60.843  10.919 0.5000000000
14030  -18.627  -60.915  8.969 0.5000000000
14031  -20.324  -60.870  8.999 0.6000000238
14047  -18.802  -60.496  8.460 0.5000000000
14065  -19.671  -60.223  7.960 0.5000000000
14066  -20.120  -59.885  7.838 0.6000000238
14643  -27.283  -59.500  13.361 0.6999999881
14644  -28.041  -59.391  13.081 0.6999999881
14657  -25.707  -59.833  13.166 0.6999999881
14658  -26.705  -59.900  13.373 0.6000000238
14659  -28.191  -60.131  12.820 0.6999999881
14660  -28.498  -59.566  12.360 0.6999999881
14671  -28.642  -59.476  11.425 0.6999999881
14681  -22.805  -59.158  11.045 0.6000000238
14682  -28.559  -59.608  10.401 0.6000000238
14698  -21.767  -59.103  10.047 0.6000000238
14710  -16.874  -59.161  8.548 0.5000000000
14711  -17.795  -59.526  8.400 0.5000000000
14724  -19.133  -59.773  7.729 0.6000000238
14726  -20.110  -59.207  7.376 0.6000000238
15290  -26.055  -58.249  13.335 0.6999999881
15292  -27.431  -58.831  13.342 0.6999999881
15304  -24.739  -58.581  12.612 0.8000000119
15316  -23.474  -58.700  11.580 0.6000000238
15351  -20.989  -58.274  8.999 0.6000000238
15360  -20.527  -58.454  7.979 0.6000000238
15370  -19.126  -59.058  7.273 0.6000000238
15382  -18.125  -57.910  6.865 0.6000000238
16020  -28.146  -57.420  12.988 0.6999999881
16021  -28.517  -57.868  12.408 0.6999999881
16030  -24.155  -57.309  12.145 0.5000000000
16031  -28.654  -57.904  11.544 0.6999999881
16042  -28.623  -57.160  11.125 0.6999999881
16065  -14.919  -57.061  7.790 0.5000000000
16066  -16.020  -56.931  6.858 0.5000000000
16076  -19.774  -57.782  6.714 0.6000000238
16077  -20.167  -57.921  6.983 0.6000000238
16767  -27.451  -57.090  13.302 0.6000000238
16783  -26.483  -56.058  13.216 0.6000000238
16807  -22.559  -56.357  10.597 0.5000000000
16808  -23.106  -56.449  11.131 0.6000000238
16819  -21.417  -56.137  9.204 0.6999999881
16820  -21.944  -56.209  9.925 0.6999999881
16826  -14.918  -54.506  7.839 0.4000000060
16833  -20.450  -56.683  6.873 0.6000000238
16840  -15.459  -55.030  6.747 0.5000000000
16841  -16.075  -55.987  6.553 0.5000000000
16844  -19.583  -56.896  6.461 0.6000000238
17536  -27.277  -56.223  13.266 0.6000000238
17541  -25.007  -56.029  12.506 0.6000000238
17544  -27.907  -55.542  12.952 0.6999999881
17552  -28.759  -55.769  11.543 0.5000000000
17563  -29.236  -54.880  10.422 0.5000000000
17578  -13.840  -54.631  8.335 0.5000000000
17583  -21.778  -54.935  8.821 0.6000000238
17589  -14.192  -54.754  7.867 0.5000000000
17590  -14.822  -54.796  7.453 0.5000000000
17593  -21.023  -55.343  7.312 0.6999999881
17602  -18.252  -55.167  6.334 0.4000000060
17604  -20.434  -55.494  6.366 0.6000000238
18310  -25.479  -54.657  12.324 0.5000000000
18312  -29.250  -54.207  11.034 0.6000000238
18330  -21.476  -54.750  8.021 0.6000000238
18353  -16.415  -54.083  6.816 0.4000000060
18356  -19.607  -54.326  6.105 0.6000000238
18357  -20.470  -54.826  6.180 0.6000000238
18358  -21.020  -54.333  6.390 0.6000000238
19033  -26.773  -53.378  12.447 0.6000000238
19034  -27.504  -53.370  12.522 0.6000000238
19035  -28.246  -53.454  12.422 0.6000000238
19040  -25.578  -53.274  11.849 0.6000000238
19041  -26.247  -53.015  12.167 0.6000000238
19055  -23.168  -53.262  9.449 0.6000000238
19057  -30.360  -53.760  8.950 0.4000000060
19091  -21.111  -53.667  6.167 0.6000000238
19101  -20.913  -53.249  5.874 0.6000000238
19797  -25.706  -52.588  11.679 0.6000000238
19799  -27.624  -51.953  12.146 0.6000000238
19800  -29.149  -52.188  11.360 0.6000000238
19814  -23.544  -52.012  9.291 0.6000000238
19815  -24.129  -51.889  9.900 0.6000000238
19823  -23.009  -52.178  8.591 0.6000000238
19824  -30.265  -52.468  8.340 0.5000000000
19851  -21.508  -52.408  6.201 0.5000000000
19863  -21.129  -52.474  5.793 0.6000000238
20557  -24.743  -51.622  10.462 0.6000000238
20558  -25.497  -51.268  10.936 0.6999999881
20559  -26.417  -50.937  11.212 0.6000000238
20572  -29.220  -51.342  9.787 0.6000000238
20589  -29.636  -51.837  7.715 0.6000000238
20607  -22.448  -51.030  7.503 0.5000000000
20610  -30.086  -51.396  7.325 0.5000000000
20623  -21.407  -51.932  6.043 0.5000000000
20635  -20.729  -51.180  5.772 0.6000000238
21333  -26.760  -50.235  10.742 0.6000000238
21335  -28.634  -50.818  10.267 0.6000000238
21368  -24.130  -49.863  9.283 0.6999999881
21402  -21.841  -50.333  6.349 0.6000000238
21403  -27.795  -50.276  6.159 0.5000000000
21414  -20.820  -50.264  5.723 0.4000000060
21415  -21.367  -50.330  5.929 0.5000000000
21417  -27.981  -50.197  5.658 0.5000000000
21418  -28.422  -50.145  5.582 0.5000000000
22177  -24.772  -49.545  9.641 0.6999999881
22178  -25.567  -49.307  9.849 0.6999999881
22179  -26.612  -49.231  9.703 0.6000000238
22180  -27.413  -49.638  9.670 0.6000000238
22221  -29.771  -49.426  7.208 0.5000000000
22222  -30.083  -50.406  7.320 0.5000000000
22238  -29.414  -49.661  6.127 0.5000000000
22250  -21.210  -49.530  5.687 0.4000000060
22251  -28.004  -49.743  5.071 0.5000000000
22261  -27.981  -49.284  4.431 0.5000000000
22263  -28.862  -49.475  4.951 0.5000000000
23011  -25.138  -48.783  9.376 0.6999999881
23033  -26.944  -48.850  8.443 0.6000000238
23065  -22.831  -47.957  6.711 0.5000000000
23096  -28.953  -48.920  4.428 0.5000000000
23103  -28.248  -48.231  3.580 0.5000000000
23104  -28.771  -48.239  3.725 0.5000000000
23825  -25.792  -47.279  7.996 0.4000000060
23826  -26.340  -47.712  7.896 0.4000000060
23844  -29.528  -47.740  6.850 0.5000000000
23877  -28.235  -47.523  3.079 0.4000000060
23878  -28.712  -47.601  3.156 0.4000000060
24592  -31.224  -46.170  9.049 0.3000000119
24608  -25.750  -46.660  7.500 0.5000000000
24610  -29.531  -46.530  7.706 0.3000000119
24662  -27.705  -47.134  3.147 0.4000000060
24663  -29.356  -46.842  2.910 0.4000000060
24672  -28.271  -46.746  2.616 0.4000000060
25383  -30.718  -45.617  8.822 0.3000000119
25408  -26.210  -45.610  6.500 0.4000000060
26161  -31.728  -44.766  8.579 0.3000000119
26174  -29.449  -44.349  7.549 0.4000000060
26185  -25.858  -44.937  6.400 0.4000000060
26187  -29.163  -44.442  6.735 0.5000000000
27024  -31.363  -44.142  8.432 0.4000000060
27039  -30.240  -43.704  8.130 0.4000000060
27060  -29.036  -43.798  6.133 0.5000000000
27998  -31.225  -42.437  7.730 0.4000000060
28010  -29.495  -42.214  6.691 0.5000000000
28011  -32.961  -42.095  6.731 0.3000000119
28902  -30.570  -41.611  7.337 0.4000000060
28904  -32.254  -41.796  7.298 0.4000000060
29729  -32.548  -40.319  6.805 0.4000000060
29741  -30.278  -40.094  6.359 0.5000000000
30514  -29.715  -39.622  4.681 0.5000000000
30515  -30.164  -39.460  5.635 0.5000000000
30516  -34.119  -39.850  5.781 0.3000000119
31287  -33.799  -39.153  6.119 0.4000000060
116551  -29.013  -43.121  5.491 0.5000000000
116893  -27.328  -49.495  6.486 0.5000000000
117310  -32.677  -39.588  6.676 0.4000000060
117567  -23.505  -62.067  12.775 0.8000000119
117954  -28.426  -58.925  9.707 0.6000000238
118110  -29.530  -47.377  4.972 0.5000000000
118713  -17.786  -57.120  6.644 0.6000000238
119063  -18.184  -58.565  7.259 0.5000000000
119735  -29.302  -48.054  4.116 0.5000000000
119837  -33.326  -40.798  6.380 0.3000000119
120225  -22.074  -57.035  10.247 0.6000000238
120932  -26.442  -54.695  12.743 0.4000000060
121064  -24.281  -62.328  12.810 0.6999999881
121354  -28.475  -52.014  11.944 0.6000000238
121488  -23.679  -56.069  11.511 0.6000000238
122190  -26.834  -63.591  11.563 0.5000000000
123233  -23.559  -54.137  10.505 0.5000000000
123779  -28.441  -56.970  12.488 0.6999999881
123911  -20.858  -59.653  9.000 0.6000000238
124743  -28.773  -53.664  12.108 0.6000000238
125116  -28.444  -61.361  10.411 0.5000000000
125170  -20.392  -57.879  7.359 0.6000000238
125330  -28.406  -61.048  12.172 0.6000000238
125397  -24.162  -53.069  10.530 0.5000000000
125419  -29.506  -46.034  2.960 0.4000000060
125782  -29.155  -53.533  11.548 0.5000000000
125835  -30.380  -40.790  6.943 0.5000000000
127598  -17.402  -54.454  6.497 0.4000000060
127793  -27.393  -54.752  12.874 0.6000000238
127822  -27.436  -63.186  9.972 0.4000000060
128082  -29.553  -45.018  2.825 0.4000000060
129211  -18.344  -53.755  6.389 0.6000000238
129806  -28.518  -51.028  7.229 0.6000000238
129920  -15.206  -56.630  7.125 0.5000000000
130103  -29.586  -45.159  7.981 0.4000000060
130458  -26.850  -51.992  12.048 0.6000000238
130674  -31.763  -43.629  8.098 0.4000000060
131954  -28.444  -61.433  11.441 0.5000000000
132775  -22.211  -53.630  8.363 0.6000000238
133106  -26.858  -58.360  13.430 0.6999999881
134345  -22.316  -48.260  6.218 0.5000000000
134796  -25.793  -63.039  12.633 0.5000000000
135924  -20.481  -59.630  8.283 0.6000000238
136679  -25.315  -58.170  13.004 0.6999999881
138142  -30.192  -43.171  7.880 0.4000000060
138313  -17.674  -58.142  7.120 0.6000000238
138437  -30.149  -46.950  8.571 0.4000000060
139499  -29.235  -41.797  5.442 0.5000000000
139635  -17.759  -58.793  7.607 0.5000000000
