#!ascii label  , from subject sub-v2s16x51246_ses-1 vox2ras=TkReg
1110
47826  -23.076  -19.524  -0.020 0.4285714328
49970  -23.658  -17.873  -0.589 0.2857142985
48868  -23.166  -18.334  -1.114 0.4285714328
49971  -24.159  -17.375  -0.098 0.4285714328
51094  -25.082  -16.287  0.559 0.4285714328
51115  -23.700  -16.732  -1.637 0.2857142985
123009  -24.242  -16.433  -1.204 0.4285714328
52244  -25.097  -15.680  -0.056 0.4285714328
51126  -23.733  -15.772  -2.792 0.4285714328
52255  -24.749  -15.203  -1.705 0.4285714328
115975  -24.560  -14.531  -3.022 0.4285714328
131666  -24.841  -13.814  -3.485 0.4285714328
115851  -23.375  -13.763  -6.683 0.5714285970
115665  -23.921  -13.911  -4.882 0.5714285970
131737  -24.481  -13.679  -4.238 0.4285714328
131739  -25.704  -12.655  -3.521 0.2857142985
131679  -24.444  -13.186  -4.878 0.7142857313
56419  -25.037  -12.520  -4.836 0.7142857313
120060  -26.041  -11.504  -4.226 0.7142857313
56399  -26.700  -11.173  -3.643 0.4285714328
139460  -25.010  -12.058  -5.405 0.7142857313
56420  -25.472  -11.815  -4.845 0.5714285970
57415  -26.217  -10.310  -5.214 0.5714285970
56428  -25.306  -11.447  -5.569 0.5714285970
57414  -25.621  -10.711  -5.765 0.5714285970
58437  -25.946  -9.961  -5.981 0.5714285970
58438  -26.482  -9.510  -5.400 0.5714285970
56439  -25.107  -11.167  -6.366 0.5714285970
59397  -26.980  -9.031  -4.823 0.4285714328
59442  -25.710  -8.825  -6.839 0.5714285970
60384  -26.782  -7.871  -5.653 0.5714285970
58466  -25.001  -9.384  -7.977 0.7142857313
60400  -25.737  -7.940  -7.127 0.7142857313
60401  -26.341  -7.513  -6.350 0.7142857313
61374  -26.846  -7.220  -5.733 0.5714285970
116924  -25.377  -9.324  -7.308 0.5714285970
133524  -23.220  -10.319  -9.391 0.5714285970
59469  -25.387  -7.990  -8.193 0.8571428657
60418  -25.915  -7.057  -7.066 0.7142857313
61395  -26.475  -6.658  -6.230 0.5714285970
135403  -24.682  -8.731  -9.175 0.7142857313
59478  -24.152  -9.154  -9.452 0.5714285970
61428  -25.867  -5.957  -8.023 0.7142857313
61413  -26.373  -5.760  -6.435 0.5714285970
60431  -25.570  -7.274  -8.676 0.7142857313
61412  -25.770  -6.727  -7.949 0.7142857313
62435  -25.883  -5.080  -7.777 0.5714285970
61427  -25.755  -6.476  -8.894 0.7142857313
62417  -26.275  -4.830  -6.731 0.5714285970
60430  -25.429  -7.032  -9.522 0.5714285970
61438  -25.587  -6.187  -9.699 0.7142857313
62434  -25.829  -5.519  -8.950 0.7142857313
64418  -25.888  -3.803  -8.868 0.7142857313
63428  -26.098  -4.206  -7.508 0.7142857313
62449  -25.285  -5.777  -10.352 0.7142857313
63445  -25.744  -4.707  -9.431 0.7142857313
64439  -25.634  -3.929  -9.801 0.7142857313
64440  -25.883  -3.023  -9.179 0.7142857313
64419  -26.193  -3.017  -8.191 0.5714285970
62463  -25.362  -4.835  -10.393 0.7142857313
139404  -24.707  -6.541  -10.539 0.5714285970
139055  -26.085  -1.625  -9.106 0.5714285970
66457  -26.213  -1.023  -8.613 0.5714285970
63474  -24.847  -4.335  -11.217 0.8571428657
62462  -24.755  -5.252  -11.061 0.8571428657
66475  -25.907  -1.262  -9.753 0.7142857313
66474  -25.545  -1.873  -10.583 0.7142857313
64468  -25.038  -3.357  -11.191 0.8571428657
135435  -25.440  -2.615  -10.619 0.7142857313
67532  -25.463  -0.644  -11.282 0.8571428657
68579  -26.182  0.230  -9.909 0.5714285970
66488  -25.264  -1.562  -11.361 0.8571428657
66502  -24.687  -2.080  -12.109 0.8571428657
65483  -25.124  -2.414  -11.343 0.8571428657
68616  -24.993  0.220  -12.678 0.8571428657
69657  -25.383  0.903  -12.221 0.8571428657
69682  -24.883  1.872  -13.405 0.8571428657
67545  -24.825  -1.164  -12.097 0.8571428657
68627  -24.886  1.011  -13.074 0.8571428657
68639  -23.877  0.510  -14.511 1.0000000000
69681  -24.251  1.117  -13.973 1.0000000000
67544  -24.462  -0.712  -13.011 0.8571428657
69697  -23.814  1.198  -14.722 1.0000000000
129846  -24.337  0.157  -13.728 1.0000000000
70767  -23.752  2.008  -14.945 1.0000000000
69721  -22.228  2.547  -15.931 0.7142857313
70768  -24.271  1.914  -14.334 1.0000000000
69696  -23.437  1.251  -15.074 1.0000000000
70766  -23.316  2.222  -15.362 1.0000000000
73659  -22.152  5.182  -17.605 1.0000000000
72746  -21.277  4.696  -17.501 0.8571428657
74544  -21.752  5.964  -18.059 0.8571428657
74534  -21.422  5.506  -17.796 1.0000000000
76505  -21.201  8.566  -19.082 0.8571428657
75481  -21.285  6.631  -18.312 0.8571428657
122428  -21.085  10.357  -20.112 0.8571428657
77518  -21.579  9.663  -19.438 0.8571428657
77516  -18.869  9.739  -19.508 0.5714285970
78524  -20.299  10.848  -20.700 0.7142857313
79576  -21.351  11.454  -21.302 0.5714285970
79550  -17.314  12.181  -20.052 0.5714285970
78522  -18.258  10.771  -20.238 0.5714285970
80490  -18.719  12.935  -19.907 0.4285714328
80491  -19.643  13.020  -20.521 0.4285714328
81320  -17.672  14.137  -17.584 0.2857142985
80481  -17.558  13.595  -18.603 0.2857142985
81312  -18.430  14.623  -16.633 0.2857142985
49978  -23.439  -17.528  -1.378 0.2857142985
58454  -26.185  -9.176  -6.157 0.5714285970
130448  -25.962  -6.281  -7.115 0.5714285970
67513  -26.220  -0.364  -9.233 0.5714285970
64453  -25.555  -3.195  -10.206 0.7142857313
121957  -25.781  -2.223  -9.672 0.7142857313
67533  -25.858  -0.528  -10.268 0.8571428657
68599  -25.516  0.299  -11.593 0.8571428657
128103  -25.753  1.209  -11.390 0.8571428657
69672  -25.520  1.740  -12.283 0.8571428657
70798  -22.451  3.189  -16.377 0.8571428657
136673  -20.167  14.836  -14.889 0.1428571492
49987  -22.649  -17.638  -2.630 0.2857142985
51124  -22.962  -16.887  -2.901 0.2857142985
51125  -23.510  -16.459  -2.417 0.2857142985
116058  -25.364  -14.461  -1.551 0.4285714328
52285  -23.332  -15.757  -3.562 0.2857142985
115688  -24.102  -14.421  -3.990 0.4285714328
115864  -25.288  -13.955  -2.543 0.4285714328
115983  -23.462  -14.679  -4.888 0.5714285970
115930  -25.617  -12.278  -4.145 0.4285714328
115661  -23.828  -13.019  -6.636 0.2857142985
115666  -24.407  -12.601  -5.726 0.7142857313
57400  -25.799  -11.047  -4.968 0.4285714328
56448  -24.215  -11.395  -7.744 0.5714285970
132168  -27.525  -8.704  -4.444 0.4285714328
57435  -24.441  -10.635  -7.931 0.7142857313
57436  -25.087  -10.059  -7.422 0.7142857313
59443  -26.253  -8.333  -6.275 0.5714285970
59427  -27.317  -8.167  -4.969 0.4285714328
60417  -25.647  -7.379  -7.798 0.7142857313
58482  -23.400  -9.600  -9.604 0.5714285970
58474  -24.505  -9.487  -8.761 0.5714285970
63405  -26.463  -3.719  -6.538 0.5714285970
120449  -24.549  -8.322  -9.700 0.5714285970
64420  -26.250  -3.293  -7.348 0.5714285970
61437  -25.127  -6.599  -10.172 0.8571428657
127998  -25.795  0.026  -10.733 0.5714285970
66501  -24.310  -1.718  -12.868 1.0000000000
67564  -23.385  -0.227  -14.635 1.0000000000
70785  -22.845  2.421  -15.693 0.8571428657
71780  -21.245  3.816  -17.001 0.7142857313
71782  -22.637  3.805  -16.630 1.0000000000
71764  -23.206  3.906  -16.266 1.0000000000
71790  -21.750  4.447  -17.403 0.7142857313
72736  -22.817  4.422  -16.816 1.0000000000
119501  -21.694  5.319  -17.712 0.8571428657
125230  -20.790  7.463  -18.717 0.8571428657
75463  -22.479  6.220  -17.961 1.0000000000
77517  -20.280  10.181  -19.727 0.7142857313
80489  -17.786  12.919  -19.545 0.7142857313
78523  -19.406  10.443  -19.873 0.5714285970
79562  -18.993  11.317  -20.612 0.7142857313
79563  -20.010  11.717  -20.797 0.7142857313
118541  -16.379  12.143  -19.554 0.4285714328
81321  -18.650  13.819  -18.015 0.2857142985
80482  -18.316  13.416  -19.106 0.4285714328
80499  -20.355  12.488  -21.353 0.4285714328
81330  -19.149  13.513  -19.323 0.4285714328
134834  -24.007  -12.127  -7.562 0.4285714328
56447  -23.701  -11.933  -8.322 0.4285714328
79551  -18.289  12.165  -20.256 0.7142857313
48863  -23.353  -18.690  -0.302 0.4285714328
49962  -24.466  -17.676  0.685 0.4285714328
49977  -22.905  -17.972  -1.872 0.2857142985
48867  -22.615  -18.757  -1.622 0.2857142985
51079  -24.940  -16.891  1.050 0.4285714328
51105  -23.914  -17.046  -0.869 0.4285714328
49988  -23.197  -17.192  -2.137 0.2857142985
52243  -24.680  -15.836  -1.054 0.4285714328
115659  -23.488  -15.183  -4.166 0.2857142985
52286  -23.906  -15.122  -3.325 0.4285714328
53408  -24.854  -14.666  -2.277 0.4285714328
131642  -23.374  -14.215  -5.751 0.4285714328
115995  -23.852  -13.420  -5.725 0.2857142985
115914  -25.111  -13.068  -4.034 0.4285714328
115984  -24.198  -12.309  -6.711 0.5714285970
56438  -24.502  -11.610  -6.934 0.5714285970
57424  -25.391  -10.412  -6.572 0.5714285970
58453  -25.611  -9.624  -6.698 0.5714285970
59426  -26.655  -8.669  -5.526 0.4285714328
59459  -25.365  -8.691  -7.639 0.7142857313
60385  -27.397  -7.391  -5.225 0.5714285970
128194  -24.641  -9.989  -8.157 0.7142857313
59458  -25.005  -8.708  -8.512 0.7142857313
57447  -24.131  -10.370  -8.638 0.7142857313
118053  -25.147  -7.960  -9.216 0.5714285970
62416  -26.019  -5.590  -7.207 0.5714285970
63427  -25.863  -4.488  -8.422 0.7142857313
60440  -24.951  -7.504  -9.920 0.7142857313
61462  -24.329  -5.828  -11.183 0.8571428657
66489  -25.604  -1.168  -10.652 0.8571428657
134927  -25.092  -0.393  -12.142 0.8571428657
65482  -24.611  -2.957  -12.092 0.8571428657
136373  -24.097  -0.733  -14.004 1.0000000000
69712  -23.129  1.635  -15.323 1.0000000000
70797  -21.737  3.264  -16.597 0.8571428657
135561  -20.758  9.503  -19.390 0.8571428657
79561  -17.949  11.464  -20.416 0.5714285970
79538  -15.902  12.992  -18.676 0.4285714328
79539  -16.765  13.069  -19.212 0.4285714328
80498  -19.382  12.280  -20.529 0.4285714328
81311  -17.219  14.557  -16.634 0.2857142985
82113  -18.909  15.117  -15.304 0.1428571492
51140  -23.284  -16.281  -3.090 0.2857142985
138812  -23.808  -12.711  -7.346 0.2857142985
71781  -21.925  3.820  -17.052 1.0000000000
134365  -20.539  14.891  -21.615 0.2857142985
83009  -20.632  15.341  -20.255 0.1428571492
81332  -20.192  13.883  -21.717 0.2857142985
82150  -20.755  14.711  -22.212 0.2857142985
134856  -20.531  14.889  -20.631 0.1428571492
83981  -20.834  15.847  -20.251 0.1428571492
81322  -19.720  14.013  -18.245 0.1428571492
81331  -19.829  13.778  -20.064 0.2857142985
82127  -20.387  14.478  -18.639 0.1428571492
82151  -21.287  14.775  -21.941 0.2857142985
82141  -20.739  14.294  -22.226 0.2857142985
82133  -23.938  14.046  -19.090 0.2857142985
127857  -23.065  13.932  -20.180 0.2857142985
83003  -21.088  15.245  -18.738 0.1428571492
81341  -20.190  13.378  -21.750 0.2857142985
130549  -22.460  12.314  -20.667 0.2857142985
81343  -21.229  13.467  -21.966 0.2857142985
80493  -24.104  12.363  -18.098 0.1428571492
140415  -21.652  12.791  -21.526 0.2857142985
125634  -20.704  14.860  -19.103 0.1428571492
80500  -20.885  12.915  -22.015 0.2857142985
81342  -20.610  13.674  -22.191 0.2857142985
80470  -25.563  12.509  -16.597 0.1428571492
80483  -24.611  12.410  -17.448 0.1428571492
80492  -23.531  12.481  -18.953 0.4285714328
80507  -21.593  11.970  -21.305 0.2857142985
77485  -24.353  9.609  -17.381 0.2857142985
77520  -22.992  10.078  -19.236 0.4285714328
78542  -21.832  10.975  -20.971 0.2857142985
138245  -25.024  9.056  -15.951 0.1428571492
78490  -24.376  10.560  -17.418 0.2857142985
78526  -22.403  10.639  -19.986 0.4285714328
77500  -23.393  9.526  -18.532 0.5714285970
76429  -25.508  8.486  -15.093 0.1428571492
77474  -24.694  9.127  -16.669 0.1428571492
77519  -22.280  9.849  -19.419 0.7142857313
78541  -21.282  10.860  -20.998 0.4285714328
77484  -23.870  9.050  -17.902 0.4285714328
75417  -25.777  7.571  -14.109 0.2857142985
75442  -25.061  7.788  -15.647 0.7142857313
76506  -22.018  8.811  -19.004 0.7142857313
74535  -22.847  5.771  -17.665 0.8571428657
75465  -23.987  7.148  -17.121 0.8571428657
76488  -23.221  8.518  -18.259 0.5714285970
74479  -26.036  6.677  -13.026 0.2857142985
75483  -22.872  7.379  -18.027 0.7142857313
76485  -19.928  7.493  -18.767 0.5714285970
75482  -22.079  6.943  -18.262 0.8571428657
139742  -24.762  6.372  -15.522 0.7142857313
124483  -26.335  6.348  -12.371 0.1428571492
66508  -20.155  -1.135  -13.309 0.5714285970
68637  -22.346  0.395  -14.970 0.8571428657
68646  -22.656  0.919  -15.289 0.8571428657
68636  -21.518  0.554  -14.863 0.4285714328
69710  -22.066  1.772  -15.623 0.5714285970
73648  -22.532  4.853  -17.326 0.8571428657
72706  -24.372  4.477  -15.123 0.8571428657
74522  -23.132  5.478  -17.256 0.8571428657
73589  -26.176  5.508  -12.111 0.2857142985
73632  -23.987  5.056  -15.798 0.8571428657
133332  -23.583  5.841  -16.789 0.8571428657
131293  -26.577  5.337  -11.223 0.4285714328
73602  -25.389  5.664  -14.164 0.7142857313
73633  -24.590  5.804  -15.456 0.7142857313
66499  -19.436  -1.512  -12.810 0.2857142985
67563  -22.743  -0.244  -14.650 0.5714285970
127700  -21.551  -0.727  -13.944 0.5714285970
118983  -23.584  0.742  -14.853 0.8571428657
71745  -24.092  3.589  -15.132 0.8571428657
71765  -23.560  3.512  -15.735 0.8571428657
72723  -23.701  4.149  -15.760 0.8571428657
72722  -23.331  4.587  -16.442 0.8571428657
72678  -25.661  4.816  -12.705 0.4285714328
72690  -25.241  4.401  -13.612 0.8571428657
73615  -24.714  5.351  -14.953 0.8571428657
72668  -26.503  4.545  -10.920 0.4285714328
62475  -21.732  -5.380  -11.730 0.7142857313
63470  -21.106  -4.817  -11.890 0.4285714328
62476  -23.175  -5.213  -11.794 0.7142857313
63486  -23.189  -3.857  -12.484 0.8571428657
64479  -22.222  -3.278  -12.632 0.5714285970
65495  -21.003  -2.685  -12.645 0.5714285970
65494  -19.419  -2.407  -12.343 0.4285714328
128724  -23.648  -2.685  -12.955 0.8571428657
65509  -22.277  -2.124  -13.296 0.5714285970
66509  -21.055  -1.357  -13.440 0.5714285970
67557  -24.013  -1.357  -13.584 0.8571428657
66511  -23.195  -1.553  -13.674 0.7142857313
122398  -21.926  -1.465  -13.650 0.5714285970
70751  -25.393  2.612  -12.752 0.7142857313
70750  -24.704  2.819  -13.737 0.7142857313
71746  -24.517  3.395  -14.369 0.8571428657
117467  -27.341  2.818  -9.235 0.2857142985
125054  -26.527  3.198  -10.591 0.4285714328
71686  -26.167  3.934  -11.491 0.5714285970
60439  -24.218  -7.797  -10.169 0.4285714328
127265  -21.953  -6.824  -11.133 0.4285714328
62474  -21.011  -5.637  -11.599 0.4285714328
64467  -24.455  -3.758  -11.953 0.7142857313
64466  -23.841  -3.853  -12.322 0.7142857313
65512  -23.829  -2.061  -13.199 0.8571428657
68601  -26.296  1.534  -10.521 0.7142857313
70686  -26.680  2.835  -9.787 0.2857142985
69659  -26.439  2.186  -10.473 0.5714285970
69658  -26.073  1.970  -11.217 0.5714285970
59477  -23.666  -8.643  -10.008 0.4285714328
137479  -21.845  -8.129  -10.529 0.5714285970
61450  -24.140  -6.539  -10.894 0.5714285970
122545  -22.491  -5.969  -11.514 0.5714285970
63473  -24.246  -4.496  -11.721 0.7142857313
67514  -26.396  0.527  -8.722 0.4285714328
68580  -26.442  1.165  -9.618 0.4285714328
69639  -26.916  2.515  -9.231 0.4285714328
69638  -26.577  2.177  -9.548 0.4285714328
57446  -23.449  -10.857  -9.087 0.5714285970
62398  -26.898  -5.214  -5.830 0.4285714328
63406  -26.969  -4.073  -6.136 0.4285714328
67464  -26.320  -0.893  -7.394 0.4285714328
65450  -26.152  -1.966  -8.234 0.4285714328
67465  -27.224  -0.619  -7.021 0.4285714328
67488  -26.343  0.041  -7.750 0.4285714328
115825  -26.403  -13.353  -1.228 0.1428571492
64393  -26.710  -2.732  -6.394 0.4285714328
65424  -26.848  -2.017  -6.747 0.4285714328
132003  -26.458  -1.266  -7.227 0.4285714328
131623  -26.468  -12.670  -2.294 0.1428571492
115866  -27.426  -11.562  -2.204 0.1428571492
58376  -27.782  -9.581  -3.507 0.2857142985
122000  -29.322  -5.909  -4.069 0.2857142985
64346  -30.041  -4.517  -4.726 0.2857142985
62371  -28.574  -5.224  -4.862 0.2857142985
60351  -28.022  -6.869  -4.750 0.4285714328
124101  -28.964  -3.879  -4.990 0.2857142985
63381  -28.192  -4.425  -5.360 0.2857142985
61376  -28.181  -6.053  -4.836 0.2857142985
64395  -28.113  -2.800  -5.539 0.2857142985
64394  -27.062  -3.099  -6.020 0.4285714328
131738  -26.832  -12.604  -1.532 0.1428571492
131617  -26.921  -12.048  -2.176 0.1428571492
131793  -25.507  -13.244  -3.157 0.1428571492
115994  -27.943  -11.188  -1.799 0.2857142985
57353  -28.079  -10.442  -2.376 0.2857142985
59356  -28.748  -8.168  -2.895 0.2857142985
60320  -29.423  -7.065  -2.925 0.2857142985
60331  -28.967  -7.297  -3.399 0.2857142985
59368  -28.403  -8.080  -3.670 0.2857142985
61330  -29.127  -6.526  -3.807 0.2857142985
131698  -27.434  -11.879  -1.590 0.1428571492
115690  -28.806  -9.548  -0.624 0.2857142985
131699  -28.253  -11.452  -0.366 0.2857142985
58344  -28.636  -9.587  -1.453 0.2857142985
126919  -28.347  -10.426  -1.679 0.2857142985
56400  -26.984  -11.578  -2.851 0.2857142985
133164  -28.485  -9.039  -2.661 0.2857142985
115715  -25.970  -14.014  -0.955 0.1428571492
134312  -25.631  -14.553  -0.590 0.2857142985
115867  -26.893  -13.358  0.293 0.1428571492
48847  -23.969  -18.768  0.943 0.2857142985
47814  -23.713  -19.564  1.047 0.2857142985
140074  -23.395  -19.614  0.522 0.2857142985
132173  -25.705  -14.899  0.433 0.2857142985
48848  -24.505  -18.314  1.315 0.1428571492
46826  -23.233  -20.106  0.573 0.2857142985
46808  -23.026  -20.688  0.977 0.1428571492
131645  -27.929  -11.666  -0.997 0.1428571492
116026  -28.523  -10.292  -0.939 0.2857142985
59344  -28.806  -8.734  -2.043 0.2857142985
60332  -29.433  -6.594  -3.366 0.2857142985
62348  -29.084  -5.617  -4.433 0.2857142985
61396  -26.990  -6.019  -5.710 0.4285714328
62399  -27.684  -4.981  -5.386 0.4285714328
132093  -27.770  -3.503  -5.615 0.2857142985
63471  -22.049  -4.607  -12.127 0.7142857313
68581  -26.798  2.059  -9.018 0.2857142985
74543  -21.049  5.910  -17.937 0.7142857313
72691  -25.491  3.940  -12.902 0.7142857313
73660  -22.646  5.297  -17.521 0.8571428657
124850  -19.841  9.539  -19.448 0.4285714328
76504  -20.312  8.479  -19.221 0.5714285970
76486  -21.612  7.674  -18.654 0.7142857313
71687  -26.493  3.786  -10.757 0.2857142985
76487  -22.430  8.056  -18.488 0.8571428657
75403  -25.391  7.047  -14.568 0.5714285970
80506  -21.012  12.087  -21.605 0.2857142985
78489  -23.915  9.996  -18.007 0.4285714328
79540  -24.323  11.601  -17.543 0.1428571492
82142  -22.046  14.166  -21.517 0.2857142985
48862  -22.807  -19.094  -0.823 0.2857142985
51080  -25.570  -16.134  1.565 0.1428571492
52256  -25.151  -15.082  -0.767 0.2857142985
131665  -26.899  -12.992  -0.638 0.1428571492
132198  -28.084  -12.178  1.334 0.1428571492
115871  -28.393  -11.516  1.267 0.1428571492
57374  -27.171  -10.298  -3.803 0.2857142985
58355  -28.169  -9.706  -2.861 0.2857142985
61309  -29.656  -6.934  -2.257 0.2857142985
58415  -27.395  -9.401  -4.199 0.2857142985
61331  -29.716  -5.884  -3.666 0.2857142985
60451  -23.043  -7.542  -10.617 0.5714285970
133300  -27.825  -7.534  -4.660 0.2857142985
118803  -28.499  -7.273  -4.177 0.2857142985
61459  -20.593  -6.305  -11.260 0.2857142985
64376  -29.460  -3.119  -5.187 0.2857142985
65383  -29.032  -2.268  -5.710 0.2857142985
139491  -22.452  -5.122  -11.869 0.7142857313
63472  -23.572  -4.511  -12.073 0.5714285970
64477  -19.714  -3.262  -12.109 0.4285714328
63484  -21.678  -3.995  -12.320 0.5714285970
125751  -27.790  -1.989  -6.302 0.4285714328
66507  -19.408  -0.859  -13.243 0.2857142985
66500  -20.405  -1.985  -12.856 0.5714285970
66417  -27.760  -1.025  -6.480 0.2857142985
65423  -26.372  -2.270  -7.020 0.4285714328
65497  -22.607  -2.690  -12.954 0.7142857313
67553  -19.962  -0.334  -13.751 0.2857142985
67445  -28.160  0.113  -7.059 0.1428571492
68559  -27.162  0.634  -8.214 0.4285714328
67489  -26.456  0.524  -7.538 0.4285714328
69600  -28.042  1.708  -7.522 0.1428571492
122849  -24.191  2.758  -14.657 0.8571428657
69619  -27.972  2.126  -8.084 0.1428571492
70711  -26.382  2.639  -10.921 0.5714285970
70712  -26.767  3.623  -9.825 0.2857142985
130150  -25.798  4.151  -12.158 0.5714285970
130964  -25.414  5.113  -13.576 0.7142857313
74536  -23.478  6.188  -17.219 0.8571428657
73577  -27.078  5.951  -10.822 0.2857142985
74455  -27.366  6.596  -11.275 0.1428571492
73588  -25.762  5.825  -13.094 0.4285714328
73576  -26.692  6.107  -11.588 0.4285714328
74463  -26.568  7.146  -12.590 0.1428571492
76452  -24.811  8.375  -16.207 0.5714285970
75404  -26.196  7.381  -13.353 0.1428571492
75416  -25.472  7.707  -14.869 0.1428571492
77464  -25.532  9.359  -15.359 0.1428571492
135368  -24.283  8.769  -17.356 0.5714285970
77453  -25.949  9.149  -14.621 0.1428571492
77475  -25.230  9.790  -16.065 0.1428571492
80501  -23.064  11.883  -19.631 0.2857142985
127406  -23.688  11.475  -18.648 0.2857142985
79526  -24.853  11.186  -16.764 0.1428571492
79527  -25.561  11.800  -16.211 0.1428571492
80469  -24.893  12.135  -16.821 0.1428571492
81333  -23.413  13.263  -19.519 0.2857142985
128438  -24.732  13.656  -18.290 0.2857142985
134952  -25.207  13.389  -17.784 0.1428571492
52210  -26.157  -15.683  2.422 0.1428571492
131672  -27.286  -12.986  0.946 0.1428571492
137328  -30.112  -5.384  -3.856 0.2857142985
71654  -28.025  3.853  -8.554 0.2857142985
81325  -26.470  13.473  -17.446 0.1428571492
82134  -24.978  14.298  -18.700 0.2857142985
47833  -22.568  -19.873  -0.660 0.2857142985
49961  -23.917  -18.251  0.262 0.2857142985
49950  -24.811  -17.529  1.357 0.1428571492
52231  -25.589  -15.569  0.986 0.1428571492
131671  -25.908  -13.708  -1.804 0.1428571492
57401  -26.458  -10.702  -4.411 0.4285714328
57375  -27.281  -10.920  -3.196 0.2857142985
115662  -26.219  -11.999  -3.408 0.1428571492
58414  -26.770  -9.870  -4.623 0.2857142985
61375  -27.366  -6.680  -5.397 0.4285714328
61461  -23.565  -5.978  -11.392 0.5714285970
60453  -24.523  -7.053  -10.395 0.4285714328
126137  -26.536  0.086  -7.416 0.4285714328
62477  -23.993  -5.215  -11.566 0.7142857313
65499  -24.177  -2.539  -12.756 0.7142857313
139157  -23.327  0.240  -14.875 0.8571428657
67556  -23.704  -0.953  -14.136 0.8571428657
70799  -23.120  3.154  -15.936 0.8571428657
78525  -21.771  10.471  -20.286 0.5714285970
79575  -20.789  11.548  -21.204 0.2857142985
68600  -26.022  0.732  -10.637 0.4285714328
57434  -23.865  -11.172  -8.495 0.5714285970
58377  -28.290  -8.911  -3.273 0.2857142985
67555  -23.077  -0.899  -14.234 0.5714285970
118189  -23.448  5.268  -16.635 0.8571428657
75464  -23.249  6.715  -17.630 0.8571428657
64482  -24.063  -3.216  -12.575 0.8571428657
83016  -20.537  15.045  -21.674 0.1428571492
82132  -20.233  14.380  -20.676 0.2857142985
81344  -22.458  13.238  -20.867 0.2857142985
126001  -23.056  12.639  -19.899 0.2857142985
79564  -22.478  11.400  -20.431 0.2857142985
78527  -23.141  10.907  -19.558 0.2857142985
81314  -26.123  13.060  -16.830 0.1428571492
81324  -25.237  12.900  -17.204 0.1428571492
81334  -24.047  13.145  -18.556 0.1428571492
78480  -24.797  10.174  -16.725 0.1428571492
78503  -23.540  10.431  -18.714 0.4285714328
78472  -25.805  10.379  -15.457 0.1428571492
78504  -23.983  10.801  -18.072 0.2857142985
75441  -24.573  7.482  -16.454 0.4285714328
76451  -24.442  8.134  -16.970 0.5714285970
126244  -25.068  7.020  -15.227 0.5714285970
74523  -24.091  6.566  -16.622 0.7142857313
76467  -23.746  7.958  -17.609 0.7142857313
74478  -25.641  6.635  -13.872 0.5714285970
74504  -24.071  5.961  -16.081 0.8571428657
67562  -21.945  -0.168  -14.544 0.5714285970
68635  -20.687  0.753  -14.750 0.4285714328
67561  -20.942  -0.067  -14.313 0.4285714328
72707  -24.702  4.051  -14.431 0.8571428657
116431  -24.941  4.854  -14.310 0.8571428657
72667  -26.139  4.699  -11.748 0.5714285970
74493  -25.190  6.242  -14.883 0.8571428657
61460  -21.452  -6.166  -11.414 0.5714285970
129809  -22.843  -4.528  -12.223 0.7142857313
63485  -22.505  -3.889  -12.462 0.7142857313
64480  -22.888  -3.250  -12.743 0.7142857313
134279  -20.505  -3.371  -12.313 0.4285714328
65496  -21.900  -2.682  -12.830 0.5714285970
65508  -21.462  -2.073  -13.147 0.5714285970
139546  -20.203  -2.757  -12.459 0.4285714328
64476  -18.929  -3.064  -11.813 0.2857142985
65510  -22.877  -2.168  -13.326 0.7142857313
66512  -23.592  -1.617  -13.539 0.8571428657
70733  -25.845  2.603  -11.747 0.5714285970
71707  -25.703  3.393  -12.155 0.7142857313
60452  -23.745  -7.283  -10.596 0.5714285970
60450  -22.306  -7.512  -10.748 0.5714285970
67515  -26.545  1.036  -8.878 0.4285714328
70663  -27.960  2.911  -8.761 0.2857142985
134229  -26.294  -1.791  -7.301 0.4285714328
116194  -27.711  -10.355  -3.053 0.2857142985
61343  -28.749  -6.363  -4.322 0.2857142985
63360  -29.170  -4.711  -4.799 0.2857142985
65398  -27.335  -2.338  -6.292 0.4285714328
131792  -27.420  -12.716  -0.017 0.1428571492
115835  -27.433  -12.313  -0.849 0.1428571492
115689  -28.287  -11.035  -1.083 0.2857142985
137667  -29.116  -7.544  -2.904 0.2857142985
115885  -28.258  -11.833  0.455 0.1428571492
59334  -29.053  -8.860  -1.155 0.2857142985
47815  -24.232  -19.160  1.579 0.1428571492
46810  -24.115  -19.842  1.723 0.1428571492
48827  -25.287  -18.193  2.604 0.1428571492
82128  -21.112  15.062  -17.534 0.1428571492
48849  -24.971  -17.781  1.989 0.1428571492
52211  -26.579  -15.196  3.297 0.1428571492
116357  -19.696  6.668  -18.031 0.5714285970
73656  -19.785  5.237  -17.427 0.4285714328
74533  -19.528  5.587  -17.461 0.4285714328
74541  -20.184  5.964  -17.734 0.5714285970
73657  -20.437  5.149  -17.537 0.4285714328
74542  -20.693  5.480  -17.698 0.5714285970
75480  -20.538  6.574  -18.235 0.4285714328
70795  -20.292  3.395  -16.488 0.4285714328
71788  -20.844  4.218  -17.205 0.4285714328
71777  -19.259  4.414  -16.646 0.4285714328
72745  -20.746  4.683  -17.431 0.5714285970
73658  -21.115  5.132  -17.635 0.5714285970
69709  -21.329  1.913  -15.649 0.5714285970
125866  -31.583  -4.051  -4.428 0.1428571492
64360  -30.352  -3.826  -4.955 0.1428571492
131692  -22.840  -14.444  -6.612 0.2857142985
63344  -29.646  -5.059  -4.611 0.1428571492
64324  -31.445  -3.815  -2.584 0.1428571492
63336  -31.318  -4.396  -3.650 0.1428571492
65331  -32.002  -3.477  -3.498 0.1428571492
64348  -31.971  -4.034  -4.139 0.1428571492
65343  -32.339  -3.070  -4.022 0.1428571492
62330  -30.359  -5.681  -2.689 0.1428571492
63313  -30.670  -5.143  -2.313 0.1428571492
62336  -30.312  -5.427  -3.468 0.1428571492
63326  -31.202  -4.593  -2.975 0.1428571492
65319  -32.664  -2.136  -1.965 0.1428571492
63314  -30.890  -4.342  -1.792 0.1428571492
66360  -34.063  -0.795  -1.802 0.1428571492
66358  -32.847  -1.379  -2.301 0.1428571492
67388  -33.783  -0.488  -2.690 0.1428571492
115660  -22.826  -15.053  -5.717 0.2857142985
116034  -21.675  -15.584  -6.441 0.2857142985
59322  -29.494  -8.042  0.236 0.1428571492
131901  -29.688  -7.126  0.292 0.1428571492
61299  -29.747  -6.786  -1.352 0.1428571492
128687  -29.242  -7.742  -2.349 0.1428571492
61310  -30.050  -6.168  -1.908 0.1428571492
63302  -30.883  -5.070  -1.008 0.1428571492
62311  -30.319  -5.617  -0.883 0.1428571492
130866  -31.651  -3.142  -0.088 0.1428571492
64300  -32.283  -2.820  0.326 0.1428571492
134844  -33.851  -2.216  -0.189 0.1428571492
66344  -34.456  -1.344  -1.292 0.1428571492
66343  -33.768  -1.424  -1.181 0.1428571492
116627  -23.055  -15.294  -4.857 0.2857142985
51201  -21.608  -16.186  -5.909 0.2857142985
140129  -21.610  -16.659  -5.425 0.2857142985
135203  -29.166  -9.092  0.964 0.1428571492
115952  -29.550  -7.743  1.212 0.1428571492
138693  -29.631  -7.524  0.703 0.1428571492
60287  -30.081  -6.364  0.622 0.1428571492
117226  -31.014  -4.498  1.332 0.1428571492
61290  -30.256  -5.755  0.154 0.1428571492
64286  -32.744  -3.118  0.826 0.1428571492
65297  -33.352  -2.500  0.222 0.1428571492
66361  -35.603  -1.264  -2.061 0.1428571492
66345  -35.246  -1.543  -1.478 0.1428571492
116106  -28.621  -10.260  0.550 0.1428571492
131656  -29.401  -8.441  1.126 0.1428571492
115957  -29.289  -8.882  1.779 0.1428571492
60276  -30.688  -7.006  3.015 0.1428571492
115722  -30.053  -8.105  2.809 0.1428571492
128734  -31.239  -4.810  3.350 0.1428571492
59323  -29.821  -6.999  1.200 0.1428571492
63263  -31.797  -4.411  2.872 0.1428571492
127223  -30.363  -5.524  1.481 0.1428571492
64276  -32.331  -3.603  1.513 0.1428571492
65308  -34.498  -2.314  -0.317 0.1428571492
130873  -33.164  -3.319  1.102 0.1428571492
65320  -35.719  -2.402  -1.187 0.1428571492
65309  -35.227  -2.632  -0.520 0.1428571492
131676  -29.000  -10.383  1.961 0.1428571492
115721  -28.447  -10.992  0.311 0.1428571492
115717  -31.125  -7.515  5.373 0.1428571492
116015  -30.986  -8.167  4.302 0.1428571492
131678  -29.808  -8.071  2.475 0.1428571492
131773  -29.441  -7.935  2.100 0.1428571492
63253  -32.206  -4.667  3.554 0.1428571492
62262  -31.825  -5.088  4.204 0.1428571492
133975  -32.616  -4.417  2.968 0.1428571492
129353  -33.237  -3.802  1.667 0.1428571492
63264  -31.985  -4.253  3.051 0.1428571492
65298  -34.108  -2.637  0.199 0.1428571492
63280  -32.586  -4.041  2.291 0.1428571492
121929  -31.785  -7.696  5.777 0.1428571492
115990  -31.086  -8.097  5.581 0.1428571492
138845  -30.343  -8.781  4.328 0.1428571492
60224  -33.196  -7.107  5.194 0.1428571492
133035  -32.338  -7.253  5.516 0.1428571492
62263  -32.810  -5.348  3.943 0.1428571492
62239  -31.854  -5.668  4.543 0.1428571492
64277  -33.897  -3.608  1.069 0.1428571492
62276  -34.012  -5.450  2.670 0.1428571492
60240  -31.777  -6.852  5.130 0.1428571492
116925  -29.828  -7.309  2.022 0.1428571492
61267  -30.913  -5.647  3.407 0.1428571492
62301  -30.538  -5.038  1.092 0.1428571492
66362  -36.238  -1.419  -2.475 0.1428571492
66331  -34.066  -1.731  -0.644 0.1428571492
64314  -32.072  -2.824  -0.233 0.1428571492
66329  -33.072  -1.631  -1.276 0.1428571492
63345  -30.336  -4.742  -4.414 0.1428571492
64361  -31.673  -3.834  -5.011 0.1428571492
51158  -22.410  -16.449  -4.670 0.2857142985
64288  -34.416  -3.306  0.527 0.1428571492
64301  -35.477  -3.333  -0.244 0.1428571492
66346  -36.004  -1.869  -1.865 0.1428571492
66377  -36.516  -1.003  -3.123 0.1428571492
70796  -21.021  3.316  -16.622 0.4285714328
67390  -35.653  -0.706  -2.663 0.1428571492
67369  -34.914  -0.883  -1.872 0.1428571492
65370  -30.752  -3.428  -5.393 0.1428571492
139659  -30.033  -2.939  -5.428 0.1428571492
76484  -18.928  7.764  -18.816 0.4285714328
82145  -25.336  14.757  -19.265 0.1428571492
115658  -22.559  -15.779  -5.165 0.2857142985
82144  -24.356  14.823  -19.421 0.1428571492
64347  -30.874  -4.176  -4.544 0.1428571492
59335  -29.438  -8.212  -0.863 0.1428571492
115697  -28.733  -9.829  1.262 0.1428571492
131677  -28.534  -10.722  1.072 0.1428571492
116059  -29.226  -8.854  -0.296 0.1428571492
61319  -29.852  -6.258  -2.946 0.1428571492
66403  -28.708  -0.900  -6.100 0.1428571492
62349  -30.425  -4.996  -4.028 0.1428571492
63346  -30.889  -4.426  -4.215 0.1428571492
64335  -31.809  -4.082  -3.656 0.1428571492
65342  -32.335  -3.789  -4.357 0.1428571492
65318  -31.910  -2.938  -2.169 0.1428571492
64313  -31.410  -3.340  -1.166 0.1428571492
63325  -30.808  -5.051  -3.197 0.1428571492
65332  -32.326  -2.126  -2.829 0.1428571492
64362  -32.404  -3.812  -4.684 0.1428571492
126709  -32.367  -2.431  -4.469 0.1428571492
62320  -30.376  -5.578  -1.802 0.1428571492
65307  -32.578  -2.429  -0.246 0.1428571492
134409  -30.994  -3.894  -0.743 0.1428571492
130529  -33.505  -1.194  -1.738 0.1428571492
60300  -29.609  -7.387  -0.642 0.1428571492
61300  -30.025  -6.179  -0.949 0.1428571492
62312  -30.765  -4.976  0.334 0.1428571492
63303  -31.426  -3.944  0.046 0.1428571492
64299  -32.044  -3.312  0.727 0.1428571492
65296  -32.815  -2.584  0.348 0.1428571492
60288  -30.364  -6.237  1.157 0.1428571492
63291  -31.451  -3.978  1.001 0.1428571492
131366  -32.706  -3.475  1.491 0.1428571492
65288  -33.631  -3.023  0.647 0.1428571492
131760  -28.790  -9.932  1.691 0.1428571492
115716  -29.788  -8.780  3.041 0.1428571492
116052  -30.912  -7.340  4.459 0.1428571492
128768  -30.789  -5.273  2.550 0.1428571492
62274  -31.615  -4.617  3.603 0.1428571492
127432  -31.463  -5.276  4.178 0.1428571492
61278  -30.546  -5.852  2.421 0.1428571492
60261  -31.538  -6.567  4.134 0.1428571492
62275  -33.200  -5.058  3.171 0.1428571492
63265  -33.477  -4.591  2.335 0.1428571492
63281  -34.156  -4.303  1.533 0.1428571492
61249  -31.987  -6.146  4.729 0.1428571492
60222  -32.198  -6.574  5.137 0.1428571492
120579  -20.470  -21.486  -0.947 0.1428571492
119525  -22.244  -20.546  -0.427 0.1428571492
120011  -20.050  -21.437  -1.539 0.1428571492
45908  -20.837  -20.944  -1.379 0.1428571492
46853  -22.055  -20.189  -1.183 0.1428571492
46852  -21.384  -20.361  -1.607 0.1428571492
47859  -21.574  -19.513  -2.617 0.1428571492
48878  -21.914  -18.883  -2.903 0.1428571492
48894  -21.062  -18.857  -3.856 0.1428571492
48910  -21.324  -18.187  -4.201 0.1428571492
48896  -22.155  -18.122  -3.143 0.1428571492
132181  -22.226  -17.144  -4.253 0.1428571492
47878  -20.360  -19.042  -3.874 0.1428571492
50012  -20.208  -17.763  -4.772 0.1428571492
50014  -21.636  -17.534  -4.574 0.1428571492
50029  -21.324  -17.169  -5.172 0.1428571492
51176  -19.541  -16.300  -5.549 0.1428571492
52319  -19.348  -15.652  -5.817 0.1428571492
117239  -21.163  -15.316  -6.647 0.1428571492
51200  -20.938  -15.960  -6.212 0.1428571492
116041  -20.947  -14.774  -6.983 0.2857142985
115669  -21.632  -14.880  -6.962 0.1428571492
115664  -22.281  -14.454  -7.223 0.1428571492
131691  -22.871  -13.941  -7.448 0.1428571492
115670  -20.875  -14.074  -7.389 0.2857142985
54527  -23.194  -13.117  -8.084 0.2857142985
58489  -21.956  -9.811  -9.814 0.4285714328
59487  -22.718  -9.261  -9.990 0.4285714328
119324  -22.704  -8.254  -10.369 0.4285714328
69695  -20.301  1.422  -15.206 0.2857142985
139371  -20.299  2.687  -16.030 0.2857142985
69719  -20.832  2.689  -16.134 0.2857142985
73647  -17.762  5.975  -16.823 0.2857142985
73654  -18.195  5.997  -17.061 0.2857142985
74532  -18.710  5.962  -17.351 0.2857142985
75461  -18.163  6.711  -17.589 0.4285714328
115676  -20.144  -13.684  -7.236 0.1428571492
120759  -20.656  -13.291  -7.703 0.2857142985
116166  -23.380  -13.292  -7.557 0.1428571492
47858  -21.006  -19.801  -3.030 0.1428571492
121384  -19.824  -18.430  -4.295 0.1428571492
50026  -18.942  -16.783  -5.072 0.1428571492
115674  -19.605  -15.026  -6.327 0.1428571492
116030  -19.435  -14.075  -6.727 0.1428571492
130979  -19.726  -12.752  -7.506 0.2857142985
54534  -22.010  -13.065  -8.297 0.2857142985
55473  -21.060  -12.876  -8.185 0.2857142985
55486  -20.663  -12.264  -8.247 0.2857142985
55489  -23.096  -12.277  -8.655 0.2857142985
56461  -23.298  -11.615  -8.861 0.4285714328
56465  -22.097  -11.280  -9.252 0.4285714328
127085  -20.569  -9.818  -9.452 0.2857142985
136166  -20.166  0.309  -14.296 0.2857142985
69694  -19.450  1.595  -15.075 0.2857142985
127156  -20.650  2.036  -15.640 0.2857142985
69706  -18.494  2.635  -15.315 0.2857142985
69718  -19.716  2.974  -16.074 0.2857142985
71778  -20.009  4.182  -16.735 0.2857142985
72734  -18.914  4.909  -16.903 0.2857142985
72721  -17.590  4.933  -16.377 0.2857142985
72742  -18.582  5.465  -16.998 0.2857142985
55488  -22.275  -12.381  -8.680 0.2857142985
68634  -19.857  0.931  -14.595 0.2857142985
121963  -18.582  1.817  -14.904 0.2857142985
68633  -18.897  1.019  -14.428 0.2857142985
70784  -18.956  3.256  -15.894 0.2857142985
71762  -17.780  4.162  -16.123 0.2857142985
70794  -19.508  3.740  -16.423 0.2857142985
71763  -18.651  3.932  -16.318 0.2857142985
71761  -16.940  4.528  -15.823 0.2857142985
69693  -17.707  2.267  -14.733 0.2857142985
70765  -17.224  3.043  -14.797 0.2857142985
70783  -18.023  3.384  -15.514 0.2857142985
58481  -22.668  -10.115  -9.612 0.4285714328
48911  -21.911  -17.828  -3.876 0.1428571492
51139  -22.768  -16.508  -3.741 0.1428571492
56460  -22.553  -11.815  -8.969 0.4285714328
47860  -22.131  -19.182  -2.163 0.1428571492
46869  -21.200  -20.070  -2.317 0.1428571492
72743  -19.196  4.946  -17.087 0.2857142985
71776  -18.435  4.647  -16.530 0.2857142985
128078  -22.224  -13.809  -7.787 0.1428571492
51199  -20.054  -15.788  -6.023 0.1428571492
51177  -20.366  -16.518  -5.687 0.1428571492
45895  -21.233  -21.240  -0.541 0.1428571492
46868  -20.590  -20.314  -2.636 0.1428571492
134689  -20.830  -19.387  -3.505 0.1428571492
48895  -21.631  -18.545  -3.568 0.1428571492
50028  -20.645  -17.202  -5.296 0.1428571492
115671  -20.106  -13.110  -7.506 0.2857142985
58480  -21.379  -10.239  -9.499 0.4285714328
72733  -18.151  5.312  -16.663 0.2857142985
71741  -17.099  3.741  -15.351 0.2857142985
60449  -20.383  -7.841  -10.493 0.2857142985
59486  -21.132  -8.476  -10.377 0.2857142985
135668  -21.141  -6.800  -11.142 0.2857142985
84002  -23.822  16.454  -21.626 0.1428571492
120666  -23.919  15.769  -20.425 0.1428571492
83010  -23.742  15.329  -20.222 0.1428571492
84006  -23.269  17.125  -22.352 0.1428571492
83999  -20.585  15.611  -22.508 0.1428571492
60461  -21.293  -7.533  -10.795 0.2857142985
60460  -20.632  -7.086  -10.932 0.2857142985
83011  -24.720  15.392  -19.937 0.1428571492
84003  -24.721  16.006  -22.048 0.1428571492
82152  -22.528  15.079  -21.152 0.1428571492
82143  -23.333  14.655  -20.179 0.1428571492
83991  -22.233  15.852  -21.753 0.1428571492
84000  -21.193  15.857  -22.563 0.1428571492
83017  -21.436  15.097  -21.950 0.1428571492
135255  -20.712  14.857  -22.289 0.1428571492
129393  -21.886  -8.943  -10.263 0.2857142985
83992  -23.466  16.189  -20.999 0.1428571492
83019  -24.515  15.864  -20.862 0.1428571492
83018  -23.017  15.711  -20.901 0.1428571492
84955  -22.877  17.673  -23.349 0.1428571492
69680  -17.042  1.438  -13.989 0.1428571492
68632  -17.941  1.226  -14.235 0.1428571492
71740  -16.180  4.059  -15.075 0.1428571492
72698  -13.301  4.888  -14.431 0.1428571492
72719  -15.111  5.145  -15.554 0.1428571492
68626  -19.375  0.363  -13.981 0.1428571492
73629  -14.542  5.686  -15.834 0.1428571492
73644  -14.926  6.291  -16.298 0.1428571492
74519  -14.975  6.879  -16.641 0.2857142985
63482  -19.990  -3.996  -11.969 0.2857142985
64465  -19.210  -3.838  -11.728 0.1428571492
67543  -18.612  -0.948  -12.849 0.1428571492
67552  -18.972  -0.286  -13.438 0.1428571492
68625  -18.325  0.380  -13.689 0.1428571492
72651  -27.018  5.206  -10.294 0.1428571492
69692  -16.696  2.218  -14.340 0.1428571492
72732  -17.227  5.575  -16.530 0.1428571492
73653  -17.190  6.545  -17.269 0.1428571492
74520  -15.733  6.862  -17.171 0.1428571492
75477  -16.451  7.936  -18.305 0.2857142985
78488  -15.420  11.737  -18.787 0.2857142985
126623  -14.500  11.857  -17.951 0.2857142985
79525  -15.267  12.495  -17.891 0.2857142985
81301  -17.157  15.295  -14.918 0.1428571492
75479  -18.565  7.230  -18.042 0.2857142985
75459  -16.280  7.317  -17.753 0.2857142985
76483  -17.802  8.177  -19.139 0.2857142985
77498  -18.223  8.787  -19.503 0.2857142985
77496  -15.708  9.295  -19.280 0.2857142985
77473  -14.279  10.358  -18.376 0.2857142985
77515  -17.850  10.012  -19.566 0.2857142985
78487  -15.267  10.351  -19.092 0.2857142985
78479  -14.574  11.089  -18.477 0.2857142985
78502  -17.205  11.109  -20.141 0.2857142985
80468  -16.630  13.801  -17.814 0.1428571492
79524  -14.513  12.807  -17.167 0.2857142985
82121  -19.569  14.646  -16.061 0.1428571492
120952  -13.752  11.216  -17.824 0.1428571492
77472  -13.209  10.356  -17.369 0.1428571492
75438  -14.040  7.647  -16.403 0.2857142985
80467  -15.523  13.556  -17.148 0.1428571492
81310  -16.209  14.527  -16.431 0.1428571492
81309  -15.230  14.635  -15.933 0.1428571492
74486  -12.723  6.931  -15.506 0.2857142985
80457  -13.897  13.934  -15.391 0.1428571492
81308  -14.539  14.567  -15.392 0.1428571492
75396  -10.769  8.221  -14.402 0.1428571492
73562  -27.635  5.943  -10.146 0.1428571492
125993  -18.639  -1.772  -12.357 0.1428571492
67551  -17.593  -0.025  -13.151 0.1428571492
136323  -27.728  5.418  -9.698 0.1428571492
67550  -16.853  0.198  -12.956 0.1428571492
69691  -15.963  2.265  -14.016 0.1428571492
70763  -15.344  2.603  -14.084 0.1428571492
70764  -16.263  3.045  -14.611 0.1428571492
71738  -14.090  4.205  -14.511 0.1428571492
71760  -15.998  4.849  -15.621 0.1428571492
73628  -13.650  5.975  -15.574 0.1428571492
73631  -16.533  5.853  -16.516 0.1428571492
134423  -14.325  6.969  -16.235 0.2857142985
76466  -15.305  8.301  -18.282 0.1428571492
76481  -15.779  8.707  -18.999 0.2857142985
124005  -14.996  9.382  -18.956 0.1428571492
81298  -14.266  14.792  -14.541 0.1428571492
79517  -13.635  13.083  -16.339 0.2857142985
81294  -16.379  15.557  -14.155 0.1428571492
137856  -16.851  14.925  -15.711 0.1428571492
71670  -27.258  4.045  -9.313 0.1428571492
71669  -26.773  4.365  -10.060 0.1428571492
72652  -27.424  4.812  -9.532 0.1428571492
81302  -17.778  15.110  -15.615 0.1428571492
65493  -18.610  -2.433  -11.984 0.1428571492
76503  -19.327  8.566  -19.316 0.2857142985
69620  -28.792  1.840  -7.999 0.1428571492
73646  -16.758  6.370  -16.851 0.1428571492
74531  -18.044  6.416  -17.346 0.1428571492
75460  -17.226  7.047  -17.654 0.1428571492
68624  -17.342  0.644  -13.588 0.1428571492
124646  -15.345  3.416  -14.536 0.1428571492
69679  -16.190  1.592  -13.709 0.1428571492
68623  -16.495  0.830  -13.410 0.1428571492
72700  -15.123  4.409  -14.908 0.1428571492
73630  -15.680  5.564  -16.187 0.1428571492
130021  -18.230  -0.326  -13.191 0.1428571492
74503  -13.952  6.532  -15.895 0.1428571492
73645  -15.813  6.323  -16.614 0.1428571492
67542  -17.761  -0.630  -12.721 0.1428571492
74521  -16.271  6.867  -17.421 0.2857142985
75440  -15.343  7.382  -17.779 0.2857142985
75478  -17.495  7.640  -18.180 0.2857142985
78501  -16.255  10.918  -19.336 0.2857142985
78478  -13.541  12.111  -17.208 0.1428571492
76482  -16.627  8.585  -19.246 0.2857142985
120675  -17.259  9.093  -19.668 0.2857142985
77497  -16.360  9.777  -19.418 0.2857142985
132539  -16.945  10.221  -19.564 0.2857142985
80466  -14.456  13.894  -16.284 0.2857142985
82122  -20.187  14.688  -16.964 0.1428571492
76450  -14.384  8.323  -17.697 0.1428571492
120604  -14.141  9.331  -18.113 0.2857142985
81300  -16.028  15.181  -15.179 0.1428571492
55469  -17.813  -12.394  -6.738 0.1428571492
55485  -19.927  -12.251  -7.850 0.1428571492
56445  -17.815  -11.761  -7.049 0.1428571492
58464  -17.304  -10.111  -7.800 0.1428571492
57441  -18.188  -10.423  -8.086 0.1428571492
56456  -19.372  -11.266  -8.175 0.1428571492
58472  -18.633  -9.890  -8.603 0.1428571492
57442  -19.025  -10.660  -8.351 0.1428571492
56458  -20.984  -11.786  -8.660 0.1428571492
59468  -18.202  -9.041  -8.874 0.1428571492
58479  -19.846  -9.807  -9.213 0.1428571492
57455  -21.560  -10.880  -9.315 0.1428571492
57454  -20.952  -10.695  -9.193 0.1428571492
59467  -17.299  -8.767  -8.636 0.1428571492
59474  -18.596  -8.451  -9.398 0.1428571492
59485  -20.453  -8.874  -10.012 0.1428571492
60448  -19.664  -7.591  -10.344 0.1428571492
61458  -19.851  -6.019  -11.183 0.1428571492
129161  -20.392  -5.458  -11.554 0.1428571492
56457  -20.106  -11.659  -8.300 0.1428571492
56459  -21.766  -11.833  -8.877 0.1428571492
55460  -18.287  -12.755  -6.827 0.1428571492
57433  -18.661  -11.147  -7.885 0.1428571492
63469  -20.231  -4.711  -11.797 0.1428571492
58488  -21.198  -9.406  -9.926 0.1428571492
55471  -19.293  -12.378  -7.489 0.1428571492
55487  -21.444  -12.360  -8.533 0.1428571492
57444  -21.326  -11.316  -9.044 0.1428571492
55470  -18.555  -12.221  -7.204 0.1428571492
56446  -19.209  -11.798  -7.752 0.1428571492
135254  -18.411  -11.598  -7.466 0.1428571492
57431  -16.740  -10.503  -7.239 0.1428571492
58473  -19.455  -10.191  -8.806 0.1428571492
121719  -19.822  -10.927  -8.562 0.1428571492
58478  -19.128  -9.310  -9.166 0.1428571492
57453  -20.225  -10.451  -8.985 0.1428571492
59476  -19.847  -9.143  -9.608 0.1428571492
58463  -16.823  -9.319  -8.135 0.1428571492
115682  -17.242  -12.569  -6.351 0.1428571492
46825  -22.623  -20.614  0.317 0.1428571492
46838  -21.615  -20.706  -0.930 0.1428571492
46878  -20.224  -19.821  -3.321 0.1428571492
47825  -22.739  -20.126  -0.020 0.2857142985
47843  -21.774  -19.802  -1.875 0.1428571492
47844  -22.341  -19.516  -1.400 0.2857142985
47871  -21.360  -19.210  -3.285 0.1428571492
48826  -24.690  -18.672  2.073 0.1428571492
48879  -22.405  -18.444  -2.402 0.2857142985
50013  -20.999  -17.767  -4.791 0.1428571492
50027  -19.809  -17.081  -5.244 0.1428571492
51068  -25.798  -16.319  2.292 0.1428571492
51093  -24.596  -16.933  0.350 0.4285714328
51106  -24.542  -16.518  -0.373 0.4285714328
51116  -24.121  -15.933  -1.906 0.4285714328
51178  -21.079  -16.658  -5.687 0.2857142985
51179  -22.086  -16.330  -5.382 0.2857142985
52270  -24.325  -15.201  -2.511 0.4285714328
52301  -22.881  -15.788  -4.331 0.2857142985
55472  -20.380  -12.718  -7.838 0.2857142985
55474  -22.856  -12.875  -8.400 0.2857142985
55475  -23.506  -12.674  -8.059 0.2857142985
56427  -24.728  -11.847  -6.092 0.5714285970
57423  -24.809  -10.882  -7.165 0.7142857313
57443  -20.592  -11.173  -8.795 0.1428571492
57445  -22.833  -11.322  -9.168 0.4285714328
57456  -22.714  -10.807  -9.385 0.5714285970
58356  -28.436  -9.680  -2.201 0.2857142985
58483  -23.828  -9.978  -9.167 0.5714285970
59287  -31.871  -7.609  5.644 0.1428571492
59345  -29.245  -8.232  -1.607 0.1428571492
59367  -27.921  -8.804  -3.905 0.2857142985
59398  -27.927  -8.087  -4.302 0.2857142985
59488  -23.479  -7.893  -10.352 0.4285714328
60208  -32.104  -6.469  5.141 0.1428571492
60223  -32.145  -6.688  5.283 0.1428571492
60241  -31.878  -7.028  5.419 0.1428571492
60301  -29.833  -6.576  -0.366 0.1428571492
60309  -29.510  -7.564  -1.555 0.1428571492
61224  -32.016  -6.269  4.980 0.1428571492
61225  -32.812  -6.447  4.830 0.1428571492
61250  -32.422  -5.789  4.515 0.1428571492
61397  -27.670  -5.620  -5.291 0.2857142985
61449  -23.052  -6.855  -11.070 0.4285714328
62287  -31.241  -4.876  2.104 0.1428571492
62288  -34.396  -5.148  1.906 0.1428571492
62450  -25.627  -5.469  -9.841 0.7142857313
63278  -31.757  -4.140  1.935 0.1428571492
63279  -32.279  -4.136  2.273 0.1428571492
63335  -30.823  -4.700  -3.779 0.1428571492
63483  -20.803  -4.050  -12.141 0.2857142985
64278  -34.707  -4.015  0.872 0.1428571492
64287  -32.923  -2.906  0.734 0.1428571492
64478  -21.370  -3.338  -12.474 0.4285714328
64481  -23.452  -3.240  -12.718 0.8571428657
65299  -34.842  -2.943  0.028 0.1428571492
65498  -23.147  -2.714  -13.010 0.8571428657
65511  -23.346  -2.178  -13.276 0.7142857313
66330  -33.288  -2.082  -0.427 0.1428571492
66332  -34.867  -1.912  -0.863 0.1428571492
66359  -33.421  -0.861  -2.228 0.1428571492
66510  -22.630  -1.504  -13.705 0.5714285970
67389  -34.689  -0.504  -2.495 0.1428571492
67541  -17.158  -0.347  -12.682 0.1428571492
67554  -22.356  -0.838  -14.168 0.5714285970
67565  -23.836  -0.223  -14.402 1.0000000000
68638  -23.318  0.619  -15.010 0.8571428657
68644  -21.063  1.233  -15.304 0.2857142985
68645  -21.850  1.065  -15.337 0.8571428657
68647  -23.132  1.032  -15.222 1.0000000000
69707  -19.184  2.395  -15.495 0.2857142985
69708  -19.967  2.197  -15.609 0.2857142985
69711  -22.721  1.678  -15.485 1.0000000000
69720  -21.518  2.637  -16.089 0.2857142985
70734  -26.258  3.228  -11.302 0.4285714328
70786  -23.676  2.869  -15.357 1.0000000000
71727  -24.981  3.661  -13.692 0.8571428657
71728  -25.329  3.277  -13.066 0.7142857313
71779  -20.644  3.945  -16.875 0.7142857313
71786  -19.673  4.666  -17.043 0.2857142985
71787  -20.342  4.452  -17.147 0.4285714328
71789  -21.279  4.244  -17.321 0.7142857313
72720  -16.717  5.227  -16.248 0.1428571492
72735  -22.311  4.334  -17.171 1.0000000000
72744  -20.055  4.886  -17.362 0.4285714328
72747  -21.667  4.979  -17.564 0.8571428657
73649  -22.978  4.970  -17.072 0.8571428657
73655  -18.961  5.512  -17.290 0.2857142985
73665  -20.160  5.404  -17.547 0.4285714328
75425  -24.686  6.848  -15.968 0.7142857313
75439  -14.738  7.503  -17.335 0.2857142985
75462  -19.137  6.241  -17.616 0.2857142985
76441  -25.169  8.610  -15.636 0.1428571492
77499  -22.775  9.133  -18.866 0.7142857313
81323  -24.653  13.001  -17.853 0.1428571492
115663  -22.200  -15.723  -5.929 0.1428571492
115667  -22.257  -15.089  -6.572 0.1428571492
115668  -21.397  -13.533  -7.849 0.1428571492
115672  -27.603  -11.031  -2.578 0.2857142985
115675  -20.245  -14.466  -6.868 0.1428571492
115970  -29.288  -8.804  0.465 0.1428571492
116047  -21.617  -14.234  -7.460 0.1428571492
116055  -26.049  -14.267  -0.006 0.1428571492
116063  -20.490  -15.245  -6.541 0.1428571492
116067  -28.925  -9.517  0.294 0.2857142985
116118  -28.615  -10.239  -0.164 0.1428571492
116121  -28.423  -10.832  -0.480 0.1428571492
116237  -19.559  -13.314  -7.178 0.1428571492
117017  -22.042  -10.601  -9.525 0.4285714328
117394  -21.909  -16.912  -4.937 0.1428571492
119408  -18.476  5.921  -17.194 0.2857142985
120043  -24.801  -6.081  -10.717 0.5714285970
120305  -29.843  -5.338  -4.187 0.2857142985
120352  -20.650  -18.371  -4.324 0.1428571492
123430  -26.032  -3.745  -8.102 0.7142857313
123442  -22.154  5.558  -17.798 1.0000000000
126046  -23.540  -19.067  0.437 0.2857142985
126645  -23.556  0.271  -14.749 1.0000000000
129305  -23.008  0.304  -15.022 0.8571428657
131615  -25.950  -13.243  -2.447 0.1428571492
131643  -22.814  -13.412  -8.032 0.1428571492
131650  -28.585  -10.442  1.636 0.1428571492
131668  -27.931  -12.086  -0.224 0.1428571492
131788  -26.062  -12.668  -2.914 0.2857142985
131794  -26.529  -12.191  -2.715 0.1428571492
133150  -20.450  5.991  -17.824 0.5714285970
133163  -25.279  -3.965  -10.601 0.7142857313
133752  -22.110  4.783  -17.460 0.7142857313
134588  -25.969  -15.481  1.833 0.1428571492
134649  -29.335  -8.870  2.092 0.1428571492
134652  -22.457  -17.364  -3.440 0.1428571492
135371  -31.322  -4.273  -4.057 0.1428571492
135875  -20.753  -0.687  -13.702 0.5714285970
137206  -21.270  -14.499  -7.224 0.1428571492
137874  -24.251  -18.272  0.778 0.2857142985
138252  -27.559  -6.112  -5.316 0.2857142985
139646  -26.359  -13.144  -1.904 0.1428571492
139734  -23.070  0.680  -15.151 0.8571428657
