#!ascii label  , from subject sub-v2s16x51270_ses-1 vox2ras=TkReg
1156
57550  17.968  -16.154  33.569 0.0000000000
57514  31.820  -16.715  36.490 0.0000000000
144962  40.055  -4.114  14.363 0.0000000000
130700  30.886  -12.909  20.502 0.0000000000
133482  33.487  -15.813  27.186 0.0000000000
76522  50.430  2.450  6.195 0.0000000000
70678  39.337  -2.605  18.920 0.0000000000
124415  34.719  -5.041  17.147 0.0000000000
50536  15.899  -22.854  33.209 0.0000000000
125728  25.249  -14.759  35.193 0.0000000000
56585  27.895  -16.820  31.183 0.0000000000
58724  19.736  -15.112  28.966 0.0000000000
73747  44.998  0.172  10.843 0.0000000000
58605  23.284  -15.011  38.775 0.0000000000
136572  17.437  -17.363  38.778 0.0000000000
72787  44.223  -1.647  14.658 0.0000000000
126804  14.422  -23.487  37.940 0.0000000000
47418  9.400  -26.598  38.407 0.0000000000
65914  34.347  -7.777  21.305 0.0000000000
58821  33.803  -15.082  22.601 0.0000000000
56710  30.417  -17.531  22.396 0.0000000000
55651  28.881  -18.497  26.734 0.0000000000
70656  39.422  -3.450  21.667 0.0000000000
69708  36.728  -3.857  17.738 0.0000000000
69688  36.590  -4.587  20.409 0.0000000000
71695  41.800  -2.045  21.928 0.0000000000
55590  17.660  -18.694  31.140 0.0000000000
51547  17.027  -21.986  31.268 0.0000000000
54606  17.476  -19.562  33.695 0.0000000000
58669  21.355  -14.505  34.363 0.0000000000
57565  22.706  -14.492  32.772 0.0000000000
58704  19.306  -15.076  31.747 0.0000000000
56600  17.936  -17.585  29.209 0.0000000000
137459  40.036  -3.233  11.609 0.0000000000
69716  42.350  -3.872  16.152 0.0000000000
70719  42.571  -3.482  14.595 0.0000000000
71801  42.046  -1.921  12.110 0.0000000000
55502  18.015  -18.692  41.795 0.0000000000
52488  16.501  -20.557  38.758 0.0000000000
138050  16.651  -21.084  40.826 0.0000000000
124061  10.646  -24.816  43.963 0.0000000000
48433  11.307  -24.937  40.932 0.0000000000
46222  8.541  -25.828  41.349 0.0000000000
46243  6.462  -27.466  41.326 0.0000000000
47342  6.269  -26.180  44.842 0.0000000000
141064  35.873  -14.711  24.286 0.0000000000
131676  34.165  -16.605  24.161 0.0000000000
56708  32.824  -17.166  22.338 0.0000000000
56669  32.274  -17.391  24.249 0.0000000000
57649  25.093  -15.399  28.036 0.0000000000
55625  27.985  -18.018  28.545 0.0000000000
132169  25.790  -16.649  26.102 0.0000000000
56695  26.942  -17.243  23.561 0.0000000000
63687  32.013  -10.099  20.755 0.0000000000
65932  31.619  -8.698  19.335 0.0000000000
62595  29.800  -11.693  18.412 0.0000000000
139126  53.693  4.305  4.259 0.0000000000
76534  51.617  2.518  3.974 0.0000000000
69719  39.854  -4.149  16.229 0.0000000000
69736  37.128  -4.600  15.681 0.0000000000
71723  41.793  -2.534  18.665 0.0000000000
141429  29.531  -15.062  35.784 0.0000000000
56535  30.438  -16.843  34.329 0.0000000000
57546  27.409  -15.122  33.518 0.0000000000
57598  24.135  -14.729  30.555 0.0000000000
122123  21.667  -14.588  27.218 0.0000000000
75534  46.800  1.165  13.203 0.0000000000
74643  47.293  1.063  10.736 0.0000000000
74660  48.029  0.829  8.785 0.0000000000
74689  48.684  1.048  5.806 0.0000000000
58642  20.713  -14.549  36.406 0.0000000000
57517  17.370  -16.332  36.425 0.0000000000
58587  20.219  -14.572  39.771 0.0000000000
58638  24.108  -15.042  36.947 0.0000000000
73731  44.482  -0.532  13.335 0.0000000000
54555  16.682  -19.832  35.926 0.0000000000
50513  15.149  -23.281  35.732 0.0000000000
48513  12.623  -25.193  35.688 0.0000000000
49405  13.924  -23.684  40.642 0.0000000000
48477  12.167  -24.678  38.215 0.0000000000
47333  3.208  -26.842  45.774 0.0000000000
67841  36.969  -5.985  22.262 0.0000000000
62568  33.175  -11.250  22.322 0.0000000000
60717  34.788  -13.292  23.512 0.0000000000
135951  32.132  -14.291  21.516 0.0000000000
57772  32.242  -16.826  20.690 0.0000000000
56750  31.069  -17.609  20.033 0.0000000000
147062  29.109  -18.476  18.736 0.0000000000
53549  30.211  -17.741  32.140 0.0000000000
55612  30.480  -17.875  29.690 0.0000000000
56618  31.270  -17.288  27.251 0.0000000000
55689  29.619  -17.766  24.490 0.0000000000
56753  27.765  -17.499  20.696 0.0000000000
67853  34.242  -6.412  19.911 0.0000000000
144955  32.326  -7.322  16.268 0.0000000000
69681  39.087  -4.168  22.162 0.0000000000
69686  37.954  -3.955  21.163 0.0000000000
69683  37.610  -4.710  21.591 0.0000000000
70651  40.525  -3.576  22.800 0.0000000000
56565  17.541  -17.896  32.344 0.0000000000
140829  17.850  -19.370  32.340 0.0000000000
56551  17.268  -17.651  33.852 0.0000000000
58670  19.565  -14.797  34.201 0.0000000000
58682  20.492  -14.567  33.217 0.0000000000
58695  18.385  -15.769  32.192 0.0000000000
56577  17.655  -17.077  31.038 0.0000000000
70736  39.765  -3.749  13.240 0.0000000000
126055  40.998  -4.185  15.317 0.0000000000
69743  42.097  -3.830  14.971 0.0000000000
69759  41.030  -3.819  14.404 0.0000000000
70750  40.944  -3.147  13.047 0.0000000000
48395  9.456  -25.382  43.834 0.0000000000
47368  9.406  -25.495  42.260 0.0000000000
47353  8.835  -25.548  43.048 0.0000000000
46223  7.793  -26.147  41.827 0.0000000000
46203  7.353  -26.019  42.655 0.0000000000
46204  6.590  -26.505  42.885 0.0000000000
57682  35.093  -16.277  25.655 0.0000000000
57683  34.127  -16.279  25.753 0.0000000000
56668  33.411  -16.841  24.387 0.0000000000
57685  32.608  -16.583  26.019 0.0000000000
56517  32.122  -17.331  36.178 0.0000000000
57666  23.745  -14.639  26.492 0.0000000000
56634  25.754  -16.381  26.862 0.0000000000
57687  24.889  -15.391  25.563 0.0000000000
128481  25.028  -16.012  23.681 0.0000000000
62577  31.449  -11.387  20.844 0.0000000000
63689  30.763  -10.754  19.703 0.0000000000
76517  50.457  2.357  7.236 0.0000000000
76516  51.126  2.698  7.776 0.0000000000
77434  51.592  3.378  6.214 0.0000000000
77437  51.688  3.319  5.201 0.0000000000
76524  51.050  2.865  5.689 0.0000000000
69706  39.646  -3.405  17.196 0.0000000000
123133  38.813  -4.352  15.995 0.0000000000
139819  38.148  -3.580  17.240 0.0000000000
69710  35.300  -4.658  17.247 0.0000000000
68796  35.921  -4.510  16.440 0.0000000000
124394  34.709  -5.378  15.682 0.0000000000
71708  40.291  -2.446  20.282 0.0000000000
70677  40.946  -2.437  18.975 0.0000000000
123807  41.189  -2.835  18.107 0.0000000000
51537  16.555  -22.322  32.716 0.0000000000
49527  14.829  -24.107  33.227 0.0000000000
58652  27.748  -14.706  35.863 0.0000000000
57532  28.421  -15.304  34.285 0.0000000000
58665  25.789  -14.702  34.304 0.0000000000
58712  20.991  -14.502  31.240 0.0000000000
57580  23.885  -14.631  31.487 0.0000000000
58722  21.704  -14.455  29.834 0.0000000000
58733  22.443  -14.430  29.337 0.0000000000
58735  20.261  -14.923  28.309 0.0000000000
126794  19.041  -16.192  28.198 0.0000000000
57784  31.319  -17.094  18.953 0.0000000000
74636  46.093  0.619  12.006 0.0000000000
74635  46.905  1.121  12.300 0.0000000000
74640  45.864  0.508  11.103 0.0000000000
122363  46.738  0.233  7.971 0.0000000000
74671  47.390  0.379  7.601 0.0000000000
74670  48.504  0.920  7.495 0.0000000000
58626  22.368  -14.690  37.437 0.0000000000
58628  20.488  -14.535  37.904 0.0000000000
58606  22.396  -14.690  38.906 0.0000000000
124046  23.591  -15.115  38.222 0.0000000000
58640  22.740  -14.692  36.896 0.0000000000
73724  45.057  -0.377  14.512 0.0000000000
72797  44.084  -1.233  13.771 0.0000000000
72820  42.510  -1.382  11.398 0.0000000000
56503  17.261  -17.185  37.987 0.0000000000
55520  16.815  -18.411  36.681 0.0000000000
55519  16.806  -18.739  37.528 0.0000000000
51458  16.036  -21.873  38.590 0.0000000000
51488  16.412  -21.202  37.155 0.0000000000
49463  14.422  -23.546  37.120 0.0000000000
49501  13.562  -24.410  36.100 0.0000000000
49483  13.459  -24.219  36.946 0.0000000000
142051  13.411  -23.851  41.759 0.0000000000
128338  10.064  -25.507  39.947 0.0000000000
48463  11.432  -24.960  39.276 0.0000000000
47406  10.818  -25.329  38.822 0.0000000000
47429  10.977  -25.630  36.927 0.0000000000
63657  33.925  -10.131  22.838 0.0000000000
59806  35.040  -14.500  23.348 0.0000000000
60716  35.184  -13.821  23.665 0.0000000000
59807  34.298  -14.382  22.916 0.0000000000
60728  33.337  -13.354  22.554 0.0000000000
59820  32.640  -14.749  21.790 0.0000000000
59832  32.011  -15.017  21.248 0.0000000000
58822  32.453  -15.578  21.521 0.0000000000
56709  32.034  -17.449  22.348 0.0000000000
138375  32.126  -17.248  20.843 0.0000000000
56730  31.347  -17.490  20.907 0.0000000000
55745  30.243  -17.756  19.939 0.0000000000
56751  29.678  -17.570  20.725 0.0000000000
55567  29.016  -16.816  32.805 0.0000000000
55565  30.039  -17.310  33.361 0.0000000000
55577  28.781  -17.268  31.979 0.0000000000
55639  27.839  -18.177  27.671 0.0000000000
130245  29.000  -18.845  28.879 0.0000000000
132910  29.054  -18.501  28.182 0.0000000000
140122  30.710  -17.618  27.786 0.0000000000
55636  30.041  -18.166  27.074 0.0000000000
146356  30.413  -18.048  25.724 0.0000000000
55669  29.332  -18.059  25.298 0.0000000000
123640  25.915  -17.052  21.688 0.0000000000
56714  27.138  -17.343  22.726 0.0000000000
66925  35.051  -7.356  21.555 0.0000000000
67847  35.170  -6.593  21.074 0.0000000000
66936  34.249  -7.361  20.805 0.0000000000
64827  30.612  -9.127  16.879 0.0000000000
66957  31.622  -7.770  17.627 0.0000000000
77442  54.362  3.704  3.207 0.0000000000
70668  39.480  -2.616  20.039 0.0000000000
142764  38.253  -3.232  18.058 0.0000000000
70662  37.740  -3.503  20.234 0.0000000000
69691  37.014  -3.866  19.812 0.0000000000
69693  35.649  -4.686  19.143 0.0000000000
71685  41.906  -2.514  22.848 0.0000000000
71697  40.453  -2.510  21.075 0.0000000000
53592  17.655  -20.905  31.110 0.0000000000
52568  17.601  -21.229  32.553 0.0000000000
125849  17.443  -21.017  33.971 0.0000000000
58667  23.823  -14.613  34.874 0.0000000000
122499  24.639  -14.661  34.406 0.0000000000
58691  21.952  -14.462  33.265 0.0000000000
58702  21.036  -14.558  32.031 0.0000000000
58714  19.227  -15.145  30.408 0.0000000000
57635  18.753  -16.075  29.120 0.0000000000
57602  18.082  -16.372  30.554 0.0000000000
55602  17.615  -18.731  30.170 0.0000000000
73760  43.677  -0.625  8.761 0.0000000000
122809  23.105  -14.931  39.825 0.0000000000
70697  43.579  -3.530  16.231 0.0000000000
70706  43.603  -3.354  15.677 0.0000000000
71762  43.329  -2.599  14.213 0.0000000000
142232  43.289  -2.152  13.678 0.0000000000
71774  42.161  -2.554  13.129 0.0000000000
71790  41.278  -2.660  12.448 0.0000000000
56498  17.949  -17.701  40.607 0.0000000000
138833  17.095  -19.220  39.034 0.0000000000
130251  17.209  -19.652  40.164 0.0000000000
52474  16.635  -20.627  39.728 0.0000000000
50452  15.545  -22.217  39.569 0.0000000000
124846  12.316  -24.295  42.542 0.0000000000
130785  11.083  -24.883  42.490 0.0000000000
47395  9.971  -25.470  40.727 0.0000000000
47396  9.375  -25.791  40.242 0.0000000000
46259  8.006  -26.940  40.039 0.0000000000
58781  35.583  -15.870  24.375 0.0000000000
58798  34.590  -15.857  23.293 0.0000000000
57740  33.380  -16.183  22.385 0.0000000000
56667  33.627  -16.746  23.452 0.0000000000
56689  32.567  -17.349  23.192 0.0000000000
56690  31.691  -17.529  23.456 0.0000000000
56599  26.635  -16.241  29.493 0.0000000000
55615  27.650  -17.303  29.569 0.0000000000
56609  26.272  -16.767  27.970 0.0000000000
137888  26.880  -17.779  27.549 0.0000000000
55652  26.816  -17.952  26.193 0.0000000000
55671  27.522  -17.917  25.647 0.0000000000
56675  26.114  -16.837  24.485 0.0000000000
57724  25.135  -16.395  22.936 0.0000000000
64780  33.325  -9.233  21.379 0.0000000000
65930  33.137  -8.095  20.378 0.0000000000
64799  32.009  -9.112  20.019 0.0000000000
64811  30.271  -9.938  18.235 0.0000000000
147174  52.589  4.146  5.369 0.0000000000
77439  52.456  3.741  4.791 0.0000000000
69732  40.272  -4.325  15.121 0.0000000000
123608  38.976  -4.417  14.131 0.0000000000
69746  38.803  -4.525  14.680 0.0000000000
122049  37.387  -3.822  17.067 0.0000000000
68805  36.386  -4.760  15.622 0.0000000000
71694  43.313  -1.562  21.480 0.0000000000
71705  42.941  -1.890  19.909 0.0000000000
71715  43.264  -2.400  19.031 0.0000000000
70676  42.091  -3.030  17.840 0.0000000000
69718  40.872  -4.163  16.019 0.0000000000
146200  30.529  -15.874  36.027 0.0000000000
56525  31.221  -17.078  35.145 0.0000000000
56527  30.094  -16.151  34.615 0.0000000000
56537  29.140  -16.068  33.661 0.0000000000
56563  27.889  -16.001  32.273 0.0000000000
57564  25.062  -14.759  32.699 0.0000000000
123908  25.821  -15.130  32.003 0.0000000000
57596  25.921  -15.471  30.724 0.0000000000
127036  24.703  -15.125  28.949 0.0000000000
57650  23.508  -14.592  27.488 0.0000000000
58768  22.139  -14.749  25.488 0.0000000000
75541  48.837  1.592  10.996 0.0000000000
74653  46.566  0.534  9.586 0.0000000000
139008  47.329  0.663  9.185 0.0000000000
75546  48.602  1.390  10.124 0.0000000000
75559  49.323  1.416  8.699 0.0000000000
75565  49.239  1.375  7.772 0.0000000000
75571  49.857  2.024  6.665 0.0000000000
75578  49.824  1.996  5.600 0.0000000000
58659  18.739  -15.142  34.637 0.0000000000
57523  17.943  -15.605  35.192 0.0000000000
138978  18.620  -15.011  36.291 0.0000000000
58629  18.056  -15.329  37.539 0.0000000000
58608  18.164  -15.264  39.146 0.0000000000
58572  21.262  -14.589  40.267 0.0000000000
58575  18.404  -15.964  40.994 0.0000000000
57487  19.060  -16.318  42.422 0.0000000000
58616  31.361  -15.064  37.198 0.0000000000
58617  30.239  -14.735  37.099 0.0000000000
140810  29.004  -14.704  36.433 0.0000000000
58636  27.010  -14.787  36.725 0.0000000000
58621  26.398  -14.973  37.576 0.0000000000
135839  24.712  -15.029  36.611 0.0000000000
130315  23.060  -14.659  36.323 0.0000000000
130313  21.222  -14.546  35.785 0.0000000000
75524  46.744  1.229  14.854 0.0000000000
74632  45.557  0.382  13.283 0.0000000000
73741  44.402  -0.206  11.504 0.0000000000
72811  43.386  -1.258  12.540 0.0000000000
72819  43.184  -1.015  11.711 0.0000000000
73749  43.516  -0.621  10.287 0.0000000000
137397  16.901  -17.799  35.370 0.0000000000
54573  16.801  -19.752  35.109 0.0000000000
51515  16.942  -21.120  34.583 0.0000000000
53492  16.659  -20.114  37.220 0.0000000000
51504  16.522  -21.225  36.118 0.0000000000
50526  15.236  -23.328  34.716 0.0000000000
49513  14.049  -24.478  34.679 0.0000000000
48523  13.514  -25.234  34.572 0.0000000000
50437  15.187  -22.739  40.542 0.0000000000
49425  14.439  -23.378  39.338 0.0000000000
49427  12.651  -24.416  39.125 0.0000000000
49446  13.230  -24.185  38.587 0.0000000000
48489  12.297  -24.701  37.432 0.0000000000
47332  4.774  -26.463  45.533 0.0000000000
68760  38.393  -5.457  22.858 0.0000000000
65890  34.691  -8.680  22.240 0.0000000000
63670  33.565  -9.716  22.130 0.0000000000
63672  32.443  -10.420  21.420 0.0000000000
61633  31.512  -11.986  21.236 0.0000000000
61623  33.721  -12.531  22.966 0.0000000000
135599  32.539  -12.883  22.101 0.0000000000
60746  31.292  -13.434  20.897 0.0000000000
144552  31.513  -15.156  20.685 0.0000000000
58834  31.193  -15.704  20.094 0.0000000000
56762  31.815  -17.077  20.027 0.0000000000
57760  32.597  -16.807  21.379 0.0000000000
56748  32.268  -17.039  20.705 0.0000000000
55761  31.031  -17.862  18.556 0.0000000000
55779  30.322  -18.394  18.412 0.0000000000
55780  29.468  -18.793  18.389 0.0000000000
57631  33.154  -15.838  28.463 0.0000000000
55542  31.390  -17.526  34.803 0.0000000000
54585  31.666  -17.912  34.131 0.0000000000
55576  31.481  -17.853  32.506 0.0000000000
54651  29.108  -17.985  30.664 0.0000000000
54649  30.174  -18.044  30.913 0.0000000000
122312  31.496  -17.675  30.926 0.0000000000
56597  31.599  -17.300  29.994 0.0000000000
127810  31.953  -16.554  28.796 0.0000000000
57648  32.306  -16.449  27.375 0.0000000000
56651  31.614  -17.406  25.757 0.0000000000
55688  30.486  -17.754  24.505 0.0000000000
56691  30.106  -17.601  23.191 0.0000000000
56672  28.182  -17.592  24.065 0.0000000000
56693  28.460  -17.570  23.313 0.0000000000
56732  29.080  -17.469  21.625 0.0000000000
56766  28.187  -17.659  19.893 0.0000000000
68769  36.600  -5.684  21.665 0.0000000000
68778  35.245  -5.340  19.750 0.0000000000
68783  34.412  -5.504  18.514 0.0000000000
66949  32.424  -7.404  18.770 0.0000000000
67860  32.804  -6.852  18.315 0.0000000000
143435  33.170  -6.362  17.069 0.0000000000
76529  50.610  2.079  4.367 0.0000000000
69676  39.434  -4.561  22.868 0.0000000000
69682  38.356  -4.430  21.870 0.0000000000
69677  38.712  -4.807  22.581 0.0000000000
70652  39.818  -3.891  22.467 0.0000000000
57551  17.670  -17.117  32.682 0.0000000000
131883  17.332  -17.840  33.173 0.0000000000
143748  17.623  -17.023  33.406 0.0000000000
58671  18.672  -15.391  33.800 0.0000000000
58683  19.479  -14.876  33.258 0.0000000000
58684  18.454  -15.739  32.925 0.0000000000
57567  17.956  -16.335  32.359 0.0000000000
69760  40.338  -3.849  13.984 0.0000000000
69780  39.091  -4.034  12.787 0.0000000000
69761  39.504  -4.132  13.844 0.0000000000
129766  40.578  -4.128  14.712 0.0000000000
69744  41.381  -3.966  14.861 0.0000000000
48396  9.244  -25.371  44.543 0.0000000000
47370  8.062  -25.701  42.604 0.0000000000
47354  7.893  -25.659  43.442 0.0000000000
130859  7.089  -25.919  43.350 0.0000000000
57661  34.369  -15.710  27.191 0.0000000000
139148  34.508  -16.060  26.350 0.0000000000
57662  33.701  -15.969  26.531 0.0000000000
57684  33.301  -16.320  25.904 0.0000000000
57663  32.895  -16.157  26.747 0.0000000000
56510  32.689  -17.039  36.852 0.0000000000
58767  23.965  -14.816  25.432 0.0000000000
57688  24.693  -15.160  26.380 0.0000000000
58782  23.698  -15.077  24.419 0.0000000000
58766  24.431  -15.253  24.887 0.0000000000
61639  31.047  -12.105  20.730 0.0000000000
62578  30.880  -11.430  20.214 0.0000000000
76521  51.044  2.848  6.753 0.0000000000
70691  39.756  -2.881  17.990 0.0000000000
69707  38.793  -3.350  17.396 0.0000000000
133915  39.020  -2.972  18.010 0.0000000000
68797  35.045  -4.930  16.428 0.0000000000
68798  34.240  -5.458  16.596 0.0000000000
67881  33.935  -5.854  15.705 0.0000000000
70667  40.178  -2.445  19.401 0.0000000000
125583  40.785  -2.303  19.734 0.0000000000
132621  40.312  -2.650  18.473 0.0000000000
50550  15.963  -23.038  32.207 0.0000000000
50537  15.299  -23.417  33.709 0.0000000000
58664  26.404  -14.767  35.025 0.0000000000
126108  20.864  -14.510  30.307 0.0000000000
57600  21.904  -14.445  30.744 0.0000000000
58723  20.547  -14.610  29.322 0.0000000000
58734  21.230  -14.452  28.797 0.0000000000
58736  19.628  -15.500  28.133 0.0000000000
56776  31.280  -17.588  18.202 0.0000000000
74684  47.482  0.286  6.791 0.0000000000
124045  22.871  -14.874  38.165 0.0000000000
124027  21.835  -14.613  38.052 0.0000000000
71747  44.271  -2.327  15.331 0.0000000000
72786  44.629  -1.018  15.007 0.0000000000
56511  17.167  -18.175  38.176 0.0000000000
50469  14.998  -23.027  38.429 0.0000000000
50484  14.992  -23.115  37.617 0.0000000000
49464  13.890  -23.851  37.456 0.0000000000
49373  13.837  -23.582  42.295 0.0000000000
47407  10.092  -25.662  39.099 0.0000000000
47417  10.154  -25.958  38.154 0.0000000000
58809  34.609  -15.158  23.061 0.0000000000
59819  33.374  -14.400  22.408 0.0000000000
135760  33.116  -15.258  22.058 0.0000000000
134045  31.170  -17.511  21.918 0.0000000000
122361  30.544  -17.599  20.644 0.0000000000
56731  30.254  -17.542  21.544 0.0000000000
56575  28.338  -16.690  31.866 0.0000000000
55578  28.922  -17.115  32.151 0.0000000000
55589  28.638  -17.269  31.455 0.0000000000
140553  28.056  -18.287  26.887 0.0000000000
54685  28.425  -18.683  28.230 0.0000000000
140173  28.989  -18.567  27.277 0.0000000000
55637  29.183  -18.451  27.435 0.0000000000
55650  29.484  -18.423  26.615 0.0000000000
130076  29.823  -18.269  25.859 0.0000000000
124387  29.094  -18.344  26.013 0.0000000000
66935  34.641  -7.195  21.100 0.0000000000
70660  39.004  -3.078  20.807 0.0000000000
70669  38.514  -2.891  19.803 0.0000000000
70661  38.358  -3.389  20.700 0.0000000000
69687  37.263  -4.239  20.777 0.0000000000
69692  36.344  -4.308  19.448 0.0000000000
71670  42.663  -2.490  23.526 0.0000000000
70655  40.226  -3.060  21.915 0.0000000000
70659  39.783  -2.805  21.000 0.0000000000
54622  17.812  -19.801  32.971 0.0000000000
133117  17.829  -20.041  32.204 0.0000000000
53554  17.803  -20.616  32.900 0.0000000000
132226  17.639  -21.046  33.289 0.0000000000
136338  17.643  -20.738  33.608 0.0000000000
144871  22.172  -14.484  34.618 0.0000000000
58680  22.599  -14.490  33.937 0.0000000000
58681  21.847  -14.481  33.965 0.0000000000
58693  20.082  -14.692  32.446 0.0000000000
58703  20.153  -14.688  31.603 0.0000000000
126107  19.429  -14.908  31.149 0.0000000000
57621  18.612  -15.791  30.025 0.0000000000
57601  18.695  -15.520  31.033 0.0000000000
56578  17.588  -17.888  31.506 0.0000000000
56589  17.567  -17.909  30.650 0.0000000000
132261  43.290  -3.470  17.088 0.0000000000
69702  43.099  -3.645  16.481 0.0000000000
70707  42.811  -3.622  15.236 0.0000000000
70718  43.309  -3.152  14.835 0.0000000000
70732  42.914  -3.079  14.246 0.0000000000
71773  42.849  -2.632  13.705 0.0000000000
70733  42.373  -3.180  13.902 0.0000000000
70751  40.476  -3.107  12.349 0.0000000000
56496  18.153  -17.716  41.563 0.0000000000
127561  17.725  -18.541  40.071 0.0000000000
55506  17.906  -18.571  40.971 0.0000000000
52467  17.025  -20.427  40.987 0.0000000000
52468  16.849  -20.668  40.573 0.0000000000
51445  15.963  -21.713  39.416 0.0000000000
51437  16.009  -21.735  40.275 0.0000000000
48404  11.242  -24.679  43.347 0.0000000000
48403  11.668  -24.563  42.750 0.0000000000
132122  9.095  -25.581  41.642 0.0000000000
47381  9.776  -25.472  41.507 0.0000000000
47382  9.226  -25.624  40.997 0.0000000000
47397  8.777  -26.512  39.731 0.0000000000
46240  8.678  -26.145  40.566 0.0000000000
46242  7.188  -26.837  41.155 0.0000000000
143095  7.482  -27.067  40.535 0.0000000000
47355  6.550  -26.268  43.922 0.0000000000
46205  5.846  -26.948  43.214 0.0000000000
46189  5.713  -26.770  44.155 0.0000000000
57704  35.297  -16.262  24.787 0.0000000000
57722  35.034  -16.278  23.980 0.0000000000
57723  34.291  -16.327  23.519 0.0000000000
126636  33.829  -16.246  22.989 0.0000000000
137194  32.842  -17.070  24.600 0.0000000000
56688  33.025  -17.155  23.810 0.0000000000
56610  25.864  -15.758  28.794 0.0000000000
128444  26.597  -16.620  28.632 0.0000000000
56621  25.849  -16.034  27.660 0.0000000000
56620  26.036  -17.007  27.289 0.0000000000
56633  25.981  -17.106  26.639 0.0000000000
56619  26.385  -17.642  26.878 0.0000000000
56632  26.225  -17.405  25.954 0.0000000000
55672  26.756  -17.728  25.520 0.0000000000
56654  25.932  -16.769  25.299 0.0000000000
64781  32.636  -9.628  21.067 0.0000000000
64788  32.817  -8.912  20.623 0.0000000000
64789  32.250  -9.508  20.492 0.0000000000
63703  30.187  -10.732  18.903 0.0000000000
63702  30.897  -10.010  19.306 0.0000000000
63715  29.860  -10.801  18.030 0.0000000000
76527  51.943  3.072  4.338 0.0000000000
76533  52.197  2.610  3.678 0.0000000000
124332  40.333  -4.308  15.604 0.0000000000
69733  39.498  -4.407  15.385 0.0000000000
122536  37.915  -4.487  15.822 0.0000000000
69734  38.422  -4.547  15.283 0.0000000000
69735  37.531  -4.747  15.159 0.0000000000
68804  36.859  -4.945  15.159 0.0000000000
70680  37.487  -3.513  17.975 0.0000000000
68806  35.567  -5.031  15.616 0.0000000000
124072  36.175  -5.293  14.884 0.0000000000
123933  42.643  -1.793  22.364 0.0000000000
71717  41.475  -2.192  19.539 0.0000000000
71716  42.349  -2.201  19.270 0.0000000000
71722  42.674  -2.688  18.445 0.0000000000
69705  40.664  -3.700  16.751 0.0000000000
70689  41.422  -3.374  17.271 0.0000000000
124997  30.186  -15.808  35.469 0.0000000000
57520  29.469  -15.376  35.152 0.0000000000
57545  28.296  -15.560  33.577 0.0000000000
56550  28.115  -15.779  32.925 0.0000000000
57562  27.243  -15.254  32.787 0.0000000000
57549  23.265  -14.527  33.339 0.0000000000
57548  24.318  -14.627  33.435 0.0000000000
139863  23.874  -14.594  32.489 0.0000000000
130230  24.795  -14.845  31.876 0.0000000000
126123  24.683  -14.887  31.162 0.0000000000
57579  25.454  -15.176  31.287 0.0000000000
57597  25.154  -15.178  30.581 0.0000000000
57617  24.970  -15.196  29.760 0.0000000000
57618  24.051  -14.739  29.703 0.0000000000
58744  21.987  -14.410  28.247 0.0000000000
57634  23.195  -14.516  28.536 0.0000000000
139599  22.657  -14.469  27.617 0.0000000000
57651  22.619  -14.523  26.586 0.0000000000
58756  21.420  -14.854  26.238 0.0000000000
57636  18.495  -16.888  28.693 0.0000000000
136859  18.235  -17.660  28.200 0.0000000000
75528  47.444  1.639  14.431 0.0000000000
74639  46.690  0.870  11.356 0.0000000000
75538  47.826  1.498  12.288 0.0000000000
74638  47.481  1.280  11.528 0.0000000000
123820  48.299  1.553  11.603 0.0000000000
75542  48.045  1.368  10.870 0.0000000000
73769  45.336  -0.202  8.378 0.0000000000
74654  45.922  0.240  9.062 0.0000000000
74661  47.372  0.519  8.387 0.0000000000
74652  47.953  1.047  9.576 0.0000000000
75555  48.674  1.214  9.181 0.0000000000
75560  48.660  1.046  8.337 0.0000000000
74683  48.189  0.695  6.552 0.0000000000
74682  48.872  1.247  6.826 0.0000000000
133742  49.440  1.613  7.034 0.0000000000
75572  49.292  1.585  6.155 0.0000000000
130538  20.124  -14.559  35.608 0.0000000000
58644  18.883  -14.879  35.533 0.0000000000
58643  19.559  -14.635  36.284 0.0000000000
122807  21.048  -14.514  38.789 0.0000000000
138665  19.176  -14.690  37.725 0.0000000000
58607  19.447  -14.655  38.753 0.0000000000
135116  18.350  -15.061  38.295 0.0000000000
58588  18.905  -14.806  39.743 0.0000000000
146374  22.665  -14.737  40.373 0.0000000000
58561  20.934  -14.633  41.181 0.0000000000
58574  19.143  -14.889  40.709 0.0000000000
57489  19.053  -15.573  41.661 0.0000000000
57490  18.522  -16.629  41.723 0.0000000000
57509  30.733  -15.482  36.545 0.0000000000
58635  28.025  -14.629  36.581 0.0000000000
146400  24.557  -15.245  37.925 0.0000000000
58623  24.596  -15.181  37.316 0.0000000000
58637  25.190  -15.122  36.927 0.0000000000
58656  24.203  -14.835  36.216 0.0000000000
143382  23.697  -14.798  36.506 0.0000000000
58641  21.802  -14.575  36.641 0.0000000000
130314  22.202  -14.553  36.071 0.0000000000
125836  19.590  -14.688  34.936 0.0000000000
68826  38.211  -4.676  13.919 0.0000000000
73730  44.996  -0.140  13.703 0.0000000000
74627  45.561  0.263  14.055 0.0000000000
73735  44.979  0.107  12.894 0.0000000000
73736  44.461  -0.289  12.459 0.0000000000
71789  42.885  -1.935  12.978 0.0000000000
72798  43.575  -1.572  13.345 0.0000000000
72812  42.793  -1.473  12.170 0.0000000000
72827  42.330  -1.366  10.459 0.0000000000
72826  42.986  -0.938  10.837 0.0000000000
73742  43.682  -0.582  11.165 0.0000000000
72834  42.839  -0.963  9.928 0.0000000000
57524  17.418  -16.202  35.734 0.0000000000
133527  17.316  -16.733  35.054 0.0000000000
56528  17.014  -17.191  35.974 0.0000000000
55531  16.659  -19.164  35.919 0.0000000000
53515  16.830  -20.287  34.982 0.0000000000
52545  17.069  -20.689  34.510 0.0000000000
52532  16.711  -20.683  35.317 0.0000000000
53482  16.793  -19.867  38.880 0.0000000000
53491  16.665  -19.801  37.934 0.0000000000
52505  16.646  -20.121  38.302 0.0000000000
50497  15.640  -22.615  36.227 0.0000000000
51489  16.157  -21.967  36.696 0.0000000000
50512  15.809  -22.676  35.226 0.0000000000
49499  14.561  -23.810  35.212 0.0000000000
49514  13.631  -24.597  35.313 0.0000000000
48512  13.179  -24.887  35.457 0.0000000000
50422  14.660  -23.235  40.748 0.0000000000
50438  14.802  -23.080  39.949 0.0000000000
124972  14.060  -23.620  39.869 0.0000000000
48416  11.683  -24.639  41.854 0.0000000000
125829  12.009  -24.590  41.053 0.0000000000
48462  12.067  -24.665  38.893 0.0000000000
48448  12.002  -24.654  39.566 0.0000000000
141983  12.596  -24.458  38.574 0.0000000000
48476  12.782  -24.411  37.990 0.0000000000
138717  5.428  -26.013  45.697 0.0000000000
47321  4.117  -26.187  46.027 0.0000000000
46181  3.896  -27.080  45.227 0.0000000000
66913  36.039  -7.591  22.784 0.0000000000
64779  34.052  -8.968  21.792 0.0000000000
64770  34.331  -9.396  22.537 0.0000000000
145573  33.485  -10.459  22.436 0.0000000000
63671  33.055  -10.426  21.970 0.0000000000
62569  32.684  -11.067  21.819 0.0000000000
62570  32.043  -11.397  21.460 0.0000000000
61631  32.507  -11.853  22.068 0.0000000000
61615  34.338  -12.572  23.432 0.0000000000
60736  32.633  -13.881  22.019 0.0000000000
60737  31.918  -13.433  21.475 0.0000000000
59833  31.484  -14.287  20.959 0.0000000000
58833  31.817  -15.957  20.897 0.0000000000
57783  31.675  -16.682  20.009 0.0000000000
57741  33.255  -16.764  22.527 0.0000000000
125864  32.988  -16.613  21.947 0.0000000000
56727  32.870  -16.938  21.866 0.0000000000
56749  31.731  -17.250  20.142 0.0000000000
56763  31.294  -17.319  19.285 0.0000000000
56764  31.187  -17.504  19.478 0.0000000000
55762  30.699  -17.854  19.263 0.0000000000
55763  29.752  -18.148  19.081 0.0000000000
55781  28.640  -18.982  18.611 0.0000000000
56526  30.682  -16.603  34.892 0.0000000000
55543  30.897  -17.219  34.512 0.0000000000
54604  30.397  -17.559  33.024 0.0000000000
54603  30.858  -17.663  33.288 0.0000000000
53533  30.887  -17.744  32.968 0.0000000000
54617  31.653  -17.906  33.100 0.0000000000
54618  31.182  -17.837  32.719 0.0000000000
55614  28.087  -17.782  29.443 0.0000000000
55600  28.701  -17.997  30.106 0.0000000000
55613  28.105  -17.976  29.117 0.0000000000
54663  29.301  -18.412  29.359 0.0000000000
54650  29.491  -18.137  30.299 0.0000000000
54662  29.985  -18.051  29.924 0.0000000000
54648  31.136  -17.878  31.204 0.0000000000
55598  31.152  -17.753  30.417 0.0000000000
55597  31.676  -17.516  30.724 0.0000000000
55611  31.066  -17.543  29.448 0.0000000000
145081  31.066  -17.377  28.622 0.0000000000
56606  31.589  -16.879  28.015 0.0000000000
56617  31.819  -16.897  27.024 0.0000000000
56630  32.018  -16.929  26.236 0.0000000000
56631  31.431  -17.331  26.557 0.0000000000
55668  30.109  -17.948  25.192 0.0000000000
55687  30.967  -17.737  25.227 0.0000000000
55704  30.115  -17.674  23.939 0.0000000000
55705  29.605  -17.625  23.761 0.0000000000
56673  27.419  -17.501  24.188 0.0000000000
55691  27.891  -17.724  24.826 0.0000000000
56733  27.445  -17.393  21.734 0.0000000000
56713  27.961  -17.514  22.639 0.0000000000
131551  28.298  -17.473  22.007 0.0000000000
56712  28.773  -17.529  22.553 0.0000000000
128535  28.254  -17.457  21.360 0.0000000000
56752  28.695  -17.481  20.675 0.0000000000
68761  37.678  -5.740  22.545 0.0000000000
68768  37.284  -5.372  21.958 0.0000000000
67852  34.871  -6.092  20.270 0.0000000000
68775  35.558  -5.742  20.622 0.0000000000
68779  34.597  -5.696  19.417 0.0000000000
67858  33.992  -6.086  19.088 0.0000000000
65931  32.383  -8.409  19.886 0.0000000000
66943  32.713  -7.708  19.612 0.0000000000
65946  31.971  -7.965  19.127 0.0000000000
66966  31.481  -7.910  16.866 0.0000000000
66956  32.247  -7.292  17.895 0.0000000000
137149  32.693  -6.786  17.406 0.0000000000
137544  33.249  -6.345  17.822 0.0000000000
67874  32.786  -6.803  16.467 0.0000000000
78378  54.437  4.398  3.802 0.0000000000
77441  54.959  3.992  3.053 0.0000000000
78383  55.684  4.356  2.768 0.0000000000
130373  50.011  1.742  4.594 0.0000000000
70657  38.686  -3.730  21.426 0.0000000000
55579  17.734  -18.692  31.988 0.0000000000
54637  17.785  -19.420  31.646 0.0000000000
55568  17.623  -18.830  32.928 0.0000000000
55556  17.131  -18.616  33.905 0.0000000000
125347  20.482  -14.597  33.923 0.0000000000
141819  21.223  -14.505  33.601 0.0000000000
58694  19.022  -15.262  32.388 0.0000000000
57583  18.661  -15.536  31.783 0.0000000000
57584  18.050  -16.169  31.544 0.0000000000
56564  17.684  -17.070  31.903 0.0000000000
70752  39.692  -3.534  12.300 0.0000000000
69717  41.641  -4.062  15.775 0.0000000000
69730  42.269  -3.888  15.514 0.0000000000
69731  41.690  -4.005  15.266 0.0000000000
70720  41.756  -3.616  14.308 0.0000000000
70734  41.609  -3.135  13.450 0.0000000000
125500  41.019  -3.521  13.742 0.0000000000
70735  40.362  -3.458  13.127 0.0000000000
55496  17.975  -18.809  42.498 0.0000000000
125576  17.759  -19.220  41.399 0.0000000000
54514  17.684  -19.718  41.887 0.0000000000
47369  8.587  -25.647  42.112 0.0000000000
46224  6.888  -26.712  41.998 0.0000000000
57705  34.633  -16.476  24.877 0.0000000000
57706  33.754  -16.567  25.065 0.0000000000
56649  33.017  -16.724  25.219 0.0000000000
56650  32.337  -17.090  25.317 0.0000000000
128532  24.466  -15.042  27.330 0.0000000000
57664  25.400  -15.784  26.257 0.0000000000
57686  25.447  -16.022  25.458 0.0000000000
57707  25.392  -16.151  24.547 0.0000000000
124880  24.981  -15.618  24.925 0.0000000000
57708  24.518  -15.530  24.148 0.0000000000
63673  31.847  -10.773  20.994 0.0000000000
63688  31.390  -10.655  20.340 0.0000000000
62585  30.258  -11.519  19.475 0.0000000000
76510  50.471  2.139  8.294 0.0000000000
76501  50.704  2.169  9.293 0.0000000000
76509  51.292  2.530  8.748 0.0000000000
77436  52.178  3.838  5.707 0.0000000000
76528  51.185  2.650  4.633 0.0000000000
127598  38.898  -3.781  16.699 0.0000000000
69720  38.098  -4.086  16.497 0.0000000000
69709  36.005  -4.251  17.466 0.0000000000
71707  41.070  -2.160  20.488 0.0000000000
144604  41.637  -1.905  21.065 0.0000000000
70690  40.509  -3.132  17.600 0.0000000000
51548  16.574  -22.514  31.755 0.0000000000
49539  14.565  -24.900  32.863 0.0000000000
49528  14.338  -24.627  33.689 0.0000000000
58651  28.748  -14.803  35.788 0.0000000000
57521  28.589  -14.955  35.035 0.0000000000
57522  27.539  -14.789  35.063 0.0000000000
57533  27.474  -14.965  34.259 0.0000000000
57547  26.462  -14.806  33.493 0.0000000000
57582  21.879  -14.478  31.579 0.0000000000
57581  22.827  -14.505  31.925 0.0000000000
57599  22.927  -14.480  30.959 0.0000000000
57620  22.653  -14.488  30.201 0.0000000000
57619  23.269  -14.544  29.562 0.0000000000
58745  20.851  -14.719  27.729 0.0000000000
124142  20.837  -14.951  26.908 0.0000000000
58746  20.166  -15.325  27.306 0.0000000000
57653  19.530  -15.927  27.386 0.0000000000
58842  30.973  -16.189  19.203 0.0000000000
133740  46.188  0.739  12.831 0.0000000000
74644  46.559  0.683  10.473 0.0000000000
74662  46.106  0.087  8.308 0.0000000000
73778  46.174  -0.108  7.651 0.0000000000
123411  48.024  0.654  8.006 0.0000000000
138941  47.937  0.573  7.308 0.0000000000
58627  21.274  -14.544  37.227 0.0000000000
130539  20.027  -14.556  37.054 0.0000000000
58624  23.961  -15.155  37.649 0.0000000000
58639  23.509  -14.883  37.056 0.0000000000
58625  23.233  -14.922  37.602 0.0000000000
73725  44.526  -0.813  14.175 0.0000000000
72810  43.968  -0.901  12.950 0.0000000000
147228  17.394  -16.492  37.308 0.0000000000
138574  17.073  -17.348  36.715 0.0000000000
56512  17.099  -17.775  37.390 0.0000000000
55530  16.643  -19.299  36.772 0.0000000000
51473  16.339  -21.186  38.199 0.0000000000
51474  16.094  -21.956  37.687 0.0000000000
129227  15.538  -22.566  37.191 0.0000000000
50498  15.028  -23.180  36.717 0.0000000000
49481  14.508  -23.699  36.222 0.0000000000
49482  13.974  -24.007  36.627 0.0000000000
48499  13.036  -24.604  36.358 0.0000000000
49386  14.114  -23.541  41.463 0.0000000000
48450  10.689  -25.253  40.429 0.0000000000
48449  11.356  -24.956  40.031 0.0000000000
48464  10.764  -25.256  39.641 0.0000000000
48478  11.501  -24.969  38.510 0.0000000000
48490  11.585  -25.035  37.649 0.0000000000
47416  10.860  -25.462  37.901 0.0000000000
64758  34.519  -9.894  23.299 0.0000000000
63644  34.291  -10.812  23.304 0.0000000000
131799  33.774  -11.006  22.785 0.0000000000
59795  35.561  -14.351  23.920 0.0000000000
60726  34.749  -13.922  23.274 0.0000000000
60727  34.196  -13.462  23.034 0.0000000000
143948  33.829  -13.927  22.736 0.0000000000
57771  32.372  -16.302  21.289 0.0000000000
56728  32.489  -17.140  21.465 0.0000000000
56729  31.935  -17.411  21.433 0.0000000000
56765  29.197  -17.656  19.861 0.0000000000
56548  29.478  -16.861  33.292 0.0000000000
55554  30.396  -17.149  34.044 0.0000000000
55566  29.698  -17.286  33.018 0.0000000000
54605  29.952  -17.510  32.708 0.0000000000
54621  29.660  -17.587  32.127 0.0000000000
53610  28.452  -18.935  28.874 0.0000000000
121640  28.536  -19.583  28.106 0.0000000000
54674  29.064  -18.563  28.492 0.0000000000
54673  29.664  -18.230  28.927 0.0000000000
129758  30.459  -17.780  28.747 0.0000000000
55623  29.916  -18.116  27.916 0.0000000000
55648  30.754  -17.710  26.845 0.0000000000
55667  30.934  -17.739  26.075 0.0000000000
55649  30.233  -18.174  26.328 0.0000000000
127758  26.161  -16.930  22.844 0.0000000000
147102  26.649  -17.219  22.106 0.0000000000
56734  26.588  -17.297  21.436 0.0000000000
56754  26.866  -17.475  20.724 0.0000000000
55746  27.245  -17.731  19.949 0.0000000000
66924  35.685  -6.813  21.775 0.0000000000
67842  36.331  -6.336  22.007 0.0000000000
67848  34.508  -6.805  20.603 0.0000000000
66941  33.955  -7.088  20.297 0.0000000000
138428  30.621  -9.038  17.854 0.0000000000
65947  31.289  -8.317  18.379 0.0000000000
65960  31.026  -8.367  17.341 0.0000000000
146963  53.270  3.502  3.762 0.0000000000
77443  53.754  3.737  3.629 0.0000000000
70679  38.508  -2.890  18.777 0.0000000000
70670  37.711  -3.284  19.068 0.0000000000
69695  36.871  -3.765  18.742 0.0000000000
69696  36.151  -4.191  18.454 0.0000000000
69697  35.458  -4.598  18.181 0.0000000000
68788  34.848  -5.032  17.926 0.0000000000
70654  40.831  -2.935  22.428 0.0000000000
71686  41.350  -2.610  22.409 0.0000000000
71696  41.030  -2.433  21.624 0.0000000000
52580  17.491  -21.375  31.666 0.0000000000
53572  17.779  -20.777  31.983 0.0000000000
51536  17.103  -21.806  32.205 0.0000000000
51525  17.167  -21.547  33.218 0.0000000000
51526  16.520  -22.149  33.687 0.0000000000
58666  24.369  -14.715  35.388 0.0000000000
58679  23.600  -14.579  34.134 0.0000000000
130090  22.597  -14.482  33.320 0.0000000000
58692  21.118  -14.498  32.826 0.0000000000
57566  21.868  -14.487  32.393 0.0000000000
58713  20.042  -14.658  30.813 0.0000000000
135455  19.842  -14.839  29.884 0.0000000000
140400  19.257  -15.635  28.773 0.0000000000
138176  19.203  -15.413  29.511 0.0000000000
57622  18.218  -16.642  29.607 0.0000000000
56588  17.737  -17.226  30.143 0.0000000000
137552  44.037  -0.421  9.683 0.0000000000
137553  44.804  -0.061  9.913 0.0000000000
73759  44.593  -0.300  9.032 0.0000000000
58585  23.024  -14.915  39.314 0.0000000000
58571  23.633  -15.100  39.906 0.0000000000
70688  43.857  -3.478  16.828 0.0000000000
70696  44.304  -3.287  16.440 0.0000000000
69729  42.974  -3.733  15.853 0.0000000000
70705  44.293  -2.904  15.826 0.0000000000
70717  43.865  -2.853  15.292 0.0000000000
71761  43.802  -2.426  14.739 0.0000000000
71772  43.734  -1.945  14.074 0.0000000000
71802  41.277  -2.329  11.343 0.0000000000
56500  17.718  -17.584  39.707 0.0000000000
126203  17.385  -18.525  39.113 0.0000000000
55510  17.341  -19.164  39.706 0.0000000000
53475  16.964  -20.002  39.757 0.0000000000
54518  17.379  -19.692  41.022 0.0000000000
52473  16.890  -20.376  40.215 0.0000000000
52487  16.733  -20.219  39.308 0.0000000000
51457  16.240  -21.093  39.151 0.0000000000
50468  15.518  -22.398  38.894 0.0000000000
49444  14.434  -23.422  38.700 0.0000000000
48417  10.991  -25.023  41.724 0.0000000000
48434  10.538  -25.286  41.242 0.0000000000
131339  9.428  -26.053  39.412 0.0000000000
46278  8.236  -27.431  39.122 0.0000000000
46241  7.979  -26.501  40.929 0.0000000000
58797  35.976  -15.268  24.550 0.0000000000
143504  35.408  -15.320  23.723 0.0000000000
58810  33.914  -15.672  22.814 0.0000000000
140045  33.404  -15.644  22.331 0.0000000000
142729  33.117  -17.106  23.030 0.0000000000
133290  31.022  -17.545  22.845 0.0000000000
56586  27.356  -16.700  30.208 0.0000000000
56598  27.161  -16.928  29.051 0.0000000000
55626  27.487  -17.525  28.749 0.0000000000
137972  26.412  -17.395  27.560 0.0000000000
130393  27.334  -17.767  28.082 0.0000000000
126015  27.117  -18.095  26.897 0.0000000000
140469  27.490  -18.155  26.360 0.0000000000
124572  28.264  -18.218  26.178 0.0000000000
56652  27.100  -17.629  24.914 0.0000000000
56674  26.736  -17.275  24.339 0.0000000000
56696  25.732  -16.541  23.730 0.0000000000
143177  26.380  -16.918  23.811 0.0000000000
65901  33.676  -8.417  21.155 0.0000000000
125066  31.612  -9.870  20.028 0.0000000000
64800  31.399  -9.367  19.520 0.0000000000
64810  30.913  -9.170  18.822 0.0000000000
78370  53.123  4.422  4.996 0.0000000000
141446  53.165  3.849  4.199 0.0000000000
133792  52.864  2.545  3.312 0.0000000000
69745  39.706  -4.325  14.644 0.0000000000
69721  37.324  -4.264  16.326 0.0000000000
69722  36.662  -4.141  16.844 0.0000000000
139090  36.681  -4.425  16.157 0.0000000000
122791  42.546  -1.675  21.056 0.0000000000
71721  43.531  -2.928  18.296 0.0000000000
70675  42.998  -3.162  17.692 0.0000000000
69703  42.419  -3.523  16.971 0.0000000000
69704  41.579  -3.834  16.453 0.0000000000
57515  31.086  -16.300  36.198 0.0000000000
56518  31.470  -16.952  35.830 0.0000000000
56519  30.882  -16.450  35.577 0.0000000000
57531  29.361  -15.697  34.357 0.0000000000
56536  29.900  -16.652  33.896 0.0000000000
56549  28.838  -16.356  33.096 0.0000000000
56562  28.587  -16.540  32.507 0.0000000000
137801  27.734  -16.208  31.669 0.0000000000
58678  25.395  -14.700  33.525 0.0000000000
57563  26.172  -14.969  32.740 0.0000000000
57577  27.030  -15.476  31.947 0.0000000000
57578  26.416  -15.481  31.255 0.0000000000
56576  27.278  -16.007  31.092 0.0000000000
57616  25.890  -15.624  29.970 0.0000000000
57633  23.932  -14.707  29.035 0.0000000000
137720  24.203  -14.871  28.261 0.0000000000
142275  23.071  -14.599  25.723 0.0000000000
126290  22.895  -14.802  24.866 0.0000000000
57654  18.661  -16.980  27.820 0.0000000000
59834  30.801  -13.798  20.349 0.0000000000
74645  45.685  0.355  10.043 0.0000000000
136996  46.666  0.390  8.751 0.0000000000
126954  47.268  0.829  9.973 0.0000000000
75547  47.821  1.176  10.247 0.0000000000
75545  49.465  1.728  10.437 0.0000000000
75554  49.387  1.551  9.556 0.0000000000
75558  50.020  1.732  9.010 0.0000000000
137836  49.806  1.677  8.294 0.0000000000
75564  49.886  1.849  7.581 0.0000000000
57535  17.918  -15.857  34.357 0.0000000000
57516  17.953  -15.505  35.985 0.0000000000
57510  17.916  -15.496  36.745 0.0000000000
124635  18.848  -14.824  36.923 0.0000000000
57503  17.587  -16.094  38.354 0.0000000000
57495  17.721  -16.362  39.431 0.0000000000
122808  22.370  -14.686  39.825 0.0000000000
58586  21.534  -14.568  39.499 0.0000000000
58573  20.278  -14.644  40.686 0.0000000000
58589  18.206  -15.486  40.120 0.0000000000
57492  17.948  -16.644  40.344 0.0000000000
146291  18.167  -16.942  41.061 0.0000000000
56494  18.555  -17.285  42.396 0.0000000000
56493  19.056  -16.957  43.174 0.0000000000
131340  18.192  -18.140  42.290 0.0000000000
57508  32.307  -16.232  37.200 0.0000000000
127918  31.385  -16.020  36.722 0.0000000000
146252  29.970  -15.057  36.275 0.0000000000
58653  26.683  -14.838  35.959 0.0000000000
58654  25.557  -14.938  36.082 0.0000000000
140345  26.007  -15.042  36.833 0.0000000000
58655  24.805  -14.872  35.914 0.0000000000
125588  23.534  -14.641  35.673 0.0000000000
58657  22.604  -14.535  35.454 0.0000000000
58658  21.697  -14.498  35.190 0.0000000000
124347  20.608  -14.539  34.849 0.0000000000
69762  38.596  -4.409  13.315 0.0000000000
75529  46.767  1.223  14.006 0.0000000000
74626  46.162  0.711  14.423 0.0000000000
74631  46.171  0.748  13.619 0.0000000000
142139  45.593  0.434  12.590 0.0000000000
73740  45.172  0.246  11.921 0.0000000000
73748  44.247  -0.284  10.566 0.0000000000
73737  43.828  -0.659  12.065 0.0000000000
138416  43.360  -0.691  9.514 0.0000000000
57536  17.534  -16.879  34.142 0.0000000000
56538  16.965  -17.919  34.579 0.0000000000
145370  16.893  -18.807  34.536 0.0000000000
131476  16.792  -18.262  35.941 0.0000000000
55544  16.766  -18.834  35.137 0.0000000000
137699  17.354  -20.044  34.106 0.0000000000
53524  17.342  -20.509  34.150 0.0000000000
124209  16.939  -21.507  34.035 0.0000000000
55513  16.887  -18.985  38.379 0.0000000000
54541  16.687  -19.404  37.695 0.0000000000
53503  16.658  -19.811  36.917 0.0000000000
52519  16.606  -20.557  36.545 0.0000000000
53504  16.677  -20.193  36.078 0.0000000000
126381  16.641  -21.347  35.236 0.0000000000
51516  16.556  -21.989  34.705 0.0000000000
50525  15.879  -22.731  34.214 0.0000000000
49512  14.651  -23.914  34.186 0.0000000000
49500  14.031  -24.182  35.719 0.0000000000
51428  16.311  -21.611  41.189 0.0000000000
138272  15.338  -22.447  40.060 0.0000000000
50453  15.002  -22.869  39.265 0.0000000000
49375  12.644  -24.270  41.613 0.0000000000
49387  13.365  -23.993  41.044 0.0000000000
49406  13.344  -24.067  40.215 0.0000000000
48432  11.957  -24.637  40.315 0.0000000000
49407  12.640  -24.379  39.836 0.0000000000
49426  13.335  -24.133  39.407 0.0000000000
134016  13.904  -23.790  39.007 0.0000000000
49445  13.854  -23.803  38.245 0.0000000000
49465  13.354  -24.132  37.758 0.0000000000
48488  12.907  -24.432  37.204 0.0000000000
48500  12.434  -24.843  36.562 0.0000000000
48501  11.740  -25.197  36.740 0.0000000000
47438  12.008  -25.554  35.887 0.0000000000
47343  5.435  -26.493  45.046 0.0000000000
46180  4.652  -26.964  44.938 0.0000000000
47320  4.990  -25.776  46.117 0.0000000000
68759  39.055  -5.119  23.177 0.0000000000
66914  35.531  -7.515  22.164 0.0000000000
65899  34.895  -8.018  21.911 0.0000000000
65900  34.327  -8.366  21.680 0.0000000000
132383  32.989  -9.836  21.621 0.0000000000
62559  33.987  -11.707  23.258 0.0000000000
62560  33.509  -11.742  22.820 0.0000000000
61624  33.075  -12.265  22.541 0.0000000000
61632  31.963  -12.380  21.626 0.0000000000
60738  31.431  -12.712  21.092 0.0000000000
59846  30.943  -14.732  20.174 0.0000000000
57759  32.896  -16.082  21.825 0.0000000000
55799  30.763  -18.644  17.702 0.0000000000
54808  29.991  -19.180  17.811 0.0000000000
57647  32.966  -15.990  27.625 0.0000000000
55529  31.729  -17.455  35.481 0.0000000000
55528  31.849  -17.693  35.161 0.0000000000
55553  31.022  -17.556  34.200 0.0000000000
54572  31.519  -17.749  34.477 0.0000000000
54571  31.992  -17.887  34.831 0.0000000000
55575  32.110  -17.731  32.525 0.0000000000
55601  28.203  -17.425  30.479 0.0000000000
55588  28.925  -17.722  31.057 0.0000000000
53568  29.502  -17.925  31.092 0.0000000000
54664  28.889  -18.415  29.697 0.0000000000
53588  29.586  -18.003  30.891 0.0000000000
53566  30.325  -17.850  31.907 0.0000000000
54634  31.221  -17.887  31.973 0.0000000000
55587  31.472  -17.829  31.872 0.0000000000
55586  32.039  -17.460  31.523 0.0000000000
56607  31.518  -17.036  29.090 0.0000000000
57632  32.393  -16.295  28.210 0.0000000000
140370  32.309  -16.584  26.679 0.0000000000
125765  31.750  -17.468  24.997 0.0000000000
56670  31.347  -17.606  24.370 0.0000000000
56671  30.787  -17.633  23.723 0.0000000000
55670  28.479  -17.988  25.462 0.0000000000
55690  28.734  -17.768  24.679 0.0000000000
55706  28.969  -17.603  23.934 0.0000000000
56694  27.683  -17.492  23.416 0.0000000000
56692  29.248  -17.583  23.205 0.0000000000
56711  29.636  -17.531  22.426 0.0000000000
55764  28.638  -18.139  19.126 0.0000000000
55765  27.681  -18.181  19.401 0.0000000000
142556  27.966  -18.677  18.907 0.0000000000
68767  37.997  -5.092  22.269 0.0000000000
68773  36.909  -4.998  21.275 0.0000000000
67846  35.910  -6.070  21.393 0.0000000000
68774  36.245  -5.354  20.947 0.0000000000
68777  35.904  -4.948  20.087 0.0000000000
68782  34.990  -5.083  18.846 0.0000000000
68789  34.288  -5.442  17.607 0.0000000000
66937  33.790  -7.719  20.691 0.0000000000
66942  33.385  -7.416  20.006 0.0000000000
67854  33.642  -6.731  19.576 0.0000000000
66950  31.877  -7.712  18.366 0.0000000000
67859  33.402  -6.462  18.712 0.0000000000
67867  33.690  -5.879  17.281 0.0000000000
76525  50.473  2.364  5.162 0.0000000000
75582  51.122  2.027  3.847 0.0000000000
50407  14.495  -23.287  42.159 0.0000000000
50436  15.710  -22.228  40.803 0.0000000000
50483  15.565  -22.554  38.096 0.0000000000
51436  16.986  -20.622  41.239 0.0000000000
51444  16.446  -21.110  40.020 0.0000000000
51505  16.359  -22.030  35.714 0.0000000000
52506  16.551  -20.540  37.693 0.0000000000
53470  17.086  -20.111  40.608 0.0000000000
53534  30.450  -17.625  32.834 0.0000000000
53538  17.642  -20.259  33.600 0.0000000000
53548  30.620  -17.759  32.499 0.0000000000
53550  29.798  -17.740  31.799 0.0000000000
53567  30.139  -18.031  31.369 0.0000000000
53587  30.080  -17.981  31.200 0.0000000000
53589  29.191  -18.228  30.139 0.0000000000
53608  29.096  -18.568  29.406 0.0000000000
53609  28.808  -18.661  29.136 0.0000000000
53629  28.524  -19.168  28.267 0.0000000000
53630  28.522  -19.131  28.433 0.0000000000
53648  28.699  -19.704  28.149 0.0000000000
53649  28.570  -19.539  28.246 0.0000000000
54532  16.805  -19.509  38.570 0.0000000000
54586  31.194  -17.729  33.847 0.0000000000
54587  30.709  -17.542  33.583 0.0000000000
54588  17.043  -19.514  34.421 0.0000000000
54602  31.343  -17.820  33.432 0.0000000000
54619  31.090  -17.876  32.252 0.0000000000
54620  29.908  -17.570  32.475 0.0000000000
54635  30.525  -17.940  31.661 0.0000000000
54636  29.241  -17.692  31.484 0.0000000000
55555  29.955  -17.208  33.478 0.0000000000
55599  30.559  -17.952  30.499 0.0000000000
55624  28.374  -18.754  27.989 0.0000000000
55638  28.649  -18.567  27.491 0.0000000000
56587  26.653  -15.859  30.445 0.0000000000
56601  17.606  -17.928  29.912 0.0000000000
56608  26.846  -17.316  28.145 0.0000000000
56653  26.446  -17.337  25.076 0.0000000000
57534  26.705  -14.759  34.126 0.0000000000
57615  32.519  -16.155  29.076 0.0000000000
57665  25.282  -15.579  27.105 0.0000000000
58668  23.033  -14.528  34.781 0.0000000000
66948  33.024  -7.052  19.220 0.0000000000
66965  32.094  -7.335  16.934 0.0000000000
67866  33.821  -5.900  18.177 0.0000000000
121639  28.553  -19.698  28.241 0.0000000000
122811  21.959  -14.587  40.726 0.0000000000
125299  23.364  -14.558  30.222 0.0000000000
125448  17.589  -19.176  40.533 0.0000000000
125577  17.878  -19.241  42.031 0.0000000000
129165  17.083  -20.118  34.507 0.0000000000
129461  29.423  -17.350  32.438 0.0000000000
130932  17.024  -19.590  39.358 0.0000000000
145220  31.179  -10.314  19.842 0.0000000000
146447  16.929  -17.837  36.373 0.0000000000
147063  17.931  -16.459  32.975 0.0000000000
