#!ascii label  , from subject sub-v2s16x51244_ses-1 vox2ras=TkReg
1477
72368  -40.799  -3.999  23.898 0.0000000000
111805  -54.801  -3.178  8.647 0.0000000000
78133  -39.215  4.633  23.342 0.0000000000
71008  -46.955  -5.367  16.079 0.0000000000
102132  -46.618  -8.510  21.731 0.0000000000
75937  -47.563  1.172  18.781 0.0000000000
80765  -44.835  8.037  9.996 0.0000000000
107846  -43.754  10.933  13.376 0.0000000000
65360  -39.999  -13.233  23.273 0.0000000000
72390  -43.332  -3.325  19.307 0.0000000000
73749  -48.309  -1.233  18.423 0.0000000000
73720  -47.294  -1.636  24.570 0.0000000000
80667  -45.381  8.751  19.948 0.0000000000
79480  -43.459  6.542  15.535 0.0000000000
80740  -49.594  8.338  13.472 0.0000000000
82013  -47.633  10.524  8.467 0.0000000000
81933  -48.303  10.852  15.046 0.0000000000
106492  -50.737  0.331  7.502 0.0000000000
73002  -38.890  -2.167  27.580 0.0000000000
73689  -44.674  -2.163  28.328 0.0000000000
68719  -50.982  -7.026  17.280 0.0000000000
68705  -46.120  -8.564  18.039 0.0000000000
110125  -41.655  -6.876  19.505 0.0000000000
67037  -40.336  -10.569  21.151 0.0000000000
75992  -53.349  1.429  15.097 0.0000000000
75243  -47.222  0.771  10.684 0.0000000000
76684  -41.934  1.557  19.702 0.0000000000
76725  -42.777  2.484  12.736 0.0000000000
77463  -44.423  4.324  6.480 0.0000000000
117459  -42.002  7.973  3.553 0.0000000000
82007  -40.757  10.539  8.745 0.0000000000
73059  -42.027  -3.103  20.999 0.0000000000
73052  -44.302  -2.358  21.415 0.0000000000
73040  -43.943  -2.748  23.975 0.0000000000
80668  -47.892  8.706  19.904 0.0000000000
117426  -47.243  9.217  16.560 0.0000000000
80711  -51.465  8.761  16.142 0.0000000000
81960  -50.982  9.438  13.569 0.0000000000
73828  -53.386  -1.350  7.658 0.0000000000
74351  -37.198  -0.320  28.403 0.0000000000
74328  -40.534  -0.102  30.491 0.0000000000
68687  -46.281  -8.745  19.712 0.0000000000
69522  -43.637  -7.470  19.171 0.0000000000
102411  -43.908  -7.953  20.532 0.0000000000
66198  -40.318  -11.964  21.923 0.0000000000
69482  -36.704  -7.233  22.985 0.0000000000
71670  -36.155  -4.987  25.029 0.0000000000
115441  -35.090  -5.813  24.631 0.0000000000
72418  -47.966  -3.631  14.525 0.0000000000
74409  -50.884  -0.121  21.792 0.0000000000
74421  -52.270  0.644  18.678 0.0000000000
75965  -50.007  1.431  16.854 0.0000000000
75219  -49.848  0.286  12.476 0.0000000000
121955  -47.607  0.392  14.991 0.0000000000
75109  -40.422  0.550  26.062 0.0000000000
74384  -42.459  -0.416  23.838 0.0000000000
76670  -39.760  2.425  21.361 0.0000000000
79503  -45.501  6.644  12.803 0.0000000000
115583  -42.746  4.578  13.961 0.0000000000
78892  -42.865  5.028  11.297 0.0000000000
77439  -43.269  3.332  10.109 0.0000000000
119553  -42.612  5.974  8.794 0.0000000000
79545  -42.597  5.995  4.449 0.0000000000
80796  -43.921  8.903  7.386 0.0000000000
81982  -45.491  10.387  11.163 0.0000000000
82009  -43.887  10.256  8.594 0.0000000000
121051  -42.133  9.580  10.643 0.0000000000
81344  -39.580  9.974  11.039 0.0000000000
81329  -40.871  9.549  13.029 0.0000000000
72399  -45.185  -4.113  17.916 0.0000000000
72401  -47.268  -3.204  17.260 0.0000000000
73069  -45.787  -2.566  19.548 0.0000000000
73732  -47.893  -0.857  21.877 0.0000000000
120844  -47.994  0.263  22.737 0.0000000000
116965  -41.933  7.265  21.533 0.0000000000
79449  -41.162  6.677  19.534 0.0000000000
80081  -43.610  8.001  17.980 0.0000000000
121605  -46.259  7.794  14.520 0.0000000000
80758  -48.523  8.427  11.086 0.0000000000
81379  -47.953  9.795  6.663 0.0000000000
81373  -51.526  9.558  9.287 0.0000000000
81984  -48.321  10.595  11.405 0.0000000000
82666  -46.358  11.364  13.515 0.0000000000
74525  -49.142  0.522  6.506 0.0000000000
71650  -40.670  -4.624  26.037 0.0000000000
72342  -43.165  -3.961  26.864 0.0000000000
72991  -43.309  -3.168  29.431 0.0000000000
74329  -43.691  -0.576  31.031 0.0000000000
76643  -41.154  2.452  26.825 0.0000000000
78097  -43.005  4.152  28.405 0.0000000000
78800  -42.081  5.030  25.022 0.0000000000
69552  -48.305  -7.651  16.095 0.0000000000
68717  -48.574  -8.334  17.673 0.0000000000
69549  -46.456  -6.972  16.832 0.0000000000
71000  -44.317  -5.651  17.864 0.0000000000
70996  -42.115  -5.093  19.046 0.0000000000
107385  -45.469  -8.968  23.481 0.0000000000
66173  -42.605  -11.912  24.326 0.0000000000
67027  -43.414  -10.525  22.403 0.0000000000
67834  -43.304  -9.129  21.583 0.0000000000
68681  -40.703  -8.482  20.290 0.0000000000
70981  -39.191  -5.102  23.013 0.0000000000
73134  -53.607  -1.906  10.553 0.0000000000
73757  -48.908  -1.343  15.824 0.0000000000
74449  -52.827  0.002  14.738 0.0000000000
74478  -54.923  0.506  11.750 0.0000000000
118399  -53.204  0.858  10.872 0.0000000000
76036  -49.957  1.514  8.364 0.0000000000
76044  -48.514  2.009  7.224 0.0000000000
73706  -45.461  -2.352  25.871 0.0000000000
75128  -44.838  0.176  22.660 0.0000000000
75923  -44.694  0.700  19.514 0.0000000000
102729  -41.331  4.645  17.279 0.0000000000
76700  -42.472  2.453  16.535 0.0000000000
75177  -44.965  0.744  15.207 0.0000000000
76015  -44.596  0.884  11.863 0.0000000000
76042  -45.816  2.405  8.553 0.0000000000
76773  -46.121  2.430  4.833 0.0000000000
82040  -45.167  10.587  5.814 0.0000000000
82045  -40.840  10.521  6.385 0.0000000000
80158  -39.309  7.618  8.297 0.0000000000
80764  -38.105  8.884  9.439 0.0000000000
81989  -36.631  10.222  10.838 0.0000000000
73044  -41.823  -3.306  22.645 0.0000000000
73045  -42.618  -3.070  22.581 0.0000000000
73039  -42.228  -3.230  23.539 0.0000000000
80685  -49.644  8.824  18.917 0.0000000000
81314  -52.193  8.943  16.119 0.0000000000
73161  -54.302  -2.404  8.151 0.0000000000
101745  -46.577  -8.693  20.716 0.0000000000
68685  -44.730  -8.034  20.381 0.0000000000
68667  -44.978  -8.174  21.192 0.0000000000
69481  -36.089  -7.873  23.205 0.0000000000
70263  -35.498  -6.532  24.283 0.0000000000
71020  -47.403  -5.358  15.156 0.0000000000
71729  -47.601  -4.580  14.763 0.0000000000
75927  -48.833  1.254  20.004 0.0000000000
75928  -50.679  1.261  19.923 0.0000000000
102286  -49.282  1.454  18.115 0.0000000000
75978  -48.627  0.883  15.891 0.0000000000
75963  -47.253  0.729  16.456 0.0000000000
76660  -39.460  2.467  24.742 0.0000000000
75888  -39.497  1.706  23.535 0.0000000000
77370  -38.963  3.848  22.717 0.0000000000
80135  -44.959  7.239  11.342 0.0000000000
79501  -44.107  5.881  12.212 0.0000000000
79517  -43.049  6.756  10.765 0.0000000000
79516  -42.704  6.284  10.281 0.0000000000
80153  -42.990  7.742  9.642 0.0000000000
80159  -42.578  7.567  8.147 0.0000000000
80787  -44.483  8.604  8.334 0.0000000000
105153  -44.548  10.524  12.242 0.0000000000
81348  -43.906  9.735  11.139 0.0000000000
81337  -43.303  9.758  11.851 0.0000000000
81335  -41.230  9.433  12.178 0.0000000000
106724  -42.241  10.151  13.581 0.0000000000
72398  -44.357  -4.204  18.221 0.0000000000
72395  -45.691  -3.525  18.281 0.0000000000
106575  -44.540  -3.252  18.978 0.0000000000
73729  -45.169  -2.064  22.218 0.0000000000
73740  -46.137  -1.715  21.138 0.0000000000
73725  -47.257  -1.498  23.356 0.0000000000
74395  -48.721  -0.480  23.251 0.0000000000
74388  -48.276  -1.050  24.426 0.0000000000
80067  -43.851  8.039  20.666 0.0000000000
117343  -43.156  7.968  19.248 0.0000000000
80681  -44.973  9.067  18.791 0.0000000000
80720  -48.487  8.711  15.258 0.0000000000
80718  -46.752  9.015  15.824 0.0000000000
80738  -47.595  8.266  13.713 0.0000000000
80119  -47.197  7.828  13.023 0.0000000000
103364  -49.901  8.356  11.846 0.0000000000
119483  -50.234  8.722  9.608 0.0000000000
80759  -51.346  8.434  11.395 0.0000000000
107432  -50.159  9.808  14.180 0.0000000000
81972  -50.352  10.097  12.690 0.0000000000
81959  -48.114  10.752  13.226 0.0000000000
81958  -47.023  11.083  12.907 0.0000000000
82667  -47.222  11.215  13.767 0.0000000000
74512  -50.012  0.364  7.097 0.0000000000
72326  -40.181  -3.634  27.116 0.0000000000
72327  -41.334  -4.019  27.358 0.0000000000
72989  -40.913  -2.519  28.656 0.0000000000
75071  -41.365  0.429  30.744 0.0000000000
74322  -42.640  -0.544  31.234 0.0000000000
75078  -42.022  1.184  29.971 0.0000000000
75077  -41.975  0.863  29.000 0.0000000000
75862  -42.103  2.158  29.003 0.0000000000
78779  -43.356  4.932  28.203 0.0000000000
78124  -42.605  4.737  25.945 0.0000000000
78801  -42.976  5.450  25.408 0.0000000000
79418  -43.198  6.387  24.030 0.0000000000
79420  -44.135  6.517  25.239 0.0000000000
69565  -49.620  -7.166  15.746 0.0000000000
68732  -48.947  -7.936  16.994 0.0000000000
67866  -48.689  -8.592  18.374 0.0000000000
120649  -47.479  -8.617  17.852 0.0000000000
119340  -47.679  -8.067  16.993 0.0000000000
68715  -46.577  -8.273  17.516 0.0000000000
70309  -45.481  -6.392  17.324 0.0000000000
69537  -45.143  -7.199  17.563 0.0000000000
69521  -42.323  -7.107  19.406 0.0000000000
70304  -42.562  -6.438  18.928 0.0000000000
70995  -41.651  -5.652  19.337 0.0000000000
65375  -41.377  -12.756  23.762 0.0000000000
66200  -42.185  -11.832  22.570 0.0000000000
66208  -41.730  -11.172  21.766 0.0000000000
67040  -42.970  -9.969  21.846 0.0000000000
67832  -41.655  -9.711  21.017 0.0000000000
67846  -42.073  -8.963  20.772 0.0000000000
67844  -40.333  -9.227  20.529 0.0000000000
70970  -38.935  -5.403  24.296 0.0000000000
70969  -38.222  -5.652  24.498 0.0000000000
72456  -53.134  -3.681  10.649 0.0000000000
73079  -47.608  -2.397  17.588 0.0000000000
73082  -48.204  -1.878  16.204 0.0000000000
74419  -48.625  -1.077  17.714 0.0000000000
75950  -53.293  1.084  17.952 0.0000000000
74440  -52.536  0.402  16.236 0.0000000000
75184  -54.195  1.143  15.734 0.0000000000
121011  -54.077  0.254  13.645 0.0000000000
75211  -54.736  1.011  14.050 0.0000000000
106109  -54.508  0.821  11.022 0.0000000000
75221  -53.903  1.188  12.868 0.0000000000
102977  -48.926  -0.092  11.791 0.0000000000
75246  -50.126  0.706  10.405 0.0000000000
76026  -48.582  1.075  9.951 0.0000000000
106888  -48.673  1.767  8.357 0.0000000000
76034  -47.820  1.745  8.933 0.0000000000
72344  -45.250  -3.438  27.959 0.0000000000
73028  -45.214  -3.036  26.317 0.0000000000
73702  -44.919  -2.630  26.655 0.0000000000
75135  -41.789  0.652  21.861 0.0000000000
75118  -43.583  -0.563  23.807 0.0000000000
75898  -43.128  0.679  21.226 0.0000000000
75899  -44.505  0.617  21.178 0.0000000000
75922  -43.941  0.787  19.700 0.0000000000
79464  -42.263  6.748  17.508 0.0000000000
78839  -40.707  5.568  18.474 0.0000000000
78855  -42.111  5.802  16.339 0.0000000000
112274  -42.564  3.990  13.735 0.0000000000
77407  -42.349  3.537  15.276 0.0000000000
108744  -42.665  2.518  14.949 0.0000000000
75959  -43.694  1.495  16.201 0.0000000000
75990  -43.738  1.172  14.350 0.0000000000
75203  -44.874  -0.002  13.722 0.0000000000
76014  -43.729  1.464  11.731 0.0000000000
77454  -44.073  3.993  7.965 0.0000000000
76031  -44.821  2.611  9.146 0.0000000000
76754  -45.381  3.149  7.936 0.0000000000
76755  -46.260  2.973  7.164 0.0000000000
76763  -45.806  3.366  6.108 0.0000000000
76069  -44.754  2.538  3.751 0.0000000000
77471  -44.394  4.408  4.831 0.0000000000
104610  -42.485  6.891  4.306 0.0000000000
78933  -42.203  5.853  3.997 0.0000000000
82029  -48.186  10.387  7.038 0.0000000000
81391  -46.765  10.106  5.954 0.0000000000
82027  -46.164  10.568  7.047 0.0000000000
101765  -42.069  10.492  8.300 0.0000000000
82024  -42.231  10.756  7.401 0.0000000000
103688  -40.769  10.709  7.298 0.0000000000
80802  -39.992  9.053  6.664 0.0000000000
81377  -39.217  9.505  7.981 0.0000000000
80157  -38.816  8.254  8.880 0.0000000000
81366  -38.972  10.054  8.708 0.0000000000
81980  -38.905  10.002  11.653 0.0000000000
106569  -37.638  10.409  10.585 0.0000000000
81963  -37.351  10.792  11.769 0.0000000000
81977  -36.325  10.445  11.434 0.0000000000
72386  -42.181  -3.209  20.202 0.0000000000
73067  -43.847  -2.856  19.851 0.0000000000
117197  -43.473  -2.618  21.368 0.0000000000
73051  -43.599  -2.562  22.194 0.0000000000
73718  -45.738  -2.348  24.037 0.0000000000
80695  -45.762  9.280  18.250 0.0000000000
102269  -47.628  9.281  18.115 0.0000000000
80709  -48.878  9.195  16.990 0.0000000000
80721  -49.798  8.692  15.259 0.0000000000
80742  -51.571  8.608  13.120 0.0000000000
80732  -51.339  8.970  14.603 0.0000000000
81946  -50.457  9.592  14.892 0.0000000000
114073  -51.922  -0.880  7.560 0.0000000000
74352  -38.170  -1.134  28.376 0.0000000000
73673  -40.210  -1.701  29.157 0.0000000000
74336  -38.712  -0.658  29.049 0.0000000000
68698  -45.952  -8.678  18.858 0.0000000000
68704  -45.356  -8.257  18.330 0.0000000000
68697  -45.146  -8.252  19.380 0.0000000000
68696  -44.234  -7.827  19.672 0.0000000000
68694  -42.535  -7.784  20.064 0.0000000000
65381  -39.934  -12.628  22.468 0.0000000000
66205  -38.926  -11.130  21.501 0.0000000000
111419  -37.336  -6.457  23.034 0.0000000000
70265  -37.015  -6.087  24.302 0.0000000000
70264  -36.342  -6.284  24.261 0.0000000000
70966  -35.883  -5.793  24.672 0.0000000000
74411  -49.443  -0.615  19.842 0.0000000000
106210  -50.038  -0.478  18.369 0.0000000000
104848  -51.254  -0.039  19.957 0.0000000000
75930  -52.590  1.106  18.977 0.0000000000
75980  -51.559  1.451  15.706 0.0000000000
108789  -50.890  0.864  14.010 0.0000000000
75182  -50.279  1.201  15.381 0.0000000000
75207  -48.746  0.207  13.692 0.0000000000
74473  -47.229  -0.440  12.240 0.0000000000
74367  -42.137  -0.442  26.792 0.0000000000
74373  -43.011  -1.222  26.222 0.0000000000
74376  -40.964  -0.109  24.684 0.0000000000
75124  -40.453  0.875  22.637 0.0000000000
75908  -40.442  2.041  20.729 0.0000000000
79487  -44.483  6.455  14.327 0.0000000000
78863  -42.926  5.785  15.086 0.0000000000
78878  -43.812  5.564  13.523 0.0000000000
78194  -43.410  5.042  12.932 0.0000000000
78200  -42.732  4.283  11.751 0.0000000000
76740  -42.995  3.047  10.952 0.0000000000
78205  -42.637  4.390  10.733 0.0000000000
123310  -42.726  4.727  9.065 0.0000000000
78222  -43.137  5.266  7.151 0.0000000000
78227  -43.882  4.929  5.855 0.0000000000
78917  -42.835  5.806  6.706 0.0000000000
80166  -42.630  7.628  6.806 0.0000000000
80804  -42.886  8.597  4.930 0.0000000000
81995  -45.929  10.374  10.320 0.0000000000
82010  -44.875  10.281  8.791 0.0000000000
81370  -44.180  9.831  9.558 0.0000000000
81369  -43.282  9.893  9.320 0.0000000000
81994  -40.863  10.168  9.651 0.0000000000
102066  -40.026  10.356  9.440 0.0000000000
81356  -40.979  9.807  10.470 0.0000000000
117726  -40.474  9.502  12.319 0.0000000000
81953  -39.407  9.870  13.607 0.0000000000
71004  -46.427  -5.021  16.817 0.0000000000
72403  -46.981  -3.799  16.646 0.0000000000
123394  -46.653  -3.722  17.293 0.0000000000
73075  -47.020  -2.754  18.671 0.0000000000
73071  -47.296  -2.046  19.104 0.0000000000
73063  -45.459  -2.267  20.375 0.0000000000
73064  -46.305  -1.931  20.172 0.0000000000
73745  -47.773  -1.368  19.594 0.0000000000
74407  -48.898  -0.565  21.647 0.0000000000
112480  -50.108  0.133  22.727 0.0000000000
75914  -47.113  0.807  20.394 0.0000000000
79432  -40.584  6.432  22.151 0.0000000000
79438  -39.743  5.774  21.239 0.0000000000
80064  -41.621  7.207  20.034 0.0000000000
102814  -42.903  7.783  18.576 0.0000000000
80096  -43.779  7.545  16.581 0.0000000000
104024  -45.278  8.894  17.442 0.0000000000
80098  -45.053  8.036  16.062 0.0000000000
80105  -44.712  7.468  15.468 0.0000000000
80117  -45.831  6.984  13.312 0.0000000000
80136  -45.920  7.317  11.823 0.0000000000
80146  -46.458  8.016  10.762 0.0000000000
80778  -46.484  8.572  9.096 0.0000000000
80780  -48.629  8.887  8.795 0.0000000000
81371  -50.322  9.718  8.128 0.0000000000
82014  -49.393  10.398  8.263 0.0000000000
81350  -51.957  9.483  11.213 0.0000000000
102809  -49.486  10.490  10.613 0.0000000000
118308  -47.525  10.573  10.766 0.0000000000
110987  -46.297  10.586  11.284 0.0000000000
81968  -45.826  10.720  11.974 0.0000000000
82664  -44.860  11.269  13.291 0.0000000000
71665  -41.187  -4.311  25.327 0.0000000000
72361  -41.941  -3.933  25.229 0.0000000000
72356  -42.157  -4.300  26.317 0.0000000000
72328  -43.560  -3.846  27.673 0.0000000000
72307  -45.711  -3.218  29.905 0.0000000000
73674  -41.398  -1.924  29.759 0.0000000000
72978  -44.305  -1.825  31.285 0.0000000000
74339  -44.750  -1.536  29.573 0.0000000000
75105  -41.551  0.269  27.403 0.0000000000
75876  -40.106  1.560  25.934 0.0000000000
77359  -39.838  3.144  25.206 0.0000000000
110603  -42.636  3.702  29.165 0.0000000000
76644  -42.095  2.963  27.852 0.0000000000
78122  -40.925  4.194  25.331 0.0000000000
78813  -40.444  5.178  23.969 0.0000000000
109103  -42.060  6.111  23.688 0.0000000000
79434  -42.587  7.113  22.702 0.0000000000
80061  -44.197  7.891  21.477 0.0000000000
69564  -48.685  -7.256  15.525 0.0000000000
111785  -47.397  -6.156  15.642 0.0000000000
68706  -49.606  -8.249  18.627 0.0000000000
68718  -49.352  -8.087  17.776 0.0000000000
119641  -48.246  -7.934  16.656 0.0000000000
69551  -47.698  -7.674  16.433 0.0000000000
70330  -46.870  -6.393  16.415 0.0000000000
71003  -45.919  -5.628  17.164 0.0000000000
71704  -44.752  -4.850  17.817 0.0000000000
119433  -43.671  -4.266  18.443 0.0000000000
70306  -43.956  -6.459  18.063 0.0000000000
70999  -43.560  -5.645  18.250 0.0000000000
72393  -43.009  -3.984  18.814 0.0000000000
72388  -41.714  -3.780  19.820 0.0000000000
66175  -44.203  -10.520  24.831 0.0000000000
66188  -41.406  -12.411  22.924 0.0000000000
66190  -43.224  -11.289  23.767 0.0000000000
67019  -44.597  -10.067  24.119 0.0000000000
67811  -44.868  -9.497  23.492 0.0000000000
67822  -45.088  -8.830  22.838 0.0000000000
67835  -45.035  -8.484  22.009 0.0000000000
67848  -43.615  -8.450  21.122 0.0000000000
68683  -42.476  -8.392  20.549 0.0000000000
69512  -40.954  -7.710  20.020 0.0000000000
116213  -40.160  -4.330  23.619 0.0000000000
106814  -39.645  -5.024  24.866 0.0000000000
71663  -39.861  -4.771  25.640 0.0000000000
72338  -38.519  -3.586  26.264 0.0000000000
73001  -38.191  -2.344  27.063 0.0000000000
71767  -54.057  -4.970  10.364 0.0000000000
72467  -54.480  -3.398  10.035 0.0000000000
73136  -55.030  -2.461  9.695 0.0000000000
72411  -47.628  -3.372  15.431 0.0000000000
73091  -48.390  -2.069  15.246 0.0000000000
74429  -50.737  -0.336  17.046 0.0000000000
74448  -50.622  -0.774  14.873 0.0000000000
73780  -51.096  -1.026  13.279 0.0000000000
121622  -52.063  -1.352  11.727 0.0000000000
73797  -54.050  -0.974  10.949 0.0000000000
73816  -55.226  -1.416  9.630 0.0000000000
74499  -54.991  -0.227  9.161 0.0000000000
75258  -53.729  0.586  9.312 0.0000000000
103260  -52.474  0.715  9.016 0.0000000000
120081  -51.043  0.563  12.147 0.0000000000
75247  -51.165  0.809  10.026 0.0000000000
76037  -50.627  1.223  8.097 0.0000000000
76054  -49.783  1.400  6.578 0.0000000000
76053  -49.162  1.478  6.251 0.0000000000
75287  -47.690  1.425  5.390 0.0000000000
72362  -43.199  -3.527  25.264 0.0000000000
73033  -44.831  -3.068  25.379 0.0000000000
73030  -46.472  -2.250  25.758 0.0000000000
73709  -44.444  -1.576  25.388 0.0000000000
74380  -45.523  -1.333  24.959 0.0000000000
74386  -46.921  -0.910  24.643 0.0000000000
113659  -46.618  -0.141  23.266 0.0000000000
75913  -46.101  0.666  20.615 0.0000000000
114078  -46.102  0.757  18.778 0.0000000000
115165  -39.463  4.770  20.833 0.0000000000
77380  -40.242  3.811  19.533 0.0000000000
77381  -40.773  3.160  19.031 0.0000000000
78173  -42.033  4.989  15.974 0.0000000000
77390  -41.935  3.009  16.944 0.0000000000
105985  -42.207  2.014  18.054 0.0000000000
75944  -43.421  1.436  17.669 0.0000000000
75946  -44.944  0.829  17.495 0.0000000000
75962  -46.538  0.757  16.928 0.0000000000
75193  -46.243  0.157  14.507 0.0000000000
75228  -46.571  0.068  11.002 0.0000000000
76022  -43.865  1.940  10.903 0.0000000000
102165  -45.121  1.871  9.774 0.0000000000
118959  -46.383  1.405  10.071 0.0000000000
76043  -46.860  2.550  7.531 0.0000000000
76756  -47.027  2.686  6.403 0.0000000000
78233  -43.590  4.760  4.364 0.0000000000
80797  -45.100  9.360  7.049 0.0000000000
81403  -45.249  10.014  5.042 0.0000000000
82064  -43.750  10.062  3.761 0.0000000000
106959  -44.345  10.713  6.820 0.0000000000
82047  -43.486  10.816  5.547 0.0000000000
81411  -42.054  9.618  4.114 0.0000000000
80171  -40.324  8.214  6.127 0.0000000000
79531  -39.774  7.027  7.642 0.0000000000
79525  -39.495  6.713  8.480 0.0000000000
82005  -38.602  10.147  9.576 0.0000000000
115526  -37.253  9.825  10.100 0.0000000000
82650  -43.771  11.805  14.491 0.0000000000
116699  -42.619  11.005  14.212 0.0000000000
81943  -41.871  10.620  14.264 0.0000000000
81941  -39.858  10.316  14.378 0.0000000000
81940  -38.847  10.361  14.218 0.0000000000
72374  -41.296  -3.527  23.205 0.0000000000
72369  -41.533  -3.609  24.220 0.0000000000
68669  -47.487  -8.532  21.673 0.0000000000
120696  -47.054  -8.679  21.227 0.0000000000
68668  -45.783  -8.419  21.367 0.0000000000
68643  -35.683  -8.657  23.271 0.0000000000
71718  -47.231  -4.604  15.534 0.0000000000
117259  -48.285  1.348  19.183 0.0000000000
75938  -49.334  1.444  19.225 0.0000000000
102287  -48.319  1.341  18.405 0.0000000000
75947  -48.342  1.238  17.403 0.0000000000
102590  -47.535  1.087  17.940 0.0000000000
108770  -39.281  3.371  24.263 0.0000000000
111723  -39.048  3.189  23.369 0.0000000000
118894  -39.088  3.867  23.578 0.0000000000
119751  -45.169  7.703  10.642 0.0000000000
80134  -43.851  7.023  11.108 0.0000000000
80144  -44.289  7.518  10.573 0.0000000000
80143  -43.293  7.362  10.373 0.0000000000
80154  -43.826  7.904  9.891 0.0000000000
117461  -43.553  8.240  9.138 0.0000000000
119734  -44.388  8.308  9.344 0.0000000000
81967  -43.707  10.402  12.675 0.0000000000
81981  -44.060  10.096  11.880 0.0000000000
81966  -42.738  9.850  12.737 0.0000000000
81956  -43.016  10.598  13.522 0.0000000000
72394  -43.912  -3.652  18.720 0.0000000000
72391  -44.055  -3.167  19.282 0.0000000000
73724  -46.259  -1.971  23.434 0.0000000000
73730  -46.128  -1.705  22.203 0.0000000000
73721  -48.123  -1.250  24.274 0.0000000000
80660  -44.608  8.508  20.324 0.0000000000
80074  -43.794  8.404  19.615 0.0000000000
80666  -44.550  8.776  19.497 0.0000000000
80730  -49.303  8.524  14.625 0.0000000000
80729  -48.021  8.586  14.483 0.0000000000
103365  -48.786  8.408  13.901 0.0000000000
80739  -48.383  8.275  13.071 0.0000000000
80750  -49.754  8.311  12.813 0.0000000000
80751  -51.119  8.323  12.587 0.0000000000
81945  -49.189  10.390  14.577 0.0000000000
114369  -48.941  10.448  13.888 0.0000000000
81944  -48.090  10.790  14.193 0.0000000000
82654  -47.372  11.307  14.719 0.0000000000
109923  -50.680  -0.461  7.565 0.0000000000
116222  -49.905  -0.470  7.421 0.0000000000
73003  -39.708  -2.678  27.583 0.0000000000
73004  -40.596  -3.076  27.818 0.0000000000
111197  -41.310  1.333  30.640 0.0000000000
75072  -42.032  0.644  30.602 0.0000000000
112862  -41.722  1.619  30.291 0.0000000000
75846  -42.053  2.131  29.979 0.0000000000
78789  -44.128  5.554  26.475 0.0000000000
78802  -43.790  5.865  25.717 0.0000000000
69553  -49.813  -7.376  16.417 0.0000000000
68733  -50.029  -7.540  17.143 0.0000000000
68714  -45.723  -7.961  17.592 0.0000000000
70302  -41.931  -6.398  19.242 0.0000000000
70301  -41.324  -6.297  19.560 0.0000000000
70994  -41.025  -5.570  19.767 0.0000000000
67038  -41.236  -10.497  21.270 0.0000000000
67039  -42.148  -10.303  21.509 0.0000000000
67051  -40.785  -9.878  20.808 0.0000000000
70979  -37.923  -5.983  23.136 0.0000000000
70975  -38.380  -5.729  23.738 0.0000000000
70974  -37.619  -6.057  23.939 0.0000000000
73109  -50.731  -2.363  11.958 0.0000000000
73750  -47.885  -1.667  17.957 0.0000000000
73755  -48.027  -1.715  17.110 0.0000000000
75168  -53.609  1.205  16.804 0.0000000000
75183  -53.937  0.915  16.595 0.0000000000
75982  -53.937  1.295  15.807 0.0000000000
74451  -54.757  1.032  14.867 0.0000000000
76001  -54.278  1.295  14.472 0.0000000000
76009  -54.434  1.209  13.688 0.0000000000
76000  -53.051  1.402  14.272 0.0000000000
75230  -48.094  -0.169  11.267 0.0000000000
75245  -48.974  0.454  10.781 0.0000000000
75244  -47.982  0.461  10.637 0.0000000000
110307  -48.364  1.487  9.300 0.0000000000
76025  -47.818  1.200  10.025 0.0000000000
73006  -45.799  -2.973  28.419 0.0000000000
119825  -45.068  -2.616  27.518 0.0000000000
75897  -42.183  0.831  21.163 0.0000000000
115819  -42.675  0.577  21.690 0.0000000000
75910  -42.659  0.962  20.509 0.0000000000
75911  -43.707  0.720  20.607 0.0000000000
75921  -43.071  1.061  19.760 0.0000000000
79473  -43.225  6.933  16.416 0.0000000000
79472  -42.453  6.470  16.714 0.0000000000
79479  -42.701  6.219  15.929 0.0000000000
77420  -42.626  3.308  13.293 0.0000000000
77414  -42.603  3.222  14.219 0.0000000000
76719  -42.710  2.584  13.563 0.0000000000
76714  -43.075  1.726  14.713 0.0000000000
75997  -42.901  1.871  13.430 0.0000000000
75998  -43.472  1.224  13.452 0.0000000000
76007  -43.238  1.552  12.652 0.0000000000
76753  -44.470  3.343  8.566 0.0000000000
77455  -44.904  3.718  7.164 0.0000000000
77464  -45.117  3.914  5.411 0.0000000000
80183  -42.248  7.857  3.655 0.0000000000
79550  -42.067  6.548  3.783 0.0000000000
80179  -42.096  7.215  3.706 0.0000000000
111355  -41.528  7.491  4.284 0.0000000000
82042  -47.294  10.253  6.433 0.0000000000
82028  -46.955  10.543  7.644 0.0000000000
122108  -41.411  10.552  8.495 0.0000000000
82023  -41.298  10.722  7.919 0.0000000000
82022  -40.352  10.600  7.963 0.0000000000
82021  -39.571  10.207  7.904 0.0000000000
101809  -39.803  10.434  8.665 0.0000000000
81964  -38.230  10.324  12.216 0.0000000000
73060  -42.804  -2.872  20.755 0.0000000000
73046  -43.424  -2.782  22.912 0.0000000000
123110  -43.095  -2.831  22.308 0.0000000000
73717  -44.413  -2.459  23.234 0.0000000000
80683  -47.363  9.132  19.000 0.0000000000
80684  -48.335  8.912  19.014 0.0000000000
80699  -49.885  8.952  17.588 0.0000000000
80710  -50.182  8.891  16.566 0.0000000000
103070  -49.031  8.875  16.052 0.0000000000
113365  -50.501  8.783  15.766 0.0000000000
122873  -50.956  8.773  15.124 0.0000000000
80722  -51.759  8.896  15.471 0.0000000000
81927  -52.108  9.467  16.324 0.0000000000
81313  -52.083  9.108  15.668 0.0000000000
81935  -50.949  9.656  15.444 0.0000000000
73160  -53.046  -2.556  7.316 0.0000000000
107623  -52.085  -1.827  7.497 0.0000000000
74514  -52.957  -0.266  7.856 0.0000000000
118159  -37.902  -0.651  28.579 0.0000000000
74335  -37.971  -0.058  28.988 0.0000000000
67849  -47.117  -8.928  19.869 0.0000000000
121344  -45.754  -8.540  19.556 0.0000000000
68695  -43.392  -7.689  19.999 0.0000000000
69491  -36.972  -7.840  22.210 0.0000000000
70278  -37.360  -6.980  22.237 0.0000000000
70274  -36.820  -6.509  23.714 0.0000000000
70273  -36.049  -7.025  23.727 0.0000000000
74412  -50.712  -0.203  20.660 0.0000000000
103821  -51.291  0.009  21.426 0.0000000000
75939  -50.530  1.432  18.875 0.0000000000
75929  -51.748  1.117  19.614 0.0000000000
75940  -51.734  1.321  18.558 0.0000000000
116214  -51.626  1.443  17.446 0.0000000000
101758  -50.828  1.454  16.302 0.0000000000
75979  -49.566  1.220  15.992 0.0000000000
75180  -48.352  0.548  15.114 0.0000000000
75195  -48.915  0.497  14.478 0.0000000000
75206  -47.965  0.155  14.214 0.0000000000
74461  -47.835  -0.308  13.084 0.0000000000
122477  -47.238  -0.230  13.659 0.0000000000
74366  -41.174  0.123  26.473 0.0000000000
74372  -41.853  -0.509  25.924 0.0000000000
75112  -40.236  0.359  25.199 0.0000000000
75894  -39.558  2.238  22.134 0.0000000000
75891  -39.735  1.629  22.741 0.0000000000
75892  -40.116  1.457  22.139 0.0000000000
75895  -40.256  1.700  21.554 0.0000000000
79495  -45.248  6.466  13.211 0.0000000000
79494  -44.597  6.092  13.486 0.0000000000
79502  -44.871  6.201  12.666 0.0000000000
78893  -43.420  5.544  11.784 0.0000000000
123852  -43.677  5.398  12.415 0.0000000000
78884  -43.178  4.891  12.137 0.0000000000
78193  -42.836  4.364  12.609 0.0000000000
77431  -42.694  3.650  11.388 0.0000000000
79522  -42.549  6.610  9.504 0.0000000000
78905  -42.610  5.561  9.519 0.0000000000
104425  -42.693  5.261  8.419 0.0000000000
78214  -43.030  4.793  8.167 0.0000000000
78911  -42.629  5.828  7.821 0.0000000000
80785  -42.937  8.447  7.608 0.0000000000
103855  -42.839  8.431  6.331 0.0000000000
81388  -43.415  9.163  6.160 0.0000000000
116396  -45.032  9.988  10.137 0.0000000000
118591  -43.231  9.588  10.956 0.0000000000
81359  -43.621  9.645  10.257 0.0000000000
81358  -42.694  9.625  10.198 0.0000000000
81368  -42.354  10.070  9.167 0.0000000000
81357  -41.715  9.774  9.991 0.0000000000
81346  -41.600  9.552  11.148 0.0000000000
81330  -41.777  9.626  12.948 0.0000000000
81328  -39.984  9.569  12.938 0.0000000000
81954  -40.391  9.822  13.765 0.0000000000
71705  -45.692  -4.767  17.431 0.0000000000
71706  -46.451  -4.288  17.031 0.0000000000
72400  -46.011  -3.926  17.608 0.0000000000
73074  -46.226  -2.996  18.833 0.0000000000
72396  -46.646  -3.354  18.023 0.0000000000
111903  -46.638  -2.352  19.364 0.0000000000
73062  -44.537  -2.496  20.518 0.0000000000
73741  -46.976  -1.349  20.920 0.0000000000
73070  -47.093  -1.676  19.920 0.0000000000
73742  -47.794  -1.044  20.635 0.0000000000
73743  -48.603  -0.822  20.268 0.0000000000
107383  -49.062  -0.412  23.188 0.0000000000
75132  -49.663  -0.104  22.866 0.0000000000
75140  -49.169  0.195  22.659 0.0000000000
75150  -49.350  0.490  21.906 0.0000000000
75149  -48.096  0.659  21.656 0.0000000000
109429  -41.278  6.709  22.345 0.0000000000
79440  -41.189  6.892  21.575 0.0000000000
80058  -41.695  7.273  20.857 0.0000000000
80073  -43.478  8.191  18.806 0.0000000000
80090  -43.348  7.535  17.130 0.0000000000
80091  -44.077  7.961  17.134 0.0000000000
80697  -46.935  9.329  17.314 0.0000000000
102392  -46.074  9.114  17.360 0.0000000000
80106  -46.459  8.323  15.158 0.0000000000
80717  -45.932  8.475  15.896 0.0000000000
104705  -45.578  7.767  15.135 0.0000000000
80111  -45.724  7.319  14.178 0.0000000000
80138  -47.451  8.150  11.782 0.0000000000
80127  -46.732  7.600  12.325 0.0000000000
80137  -46.587  7.807  11.468 0.0000000000
80757  -47.243  8.211  10.910 0.0000000000
80767  -46.879  8.265  10.024 0.0000000000
80768  -47.921  8.440  9.977 0.0000000000
80781  -50.875  8.965  9.005 0.0000000000
115150  -49.812  9.064  8.735 0.0000000000
81382  -50.851  9.952  8.515 0.0000000000
82031  -50.039  10.142  7.825 0.0000000000
82015  -50.322  10.300  8.694 0.0000000000
81331  -51.711  8.868  13.178 0.0000000000
80743  -52.016  8.760  12.162 0.0000000000
81973  -51.386  9.487  12.815 0.0000000000
81971  -48.896  10.544  12.449 0.0000000000
102991  -49.822  10.396  11.704 0.0000000000
81997  -48.337  10.540  10.255 0.0000000000
81996  -46.767  10.521  10.535 0.0000000000
81983  -47.166  10.671  11.435 0.0000000000
81969  -46.675  10.814  12.114 0.0000000000
82673  -46.112  11.096  12.720 0.0000000000
82672  -45.203  10.958  12.618 0.0000000000
82665  -45.535  11.350  13.333 0.0000000000
74511  -49.324  -0.069  7.241 0.0000000000
74524  -48.345  0.348  6.383 0.0000000000
71664  -40.546  -4.593  25.378 0.0000000000
71651  -41.352  -4.463  25.866 0.0000000000
72341  -41.479  -4.442  26.456 0.0000000000
72312  -42.595  -3.775  28.154 0.0000000000
72313  -44.150  -3.641  28.708 0.0000000000
72306  -44.763  -3.305  29.840 0.0000000000
73672  -39.839  -0.753  29.609 0.0000000000
73663  -40.910  -1.002  30.297 0.0000000000
74323  -43.381  -0.692  31.279 0.0000000000
73659  -43.382  -1.165  31.421 0.0000000000
73660  -44.207  -1.209  31.284 0.0000000000
74330  -44.704  -1.297  30.831 0.0000000000
74338  -43.794  -0.655  29.976 0.0000000000
74353  -42.405  -0.334  27.801 0.0000000000
74337  -42.739  -0.171  29.029 0.0000000000
75861  -41.444  1.404  27.959 0.0000000000
75877  -40.774  1.573  26.841 0.0000000000
76655  -39.931  2.321  25.552 0.0000000000
76656  -40.509  2.830  25.984 0.0000000000
78098  -43.133  4.426  27.658 0.0000000000
76630  -42.391  2.842  29.007 0.0000000000
77346  -42.343  3.526  27.509 0.0000000000
78123  -41.810  4.401  25.691 0.0000000000
117826  -41.314  4.673  25.020 0.0000000000
78132  -40.588  4.646  24.608 0.0000000000
78814  -41.234  5.131  24.471 0.0000000000
78819  -41.161  5.643  23.783 0.0000000000
117941  -41.824  5.562  24.341 0.0000000000
105264  -42.592  6.712  23.347 0.0000000000
120908  -43.323  6.996  23.304 0.0000000000
80052  -43.452  7.477  22.512 0.0000000000
109023  -44.059  7.726  22.052 0.0000000000
69572  -50.355  -6.681  15.369 0.0000000000
68743  -48.900  -7.666  16.178 0.0000000000
70332  -47.954  -6.805  15.339 0.0000000000
69563  -48.014  -7.352  15.822 0.0000000000
68716  -48.015  -8.319  17.345 0.0000000000
68731  -47.115  -7.951  17.009 0.0000000000
69550  -47.022  -7.308  16.631 0.0000000000
71007  -46.480  -5.724  16.708 0.0000000000
70318  -46.192  -6.356  16.962 0.0000000000
70308  -44.708  -6.437  17.672 0.0000000000
71002  -45.128  -5.610  17.521 0.0000000000
71702  -43.968  -4.890  18.154 0.0000000000
69523  -44.474  -7.763  18.624 0.0000000000
69531  -44.426  -7.204  17.970 0.0000000000
69530  -43.775  -7.111  18.505 0.0000000000
114031  -42.196  -5.840  19.016 0.0000000000
70998  -42.771  -5.570  18.668 0.0000000000
71700  -42.642  -4.694  18.797 0.0000000000
71698  -42.211  -4.238  19.224 0.0000000000
67823  -45.918  -8.526  23.055 0.0000000000
66174  -43.324  -11.132  24.840 0.0000000000
66187  -40.739  -12.436  22.470 0.0000000000
114552  -43.072  -11.316  22.826 0.0000000000
67017  -43.680  -10.773  23.145 0.0000000000
67006  -43.852  -10.649  24.012 0.0000000000
67018  -44.238  -10.151  23.389 0.0000000000
67028  -43.925  -10.159  22.768 0.0000000000
67820  -43.797  -9.574  22.229 0.0000000000
110190  -44.470  -8.979  22.376 0.0000000000
115447  -44.167  -8.645  21.735 0.0000000000
68682  -41.685  -8.295  20.283 0.0000000000
71682  -39.137  -5.067  22.188 0.0000000000
71680  -39.751  -4.513  22.726 0.0000000000
71679  -39.566  -4.913  23.822 0.0000000000
71674  -40.395  -4.471  24.574 0.0000000000
71673  -38.794  -5.360  24.974 0.0000000000
107136  -39.185  -4.992  25.386 0.0000000000
70967  -36.688  -5.726  24.739 0.0000000000
70968  -37.470  -5.755  24.686 0.0000000000
71671  -37.114  -5.206  25.141 0.0000000000
72337  -37.728  -3.239  26.125 0.0000000000
73019  -37.517  -2.527  26.587 0.0000000000
73686  -37.334  -1.780  27.284 0.0000000000
71061  -53.596  -5.601  11.340 0.0000000000
71759  -53.255  -4.739  10.959 0.0000000000
73120  -52.687  -2.615  10.888 0.0000000000
114011  -53.894  -4.283  10.197 0.0000000000
73121  -53.856  -2.873  10.550 0.0000000000
73135  -54.568  -2.475  10.202 0.0000000000
71709  -47.256  -3.911  15.872 0.0000000000
72404  -47.463  -3.254  16.289 0.0000000000
74416  -51.207  -0.056  19.033 0.0000000000
73751  -49.669  -0.681  17.420 0.0000000000
74420  -50.990  -0.164  18.003 0.0000000000
103550  -51.938  -0.247  15.274 0.0000000000
74439  -51.154  -0.394  15.793 0.0000000000
74462  -51.395  -0.633  14.301 0.0000000000
73788  -51.963  -0.982  12.439 0.0000000000
74475  -52.892  -0.414  13.362 0.0000000000
74477  -54.601  0.673  13.206 0.0000000000
74485  -54.718  -0.095  12.105 0.0000000000
74486  -55.191  -0.085  11.329 0.0000000000
105044  -54.962  -1.427  10.234 0.0000000000
73803  -55.405  -0.489  10.183 0.0000000000
119453  -55.347  -0.607  9.644 0.0000000000
74500  -55.496  0.052  10.075 0.0000000000
75249  -54.681  0.675  10.383 0.0000000000
102917  -53.534  0.801  10.044 0.0000000000
75266  -52.646  0.319  8.368 0.0000000000
75208  -50.935  0.649  13.104 0.0000000000
75256  -50.470  1.137  9.221 0.0000000000
75257  -51.392  0.969  8.958 0.0000000000
76046  -50.107  1.438  7.266 0.0000000000
76045  -49.475  1.745  7.423 0.0000000000
76052  -48.352  1.854  5.985 0.0000000000
72357  -42.863  -3.934  26.075 0.0000000000
73029  -45.967  -2.518  25.808 0.0000000000
73034  -46.014  -2.653  25.588 0.0000000000
73707  -46.246  -2.207  25.801 0.0000000000
74377  -42.027  -0.505  24.566 0.0000000000
107176  -43.476  -1.381  25.467 0.0000000000
74378  -43.239  -0.997  24.693 0.0000000000
74392  -44.432  -0.314  23.366 0.0000000000
116862  -44.623  -0.806  24.256 0.0000000000
74385  -45.398  -0.743  24.279 0.0000000000
74393  -45.381  -0.312  23.491 0.0000000000
74394  -46.274  -0.431  23.739 0.0000000000
75129  -45.742  0.112  22.882 0.0000000000
75912  -44.586  0.663  20.333 0.0000000000
75900  -45.285  0.642  20.905 0.0000000000
110661  -45.365  0.660  20.036 0.0000000000
118492  -46.153  0.730  19.689 0.0000000000
75924  -45.395  0.692  19.207 0.0000000000
79442  -40.116  6.044  20.479 0.0000000000
107263  -39.453  5.237  21.190 0.0000000000
109384  -40.495  6.193  19.681 0.0000000000
78158  -40.881  5.005  17.946 0.0000000000
78151  -40.599  4.807  18.544 0.0000000000
77383  -40.637  4.030  18.750 0.0000000000
77384  -41.113  3.391  18.201 0.0000000000
78870  -42.793  5.083  14.447 0.0000000000
103242  -42.435  5.021  15.182 0.0000000000
76706  -42.528  2.624  15.764 0.0000000000
77400  -42.094  3.323  16.167 0.0000000000
76691  -41.743  2.723  17.688 0.0000000000
76692  -42.521  2.076  17.370 0.0000000000
75932  -42.940  1.551  18.186 0.0000000000
76701  -43.152  1.756  16.852 0.0000000000
75974  -44.400  1.064  15.726 0.0000000000
75960  -44.620  0.974  16.602 0.0000000000
103268  -46.026  0.754  17.792 0.0000000000
75976  -45.966  0.655  16.321 0.0000000000
75166  -46.621  0.612  16.117 0.0000000000
75178  -45.907  0.531  15.455 0.0000000000
120182  -44.658  0.157  12.355 0.0000000000
74458  -45.288  -0.306  13.052 0.0000000000
74471  -45.674  -0.313  12.351 0.0000000000
75227  -45.912  0.700  11.293 0.0000000000
76733  -43.296  2.276  11.310 0.0000000000
76741  -43.618  2.606  10.506 0.0000000000
76032  -45.983  1.711  9.453 0.0000000000
120169  -46.552  2.083  8.551 0.0000000000
76764  -46.541  2.960  5.907 0.0000000000
76765  -46.796  2.268  5.485 0.0000000000
76064  -47.098  1.678  5.303 0.0000000000
114970  -45.686  1.428  4.457 0.0000000000
78922  -43.199  5.462  5.318 0.0000000000
78923  -42.840  5.143  4.148 0.0000000000
112529  -41.993  5.318  4.133 0.0000000000
78231  -42.524  5.003  4.087 0.0000000000
80789  -47.205  9.067  7.884 0.0000000000
80788  -45.734  9.020  7.679 0.0000000000
81378  -46.842  9.548  6.965 0.0000000000
81404  -45.878  10.114  5.535 0.0000000000
81390  -45.987  9.867  5.651 0.0000000000
82049  -45.033  10.211  5.043 0.0000000000
81414  -44.525  10.091  4.472 0.0000000000
82058  -44.562  10.225  4.630 0.0000000000
114090  -44.519  10.576  7.726 0.0000000000
82025  -43.622  10.614  7.698 0.0000000000
82037  -41.503  10.833  6.955 0.0000000000
82038  -42.411  10.920  6.399 0.0000000000
107657  -41.680  10.787  6.050 0.0000000000
82046  -42.431  10.704  5.243 0.0000000000
81400  -41.583  10.288  5.165 0.0000000000
80803  -40.699  9.122  5.661 0.0000000000
80795  -39.512  8.862  7.399 0.0000000000
80164  -39.575  7.938  7.511 0.0000000000
80151  -38.962  7.258  9.022 0.0000000000
80150  -38.480  7.821  9.596 0.0000000000
118804  -37.974  8.198  10.035 0.0000000000
81992  -39.239  10.266  10.088 0.0000000000
81991  -38.292  10.276  10.343 0.0000000000
81990  -37.099  10.293  10.518 0.0000000000
80763  -36.824  9.711  10.501 0.0000000000
80755  -36.796  8.873  10.943 0.0000000000
82634  -42.816  11.670  14.797 0.0000000000
82649  -42.091  11.231  14.739 0.0000000000
82647  -40.336  10.969  14.937 0.0000000000
73049  -41.931  -3.213  21.845 0.0000000000
111843  -43.062  -3.025  23.423 0.0000000000
117204  -50.739  8.952  18.104 0.0000000000
81307  -52.049  9.436  17.000 0.0000000000
81920  -51.910  10.280  17.282 0.0000000000
75075  -37.391  0.544  28.895 0.0000000000
68686  -45.617  -8.406  20.332 0.0000000000
117078  -44.295  -8.134  21.050 0.0000000000
121574  -35.464  -7.109  23.938 0.0000000000
113523  -48.363  -5.948  14.347 0.0000000000
71032  -47.871  -5.337  14.455 0.0000000000
119749  -50.799  0.383  21.528 0.0000000000
75917  -50.724  0.834  20.767 0.0000000000
115404  -49.844  1.229  20.219 0.0000000000
75948  -49.293  1.404  17.305 0.0000000000
75964  -48.908  1.222  16.620 0.0000000000
110310  -48.032  0.930  16.557 0.0000000000
75977  -47.708  0.634  15.796 0.0000000000
75883  -39.661  1.582  25.148 0.0000000000
75111  -39.711  0.879  24.767 0.0000000000
76663  -39.227  2.505  23.892 0.0000000000
76668  -39.274  2.397  23.040 0.0000000000
76674  -39.248  3.201  21.737 0.0000000000
79511  -45.337  6.794  12.180 0.0000000000
79510  -44.485  6.544  11.820 0.0000000000
79509  -43.634  6.281  11.450 0.0000000000
79508  -42.963  5.906  11.030 0.0000000000
78899  -42.677  5.325  10.465 0.0000000000
80142  -42.680  7.140  10.067 0.0000000000
80152  -42.605  7.411  9.230 0.0000000000
79527  -42.520  6.671  8.509 0.0000000000
80776  -42.864  8.088  8.803 0.0000000000
80786  -43.444  8.437  8.344 0.0000000000
117562  -44.687  10.114  11.304 0.0000000000
81347  -42.545  9.545  11.285 0.0000000000
81336  -42.113  9.473  12.098 0.0000000000
108147  -44.797  -3.628  18.470 0.0000000000
73073  -45.305  -3.120  18.946 0.0000000000
73739  -45.253  -2.090  21.288 0.0000000000
73731  -47.053  -1.278  22.105 0.0000000000
73726  -48.358  -1.098  23.319 0.0000000000
104847  -48.592  -1.079  23.998 0.0000000000
75131  -48.538  -0.698  23.581 0.0000000000
108153  -43.000  7.808  20.690 0.0000000000
80065  -42.310  7.612  20.248 0.0000000000
80066  -43.083  7.944  19.962 0.0000000000
80680  -44.080  8.649  18.725 0.0000000000
80694  -44.495  8.668  17.801 0.0000000000
80719  -47.772  8.950  15.909 0.0000000000
102381  -47.357  8.763  15.144 0.0000000000
80728  -47.000  8.255  14.431 0.0000000000
80118  -46.559  7.643  13.701 0.0000000000
80749  -48.530  8.320  12.207 0.0000000000
107674  -50.057  8.501  10.643 0.0000000000
80770  -51.227  8.632  10.017 0.0000000000
81360  -52.054  9.188  10.161 0.0000000000
105725  -49.548  10.279  13.346 0.0000000000
81970  -47.650  10.769  12.268 0.0000000000
74526  -49.658  0.654  6.538 0.0000000000
72340  -40.693  -4.340  26.687 0.0000000000
73005  -41.438  -3.334  28.192 0.0000000000
72990  -41.979  -2.875  29.045 0.0000000000
104130  -41.628  -0.375  30.980 0.0000000000
75066  -42.835  -0.118  31.069 0.0000000000
75079  -42.760  0.125  30.365 0.0000000000
117146  -42.313  0.499  29.461 0.0000000000
75852  -41.948  1.501  29.086 0.0000000000
76629  -41.652  2.188  27.934 0.0000000000
78107  -42.559  4.098  26.817 0.0000000000
78108  -43.019  4.563  26.705 0.0000000000
78815  -42.599  5.785  24.594 0.0000000000
78816  -43.470  6.097  24.925 0.0000000000
123441  -47.638  -8.737  18.179 0.0000000000
67870  -48.031  -8.618  17.965 0.0000000000
119599  -47.279  -8.356  17.441 0.0000000000
69539  -46.446  -7.648  17.111 0.0000000000
69538  -45.865  -7.114  17.178 0.0000000000
69529  -43.055  -7.041  18.976 0.0000000000
71697  -41.461  -4.745  19.618 0.0000000000
66199  -41.242  -11.996  22.062 0.0000000000
67026  -42.673  -10.955  22.011 0.0000000000
67833  -42.517  -9.472  21.288 0.0000000000
67845  -41.207  -9.128  20.564 0.0000000000
70985  -38.606  -5.623  21.794 0.0000000000
70980  -38.546  -5.567  22.778 0.0000000000
70976  -38.939  -5.384  23.559 0.0000000000
71672  -37.979  -5.358  25.120 0.0000000000
72455  -52.085  -3.285  11.242 0.0000000000
73081  -47.740  -2.529  16.714 0.0000000000
73756  -48.753  -1.171  16.731 0.0000000000
115247  -53.243  0.922  18.230 0.0000000000
74430  -52.103  0.404  17.706 0.0000000000
75167  -53.368  0.871  17.412 0.0000000000
74441  -53.363  0.600  15.663 0.0000000000
74464  -53.586  0.195  14.172 0.0000000000
74450  -54.446  0.813  15.075 0.0000000000
75235  -55.090  0.581  11.104 0.0000000000
75222  -54.630  0.890  12.840 0.0000000000
75233  -54.256  0.960  11.876 0.0000000000
104616  -52.549  0.819  11.781 0.0000000000
75231  -49.939  0.356  11.469 0.0000000000
75255  -49.501  1.109  9.645 0.0000000000
76035  -49.086  1.523  8.880 0.0000000000
72343  -44.420  -3.624  27.483 0.0000000000
72358  -44.235  -3.587  26.703 0.0000000000
73021  -45.331  -3.233  27.517 0.0000000000
112240  -41.900  0.291  22.586 0.0000000000
75117  -42.671  -0.125  23.049 0.0000000000
75126  -42.680  0.323  22.292 0.0000000000
75127  -43.493  -0.041  22.791 0.0000000000
111064  -44.113  0.168  22.510 0.0000000000
75137  -44.334  0.453  21.919 0.0000000000
120612  -43.841  0.584  21.380 0.0000000000
79455  -41.405  6.603  18.735 0.0000000000
79448  -40.788  6.193  18.934 0.0000000000
104922  -41.570  6.416  17.920 0.0000000000
78846  -41.210  5.636  17.655 0.0000000000
78854  -41.658  5.335  16.800 0.0000000000
78181  -42.478  4.273  14.584 0.0000000000
107615  -42.909  1.998  16.187 0.0000000000
76707  -43.006  1.885  15.530 0.0000000000
75973  -43.686  1.411  15.248 0.0000000000
75176  -44.275  1.033  14.997 0.0000000000
75191  -44.568  0.665  14.422 0.0000000000
75999  -44.151  0.581  13.614 0.0000000000
76008  -43.986  0.756  12.655 0.0000000000
77447  -43.633  3.665  9.145 0.0000000000
76748  -43.979  2.908  9.592 0.0000000000
76772  -45.478  3.109  4.456 0.0000000000
76780  -44.626  3.611  3.940 0.0000000000
113429  -42.239  6.477  3.893 0.0000000000
81393  -48.138  10.131  6.598 0.0000000000
81392  -47.533  10.110  6.322 0.0000000000
82041  -46.239  10.353  6.103 0.0000000000
82008  -42.989  10.366  8.451 0.0000000000
119752  -42.831  10.642  7.744 0.0000000000
81398  -40.227  9.915  6.455 0.0000000000
81387  -40.099  10.385  7.159 0.0000000000
81386  -39.636  9.749  7.215 0.0000000000
81376  -38.704  9.246  8.699 0.0000000000
81365  -38.289  9.738  9.351 0.0000000000
104165  -38.800  10.215  10.834 0.0000000000
81979  -38.047  10.464  11.171 0.0000000000
81978  -37.209  10.663  11.037 0.0000000000
113620  -36.767  10.554  11.026 0.0000000000
82676  -36.668  10.817  11.564 0.0000000000
73066  -42.972  -2.976  19.965 0.0000000000
73061  -43.623  -2.677  20.609 0.0000000000
73050  -42.775  -2.888  21.672 0.0000000000
122002  -43.905  -2.427  21.791 0.0000000000
73728  -44.362  -2.301  22.270 0.0000000000
73723  -45.110  -2.183  22.981 0.0000000000
73719  -46.803  -2.154  24.754 0.0000000000
103526  -45.792  9.119  19.239 0.0000000000
80682  -46.521  9.224  19.066 0.0000000000
80696  -46.708  9.362  18.144 0.0000000000
80698  -48.656  9.130  17.990 0.0000000000
80708  -47.856  9.226  17.250 0.0000000000
123121  -48.097  9.017  16.568 0.0000000000
80731  -50.201  8.391  14.058 0.0000000000
80741  -50.788  8.348  13.424 0.0000000000
101813  -51.190  8.586  13.936 0.0000000000
103885  -51.463  8.853  13.808 0.0000000000
81323  -51.364  8.983  14.325 0.0000000000
81320  -51.547  8.992  15.200 0.0000000000
74513  -51.648  0.012  7.768 0.0000000000
73688  -39.482  -1.937  28.287 0.0000000000
73687  -38.764  -1.483  28.328 0.0000000000
112070  -39.349  -1.321  28.902 0.0000000000
110269  -38.614  0.142  29.514 0.0000000000
74327  -39.446  0.047  29.928 0.0000000000
67855  -46.748  -8.942  19.031 0.0000000000
67863  -46.544  -8.791  18.408 0.0000000000
108409  -42.979  -7.390  19.566 0.0000000000
69520  -41.710  -7.477  19.830 0.0000000000
65373  -39.347  -13.038  22.774 0.0000000000
66197  -39.372  -11.901  21.893 0.0000000000
66206  -39.853  -11.237  21.533 0.0000000000
73746  -48.431  -1.065  19.208 0.0000000000
109808  -49.144  -0.797  18.665 0.0000000000
74415  -50.272  -0.380  19.393 0.0000000000
74417  -51.834  0.569  19.624 0.0000000000
75154  -51.627  0.632  20.173 0.0000000000
75155  -52.151  0.842  19.375 0.0000000000
75157  -52.582  0.936  19.086 0.0000000000
75949  -52.754  1.223  18.280 0.0000000000
75966  -52.910  1.288  17.541 0.0000000000
75981  -52.946  1.415  15.934 0.0000000000
75198  -52.006  1.363  14.476 0.0000000000
75197  -51.029  1.265  14.828 0.0000000000
75196  -49.899  0.743  14.511 0.0000000000
75181  -49.266  0.814  15.241 0.0000000000
121941  -49.314  0.468  14.062 0.0000000000
108634  -49.737  0.452  13.512 0.0000000000
75218  -48.833  -0.101  12.761 0.0000000000
74474  -48.053  -0.371  12.094 0.0000000000
75229  -47.323  -0.139  11.016 0.0000000000
74368  -43.034  -0.949  27.201 0.0000000000
73701  -43.951  -1.932  27.151 0.0000000000
120441  -41.640  -0.407  25.199 0.0000000000
74383  -41.366  -0.081  23.817 0.0000000000
107315  -40.173  0.350  24.378 0.0000000000
75115  -40.426  0.422  23.554 0.0000000000
75116  -41.187  0.267  22.962 0.0000000000
75125  -41.209  0.581  22.340 0.0000000000
75896  -41.134  1.181  21.251 0.0000000000
75909  -41.553  1.377  20.522 0.0000000000
79481  -44.250  6.813  15.129 0.0000000000
79486  -43.735  6.210  14.729 0.0000000000
110104  -43.420  5.590  14.274 0.0000000000
78187  -43.156  5.067  13.732 0.0000000000
78885  -44.160  5.651  12.879 0.0000000000
78186  -42.848  4.505  13.331 0.0000000000
115251  -42.652  3.555  12.395 0.0000000000
76732  -42.794  2.827  11.811 0.0000000000
77438  -42.752  3.697  10.597 0.0000000000
77446  -42.788  4.074  9.736 0.0000000000
121897  -42.612  4.783  9.912 0.0000000000
77453  -43.298  4.317  8.638 0.0000000000
78215  -43.662  4.631  7.432 0.0000000000
103912  -42.809  6.066  5.799 0.0000000000
79533  -42.593  6.571  7.131 0.0000000000
103323  -42.661  6.749  5.579 0.0000000000
80172  -42.721  7.630  5.254 0.0000000000
80180  -42.538  7.730  4.056 0.0000000000
80811  -42.636  8.779  3.988 0.0000000000
82012  -46.548  10.469  9.261 0.0000000000
82011  -45.861  10.524  8.301 0.0000000000
106099  -45.606  10.312  9.396 0.0000000000
81349  -44.319  9.763  10.467 0.0000000000
81367  -41.514  10.327  9.043 0.0000000000
81993  -40.207  10.044  10.322 0.0000000000
81345  -40.542  9.651  11.352 0.0000000000
81334  -39.756  9.662  12.005 0.0000000000
81965  -39.097  9.810  12.645 0.0000000000
81952  -38.475  10.202  13.275 0.0000000000
71708  -46.881  -4.482  16.310 0.0000000000
73078  -47.298  -2.902  18.050 0.0000000000
73076  -47.476  -2.258  18.364 0.0000000000
73748  -47.803  -1.609  18.745 0.0000000000
73068  -44.790  -2.806  19.639 0.0000000000
101845  -49.756  -0.400  21.074 0.0000000000
107312  -50.062  -0.260  22.127 0.0000000000
74398  -48.739  -0.616  22.736 0.0000000000
75151  -50.484  0.203  22.245 0.0000000000
75916  -49.793  0.784  21.107 0.0000000000
75915  -48.411  0.912  20.753 0.0000000000
75926  -47.781  1.119  19.683 0.0000000000
117332  -40.184  6.011  22.636 0.0000000000
78822  -39.527  5.489  22.764 0.0000000000
79431  -39.838  6.005  22.024 0.0000000000
79443  -40.901  6.717  20.514 0.0000000000
79456  -41.779  7.163  19.303 0.0000000000
80080  -42.132  7.157  18.439 0.0000000000
103127  -42.800  7.440  17.760 0.0000000000
80089  -42.807  7.038  17.094 0.0000000000
80104  -44.023  7.278  15.921 0.0000000000
122352  -45.075  9.123  18.015 0.0000000000
80707  -46.362  9.011  16.590 0.0000000000
80706  -45.550  8.681  16.675 0.0000000000
80705  -44.791  8.355  16.902 0.0000000000
80097  -44.364  7.826  16.427 0.0000000000
107775  -44.514  7.676  15.959 0.0000000000
80110  -44.980  7.090  14.668 0.0000000000
79488  -45.181  6.686  13.848 0.0000000000
117946  -46.478  7.350  12.970 0.0000000000
80126  -45.989  7.068  12.576 0.0000000000
80145  -45.830  7.670  11.042 0.0000000000
80766  -45.863  8.115  10.140 0.0000000000
80777  -45.417  8.511  9.033 0.0000000000
80779  -47.504  8.697  8.958 0.0000000000
80790  -48.232  9.346  7.728 0.0000000000
80769  -49.133  8.639  9.824 0.0000000000
81380  -48.797  9.961  6.722 0.0000000000
82030  -49.125  10.254  7.322 0.0000000000
110370  -48.567  10.460  7.950 0.0000000000
80752  -51.751  8.569  12.257 0.0000000000
81351  -52.164  8.858  11.117 0.0000000000
82000  -51.585  9.907  9.986 0.0000000000
103328  -51.204  9.926  11.981 0.0000000000
81985  -50.884  10.234  10.870 0.0000000000
81999  -50.503  10.336  9.757 0.0000000000
81998  -49.403  10.497  9.434 0.0000000000
103403  -48.392  10.505  9.083 0.0000000000
102474  -47.442  10.498  9.810 0.0000000000
102873  -45.157  10.557  11.872 0.0000000000
81957  -44.387  10.931  12.985 0.0000000000
72360  -41.114  -4.099  24.718 0.0000000000
118622  -41.859  -4.253  25.813 0.0000000000
105551  -42.395  -4.243  27.048 0.0000000000
72329  -44.825  -3.601  28.257 0.0000000000
72330  -45.642  -3.302  28.666 0.0000000000
106817  -45.425  -2.412  29.220 0.0000000000
72988  -40.139  -2.373  28.277 0.0000000000
72982  -42.604  -2.282  30.269 0.0000000000
73664  -42.188  -1.310  31.085 0.0000000000
72983  -43.935  -2.566  30.627 0.0000000000
72984  -45.162  -2.634  30.709 0.0000000000
73675  -45.399  -2.201  30.315 0.0000000000
74354  -43.688  -0.941  28.350 0.0000000000
75090  -41.957  0.336  28.418 0.0000000000
75104  -40.842  0.826  27.017 0.0000000000
75103  -40.293  1.037  26.305 0.0000000000
77364  -39.354  4.134  24.033 0.0000000000
77345  -41.371  3.167  26.599 0.0000000000
77361  -41.608  3.755  26.168 0.0000000000
77360  -40.657  3.512  25.622 0.0000000000
78121  -39.957  3.991  24.770 0.0000000000
78131  -39.800  4.663  24.074 0.0000000000
78818  -40.274  5.689  23.289 0.0000000000
79425  -41.031  6.230  22.966 0.0000000000
79433  -41.870  7.066  22.167 0.0000000000
111999  -41.867  6.706  22.876 0.0000000000
80051  -42.576  7.401  21.919 0.0000000000
80060  -43.355  7.733  21.485 0.0000000000
80068  -44.790  8.147  21.182 0.0000000000
80053  -44.354  7.667  22.783 0.0000000000
69571  -49.417  -6.933  15.143 0.0000000000
70343  -48.713  -6.610  14.752 0.0000000000
70342  -47.815  -6.080  14.827 0.0000000000
70331  -47.503  -6.965  16.035 0.0000000000
68713  -44.942  -7.784  17.921 0.0000000000
70305  -43.251  -6.422  18.523 0.0000000000
71701  -43.247  -4.810  18.476 0.0000000000
72389  -42.509  -3.521  19.489 0.0000000000
72385  -41.489  -3.501  20.579 0.0000000000
106517  -41.335  -3.418  21.279 0.0000000000
72377  -41.098  -3.525  22.159 0.0000000000
72373  -40.519  -3.911  22.921 0.0000000000
68655  -45.805  -8.439  22.260 0.0000000000
66998  -44.627  -10.464  25.444 0.0000000000
67007  -45.019  -10.110  24.842 0.0000000000
65374  -40.732  -12.862  23.127 0.0000000000
66172  -42.093  -12.301  23.540 0.0000000000
66189  -42.724  -11.843  23.395 0.0000000000
67812  -45.434  -9.454  24.181 0.0000000000
67821  -44.387  -9.532  22.863 0.0000000000
67847  -42.855  -8.739  21.024 0.0000000000
68684  -43.137  -8.152  20.587 0.0000000000
69519  -41.080  -6.971  19.723 0.0000000000
68680  -39.837  -8.541  20.390 0.0000000000
114920  -39.438  -7.912  20.399 0.0000000000
111913  -40.113  -7.813  20.172 0.0000000000
69511  -40.344  -7.023  20.024 0.0000000000
70300  -40.652  -6.276  19.894 0.0000000000
122350  -39.075  -3.854  26.374 0.0000000000
73020  -39.077  -3.122  26.803 0.0000000000
105038  -38.212  -2.921  26.525 0.0000000000
105998  -38.145  -1.653  27.752 0.0000000000
107045  -37.544  -1.134  28.075 0.0000000000
73700  -36.439  -1.579  27.024 0.0000000000
73685  -36.770  -1.043  27.755 0.0000000000
71062  -54.047  -5.639  10.185 0.0000000000
123057  -54.287  -5.047  9.635 0.0000000000
112994  -54.459  -4.317  9.490 0.0000000000
72475  -55.019  -3.460  9.240 0.0000000000
72417  -47.477  -4.005  15.176 0.0000000000
73090  -47.890  -2.665  15.821 0.0000000000
72412  -48.011  -2.867  15.082 0.0000000000
73098  -48.423  -2.680  14.524 0.0000000000
120929  -49.306  -0.741  17.996 0.0000000000
74428  -49.689  -0.817  16.427 0.0000000000
102776  -51.798  0.063  16.757 0.0000000000
103975  -49.604  -1.306  14.584 0.0000000000
73773  -50.269  -1.175  13.957 0.0000000000
73787  -50.723  -1.611  12.430 0.0000000000
73796  -52.442  -1.682  11.212 0.0000000000
74476  -53.769  -0.292  12.843 0.0000000000
73789  -52.976  -0.874  11.687 0.0000000000
73151  -55.099  -2.420  9.049 0.0000000000
73829  -54.836  -1.274  8.760 0.0000000000
111568  -54.088  -0.533  8.317 0.0000000000
75250  -55.202  0.428  10.636 0.0000000000
75259  -54.908  0.387  9.718 0.0000000000
74515  -53.977  0.137  8.639 0.0000000000
101747  -51.270  0.599  8.218 0.0000000000
75209  -52.080  1.180  13.698 0.0000000000
75220  -52.365  0.950  12.869 0.0000000000
121874  -51.996  0.779  10.710 0.0000000000
75232  -51.062  0.601  11.108 0.0000000000
75248  -52.272  0.786  9.869 0.0000000000
75265  -50.366  0.926  7.372 0.0000000000
75264  -49.945  1.058  6.617 0.0000000000
75275  -49.598  1.045  6.207 0.0000000000
103839  -49.007  0.943  6.100 0.0000000000
75274  -48.360  0.986  5.612 0.0000000000
72370  -42.355  -3.406  24.528 0.0000000000
73032  -43.224  -3.138  24.326 0.0000000000
72363  -44.120  -3.498  25.962 0.0000000000
73041  -45.235  -2.633  24.594 0.0000000000
73042  -46.452  -2.403  25.250 0.0000000000
73705  -44.204  -1.997  25.992 0.0000000000
74379  -44.464  -1.214  24.768 0.0000000000
73710  -45.519  -1.739  25.513 0.0000000000
73711  -46.529  -1.920  25.635 0.0000000000
73712  -47.173  -1.999  25.334 0.0000000000
73713  -47.418  -1.468  24.513 0.0000000000
74387  -47.443  -0.668  24.165 0.0000000000
75130  -47.547  -0.282  23.374 0.0000000000
75139  -46.520  0.413  22.439 0.0000000000
75138  -45.277  0.518  21.896 0.0000000000
75147  -45.968  0.602  21.423 0.0000000000
75148  -46.900  0.644  21.495 0.0000000000
75925  -46.900  0.916  19.252 0.0000000000
78824  -39.368  5.413  21.872 0.0000000000
78140  -39.228  4.744  21.498 0.0000000000
77376  -39.394  3.983  20.959 0.0000000000
103301  -40.404  5.258  19.011 0.0000000000
78142  -39.780  4.514  20.106 0.0000000000
77377  -39.833  3.624  20.223 0.0000000000
76682  -40.347  2.847  19.912 0.0000000000
76676  -41.003  1.951  19.972 0.0000000000
76683  -41.159  2.278  19.335 0.0000000000
78862  -42.417  5.567  15.697 0.0000000000
78166  -41.710  4.615  16.540 0.0000000000
78174  -42.248  4.401  15.392 0.0000000000
77399  -41.666  3.906  16.689 0.0000000000
77389  -41.409  3.647  17.433 0.0000000000
76685  -41.536  2.412  18.569 0.0000000000
76686  -42.402  1.641  18.888 0.0000000000
108410  -43.385  1.145  18.977 0.0000000000
75933  -44.116  0.885  18.924 0.0000000000
75945  -44.015  1.226  17.164 0.0000000000
75934  -44.292  0.967  18.118 0.0000000000
75935  -45.255  0.740  18.378 0.0000000000
116969  -46.881  0.858  17.642 0.0000000000
116630  -47.128  0.607  15.973 0.0000000000
75179  -46.900  0.449  15.338 0.0000000000
75192  -45.395  0.340  14.501 0.0000000000
74483  -46.814  -0.319  11.567 0.0000000000
107577  -44.574  1.464  10.885 0.0000000000
76742  -44.294  2.189  10.130 0.0000000000
76016  -45.246  1.021  11.400 0.0000000000
76023  -45.651  1.325  10.571 0.0000000000
75242  -46.507  1.075  10.780 0.0000000000
76024  -47.080  1.322  10.031 0.0000000000
76033  -46.829  1.725  9.214 0.0000000000
103189  -47.433  2.145  7.989 0.0000000000
101914  -47.770  2.418  6.711 0.0000000000
76051  -47.590  2.149  5.788 0.0000000000
78232  -43.114  4.525  3.953 0.0000000000
80798  -46.190  9.624  6.536 0.0000000000
81389  -44.632  9.552  6.101 0.0000000000
81402  -44.384  9.728  4.916 0.0000000000
81413  -44.080  9.886  4.064 0.0000000000
81412  -43.336  9.830  3.681 0.0000000000
118725  -45.294  10.580  7.716 0.0000000000
82026  -45.294  10.637  6.792 0.0000000000
82039  -44.206  10.789  6.067 0.0000000000
104401  -43.302  10.808  6.850 0.0000000000
82056  -43.265  10.431  4.334 0.0000000000
81417  -42.869  9.757  3.691 0.0000000000
80814  -42.478  8.879  3.908 0.0000000000
80810  -41.550  8.703  4.338 0.0000000000
121060  -40.907  8.175  5.144 0.0000000000
80165  -40.143  7.384  6.684 0.0000000000
79532  -40.344  6.422  6.958 0.0000000000
79526  -40.042  6.188  7.889 0.0000000000
79520  -38.659  6.883  9.740 0.0000000000
82006  -39.313  10.299  9.264 0.0000000000
81355  -37.783  10.071  10.021 0.0000000000
80775  -37.700  9.551  9.793 0.0000000000
107917  -36.049  9.614  11.831 0.0000000000
82652  -45.713  11.638  14.112 0.0000000000
82651  -44.974  11.598  13.887 0.0000000000
110217  -44.224  11.394  13.740 0.0000000000
82663  -43.378  11.245  14.012 0.0000000000
123589  -42.463  10.606  13.913 0.0000000000
81955  -41.359  9.938  13.744 0.0000000000
82648  -41.301  11.113  14.894 0.0000000000
81942  -40.867  10.430  14.394 0.0000000000
72314  -45.393  -3.495  29.160 0.0000000000
72315  -45.726  -3.341  29.380 0.0000000000
72992  -45.885  -3.102  29.553 0.0000000000
73665  -43.266  -1.814  31.215 0.0000000000
73666  -45.146  -1.920  31.081 0.0000000000
73667  -45.504  -2.693  30.382 0.0000000000
73798  -55.211  -0.432  10.675 0.0000000000
74321  -42.168  0.048  31.056 0.0000000000
74371  -40.945  -0.037  25.609 0.0000000000
74381  -46.508  -1.378  24.966 0.0000000000
74399  -49.546  -0.280  22.732 0.0000000000
74400  -50.468  -0.016  22.586 0.0000000000
74408  -50.976  -0.104  21.955 0.0000000000
74413  -51.413  0.308  20.652 0.0000000000
74463  -52.203  -0.499  13.828 0.0000000000
74465  -54.707  0.850  14.290 0.0000000000
74481  -45.233  0.090  11.805 0.0000000000
74484  -47.473  -0.352  11.599 0.0000000000
74493  -55.341  0.195  10.817 0.0000000000
75089  -41.511  0.841  28.102 0.0000000000
75108  -39.921  0.935  25.591 0.0000000000
75114  -39.691  0.900  23.955 0.0000000000
75119  -48.516  -0.855  24.208 0.0000000000
75123  -39.872  1.071  23.249 0.0000000000
75134  -40.777  0.975  21.890 0.0000000000
75136  -43.478  0.422  21.962 0.0000000000
75152  -51.323  0.284  21.059 0.0000000000
75159  -52.901  1.079  18.563 0.0000000000
75194  -47.074  0.113  14.398 0.0000000000
75210  -53.473  1.328  13.652 0.0000000000
75217  -44.561  -0.064  12.975 0.0000000000
75234  -54.876  0.666  11.573 0.0000000000
75886  -39.471  1.652  24.335 0.0000000000
75936  -46.835  0.901  18.362 0.0000000000
75961  -45.551  0.755  16.882 0.0000000000
75975  -45.229  0.762  16.058 0.0000000000
75983  -54.409  1.215  15.285 0.0000000000
75989  -43.103  1.580  14.016 0.0000000000
75991  -52.137  1.451  15.202 0.0000000000
76642  -40.445  2.156  26.199 0.0000000000
76675  -39.718  2.995  20.771 0.0000000000
76713  -42.748  2.198  14.146 0.0000000000
76726  -43.063  2.028  12.026 0.0000000000
78136  -39.062  4.792  22.371 0.0000000000
78149  -40.282  4.644  19.267 0.0000000000
78152  -40.946  4.264  17.993 0.0000000000
78167  -41.962  4.146  15.984 0.0000000000
78812  -39.756  5.190  23.526 0.0000000000
78826  -39.711  5.328  20.563 0.0000000000
78834  -40.108  5.421  19.716 0.0000000000
78840  -41.047  6.116  18.303 0.0000000000
78871  -44.035  5.957  14.071 0.0000000000
79439  -40.340  6.364  21.340 0.0000000000
79463  -41.762  6.120  17.092 0.0000000000
79551  -42.199  7.060  3.807 0.0000000000
80059  -42.457  7.565  21.119 0.0000000000
80072  -42.455  7.651  19.351 0.0000000000
80128  -47.577  8.116  12.482 0.0000000000
80760  -51.927  8.662  11.553 0.0000000000
80771  -51.930  8.763  10.577 0.0000000000
80782  -51.747  8.957  9.469 0.0000000000
80791  -49.300  9.575  7.711 0.0000000000
81338  -51.832  9.244  12.318 0.0000000000
81372  -51.165  9.379  8.764 0.0000000000
81381  -49.394  10.084  7.272 0.0000000000
81394  -48.761  10.130  6.802 0.0000000000
81399  -40.794  10.011  5.680 0.0000000000
81401  -43.489  9.401  4.471 0.0000000000
81410  -41.313  9.604  4.938 0.0000000000
81418  -44.000  10.082  3.940 0.0000000000
81419  -44.227  10.121  4.162 0.0000000000
82016  -51.032  10.143  9.201 0.0000000000
82048  -44.517  10.565  5.250 0.0000000000
82055  -42.547  10.147  4.119 0.0000000000
82057  -44.074  10.401  4.538 0.0000000000
82063  -43.225  10.028  3.551 0.0000000000
102214  -52.372  1.418  16.694 0.0000000000
102245  -50.340  1.465  17.804 0.0000000000
106165  -42.512  -0.908  25.303 0.0000000000
107851  -40.452  5.762  19.139 0.0000000000
107930  -39.094  4.121  21.850 0.0000000000
109726  -46.318  8.830  8.129 0.0000000000
110538  -44.750  0.752  18.834 0.0000000000
110964  -39.101  2.973  22.600 0.0000000000
111753  -46.058  -0.673  24.278 0.0000000000
113890  -47.426  0.937  17.154 0.0000000000
117991  -47.140  -1.542  24.971 0.0000000000
118022  -40.784  7.390  5.515 0.0000000000
118131  -45.049  -0.210  12.492 0.0000000000
118323  -50.624  8.608  14.623 0.0000000000
118369  -42.647  3.950  13.079 0.0000000000
119269  -51.377  0.840  20.392 0.0000000000
119514  -43.638  1.180  18.371 0.0000000000
120917  -51.901  -0.721  13.171 0.0000000000
121019  -51.526  8.959  13.849 0.0000000000
121444  -54.578  1.096  15.258 0.0000000000
121771  -42.027  7.448  19.737 0.0000000000
121811  -55.044  0.614  11.021 0.0000000000
122690  -41.917  -0.031  23.220 0.0000000000
123073  -42.683  9.608  12.032 0.0000000000
123447  -40.691  0.110  24.096 0.0000000000
123464  -41.723  1.928  19.095 0.0000000000
