#!ascii label  , from subject sub-v2s16x51244_ses-1 vox2ras=TkReg
911
42479  -35.244  -39.503  34.329 0.0000000000
39055  -19.368  -43.075  35.688 0.0000000000
39107  -26.955  -42.909  33.544 0.0000000000
61363  -42.006  -17.718  22.356 0.0000000000
62980  -47.297  -15.634  18.540 0.0000000000
38188  -13.519  -44.723  42.295 0.0000000000
59745  -38.706  -19.647  24.324 0.0000000000
46008  -35.575  -35.834  33.002 0.0000000000
40722  -31.721  -41.513  34.226 0.0000000000
37349  -15.916  -44.541  38.833 0.0000000000
121894  -16.349  -49.254  41.525 0.0000000000
43406  -30.673  -37.607  31.705 0.0000000000
46025  -31.533  -35.445  30.846 0.0000000000
41568  -23.151  -40.108  35.530 0.0000000000
43373  -28.138  -38.597  33.104 0.0000000000
109967  -35.083  -27.158  23.234 0.0000000000
55762  -39.319  -24.979  22.521 0.0000000000
57373  -42.088  -22.348  22.216 0.0000000000
33826  -8.966  -49.381  47.886 0.0000000000
34657  -6.154  -48.160  52.176 0.0000000000
47679  -29.636  -33.089  30.864 0.0000000000
50446  -30.265  -30.792  28.299 0.0000000000
51399  -32.061  -29.270  25.308 0.0000000000
33860  -12.502  -49.886  44.140 0.0000000000
37353  -19.978  -45.412  38.564 0.0000000000
39043  -21.181  -43.707  37.763 0.0000000000
41581  -33.523  -40.760  34.308 0.0000000000
41543  -17.699  -39.969  37.643 0.0000000000
39041  -17.232  -43.628  37.322 0.0000000000
36537  -18.020  -46.366  38.218 0.0000000000
44233  -30.673  -37.571  33.584 0.0000000000
43393  -29.249  -38.420  32.063 0.0000000000
55749  -34.412  -24.236  23.983 0.0000000000
114101  -36.797  -26.474  22.572 0.0000000000
56539  -36.472  -23.633  22.772 0.0000000000
123396  -39.913  -20.712  22.058 0.0000000000
59025  -41.410  -20.535  21.024 0.0000000000
58161  -43.354  -21.391  21.476 0.0000000000
59781  -42.956  -19.361  20.447 0.0000000000
59783  -44.727  -19.345  19.883 0.0000000000
120299  -30.493  -33.803  33.639 0.0000000000
118121  -31.446  -34.277  30.875 0.0000000000
47637  -28.309  -33.073  32.992 0.0000000000
106018  -28.196  -29.187  29.627 0.0000000000
111933  -29.022  -28.050  28.285 0.0000000000
51387  -30.849  -29.371  26.558 0.0000000000
54055  -30.342  -26.694  26.897 0.0000000000
113544  -31.947  -26.231  25.384 0.0000000000
40720  -24.426  -41.416  34.354 0.0000000000
36461  -10.691  -47.070  44.515 0.0000000000
35590  -12.400  -47.119  42.365 0.0000000000
32059  -6.969  -51.161  54.115 0.0000000000
33787  -6.084  -49.651  57.394 0.0000000000
58119  -37.765  -21.630  24.989 0.0000000000
47659  -35.032  -33.950  33.089 0.0000000000
39867  -29.723  -42.559  34.168 0.0000000000
116555  -14.376  -44.555  40.857 0.0000000000
35606  -14.076  -47.794  41.032 0.0000000000
35636  -15.653  -46.758  39.505 0.0000000000
62983  -49.004  -15.663  17.692 0.0000000000
42501  -33.237  -39.129  32.517 0.0000000000
44262  -33.754  -37.896  32.073 0.0000000000
44271  -31.672  -37.031  31.148 0.0000000000
42466  -18.954  -40.019  35.345 0.0000000000
40719  -21.011  -41.082  35.307 0.0000000000
42475  -21.010  -39.062  34.012 0.0000000000
42487  -23.324  -39.124  32.806 0.0000000000
41606  -24.943  -39.861  32.548 0.0000000000
43371  -26.606  -38.664  33.110 0.0000000000
41609  -27.065  -40.514  32.063 0.0000000000
40748  -29.581  -40.816  32.420 0.0000000000
41612  -31.259  -39.647  32.473 0.0000000000
51416  -35.970  -29.790  24.542 0.0000000000
58143  -37.812  -21.775  23.109 0.0000000000
56543  -40.783  -23.547  22.505 0.0000000000
60560  -45.795  -18.324  19.176 0.0000000000
33817  -7.927  -49.464  49.758 0.0000000000
32091  -8.378  -51.670  51.813 0.0000000000
110015  -34.249  -35.827  31.273 0.0000000000
46824  -33.538  -34.616  30.658 0.0000000000
48540  -32.383  -32.614  31.116 0.0000000000
50415  -27.808  -30.989  31.309 0.0000000000
49499  -29.998  -31.705  29.402 0.0000000000
49493  -33.070  -31.170  30.736 0.0000000000
50448  -32.652  -30.555  28.744 0.0000000000
50465  -34.084  -30.274  27.724 0.0000000000
50487  -34.622  -30.156  25.418 0.0000000000
52336  -33.962  -28.233  23.799 0.0000000000
119755  -33.390  -25.504  24.582 0.0000000000
40683  -22.967  -41.441  37.949 0.0000000000
112281  -9.548  -47.040  46.871 0.0000000000
33017  -10.604  -49.629  45.836 0.0000000000
33893  -14.075  -49.626  42.716 0.0000000000
32953  -4.307  -49.659  57.767 0.0000000000
38275  -19.343  -44.320  36.448 0.0000000000
38257  -20.458  -44.513  37.551 0.0000000000
109843  -19.916  -43.730  36.123 0.0000000000
119781  -34.175  -40.401  34.249 0.0000000000
40693  -18.216  -41.563  36.246 0.0000000000
108977  -17.479  -42.247  37.241 0.0000000000
39838  -17.971  -42.883  36.577 0.0000000000
38254  -18.037  -44.683  36.911 0.0000000000
56524  -35.244  -23.040  24.470 0.0000000000
55751  -35.748  -24.063  22.966 0.0000000000
57349  -35.846  -22.822  23.835 0.0000000000
117750  -41.406  -18.085  22.512 0.0000000000
60532  -40.602  -19.027  21.711 0.0000000000
60533  -41.239  -18.828  21.266 0.0000000000
59780  -42.274  -19.528  20.643 0.0000000000
61380  -42.514  -18.015  20.834 0.0000000000
61381  -43.033  -17.571  20.908 0.0000000000
47638  -28.954  -33.435  33.118 0.0000000000
53164  -29.363  -27.583  29.497 0.0000000000
53183  -29.457  -27.568  27.726 0.0000000000
104306  -30.358  -26.521  27.833 0.0000000000
54056  -30.989  -26.100  27.442 0.0000000000
39882  -25.582  -42.280  33.737 0.0000000000
39855  -25.413  -42.731  35.620 0.0000000000
39089  -26.745  -43.457  34.968 0.0000000000
37299  -11.910  -45.912  43.087 0.0000000000
36484  -12.626  -46.424  42.144 0.0000000000
61399  -47.420  -17.231  18.351 0.0000000000
32967  -6.575  -50.359  55.588 0.0000000000
45129  -36.328  -36.621  34.129 0.0000000000
46801  -35.442  -34.833  32.972 0.0000000000
39868  -30.516  -42.319  34.378 0.0000000000
39857  -31.637  -42.559  35.368 0.0000000000
39816  -16.517  -42.261  38.642 0.0000000000
39802  -15.857  -42.739  39.854 0.0000000000
108430  -15.848  -42.875  41.085 0.0000000000
38224  -15.477  -44.349  39.524 0.0000000000
37324  -14.975  -46.065  40.010 0.0000000000
37336  -15.621  -45.807  39.310 0.0000000000
36511  -18.982  -46.790  39.854 0.0000000000
35624  -18.410  -47.224  39.921 0.0000000000
118104  -31.609  -38.235  31.794 0.0000000000
43408  -32.217  -37.818  31.600 0.0000000000
45147  -30.981  -37.068  31.410 0.0000000000
43337  -19.199  -38.399  35.288 0.0000000000
43349  -19.692  -38.870  34.703 0.0000000000
44228  -19.795  -37.874  34.837 0.0000000000
44243  -22.807  -37.379  32.844 0.0000000000
44244  -23.780  -37.635  32.609 0.0000000000
42488  -24.088  -39.457  32.674 0.0000000000
43369  -25.083  -38.291  32.577 0.0000000000
43354  -27.658  -38.786  33.937 0.0000000000
43372  -27.371  -38.734  33.147 0.0000000000
42496  -26.654  -39.771  32.164 0.0000000000
42497  -27.626  -39.659  32.001 0.0000000000
41610  -27.959  -40.548  32.001 0.0000000000
112853  -28.504  -39.785  31.815 0.0000000000
43394  -30.067  -38.107  31.867 0.0000000000
104892  -30.312  -39.653  32.199 0.0000000000
42500  -30.581  -38.867  31.962 0.0000000000
116867  -32.361  -39.623  32.662 0.0000000000
52338  -35.375  -28.688  23.650 0.0000000000
51418  -37.681  -29.334  24.278 0.0000000000
108028  -36.463  -27.845  23.083 0.0000000000
54958  -38.109  -25.547  22.432 0.0000000000
53253  -38.361  -26.989  22.604 0.0000000000
58994  -38.356  -20.348  24.564 0.0000000000
58133  -37.578  -21.463  23.813 0.0000000000
58134  -38.257  -20.844  23.480 0.0000000000
57383  -40.798  -21.991  22.062 0.0000000000
58146  -39.949  -21.883  22.251 0.0000000000
57372  -41.344  -22.766  22.296 0.0000000000
55765  -42.105  -24.233  22.903 0.0000000000
59791  -45.423  -19.027  19.481 0.0000000000
61392  -45.205  -17.519  19.445 0.0000000000
61393  -45.904  -17.398  19.057 0.0000000000
35528  -8.725  -47.965  47.962 0.0000000000
106653  -7.957  -48.074  49.441 0.0000000000
33822  -8.584  -49.529  48.565 0.0000000000
32103  -9.158  -51.712  50.669 0.0000000000
31176  -8.898  -52.189  52.972 0.0000000000
45149  -32.183  -36.362  30.737 0.0000000000
45150  -33.349  -36.422  30.812 0.0000000000
45156  -32.607  -35.659  30.357 0.0000000000
120454  -29.983  -33.412  31.204 0.0000000000
46832  -31.771  -34.403  30.557 0.0000000000
47682  -31.933  -33.546  30.817 0.0000000000
47672  -32.759  -33.327  31.145 0.0000000000
48560  -31.599  -32.648  30.776 0.0000000000
51316  -28.120  -29.727  31.657 0.0000000000
118154  -28.690  -30.095  28.916 0.0000000000
50435  -28.858  -30.819  29.168 0.0000000000
49507  -30.387  -31.273  28.930 0.0000000000
49500  -31.000  -31.550  29.487 0.0000000000
49509  -31.847  -30.996  29.181 0.0000000000
50436  -32.614  -30.904  29.873 0.0000000000
106301  -31.757  -30.653  28.279 0.0000000000
51388  -31.426  -29.329  25.908 0.0000000000
112139  -32.112  -30.122  26.783 0.0000000000
50485  -32.986  -29.938  26.028 0.0000000000
50476  -34.544  -30.403  26.129 0.0000000000
51400  -33.280  -29.682  25.176 0.0000000000
51415  -33.549  -29.337  24.481 0.0000000000
52320  -33.150  -28.572  24.268 0.0000000000
116431  -32.614  -25.404  26.308 0.0000000000
54936  -32.675  -26.006  24.800 0.0000000000
109773  -33.295  -25.154  25.957 0.0000000000
41566  -21.962  -40.227  35.440 0.0000000000
41553  -21.668  -40.994  36.078 0.0000000000
41555  -23.049  -40.403  36.410 0.0000000000
34721  -11.305  -48.575  44.343 0.0000000000
34720  -10.815  -48.503  44.837 0.0000000000
33033  -11.567  -49.953  45.116 0.0000000000
104752  -15.269  -48.711  41.093 0.0000000000
34743  -14.085  -49.046  42.045 0.0000000000
33895  -15.371  -49.511  42.046 0.0000000000
36525  -20.026  -45.984  39.760 0.0000000000
38225  -20.898  -44.782  39.147 0.0000000000
38226  -21.475  -44.190  39.453 0.0000000000
39804  -22.258  -42.855  38.955 0.0000000000
40723  -32.666  -41.300  34.408 0.0000000000
39870  -32.111  -41.964  34.872 0.0000000000
41532  -17.298  -40.520  38.127 0.0000000000
39817  -16.893  -41.943  37.929 0.0000000000
39040  -16.705  -43.807  37.824 0.0000000000
37350  -16.733  -45.689  38.225 0.0000000000
37367  -17.669  -45.282  37.390 0.0000000000
37351  -18.628  -45.821  37.838 0.0000000000
44248  -30.407  -37.448  32.584 0.0000000000
45125  -30.919  -36.735  32.017 0.0000000000
43355  -28.476  -38.646  33.955 0.0000000000
105935  -28.543  -38.672  32.272 0.0000000000
44247  -29.752  -37.910  32.357 0.0000000000
54947  -35.194  -25.593  23.154 0.0000000000
111877  -36.049  -27.054  22.884 0.0000000000
54948  -35.831  -25.048  22.811 0.0000000000
55759  -36.528  -24.538  22.595 0.0000000000
56541  -37.908  -24.094  22.454 0.0000000000
59760  -39.031  -19.733  23.043 0.0000000000
59761  -39.664  -19.323  22.712 0.0000000000
59024  -40.280  -20.372  21.790 0.0000000000
58159  -41.225  -21.369  21.411 0.0000000000
57385  -42.833  -21.888  22.162 0.0000000000
59026  -42.053  -21.093  21.080 0.0000000000
122824  -42.744  -20.090  20.561 0.0000000000
59039  -44.279  -20.191  20.333 0.0000000000
59782  -43.754  -19.308  20.205 0.0000000000
61382  -43.708  -17.568  20.403 0.0000000000
33003  -10.208  -50.591  47.233 0.0000000000
32996  -9.243  -50.746  48.466 0.0000000000
102519  -10.835  -51.648  48.677 0.0000000000
46814  -31.476  -34.302  31.872 0.0000000000
46823  -31.408  -34.474  30.964 0.0000000000
46813  -30.604  -33.843  32.308 0.0000000000
47670  -30.111  -33.629  31.595 0.0000000000
47669  -29.229  -33.374  31.467 0.0000000000
52240  -28.511  -29.018  31.065 0.0000000000
52252  -29.029  -28.449  30.627 0.0000000000
52273  -28.358  -28.799  29.082 0.0000000000
51361  -29.494  -29.177  27.842 0.0000000000
50461  -30.613  -30.254  27.608 0.0000000000
52285  -29.802  -28.712  27.337 0.0000000000
53190  -30.283  -27.778  26.360 0.0000000000
53191  -31.041  -27.763  25.679 0.0000000000
53204  -31.770  -27.722  25.068 0.0000000000
54076  -31.386  -26.410  25.878 0.0000000000
40709  -23.690  -40.717  34.940 0.0000000000
40696  -23.502  -40.726  36.077 0.0000000000
39842  -24.740  -42.195  36.059 0.0000000000
35577  -11.290  -47.276  43.761 0.0000000000
34734  -12.177  -48.610  43.346 0.0000000000
117581  -6.234  -50.391  53.351 0.0000000000
34652  -5.541  -48.537  53.629 0.0000000000
33794  -5.575  -49.486  54.580 0.0000000000
33790  -5.480  -49.281  55.654 0.0000000000
34645  -4.693  -48.784  57.408 0.0000000000
47640  -34.640  -33.052  33.336 0.0000000000
39108  -27.802  -43.101  33.915 0.0000000000
39090  -27.544  -43.510  34.790 0.0000000000
38989  -15.256  -43.428  41.570 0.0000000000
38201  -14.020  -44.444  41.558 0.0000000000
37310  -13.465  -45.890  41.148 0.0000000000
37322  -14.106  -45.931  40.546 0.0000000000
104541  -15.176  -47.687  40.319 0.0000000000
34775  -16.546  -48.383  40.426 0.0000000000
113903  -16.918  -46.885  38.956 0.0000000000
35622  -16.900  -47.860  39.878 0.0000000000
34744  -17.560  -48.960  41.808 0.0000000000
62982  -48.082  -15.732  18.039 0.0000000000
104533  -34.084  -39.402  33.047 0.0000000000
43376  -34.547  -38.735  32.883 0.0000000000
43397  -33.108  -38.332  32.074 0.0000000000
45148  -31.426  -36.308  31.038 0.0000000000
45126  -31.826  -35.881  32.441 0.0000000000
45137  -31.410  -36.066  31.415 0.0000000000
46016  -31.729  -35.034  31.708 0.0000000000
46799  -31.446  -34.101  32.937 0.0000000000
40705  -18.838  -41.631  35.579 0.0000000000
39852  -19.891  -42.405  35.401 0.0000000000
41575  -19.661  -40.660  34.932 0.0000000000
41577  -21.068  -40.380  34.779 0.0000000000
120550  -21.611  -39.355  34.060 0.0000000000
44230  -21.390  -37.369  33.867 0.0000000000
42486  -21.782  -38.740  33.583 0.0000000000
41579  -23.261  -39.854  34.352 0.0000000000
41580  -23.928  -40.550  33.838 0.0000000000
40734  -24.632  -41.127  33.392 0.0000000000
104926  -25.983  -42.045  32.805 0.0000000000
44246  -25.471  -37.801  33.178 0.0000000000
42495  -25.808  -39.812  32.335 0.0000000000
41608  -26.223  -40.501  32.287 0.0000000000
39896  -26.914  -42.339  32.701 0.0000000000
39898  -28.578  -42.039  32.761 0.0000000000
118064  -29.671  -41.468  33.082 0.0000000000
40737  -30.357  -41.053  33.205 0.0000000000
107770  -29.389  -39.857  31.911 0.0000000000
41597  -30.096  -40.326  32.498 0.0000000000
40738  -31.276  -40.978  33.582 0.0000000000
41599  -32.813  -40.481  33.540 0.0000000000
42489  -33.273  -39.766  33.072 0.0000000000
112612  -18.349  -39.658  36.233 0.0000000000
53242  -37.947  -27.673  22.844 0.0000000000
58123  -36.990  -21.993  24.079 0.0000000000
57368  -37.243  -22.433  22.956 0.0000000000
121562  -38.180  -23.385  22.481 0.0000000000
58144  -38.639  -21.291  22.804 0.0000000000
57370  -39.474  -22.485  22.407 0.0000000000
55763  -40.143  -24.420  22.558 0.0000000000
54961  -40.812  -25.254  22.858 0.0000000000
60578  -47.051  -18.031  18.621 0.0000000000
61398  -46.601  -17.268  18.708 0.0000000000
62977  -46.578  -15.678  19.136 0.0000000000
35498  -7.616  -47.681  50.720 0.0000000000
33808  -6.808  -49.220  51.158 0.0000000000
32991  -8.308  -50.340  49.596 0.0000000000
32101  -7.941  -50.867  51.029 0.0000000000
32981  -6.788  -49.944  51.844 0.0000000000
32081  -7.341  -51.320  52.623 0.0000000000
115650  -34.306  -37.376  32.100 0.0000000000
119293  -34.774  -36.882  32.223 0.0000000000
45138  -34.892  -36.087  32.125 0.0000000000
46035  -32.109  -35.020  30.262 0.0000000000
46027  -33.558  -35.426  30.579 0.0000000000
46017  -34.734  -35.337  31.779 0.0000000000
46825  -34.120  -34.115  31.450 0.0000000000
47657  -33.590  -33.199  31.900 0.0000000000
48542  -33.656  -32.410  32.167 0.0000000000
48526  -27.996  -32.700  32.375 0.0000000000
110773  -28.879  -32.868  30.774 0.0000000000
50425  -27.967  -30.590  30.516 0.0000000000
49491  -28.746  -32.164  30.146 0.0000000000
48557  -29.510  -32.603  30.319 0.0000000000
48559  -31.332  -32.054  30.269 0.0000000000
49492  -32.260  -31.790  30.623 0.0000000000
50463  -32.445  -30.397  27.681 0.0000000000
50464  -33.279  -30.315  27.614 0.0000000000
121946  -35.474  -29.943  24.823 0.0000000000
51429  -35.064  -29.189  24.000 0.0000000000
53238  -34.187  -27.279  23.563 0.0000000000
54077  -32.077  -26.830  24.771 0.0000000000
54091  -33.637  -26.580  23.855 0.0000000000
102905  -34.511  -26.266  23.449 0.0000000000
54937  -34.005  -24.993  24.371 0.0000000000
55734  -34.636  -23.865  25.317 0.0000000000
39840  -20.894  -42.559  36.120 0.0000000000
39828  -21.903  -42.129  37.601 0.0000000000
40685  -23.809  -41.628  37.662 0.0000000000
34686  -9.387  -48.417  46.813 0.0000000000
36450  -10.282  -46.861  45.367 0.0000000000
34693  -9.833  -48.369  46.120 0.0000000000
33833  -9.816  -49.127  46.491 0.0000000000
122320  -10.485  -50.310  46.587 0.0000000000
35591  -13.002  -47.728  42.053 0.0000000000
117555  -13.232  -48.584  42.261 0.0000000000
114018  -13.377  -49.573  43.104 0.0000000000
32948  -6.595  -50.450  58.068 0.0000000000
33781  -5.312  -49.539  57.822 0.0000000000
34641  -4.023  -48.224  57.523 0.0000000000
42490  -34.925  -39.107  33.493 0.0000000000
117957  -19.144  -43.775  36.085 0.0000000000
38276  -20.046  -44.334  36.699 0.0000000000
42478  -34.510  -39.827  33.898 0.0000000000
39839  -18.559  -42.461  35.932 0.0000000000
113282  -17.944  -42.134  36.545 0.0000000000
39054  -18.581  -43.393  36.177 0.0000000000
38274  -18.601  -44.162  36.455 0.0000000000
56516  -35.593  -23.048  25.021 0.0000000000
57340  -35.833  -22.762  24.525 0.0000000000
61371  -41.624  -18.130  21.770 0.0000000000
60534  -41.946  -18.312  21.078 0.0000000000
61372  -42.385  -17.704  21.508 0.0000000000
54044  -30.393  -26.513  28.667 0.0000000000
39106  -26.273  -42.950  34.252 0.0000000000
38187  -13.015  -45.058  42.971 0.0000000000
120292  -12.479  -45.743  42.573 0.0000000000
106022  -13.018  -45.303  42.213 0.0000000000
62195  -47.519  -16.332  18.273 0.0000000000
62196  -48.108  -16.754  17.990 0.0000000000
104870  -36.077  -36.037  33.720 0.0000000000
115891  -35.944  -35.200  33.844 0.0000000000
40721  -30.873  -41.623  34.011 0.0000000000
39869  -31.293  -42.133  34.647 0.0000000000
39014  -16.070  -43.055  39.140 0.0000000000
39803  -16.247  -42.184  39.581 0.0000000000
39013  -15.507  -43.467  39.848 0.0000000000
39027  -15.828  -43.836  39.182 0.0000000000
122272  -15.612  -45.037  39.192 0.0000000000
43395  -30.858  -38.170  31.730 0.0000000000
43407  -31.240  -37.624  31.496 0.0000000000
45124  -24.284  -36.970  33.076 0.0000000000
45123  -23.489  -36.654  33.167 0.0000000000
44260  -24.397  -38.181  32.504 0.0000000000
44245  -24.701  -37.579  32.743 0.0000000000
43392  -27.835  -38.932  32.409 0.0000000000
43391  -27.060  -39.159  32.546 0.0000000000
122193  -28.309  -39.206  31.935 0.0000000000
107374  -31.517  -38.881  32.138 0.0000000000
53240  -35.693  -27.926  23.271 0.0000000000
52339  -36.367  -28.631  23.528 0.0000000000
55761  -38.451  -24.882  22.438 0.0000000000
54959  -38.886  -25.679  22.498 0.0000000000
123837  -39.445  -25.504  22.565 0.0000000000
58993  -37.981  -20.825  24.155 0.0000000000
59001  -38.344  -20.156  23.902 0.0000000000
115754  -41.499  -21.987  22.032 0.0000000000
117261  -42.073  -23.014  22.442 0.0000000000
112856  -45.480  -16.824  19.441 0.0000000000
34685  -8.998  -48.537  47.551 0.0000000000
34678  -8.660  -48.663  48.316 0.0000000000
46026  -31.807  -35.589  30.573 0.0000000000
47680  -30.376  -33.213  30.926 0.0000000000
47681  -31.206  -33.514  30.930 0.0000000000
110722  -30.786  -32.708  30.593 0.0000000000
50445  -29.384  -30.500  28.554 0.0000000000
49508  -31.050  -30.990  28.685 0.0000000000
50447  -31.016  -30.597  28.028 0.0000000000
51389  -32.123  -29.751  26.006 0.0000000000
120443  -32.612  -29.575  25.419 0.0000000000
111393  -32.752  -29.253  24.803 0.0000000000
52307  -32.263  -28.598  24.831 0.0000000000
41567  -22.818  -40.075  35.799 0.0000000000
41554  -22.486  -40.515  36.324 0.0000000000
33876  -11.898  -49.123  44.028 0.0000000000
33859  -11.385  -49.216  44.697 0.0000000000
107310  -11.929  -49.723  44.543 0.0000000000
33034  -12.335  -50.302  44.798 0.0000000000
33909  -15.666  -49.229  41.526 0.0000000000
33896  -16.021  -49.598  42.072 0.0000000000
35491  -6.723  -47.743  51.771 0.0000000000
35484  -6.382  -47.535  52.557 0.0000000000
44251  -36.051  -37.317  33.909 0.0000000000
37337  -19.692  -45.846  38.980 0.0000000000
37338  -20.420  -45.388  39.280 0.0000000000
38240  -21.046  -44.323  38.508 0.0000000000
39029  -21.592  -43.554  38.715 0.0000000000
115279  -21.972  -43.455  39.423 0.0000000000
39818  -21.766  -42.823  38.101 0.0000000000
107170  -17.942  -39.242  38.053 0.0000000000
113673  -17.523  -43.094  37.143 0.0000000000
40681  -17.260  -41.325  37.674 0.0000000000
39827  -16.954  -42.870  37.769 0.0000000000
38253  -17.255  -44.480  37.367 0.0000000000
37369  -19.115  -45.322  37.431 0.0000000000
37368  -18.346  -45.319  37.271 0.0000000000
37352  -19.374  -45.644  38.198 0.0000000000
44249  -31.243  -36.968  32.904 0.0000000000
43356  -29.339  -38.403  34.118 0.0000000000
55750  -35.080  -24.586  23.327 0.0000000000
56533  -35.894  -23.325  23.237 0.0000000000
55760  -37.110  -24.077  22.508 0.0000000000
59749  -39.271  -19.148  23.396 0.0000000000
60523  -39.899  -18.750  23.171 0.0000000000
59773  -40.822  -19.805  21.338 0.0000000000
59762  -40.208  -19.578  22.041 0.0000000000
104407  -40.792  -20.708  21.359 0.0000000000
59038  -43.420  -20.163  20.449 0.0000000000
123162  -30.626  -33.859  33.017 0.0000000000
47656  -29.499  -33.616  32.300 0.0000000000
47655  -28.635  -33.306  32.280 0.0000000000
53176  -29.325  -27.511  28.649 0.0000000000
53175  -28.737  -28.161  29.023 0.0000000000
52274  -28.718  -28.748  28.422 0.0000000000
52284  -29.280  -28.350  27.745 0.0000000000
53184  -29.867  -27.363  26.914 0.0000000000
54063  -30.715  -26.971  26.060 0.0000000000
54900  -31.714  -25.693  27.121 0.0000000000
40710  -24.242  -41.564  35.427 0.0000000000
122421  -24.644  -41.862  34.831 0.0000000000
39072  -25.950  -43.190  36.151 0.0000000000
35589  -11.809  -47.170  42.968 0.0000000000
36473  -11.563  -46.431  43.470 0.0000000000
35578  -11.800  -47.836  43.292 0.0000000000
35579  -12.400  -48.025  42.669 0.0000000000
33797  -5.695  -49.510  53.604 0.0000000000
32971  -5.956  -50.215  54.168 0.0000000000
33791  -6.027  -49.686  56.254 0.0000000000
32966  -6.002  -49.955  55.077 0.0000000000
34648  -4.978  -48.574  56.340 0.0000000000
33786  -5.433  -49.163  56.952 0.0000000000
46802  -35.551  -34.247  33.789 0.0000000000
47641  -35.202  -33.427  33.873 0.0000000000
39866  -28.818  -42.834  34.043 0.0000000000
39091  -28.393  -43.431  34.689 0.0000000000
39002  -15.262  -43.461  40.692 0.0000000000
39001  -14.660  -43.947  41.106 0.0000000000
38988  -14.568  -43.883  41.753 0.0000000000
37311  -13.930  -45.180  40.975 0.0000000000
37323  -14.548  -45.157  40.379 0.0000000000
36510  -15.031  -47.070  40.004 0.0000000000
35621  -15.706  -47.531  39.917 0.0000000000
34774  -15.677  -48.244  40.410 0.0000000000
103937  -16.250  -47.885  39.998 0.0000000000
36536  -17.130  -46.397  38.425 0.0000000000
34777  -18.343  -47.705  40.725 0.0000000000
35623  -17.674  -47.624  39.945 0.0000000000
34776  -17.394  -48.218  40.516 0.0000000000
42502  -33.922  -38.669  32.435 0.0000000000
46006  -32.473  -34.965  32.825 0.0000000000
114690  -32.103  -34.585  32.506 0.0000000000
41565  -19.074  -40.962  35.301 0.0000000000
42474  -20.334  -39.420  34.422 0.0000000000
103557  -20.994  -39.751  34.345 0.0000000000
43368  -23.054  -38.327  32.666 0.0000000000
43367  -22.308  -38.108  33.117 0.0000000000
118519  -22.580  -38.921  33.092 0.0000000000
42476  -22.424  -39.444  33.951 0.0000000000
42477  -23.038  -39.433  33.404 0.0000000000
41594  -23.620  -39.798  33.233 0.0000000000
41595  -24.332  -40.306  32.978 0.0000000000
41596  -25.018  -40.828  32.752 0.0000000000
40735  -25.280  -41.608  33.079 0.0000000000
40744  -25.735  -41.175  32.598 0.0000000000
103969  -26.879  -38.588  33.875 0.0000000000
43353  -26.373  -38.311  34.528 0.0000000000
44232  -25.667  -37.703  34.304 0.0000000000
43352  -26.167  -38.211  33.647 0.0000000000
43370  -25.863  -38.480  32.890 0.0000000000
43390  -26.231  -39.144  32.553 0.0000000000
40745  -26.551  -41.363  32.383 0.0000000000
40746  -27.445  -41.436  32.275 0.0000000000
39897  -27.863  -42.205  32.621 0.0000000000
41611  -28.814  -40.647  32.036 0.0000000000
40736  -29.051  -41.446  32.627 0.0000000000
42498  -28.922  -39.094  31.779 0.0000000000
41598  -30.857  -40.339  32.879 0.0000000000
40739  -32.084  -40.997  33.739 0.0000000000
106129  -31.797  -40.379  33.126 0.0000000000
42465  -18.781  -39.005  35.753 0.0000000000
115557  -18.431  -38.739  36.617 0.0000000000
41564  -18.437  -40.715  35.988 0.0000000000
50501  -36.631  -30.048  24.863 0.0000000000
52340  -37.336  -28.808  23.691 0.0000000000
53241  -37.006  -27.377  22.735 0.0000000000
53252  -37.638  -26.819  22.524 0.0000000000
57351  -37.048  -22.188  24.634 0.0000000000
57361  -37.080  -22.137  23.492 0.0000000000
57369  -37.938  -22.606  22.664 0.0000000000
59012  -39.610  -20.161  22.399 0.0000000000
59011  -38.854  -20.480  22.883 0.0000000000
58145  -39.469  -21.063  22.364 0.0000000000
57371  -40.384  -22.704  22.343 0.0000000000
56542  -39.792  -23.376  22.455 0.0000000000
55764  -41.228  -24.357  22.723 0.0000000000
54962  -41.735  -25.073  23.143 0.0000000000
58160  -42.638  -21.429  21.400 0.0000000000
59792  -46.158  -19.180  19.391 0.0000000000
60561  -46.671  -18.635  19.000 0.0000000000
62191  -46.113  -16.502  19.138 0.0000000000
62194  -46.873  -16.421  18.624 0.0000000000
35505  -7.710  -47.845  50.006 0.0000000000
34673  -7.603  -48.546  49.967 0.0000000000
34668  -7.093  -48.601  50.716 0.0000000000
33813  -7.365  -49.289  50.454 0.0000000000
32121  -9.503  -51.353  49.213 0.0000000000
32995  -8.616  -50.292  48.827 0.0000000000
32112  -8.809  -50.951  49.330 0.0000000000
107681  -8.442  -51.415  51.100 0.0000000000
32102  -8.401  -51.152  50.201 0.0000000000
32982  -7.442  -50.022  51.130 0.0000000000
32976  -7.382  -50.874  51.794 0.0000000000
102210  -7.804  -51.453  52.058 0.0000000000
32073  -8.455  -51.934  53.749 0.0000000000
43398  -34.472  -38.084  32.532 0.0000000000
45151  -34.238  -36.672  31.613 0.0000000000
46034  -31.642  -34.947  30.568 0.0000000000
46833  -32.547  -34.342  30.473 0.0000000000
46036  -32.849  -35.013  30.228 0.0000000000
46028  -34.307  -34.946  31.172 0.0000000000
46815  -34.812  -34.576  32.124 0.0000000000
48541  -33.129  -32.543  31.618 0.0000000000
49483  -27.669  -31.054  32.185 0.0000000000
49478  -27.671  -31.796  32.710 0.0000000000
49484  -27.780  -32.015  31.591 0.0000000000
48539  -28.345  -32.922  31.493 0.0000000000
48556  -28.291  -32.414  30.855 0.0000000000
50424  -28.058  -29.619  30.538 0.0000000000
49498  -29.156  -31.591  29.484 0.0000000000
49497  -28.425  -31.176  29.879 0.0000000000
48575  -29.502  -32.128  29.805 0.0000000000
48576  -30.328  -32.231  30.050 0.0000000000
49501  -31.860  -31.466  29.894 0.0000000000
49485  -32.925  -31.867  31.288 0.0000000000
102764  -33.421  -31.335  31.326 0.0000000000
50437  -33.281  -30.435  29.383 0.0000000000
120201  -30.889  -29.943  27.005 0.0000000000
50462  -31.444  -30.304  27.377 0.0000000000
50474  -32.845  -30.173  26.866 0.0000000000
50477  -35.318  -30.498  26.345 0.0000000000
121963  -35.102  -30.414  25.738 0.0000000000
50488  -35.741  -30.474  25.675 0.0000000000
119308  -35.295  -30.204  25.248 0.0000000000
52321  -33.874  -28.964  24.003 0.0000000000
109411  -34.433  -29.400  24.290 0.0000000000
52337  -34.559  -28.810  23.809 0.0000000000
112565  -31.376  -26.946  25.349 0.0000000000
120133  -33.269  -26.105  24.267 0.0000000000
54092  -33.829  -25.751  23.950 0.0000000000
115451  -34.209  -24.310  24.822 0.0000000000
40707  -20.349  -41.755  35.331 0.0000000000
39853  -20.446  -42.350  35.601 0.0000000000
40708  -21.009  -41.803  35.772 0.0000000000
40694  -22.199  -40.959  36.869 0.0000000000
39841  -21.613  -41.759  36.764 0.0000000000
40682  -22.411  -41.463  37.482 0.0000000000
39819  -22.563  -42.104  38.316 0.0000000000
40663  -23.178  -41.979  38.700 0.0000000000
40697  -23.919  -41.485  36.662 0.0000000000
123243  -23.476  -41.183  37.300 0.0000000000
39075  -28.113  -43.689  35.427 0.0000000000
35529  -9.209  -47.644  47.337 0.0000000000
36462  -10.892  -46.304  44.904 0.0000000000
122093  -10.600  -46.357  45.515 0.0000000000
33845  -10.827  -49.323  45.367 0.0000000000
34705  -10.292  -48.424  45.457 0.0000000000
33834  -10.288  -49.096  45.918 0.0000000000
104896  -10.337  -49.741  46.242 0.0000000000
33018  -11.040  -50.229  45.929 0.0000000000
35619  -13.820  -46.785  40.888 0.0000000000
36496  -13.147  -46.524  41.535 0.0000000000
35605  -13.420  -47.355  41.498 0.0000000000
121445  -13.501  -49.220  42.547 0.0000000000
32954  -4.681  -50.427  57.828 0.0000000000
115298  -5.721  -49.989  58.122 0.0000000000
108125  -5.018  -49.831  58.041 0.0000000000
33780  -4.488  -49.205  57.705 0.0000000000
38256  -19.624  -44.810  37.055 0.0000000000
37370  -19.858  -45.153  37.851 0.0000000000
39042  -20.632  -43.806  36.852 0.0000000000
113963  -17.975  -40.940  36.656 0.0000000000
41551  -17.639  -40.736  37.312 0.0000000000
40692  -17.743  -41.487  36.949 0.0000000000
38273  -17.866  -43.801  36.778 0.0000000000
38255  -18.814  -44.826  36.819 0.0000000000
44219  -31.200  -37.789  34.677 0.0000000000
56523  -34.688  -23.604  24.552 0.0000000000
56532  -35.141  -23.554  23.696 0.0000000000
60524  -40.284  -18.858  22.399 0.0000000000
118675  -40.927  -18.495  22.053 0.0000000000
59036  -41.569  -19.664  20.854 0.0000000000
60544  -41.842  -18.975  20.817 0.0000000000
60545  -42.428  -18.718  20.678 0.0000000000
60546  -43.143  -18.345  20.401 0.0000000000
47639  -29.874  -33.711  33.102 0.0000000000
47622  -29.359  -33.539  34.088 0.0000000000
47621  -28.436  -32.988  33.904 0.0000000000
54043  -29.780  -26.927  28.238 0.0000000000
54054  -29.862  -26.958  27.477 0.0000000000
54045  -30.969  -26.098  28.287 0.0000000000
39864  -25.002  -42.056  34.420 0.0000000000
39865  -25.495  -42.643  34.718 0.0000000000
39088  -26.027  -43.189  35.227 0.0000000000
39073  -26.623  -43.461  35.838 0.0000000000
36483  -12.041  -46.436  42.715 0.0000000000
61400  -48.228  -17.624  18.182 0.0000000000
32973  -7.147  -50.955  54.976 0.0000000000
32972  -6.474  -50.621  54.611 0.0000000000
32968  -7.320  -50.645  56.031 0.0000000000
32960  -6.792  -49.935  56.837 0.0000000000
39856  -30.799  -42.710  35.091 0.0000000000
40671  -16.578  -41.546  39.326 0.0000000000
40661  -16.603  -41.443  40.185 0.0000000000
39793  -16.221  -42.253  40.532 0.0000000000
39792  -15.676  -42.943  40.353 0.0000000000
38213  -14.969  -44.257  40.317 0.0000000000
37335  -15.142  -45.095  39.753 0.0000000000
36523  -18.455  -46.754  39.175 0.0000000000
35639  -17.862  -47.203  39.433 0.0000000000
35625  -19.064  -47.057  40.498 0.0000000000
43396  -32.354  -38.677  32.154 0.0000000000
112989  -19.202  -39.218  35.105 0.0000000000
43350  -20.376  -38.496  34.311 0.0000000000
45122  -22.566  -36.533  33.491 0.0000000000
43387  -23.844  -38.621  32.533 0.0000000000
43388  -24.611  -38.908  32.505 0.0000000000
42499  -29.661  -38.926  31.867 0.0000000000
51430  -35.785  -29.276  24.001 0.0000000000
51417  -36.722  -29.433  24.185 0.0000000000
102451  -37.167  -28.141  23.165 0.0000000000
54111  -37.485  -25.936  22.454 0.0000000000
54112  -38.245  -26.266  22.485 0.0000000000
58989  -37.997  -20.958  24.693 0.0000000000
58124  -37.557  -21.458  24.416 0.0000000000
58158  -40.319  -21.195  21.800 0.0000000000
56544  -41.678  -23.578  22.593 0.0000000000
60559  -44.909  -18.363  19.575 0.0000000000
35515  -8.402  -47.879  48.740 0.0000000000
34674  -8.233  -48.818  49.148 0.0000000000
32082  -8.177  -51.795  52.678 0.0000000000
44272  -32.667  -37.125  31.136 0.0000000000
44273  -33.581  -37.234  31.488 0.0000000000
47671  -30.819  -33.641  31.199 0.0000000000
105699  -33.338  -33.884  31.050 0.0000000000
123306  -27.856  -30.425  31.793 0.0000000000
50434  -28.159  -30.091  29.610 0.0000000000
49506  -29.653  -31.193  28.897 0.0000000000
50473  -31.436  -29.844  26.553 0.0000000000
123251  -32.509  -29.982  26.411 0.0000000000
50475  -33.743  -30.301  26.721 0.0000000000
50486  -33.863  -30.088  25.708 0.0000000000
51401  -34.080  -29.797  24.932 0.0000000000
54929  -32.538  -25.600  25.610 0.0000000000
120889  -33.058  -25.387  25.167 0.0000000000
55741  -33.651  -24.955  25.104 0.0000000000
40695  -22.837  -40.800  37.171 0.0000000000
35566  -10.940  -47.843  44.349 0.0000000000
35556  -10.383  -47.677  44.977 0.0000000000
34773  -14.833  -48.131  40.711 0.0000000000
34757  -14.465  -48.549  41.342 0.0000000000
33908  -14.933  -49.153  41.699 0.0000000000
33894  -14.781  -49.594  42.333 0.0000000000
45128  -35.829  -36.658  33.455 0.0000000000
36513  -20.301  -46.098  40.506 0.0000000000
104297  -20.573  -45.603  40.046 0.0000000000
37325  -20.918  -45.546  40.650 0.0000000000
37339  -21.134  -45.033  39.921 0.0000000000
38239  -20.458  -44.951  38.486 0.0000000000
41521  -17.255  -40.328  39.078 0.0000000000
40672  -16.857  -41.203  38.603 0.0000000000
111184  -16.493  -43.169  38.380 0.0000000000
39028  -16.232  -43.860  38.551 0.0000000000
38238  -16.481  -44.741  38.069 0.0000000000
37366  -17.079  -45.249  37.713 0.0000000000
36553  -17.422  -45.875  37.838 0.0000000000
36554  -18.003  -45.820  37.610 0.0000000000
36538  -18.943  -46.213  38.586 0.0000000000
36524  -19.320  -46.388  39.423 0.0000000000
44261  -30.533  -37.396  31.907 0.0000000000
43374  -28.953  -38.213  32.954 0.0000000000
43375  -29.784  -37.851  33.271 0.0000000000
54101  -35.355  -26.419  23.060 0.0000000000
54102  -35.969  -26.025  22.773 0.0000000000
54956  -36.672  -25.503  22.538 0.0000000000
54957  -37.461  -24.943  22.417 0.0000000000
59748  -38.772  -19.583  23.674 0.0000000000
57384  -42.038  -21.710  21.696 0.0000000000
59037  -42.156  -20.330  20.754 0.0000000000
58167  -42.893  -20.811  20.862 0.0000000000
60547  -44.046  -18.381  19.954 0.0000000000
61391  -44.430  -17.517  19.893 0.0000000000
33002  -9.393  -50.179  47.593 0.0000000000
117144  -8.864  -50.099  48.189 0.0000000000
32997  -9.872  -50.847  47.887 0.0000000000
32122  -10.039  -51.302  48.530 0.0000000000
46822  -30.967  -33.797  31.479 0.0000000000
52251  -28.428  -28.818  30.204 0.0000000000
53159  -28.900  -28.220  29.869 0.0000000000
52261  -28.464  -28.626  29.545 0.0000000000
51360  -28.328  -29.381  28.965 0.0000000000
110676  -29.036  -29.671  28.398 0.0000000000
51362  -29.868  -30.028  27.981 0.0000000000
51376  -30.294  -29.475  27.306 0.0000000000
52294  -29.637  -28.029  27.010 0.0000000000
52295  -30.259  -28.644  26.750 0.0000000000
52296  -30.865  -28.607  26.075 0.0000000000
52306  -31.540  -28.623  25.421 0.0000000000
54064  -31.143  -26.231  26.578 0.0000000000
54912  -31.915  -25.788  26.222 0.0000000000
54913  -32.346  -25.455  26.855 0.0000000000
54914  -33.034  -25.195  26.913 0.0000000000
39854  -24.895  -42.246  35.154 0.0000000000
39843  -25.327  -42.727  36.561 0.0000000000
110989  -11.123  -46.599  44.145 0.0000000000
117784  -11.794  -45.803  43.642 0.0000000000
34733  -11.537  -48.208  43.834 0.0000000000
33877  -12.638  -49.418  43.488 0.0000000000
33897  -16.925  -49.483  42.052 0.0000000000
33798  -6.195  -49.767  52.642 0.0000000000
33803  -5.863  -48.805  52.788 0.0000000000
113016  -5.372  -48.961  54.231 0.0000000000
112053  -5.242  -48.769  55.076 0.0000000000
34647  -4.845  -47.883  55.592 0.0000000000
34644  -4.424  -47.944  56.970 0.0000000000
58990  -38.478  -20.762  25.167 0.0000000000
59741  -38.903  -19.939  24.999 0.0000000000
117215  -27.030  -43.269  34.270 0.0000000000
39858  -32.511  -42.376  35.514 0.0000000000
38976  -14.942  -43.663  42.195 0.0000000000
37300  -13.428  -45.219  41.631 0.0000000000
105338  -12.954  -45.827  41.817 0.0000000000
36509  -14.476  -46.642  40.378 0.0000000000
35620  -14.554  -47.361  40.540 0.0000000000
33910  -16.085  -48.830  40.985 0.0000000000
105087  -16.050  -45.385  38.672 0.0000000000
105320  -16.345  -46.356  38.883 0.0000000000
35637  -16.405  -47.289  39.433 0.0000000000
35638  -17.211  -47.339  39.371 0.0000000000
34758  -16.986  -48.880  41.172 0.0000000000
43409  -33.079  -37.703  31.641 0.0000000000
120207  -31.029  -36.747  31.511 0.0000000000
46791  -31.370  -33.981  33.994 0.0000000000
116768  -19.285  -42.279  35.473 0.0000000000
40706  -19.648  -41.583  35.203 0.0000000000
40718  -20.333  -41.004  34.974 0.0000000000
42473  -19.667  -39.780  34.769 0.0000000000
41576  -20.334  -40.223  34.647 0.0000000000
108375  -21.826  -39.738  34.605 0.0000000000
41578  -22.716  -39.770  35.029 0.0000000000
45108  -20.937  -36.599  34.918 0.0000000000
44229  -20.638  -37.424  34.421 0.0000000000
43351  -21.095  -38.194  33.871 0.0000000000
44242  -22.036  -37.294  33.349 0.0000000000
43366  -21.693  -37.938  33.521 0.0000000000
102036  -24.981  -41.722  33.767 0.0000000000
39883  -26.320  -42.552  33.361 0.0000000000
43389  -25.410  -39.094  32.530 0.0000000000
41607  -25.524  -40.453  32.481 0.0000000000
39884  -27.566  -42.668  33.151 0.0000000000
39885  -28.323  -42.532  33.273 0.0000000000
40747  -28.300  -41.406  32.352 0.0000000000
39886  -29.222  -42.163  33.337 0.0000000000
39887  -30.110  -41.924  33.660 0.0000000000
41600  -33.777  -40.167  33.640 0.0000000000
42457  -17.981  -39.357  37.110 0.0000000000
41552  -17.927  -40.211  36.790 0.0000000000
50502  -37.279  -29.796  24.703 0.0000000000
117626  -37.849  -28.349  23.338 0.0000000000
57350  -36.406  -22.511  24.292 0.0000000000
57360  -36.537  -22.775  23.174 0.0000000000
56540  -37.284  -23.234  22.632 0.0000000000
102821  -38.964  -24.027  22.416 0.0000000000
119779  -38.612  -20.110  23.412 0.0000000000
117960  -39.201  -21.752  22.451 0.0000000000
105393  -38.599  -22.112  22.589 0.0000000000
107271  -38.834  -22.997  22.470 0.0000000000
115348  -46.392  -17.959  18.841 0.0000000000
62978  -47.189  -15.021  18.975 0.0000000000
35492  -7.412  -47.478  51.468 0.0000000000
34662  -6.664  -48.447  51.445 0.0000000000
33818  -8.272  -49.727  49.135 0.0000000000
32987  -7.940  -50.161  50.400 0.0000000000
33804  -6.349  -49.043  51.962 0.0000000000
32975  -6.741  -50.628  52.567 0.0000000000
32071  -6.822  -51.051  53.330 0.0000000000
32072  -7.518  -51.559  53.477 0.0000000000
32060  -7.678  -51.559  54.413 0.0000000000
43399  -35.000  -37.482  32.610 0.0000000000
45139  -35.326  -36.744  32.732 0.0000000000
46018  -35.163  -35.313  32.354 0.0000000000
47658  -34.394  -33.584  32.457 0.0000000000
48527  -34.147  -32.669  32.667 0.0000000000
48514  -27.973  -32.425  33.278 0.0000000000
49471  -27.780  -31.535  33.612 0.0000000000
50414  -27.891  -30.222  31.174 0.0000000000
49490  -28.041  -31.617  30.642 0.0000000000
48558  -30.120  -32.769  30.560 0.0000000000
49486  -33.494  -31.831  31.819 0.0000000000
105911  -34.153  -31.717  32.418 0.0000000000
49494  -33.721  -30.746  30.958 0.0000000000
121151  -32.997  -30.413  28.150 0.0000000000
50500  -35.941  -30.226  25.068 0.0000000000
50499  -34.859  -29.851  24.842 0.0000000000
105567  -35.260  -29.576  24.416 0.0000000000
53239  -34.797  -28.038  23.503 0.0000000000
53222  -32.564  -27.658  24.514 0.0000000000
53223  -33.363  -27.495  23.982 0.0000000000
54090  -32.876  -26.741  24.292 0.0000000000
54946  -34.468  -25.214  23.676 0.0000000000
118141  -34.989  -23.263  25.075 0.0000000000
39071  -20.209  -42.979  35.721 0.0000000000
115170  -20.610  -43.249  36.300 0.0000000000
120662  -21.287  -42.892  37.042 0.0000000000
109310  -23.269  -40.792  36.963 0.0000000000
40684  -23.202  -41.142  37.606 0.0000000000
39820  -24.526  -42.171  38.039 0.0000000000
108249  -23.365  -41.713  38.212 0.0000000000
39074  -27.365  -43.618  35.604 0.0000000000
35516  -9.046  -47.344  48.209 0.0000000000
36435  -9.873  -46.962  46.208 0.0000000000
35555  -9.964  -47.618  45.732 0.0000000000
35539  -9.581  -47.637  46.491 0.0000000000
33827  -9.343  -49.268  47.151 0.0000000000
33009  -9.930  -49.864  46.878 0.0000000000
33010  -11.735  -50.858  46.272 0.0000000000
35604  -12.912  -47.018  41.919 0.0000000000
34756  -13.675  -48.232  41.647 0.0000000000
33892  -12.845  -48.973  42.839 0.0000000000
33861  -13.240  -50.005  43.751 0.0000000000
33880  -16.342  -49.975  42.755 0.0000000000
110547  -15.489  -49.870  42.612 0.0000000000
33878  -14.007  -50.053  43.400 0.0000000000
33051  -13.854  -50.497  44.055 0.0000000000
108858  -13.083  -50.462  44.401 0.0000000000
103838  -7.579  -50.728  57.958 0.0000000000
33783  -6.835  -49.992  57.826 0.0000000000
32028  -6.358  -51.008  58.118 0.0000000000
33782  -6.098  -49.882  58.001 0.0000000000
118071  -3.740  -49.632  57.398 0.0000000000
33779  -3.832  -48.905  57.568 0.0000000000
32090  -7.961  -51.298  51.536 0.0000000000
34650  -5.266  -48.264  54.475 0.0000000000
35483  -5.807  -47.944  52.988 0.0000000000
35497  -7.113  -48.002  51.070 0.0000000000
36522  -17.594  -46.845  38.915 0.0000000000
120393  -36.543  -22.453  23.773 0.0000000000
122621  -7.371  -48.125  50.455 0.0000000000
122818  -6.454  -50.741  53.908 0.0000000000
123674  -30.248  -27.190  26.509 0.0000000000
