#!ascii label  , from subject sub-v2s16x51244_ses-1 vox2ras=TkReg
1369
41547  -43.878  -40.197  37.276 0.0000000000
33027  -32.340  -50.714  46.067 0.0000000000
48612  -46.073  -32.070  27.348 0.0000000000
44284  -36.336  -37.375  29.128 0.0000000000
48496  -42.397  -32.343  34.564 0.0000000000
35634  -40.843  -47.502  40.820 0.0000000000
35717  -28.766  -47.860  33.205 0.0000000000
40756  -33.076  -41.994  29.876 0.0000000000
35533  -24.623  -47.078  47.451 0.0000000000
49504  -54.839  -30.910  29.744 0.0000000000
35704  -22.298  -47.419  34.573 0.0000000000
43379  -39.872  -38.937  33.254 0.0000000000
46031  -39.381  -35.150  31.935 0.0000000000
45984  -43.018  -35.732  37.128 0.0000000000
38250  -44.052  -44.549  38.494 0.0000000000
38282  -37.493  -44.499  36.106 0.0000000000
39891  -39.774  -42.715  32.507 0.0000000000
41635  -35.430  -40.202  28.188 0.0000000000
105881  -55.491  -30.591  26.552 0.0000000000
35545  -28.600  -48.173  47.064 0.0000000000
35610  -24.400  -47.207  41.553 0.0000000000
118262  -28.095  -49.038  40.267 0.0000000000
103132  -45.141  -33.064  31.576 0.0000000000
33060  -37.058  -50.139  43.725 0.0000000000
33941  -31.484  -50.819  39.148 0.0000000000
36539  -33.953  -46.886  38.182 0.0000000000
38324  -31.247  -44.838  32.018 0.0000000000
33007  -22.756  -51.172  47.462 0.0000000000
50366  -48.186  -29.868  36.396 0.0000000000
123620  -49.989  -33.819  34.004 0.0000000000
50420  -51.140  -30.663  31.782 0.0000000000
48603  -50.995  -33.410  28.480 0.0000000000
47716  -51.539  -33.952  24.370 0.0000000000
33899  -21.747  -49.942  42.107 0.0000000000
34851  -26.424  -49.696  32.990 0.0000000000
42470  -41.729  -39.700  35.318 0.0000000000
44223  -41.583  -37.200  35.495 0.0000000000
44196  -43.674  -37.548  37.346 0.0000000000
39836  -44.197  -42.445  37.598 0.0000000000
39082  -41.682  -43.313  35.289 0.0000000000
40726  -42.087  -42.136  34.722 0.0000000000
41614  -40.427  -41.205  32.333 0.0000000000
48648  -44.114  -31.991  24.155 0.0000000000
48626  -46.756  -32.261  26.091 0.0000000000
33839  -30.263  -49.699  46.521 0.0000000000
34726  -28.814  -48.861  44.053 0.0000000000
33057  -30.257  -50.778  43.069 0.0000000000
46046  -35.834  -35.378  27.796 0.0000000000
47643  -41.456  -33.350  33.637 0.0000000000
116286  -40.166  -33.703  31.124 0.0000000000
48529  -41.886  -32.866  32.520 0.0000000000
48564  -42.801  -32.729  30.554 0.0000000000
48519  -44.283  -32.581  33.369 0.0000000000
33918  -39.079  -49.206  42.188 0.0000000000
34783  -35.748  -48.615  40.532 0.0000000000
35649  -37.521  -47.280  39.686 0.0000000000
39111  -35.800  -43.795  33.409 0.0000000000
38303  -34.333  -44.846  34.310 0.0000000000
39129  -32.615  -43.784  31.330 0.0000000000
43423  -35.717  -39.008  27.991 0.0000000000
48482  -49.047  -32.660  35.361 0.0000000000
48572  -53.447  -33.517  31.557 0.0000000000
101840  -53.101  -33.555  29.690 0.0000000000
47706  -51.363  -33.310  26.485 0.0000000000
47699  -54.361  -33.448  27.030 0.0000000000
49543  -53.217  -31.521  25.199 0.0000000000
34680  -23.236  -48.620  48.170 0.0000000000
33041  -22.536  -50.674  44.479 0.0000000000
34724  -23.356  -48.324  44.385 0.0000000000
35661  -23.488  -47.454  37.792 0.0000000000
34810  -21.460  -48.113  38.477 0.0000000000
34835  -21.053  -48.136  35.414 0.0000000000
34838  -30.203  -49.520  35.555 0.0000000000
33123  -28.923  -51.348  35.836 0.0000000000
33989  -28.090  -50.413  33.055 0.0000000000
43410  -37.912  -38.216  30.942 0.0000000000
45152  -37.732  -36.391  30.790 0.0000000000
44252  -39.674  -37.079  33.362 0.0000000000
46004  -41.385  -35.247  35.142 0.0000000000
47609  -42.253  -33.597  36.489 0.0000000000
37346  -42.506  -45.956  39.552 0.0000000000
37358  -39.212  -45.669  38.272 0.0000000000
38268  -40.510  -44.746  37.349 0.0000000000
39096  -38.163  -43.321  34.277 0.0000000000
39909  -36.651  -42.541  31.594 0.0000000000
114851  -34.452  -41.141  29.649 0.0000000000
40761  -37.761  -41.711  29.984 0.0000000000
42510  -38.314  -40.358  30.337 0.0000000000
49515  -56.303  -30.942  27.715 0.0000000000
109021  -55.266  -27.018  28.818 0.0000000000
36442  -27.294  -46.807  47.128 0.0000000000
35571  -24.620  -47.009  44.297 0.0000000000
35572  -26.954  -46.923  44.163 0.0000000000
107205  -26.437  -48.067  40.327 0.0000000000
34821  -25.700  -48.091  37.896 0.0000000000
46838  -37.835  -34.548  29.275 0.0000000000
48597  -43.412  -32.203  28.835 0.0000000000
102145  -45.501  -32.617  29.959 0.0000000000
33047  -35.019  -50.446  44.476 0.0000000000
32200  -31.904  -51.387  41.793 0.0000000000
33095  -34.023  -50.190  41.249 0.0000000000
34816  -32.928  -48.295  39.260 0.0000000000
36568  -31.705  -46.890  36.169 0.0000000000
37373  -35.686  -45.566  37.269 0.0000000000
37395  -32.752  -45.800  35.122 0.0000000000
37412  -30.200  -46.217  33.469 0.0000000000
44170  -46.044  -37.823  39.577 0.0000000000
105772  -34.346  -48.004  46.342 0.0000000000
34729  -38.570  -48.482  44.752 0.0000000000
116577  -41.050  -47.564  43.333 0.0000000000
45964  -45.937  -35.336  39.313 0.0000000000
107393  -44.881  -33.123  38.603 0.0000000000
49420  -44.505  -31.375  37.464 0.0000000000
51266  -47.270  -29.013  38.269 0.0000000000
49443  -45.294  -31.031  35.199 0.0000000000
48500  -46.226  -32.433  34.090 0.0000000000
48534  -47.220  -33.428  33.032 0.0000000000
102438  -47.818  -33.126  30.469 0.0000000000
49480  -52.871  -32.461  33.756 0.0000000000
48552  -50.959  -34.194  31.388 0.0000000000
102318  -48.271  -32.649  27.854 0.0000000000
48628  -48.414  -32.653  26.314 0.0000000000
48642  -55.056  -33.135  25.075 0.0000000000
31236  -22.146  -52.815  44.339 0.0000000000
32220  -18.768  -51.861  38.455 0.0000000000
34761  -22.253  -48.336  41.197 0.0000000000
33947  -19.978  -49.752  38.801 0.0000000000
118932  -29.916  -50.922  39.518 0.0000000000
34823  -27.334  -49.108  37.042 0.0000000000
104328  -24.926  -47.732  33.711 0.0000000000
34011  -23.624  -49.824  30.510 0.0000000000
42462  -42.782  -40.087  36.299 0.0000000000
43347  -42.243  -38.571  35.984 0.0000000000
43334  -43.298  -38.939  36.942 0.0000000000
41561  -44.104  -41.031  37.332 0.0000000000
40715  -43.026  -41.822  36.045 0.0000000000
41572  -42.922  -41.004  36.099 0.0000000000
41571  -42.240  -40.476  35.488 0.0000000000
49521  -45.258  -31.756  27.143 0.0000000000
49530  -45.305  -31.716  26.202 0.0000000000
48637  -45.587  -32.037  24.969 0.0000000000
49531  -46.021  -32.010  26.601 0.0000000000
33840  -31.003  -50.093  46.588 0.0000000000
33869  -30.138  -50.306  45.200 0.0000000000
33044  -31.171  -51.197  45.287 0.0000000000
45169  -35.239  -36.613  27.380 0.0000000000
45165  -35.540  -36.185  27.983 0.0000000000
48516  -41.828  -32.796  34.129 0.0000000000
47661  -41.420  -33.260  32.779 0.0000000000
48517  -42.569  -32.534  33.661 0.0000000000
111294  -42.627  -32.730  32.728 0.0000000000
48497  -43.426  -32.229  34.046 0.0000000000
112489  -40.034  -48.494  41.708 0.0000000000
34786  -38.481  -48.282  40.946 0.0000000000
35632  -38.918  -47.672  40.455 0.0000000000
39908  -33.959  -42.979  31.048 0.0000000000
39119  -33.887  -43.896  32.240 0.0000000000
39907  -33.103  -43.214  30.824 0.0000000000
110746  -30.851  -43.041  29.761 0.0000000000
105428  -35.590  -37.965  28.122 0.0000000000
43428  -35.345  -38.336  27.558 0.0000000000
44293  -35.236  -37.520  27.482 0.0000000000
49502  -54.298  -31.815  31.331 0.0000000000
48591  -54.094  -32.357  29.735 0.0000000000
48617  -53.962  -33.230  28.213 0.0000000000
48606  -54.394  -32.800  28.789 0.0000000000
35532  -24.089  -47.591  47.326 0.0000000000
34696  -23.399  -48.504  46.123 0.0000000000
35542  -23.938  -47.819  46.441 0.0000000000
35684  -22.798  -47.290  36.228 0.0000000000
35674  -22.250  -47.385  36.869 0.0000000000
35703  -21.590  -47.743  34.925 0.0000000000
33977  -21.107  -49.281  33.891 0.0000000000
33986  -21.654  -49.224  33.167 0.0000000000
35700  -29.962  -48.588  35.034 0.0000000000
110059  -29.285  -50.415  34.305 0.0000000000
34852  -28.551  -49.220  33.010 0.0000000000
43400  -38.881  -38.766  31.997 0.0000000000
107011  -38.822  -37.966  32.233 0.0000000000
116602  -39.597  -37.921  33.175 0.0000000000
45090  -42.187  -36.310  36.196 0.0000000000
45104  -41.561  -36.250  35.468 0.0000000000
45994  -41.818  -35.520  35.867 0.0000000000
46788  -41.616  -34.638  35.576 0.0000000000
46782  -42.610  -34.645  36.870 0.0000000000
37362  -42.805  -45.361  38.780 0.0000000000
37379  -41.387  -45.157  38.273 0.0000000000
122656  -41.928  -44.258  37.224 0.0000000000
39871  -40.041  -42.868  33.444 0.0000000000
39080  -39.594  -43.456  35.153 0.0000000000
39114  -39.049  -43.007  33.375 0.0000000000
39112  -37.186  -43.238  33.136 0.0000000000
39900  -37.574  -42.637  31.763 0.0000000000
39922  -36.779  -42.139  30.606 0.0000000000
39911  -38.902  -42.375  31.068 0.0000000000
42504  -40.124  -40.139  32.730 0.0000000000
41616  -39.058  -40.806  30.839 0.0000000000
42507  -39.031  -39.734  31.536 0.0000000000
43416  -38.027  -39.320  30.630 0.0000000000
35534  -28.144  -47.614  47.644 0.0000000000
36456  -27.220  -46.805  46.006 0.0000000000
35560  -27.806  -47.391  45.550 0.0000000000
33912  -28.658  -49.302  41.936 0.0000000000
34749  -27.516  -48.265  42.173 0.0000000000
34780  -27.601  -48.667  40.858 0.0000000000
34795  -26.155  -48.036  39.673 0.0000000000
34796  -27.262  -48.710  38.895 0.0000000000
46030  -38.808  -35.540  31.542 0.0000000000
46038  -37.915  -35.600  30.482 0.0000000000
46826  -39.131  -34.744  31.193 0.0000000000
47684  -40.452  -33.222  30.725 0.0000000000
47689  -39.458  -33.330  29.667 0.0000000000
48578  -39.886  -32.665  29.154 0.0000000000
48565  -43.492  -32.900  30.957 0.0000000000
48581  -42.918  -32.483  29.625 0.0000000000
102524  -44.085  -32.743  30.437 0.0000000000
48598  -44.318  -32.234  28.848 0.0000000000
48566  -44.883  -32.806  30.665 0.0000000000
33048  -35.842  -50.189  44.217 0.0000000000
32190  -35.024  -50.997  43.258 0.0000000000
33081  -35.328  -50.505  42.148 0.0000000000
35646  -34.756  -47.651  39.470 0.0000000000
34799  -34.412  -48.362  39.876 0.0000000000
35664  -33.298  -47.512  38.628 0.0000000000
35677  -31.623  -47.789  37.446 0.0000000000
36556  -32.861  -46.727  37.293 0.0000000000
37375  -38.160  -45.279  37.449 0.0000000000
37356  -36.975  -45.748  37.995 0.0000000000
37387  -36.167  -45.173  36.622 0.0000000000
38315  -32.590  -45.033  33.187 0.0000000000
37407  -33.223  -45.400  34.639 0.0000000000
37415  -32.182  -45.345  33.585 0.0000000000
37405  -31.624  -45.797  34.028 0.0000000000
40769  -34.826  -40.773  29.109 0.0000000000
34730  -40.121  -48.125  43.836 0.0000000000
37308  -43.236  -45.332  41.548 0.0000000000
45066  -45.740  -36.327  39.121 0.0000000000
48454  -46.528  -32.738  39.694 0.0000000000
48460  -45.665  -32.357  38.949 0.0000000000
116654  -44.728  -32.426  38.351 0.0000000000
49414  -45.959  -31.330  38.831 0.0000000000
51279  -47.160  -29.386  37.257 0.0000000000
113603  -45.686  -30.292  36.814 0.0000000000
50383  -46.635  -30.331  35.810 0.0000000000
49463  -45.691  -31.670  34.585 0.0000000000
49445  -47.199  -31.138  35.317 0.0000000000
47628  -49.670  -33.646  34.476 0.0000000000
117441  -48.162  -33.162  34.279 0.0000000000
47644  -48.283  -33.671  33.374 0.0000000000
48568  -47.120  -33.131  31.282 0.0000000000
47674  -48.929  -33.767  32.077 0.0000000000
50411  -52.273  -31.514  33.255 0.0000000000
103307  -52.853  -34.060  30.244 0.0000000000
48553  -52.666  -34.099  31.900 0.0000000000
104587  -50.469  -33.666  29.856 0.0000000000
48588  -49.460  -33.395  29.710 0.0000000000
102227  -48.996  -32.895  28.280 0.0000000000
48613  -48.929  -32.710  27.283 0.0000000000
48614  -49.834  -33.035  27.899 0.0000000000
110411  -52.015  -33.720  25.227 0.0000000000
47715  -49.820  -33.145  25.752 0.0000000000
101858  -50.357  -33.534  24.790 0.0000000000
50471  -56.233  -30.524  27.467 0.0000000000
48631  -55.879  -32.807  26.048 0.0000000000
49532  -55.455  -31.569  25.907 0.0000000000
33064  -22.118  -50.182  42.884 0.0000000000
32184  -21.497  -51.482  42.752 0.0000000000
117375  -20.955  -51.247  41.982 0.0000000000
32197  -19.654  -51.767  40.624 0.0000000000
32208  -20.036  -50.960  40.630 0.0000000000
122416  -25.018  -46.887  43.072 0.0000000000
35582  -23.745  -47.420  43.065 0.0000000000
35595  -23.631  -47.356  42.130 0.0000000000
34809  -20.945  -48.551  38.866 0.0000000000
31285  -20.432  -51.937  34.804 0.0000000000
33093  -32.030  -51.038  40.475 0.0000000000
32209  -30.956  -51.350  40.593 0.0000000000
33101  -30.579  -51.312  39.126 0.0000000000
33971  -27.948  -50.839  34.570 0.0000000000
33122  -28.415  -50.915  35.916 0.0000000000
106148  -26.789  -49.565  34.547 0.0000000000
35688  -26.102  -48.154  36.003 0.0000000000
34850  -25.650  -48.651  33.368 0.0000000000
33161  -23.163  -50.241  30.820 0.0000000000
41584  -40.903  -39.646  34.373 0.0000000000
44237  -40.718  -38.151  34.512 0.0000000000
43361  -41.205  -38.473  35.006 0.0000000000
44224  -42.238  -37.670  36.087 0.0000000000
108041  -43.243  -37.027  37.116 0.0000000000
39051  -43.910  -43.407  37.560 0.0000000000
121614  -42.317  -43.849  36.873 0.0000000000
39849  -42.917  -42.769  36.292 0.0000000000
39860  -42.040  -42.865  34.845 0.0000000000
39892  -40.684  -42.322  33.039 0.0000000000
39902  -40.413  -42.189  32.351 0.0000000000
41602  -41.178  -41.385  33.451 0.0000000000
111379  -41.193  -40.629  33.936 0.0000000000
112367  -46.018  -32.376  24.228 0.0000000000
34698  -29.859  -49.180  47.085 0.0000000000
34709  -28.915  -48.667  45.577 0.0000000000
33850  -29.860  -49.810  45.585 0.0000000000
33886  -29.537  -49.965  43.503 0.0000000000
33902  -29.304  -49.907  42.316 0.0000000000
46817  -40.496  -34.274  32.534 0.0000000000
117864  -39.682  -34.574  31.671 0.0000000000
47660  -40.857  -33.629  32.282 0.0000000000
47673  -40.694  -33.377  31.487 0.0000000000
48543  -41.112  -32.911  30.988 0.0000000000
105194  -42.111  -32.602  30.074 0.0000000000
48544  -41.996  -32.762  31.040 0.0000000000
48546  -43.533  -32.984  31.733 0.0000000000
118035  -44.051  -33.049  32.174 0.0000000000
33904  -37.983  -50.010  43.173 0.0000000000
33916  -36.662  -49.753  41.889 0.0000000000
34766  -37.113  -49.068  41.371 0.0000000000
34801  -36.146  -48.017  40.021 0.0000000000
36526  -36.070  -46.829  39.143 0.0000000000
39095  -36.595  -44.136  34.746 0.0000000000
38291  -35.486  -44.778  35.239 0.0000000000
38317  -34.683  -44.466  33.670 0.0000000000
38326  -33.490  -44.460  32.735 0.0000000000
38334  -31.317  -44.376  31.438 0.0000000000
39126  -30.063  -44.257  30.704 0.0000000000
39916  -30.415  -43.646  30.201 0.0000000000
42518  -35.861  -39.830  28.107 0.0000000000
43427  -35.233  -38.985  27.239 0.0000000000
51281  -49.195  -29.270  37.084 0.0000000000
50385  -48.242  -30.878  35.888 0.0000000000
51282  -50.381  -29.627  37.060 0.0000000000
49448  -51.263  -31.982  36.725 0.0000000000
48504  -51.534  -33.384  35.250 0.0000000000
50430  -51.373  -30.686  30.967 0.0000000000
49495  -53.291  -32.225  32.291 0.0000000000
118361  -54.084  -32.241  31.976 0.0000000000
101854  -53.545  -32.933  30.941 0.0000000000
101952  -52.055  -33.701  29.336 0.0000000000
48615  -50.579  -33.116  27.343 0.0000000000
47693  -52.476  -33.417  27.920 0.0000000000
105225  -52.373  -33.362  26.984 0.0000000000
47707  -53.522  -33.667  26.202 0.0000000000
102467  -54.004  -28.893  26.759 0.0000000000
50482  -54.520  -30.614  26.171 0.0000000000
50493  -53.314  -30.630  25.870 0.0000000000
32999  -22.812  -50.387  48.057 0.0000000000
33014  -22.621  -51.361  45.965 0.0000000000
33837  -22.701  -50.296  46.048 0.0000000000
33865  -22.668  -49.794  44.214 0.0000000000
33883  -22.536  -49.573  43.365 0.0000000000
35642  -23.972  -47.408  39.773 0.0000000000
35627  -23.339  -47.377  40.346 0.0000000000
110461  -22.858  -47.433  38.531 0.0000000000
35682  -21.013  -48.013  37.150 0.0000000000
33969  -20.253  -49.231  35.577 0.0000000000
33137  -20.451  -50.535  34.729 0.0000000000
116742  -20.878  -50.029  34.212 0.0000000000
33958  -30.828  -50.621  36.952 0.0000000000
33110  -30.354  -51.519  37.685 0.0000000000
33125  -29.966  -51.046  35.726 0.0000000000
33140  -28.523  -50.933  34.508 0.0000000000
33987  -27.011  -50.256  32.673 0.0000000000
44280  -37.307  -37.691  30.326 0.0000000000
45158  -37.245  -36.811  30.369 0.0000000000
44274  -37.680  -37.224  30.938 0.0000000000
123240  -38.910  -36.660  32.343 0.0000000000
46019  -39.124  -35.934  32.193 0.0000000000
114174  -40.613  -37.264  34.420 0.0000000000
45116  -40.573  -36.354  34.258 0.0000000000
46009  -40.627  -35.434  33.985 0.0000000000
46796  -41.290  -34.303  34.834 0.0000000000
47617  -41.493  -33.650  35.339 0.0000000000
48480  -42.273  -32.343  35.503 0.0000000000
36516  -41.307  -46.990  40.385 0.0000000000
36530  -39.883  -46.607  39.476 0.0000000000
36546  -40.402  -46.109  39.030 0.0000000000
37377  -39.819  -45.227  37.816 0.0000000000
38283  -38.366  -44.445  36.310 0.0000000000
39067  -41.007  -43.800  35.981 0.0000000000
39065  -38.945  -43.987  35.781 0.0000000000
39078  -37.678  -43.878  35.120 0.0000000000
103853  -36.615  -43.641  33.863 0.0000000000
39899  -36.245  -43.116  32.226 0.0000000000
39920  -34.359  -42.207  30.647 0.0000000000
40757  -33.964  -41.778  30.027 0.0000000000
40758  -34.890  -41.549  30.198 0.0000000000
40770  -35.395  -41.037  29.726 0.0000000000
113369  -35.920  -40.776  29.341 0.0000000000
40752  -39.095  -41.850  30.674 0.0000000000
41621  -38.474  -41.382  30.232 0.0000000000
42514  -37.166  -40.365  29.480 0.0000000000
43420  -36.840  -39.306  29.404 0.0000000000
43415  -37.403  -38.738  30.171 0.0000000000
117425  -55.678  -31.044  28.714 0.0000000000
51358  -55.530  -29.483  29.156 0.0000000000
52281  -56.230  -28.696  28.176 0.0000000000
109205  -56.092  -28.774  27.827 0.0000000000
52289  -55.798  -27.973  27.596 0.0000000000
52300  -54.649  -27.962  27.025 0.0000000000
36427  -25.874  -46.466  47.515 0.0000000000
36453  -25.138  -46.702  46.070 0.0000000000
122875  -25.948  -46.394  45.983 0.0000000000
36476  -26.062  -46.598  43.860 0.0000000000
35597  -25.378  -47.033  42.531 0.0000000000
34725  -28.281  -48.168  44.281 0.0000000000
35599  -27.098  -47.672  42.735 0.0000000000
35629  -25.068  -47.418  40.817 0.0000000000
35643  -25.421  -47.753  39.598 0.0000000000
111411  -24.655  -47.687  38.199 0.0000000000
35686  -24.365  -47.540  36.583 0.0000000000
46042  -36.942  -35.794  29.520 0.0000000000
46837  -37.096  -35.066  28.903 0.0000000000
121621  -39.298  -34.230  30.658 0.0000000000
115122  -44.805  -31.898  28.055 0.0000000000
48599  -45.698  -32.088  28.005 0.0000000000
33045  -33.906  -50.788  45.258 0.0000000000
32178  -32.580  -51.440  44.123 0.0000000000
32179  -33.860  -51.171  43.576 0.0000000000
32202  -33.138  -50.869  41.901 0.0000000000
33094  -32.585  -50.420  40.667 0.0000000000
33929  -34.515  -49.499  40.819 0.0000000000
33928  -33.492  -49.704  40.661 0.0000000000
33942  -32.000  -49.818  39.410 0.0000000000
34825  -31.228  -48.715  37.687 0.0000000000
35701  -30.464  -48.118  35.905 0.0000000000
35709  -30.316  -47.490  35.027 0.0000000000
36528  -38.030  -46.658  39.224 0.0000000000
36542  -36.558  -46.285  38.582 0.0000000000
36559  -35.246  -46.133  37.845 0.0000000000
38279  -35.029  -45.144  35.794 0.0000000000
37385  -34.548  -45.501  36.393 0.0000000000
36570  -33.310  -46.211  36.733 0.0000000000
36579  -32.275  -46.293  35.616 0.0000000000
36584  -30.849  -46.717  34.815 0.0000000000
40784  -32.347  -40.881  28.983 0.0000000000
42439  -45.180  -39.724  38.569 0.0000000000
43307  -45.073  -38.737  38.396 0.0000000000
108874  -23.253  -48.816  49.175 0.0000000000
36416  -25.542  -46.455  49.021 0.0000000000
36417  -26.458  -46.353  49.346 0.0000000000
36429  -27.751  -47.099  48.411 0.0000000000
34690  -30.637  -48.747  48.123 0.0000000000
121249  -31.270  -49.192  47.302 0.0000000000
102655  -31.780  -49.422  46.786 0.0000000000
33852  -33.402  -50.031  45.864 0.0000000000
33853  -34.241  -49.644  45.534 0.0000000000
33854  -35.653  -49.421  45.073 0.0000000000
33872  -37.229  -49.387  44.495 0.0000000000
34728  -37.897  -48.674  44.815 0.0000000000
33887  -37.863  -49.730  43.908 0.0000000000
33889  -39.310  -49.203  43.506 0.0000000000
34751  -40.026  -48.944  42.368 0.0000000000
34771  -41.507  -47.893  42.200 0.0000000000
117120  -42.422  -46.977  41.357 0.0000000000
36518  -42.863  -46.501  40.891 0.0000000000
37332  -43.681  -45.541  40.644 0.0000000000
40677  -44.971  -41.502  38.463 0.0000000000
114758  -45.094  -37.937  38.346 0.0000000000
45079  -44.507  -36.492  38.174 0.0000000000
45975  -44.205  -35.760  38.080 0.0000000000
46754  -46.422  -34.507  39.841 0.0000000000
112830  -45.032  -34.058  38.726 0.0000000000
113395  -43.424  -34.208  37.627 0.0000000000
47601  -43.455  -33.257  37.597 0.0000000000
48471  -43.179  -32.226  36.698 0.0000000000
49428  -43.532  -31.741  36.315 0.0000000000
50355  -45.835  -30.287  37.740 0.0000000000
49429  -44.231  -31.262  36.395 0.0000000000
49461  -43.963  -31.757  34.736 0.0000000000
48498  -44.446  -32.196  33.991 0.0000000000
107997  -44.983  -32.623  33.510 0.0000000000
116635  -45.780  -33.138  32.907 0.0000000000
49465  -47.471  -32.092  34.893 0.0000000000
106656  -46.791  -32.934  33.535 0.0000000000
48533  -46.329  -33.257  32.481 0.0000000000
118002  -46.383  -33.024  31.052 0.0000000000
123621  -46.898  -32.924  30.542 0.0000000000
102320  -46.994  -32.555  28.819 0.0000000000
50395  -52.481  -31.420  35.277 0.0000000000
47647  -51.236  -33.825  33.752 0.0000000000
48554  -53.656  -33.163  32.538 0.0000000000
48535  -52.597  -33.759  32.734 0.0000000000
47675  -50.162  -33.856  32.087 0.0000000000
48569  -48.990  -33.459  30.418 0.0000000000
48586  -47.664  -32.831  29.462 0.0000000000
48600  -47.440  -32.479  27.923 0.0000000000
118678  -46.886  -32.297  27.062 0.0000000000
48639  -47.605  -32.567  25.600 0.0000000000
110856  -47.406  -32.675  24.837 0.0000000000
48630  -50.231  -33.078  26.469 0.0000000000
48641  -49.074  -32.906  25.845 0.0000000000
48651  -47.881  -33.023  24.279 0.0000000000
48619  -55.740  -32.714  27.048 0.0000000000
47708  -54.668  -33.576  25.824 0.0000000000
117012  -53.597  -34.119  24.245 0.0000000000
119119  -54.111  -32.289  24.857 0.0000000000
47729  -53.419  -34.105  23.649 0.0000000000
47728  -52.831  -34.312  23.969 0.0000000000
31246  -22.321  -52.063  44.134 0.0000000000
104738  -24.198  -47.408  44.958 0.0000000000
34738  -23.304  -48.092  43.490 0.0000000000
33911  -21.964  -49.150  41.700 0.0000000000
34794  -21.960  -48.124  39.820 0.0000000000
123863  -20.818  -49.224  39.883 0.0000000000
33925  -20.510  -49.665  40.006 0.0000000000
113810  -19.677  -50.413  39.259 0.0000000000
32185  -30.867  -51.199  42.855 0.0000000000
111627  -29.790  -50.674  40.641 0.0000000000
33091  -29.225  -50.172  40.179 0.0000000000
33115  -29.294  -51.224  37.340 0.0000000000
33950  -28.718  -50.307  37.884 0.0000000000
33949  -28.035  -49.343  38.430 0.0000000000
34822  -26.563  -48.503  37.508 0.0000000000
35687  -25.225  -47.800  36.347 0.0000000000
35705  -23.668  -47.249  34.471 0.0000000000
34864  -27.058  -49.876  32.104 0.0000000000
34877  -25.527  -49.230  30.965 0.0000000000
34863  -25.247  -48.942  31.824 0.0000000000
35722  -24.218  -48.127  32.193 0.0000000000
35721  -23.392  -47.755  32.716 0.0000000000
33995  -22.270  -49.084  32.418 0.0000000000
106867  -43.374  -39.717  36.847 0.0000000000
42452  -43.935  -39.327  37.500 0.0000000000
40701  -43.458  -41.404  36.693 0.0000000000
41560  -43.446  -40.593  36.757 0.0000000000
33026  -31.509  -50.734  46.104 0.0000000000
32157  -32.020  -51.284  45.574 0.0000000000
44288  -35.505  -37.068  28.067 0.0000000000
45166  -35.933  -36.719  28.605 0.0000000000
34788  -40.394  -48.061  41.275 0.0000000000
34787  -39.429  -48.210  41.155 0.0000000000
35633  -39.868  -47.596  40.610 0.0000000000
39919  -33.475  -42.432  30.492 0.0000000000
44289  -35.895  -37.497  28.568 0.0000000000
44292  -34.896  -37.090  26.707 0.0000000000
50442  -54.441  -30.626  29.982 0.0000000000
49503  -54.306  -31.343  30.496 0.0000000000
49514  -54.602  -31.735  29.324 0.0000000000
35543  -24.528  -47.178  46.673 0.0000000000
105705  -23.047  -47.213  35.152 0.0000000000
35696  -22.189  -47.424  35.472 0.0000000000
34848  -21.550  -48.506  33.565 0.0000000000
35712  -21.753  -47.802  34.015 0.0000000000
34853  -29.096  -48.508  33.753 0.0000000000
43401  -39.288  -38.390  32.627 0.0000000000
45983  -42.385  -35.615  36.520 0.0000000000
45995  -41.990  -34.932  36.223 0.0000000000
38249  -43.166  -44.803  38.195 0.0000000000
38248  -42.190  -44.986  38.182 0.0000000000
38270  -42.561  -44.348  37.548 0.0000000000
39890  -38.763  -42.871  32.503 0.0000000000
39901  -38.445  -42.678  31.774 0.0000000000
115081  -39.317  -42.602  31.741 0.0000000000
42503  -39.460  -39.435  32.345 0.0000000000
35544  -27.916  -47.430  46.552 0.0000000000
35561  -28.478  -48.047  46.050 0.0000000000
34781  -28.336  -49.195  41.091 0.0000000000
34765  -27.982  -48.698  41.640 0.0000000000
101762  -27.145  -48.498  39.919 0.0000000000
48562  -40.831  -32.778  30.239 0.0000000000
48561  -40.141  -32.989  30.002 0.0000000000
103133  -44.259  -33.020  31.418 0.0000000000
33059  -36.172  -50.405  43.788 0.0000000000
33068  -35.661  -50.795  43.105 0.0000000000
33069  -36.419  -50.486  43.288 0.0000000000
35665  -34.295  -47.260  38.868 0.0000000000
35679  -33.263  -47.020  37.903 0.0000000000
38265  -37.845  -44.921  36.797 0.0000000000
38264  -37.012  -45.051  36.680 0.0000000000
38281  -36.625  -44.722  36.047 0.0000000000
38314  -31.915  -45.035  32.751 0.0000000000
37414  -31.511  -45.412  33.332 0.0000000000
38313  -31.017  -45.250  32.750 0.0000000000
41624  -35.384  -40.597  28.877 0.0000000000
41634  -34.740  -40.438  28.390 0.0000000000
51280  -47.971  -29.166  37.080 0.0000000000
51267  -47.834  -28.555  37.926 0.0000000000
50365  -47.207  -29.729  36.405 0.0000000000
50364  -46.420  -29.933  36.582 0.0000000000
50384  -47.431  -30.265  35.851 0.0000000000
47645  -49.330  -33.783  33.631 0.0000000000
116593  -48.805  -33.802  32.959 0.0000000000
47663  -49.659  -33.865  32.876 0.0000000000
50409  -50.186  -30.214  31.959 0.0000000000
50410  -51.246  -30.620  32.612 0.0000000000
48589  -51.299  -33.704  29.584 0.0000000000
48602  -49.950  -33.333  28.959 0.0000000000
47705  -50.833  -33.404  25.550 0.0000000000
51384  -55.872  -29.910  27.305 0.0000000000
50483  -56.066  -31.041  26.710 0.0000000000
32149  -22.742  -51.935  46.754 0.0000000000
33063  -21.609  -50.727  42.453 0.0000000000
118957  -21.225  -50.453  41.811 0.0000000000
121337  -20.308  -50.475  40.662 0.0000000000
35596  -24.476  -47.109  42.562 0.0000000000
35609  -23.504  -47.342  41.217 0.0000000000
32232  -19.479  -51.414  35.477 0.0000000000
105019  -31.482  -51.128  39.740 0.0000000000
32217  -31.050  -51.357  39.742 0.0000000000
33102  -31.045  -51.337  39.006 0.0000000000
33978  -27.015  -50.292  33.444 0.0000000000
33970  -27.311  -50.030  35.069 0.0000000000
34842  -26.249  -49.089  33.957 0.0000000000
42481  -41.297  -39.309  34.915 0.0000000000
43360  -40.877  -38.884  34.606 0.0000000000
43346  -41.695  -38.921  35.434 0.0000000000
106519  -42.859  -38.256  36.583 0.0000000000
122937  -42.702  -37.660  36.518 0.0000000000
44210  -42.604  -37.093  36.521 0.0000000000
39835  -43.915  -42.902  37.416 0.0000000000
39069  -43.384  -43.054  36.974 0.0000000000
39850  -43.501  -42.496  36.949 0.0000000000
40714  -42.521  -41.540  35.380 0.0000000000
39861  -42.582  -42.434  35.544 0.0000000000
39873  -41.505  -42.479  34.197 0.0000000000
39893  -41.125  -42.116  33.497 0.0000000000
40725  -41.577  -41.591  34.084 0.0000000000
41585  -41.540  -40.276  34.738 0.0000000000
49553  -44.689  -31.763  24.995 0.0000000000
48638  -46.597  -32.361  25.102 0.0000000000
34710  -29.570  -49.238  46.051 0.0000000000
33042  -30.065  -50.572  43.790 0.0000000000
121497  -29.936  -50.312  44.370 0.0000000000
122127  -29.888  -50.446  43.266 0.0000000000
33065  -29.823  -50.459  42.666 0.0000000000
46804  -40.948  -34.011  33.148 0.0000000000
48528  -41.421  -33.028  31.882 0.0000000000
102568  -42.279  -32.844  31.933 0.0000000000
48518  -43.443  -32.611  33.165 0.0000000000
48530  -43.498  -32.841  32.443 0.0000000000
48531  -44.195  -32.886  32.759 0.0000000000
109553  -38.323  -49.525  42.435 0.0000000000
33917  -37.546  -49.650  42.181 0.0000000000
34767  -38.140  -48.994  41.600 0.0000000000
35631  -37.986  -47.763  40.313 0.0000000000
35630  -37.043  -47.840  40.211 0.0000000000
35648  -36.556  -47.337  39.638 0.0000000000
38318  -35.353  -44.250  33.736 0.0000000000
39110  -35.065  -44.000  33.110 0.0000000000
39118  -33.056  -44.159  32.037 0.0000000000
39117  -32.102  -44.448  31.860 0.0000000000
39128  -31.760  -43.995  31.031 0.0000000000
39127  -30.916  -44.121  30.808 0.0000000000
39905  -31.311  -43.506  30.416 0.0000000000
42519  -36.241  -39.532  28.630 0.0000000000
42524  -35.350  -39.657  27.696 0.0000000000
51269  -49.857  -28.512  37.479 0.0000000000
50370  -51.387  -30.093  36.420 0.0000000000
50369  -51.490  -31.233  36.620 0.0000000000
48484  -51.326  -32.799  36.059 0.0000000000
49449  -52.004  -32.129  36.501 0.0000000000
50454  -51.614  -30.315  29.424 0.0000000000
50439  -50.952  -30.364  29.832 0.0000000000
50440  -52.465  -30.768  30.561 0.0000000000
50431  -52.936  -31.511  31.533 0.0000000000
50432  -53.899  -31.586  31.313 0.0000000000
48590  -53.903  -32.569  30.373 0.0000000000
48604  -52.167  -33.563  28.621 0.0000000000
48605  -53.144  -33.471  28.629 0.0000000000
47698  -53.309  -33.417  27.550 0.0000000000
51395  -53.541  -29.770  26.447 0.0000000000
33831  -22.956  -49.304  47.533 0.0000000000
33830  -22.748  -50.230  47.063 0.0000000000
33838  -23.000  -49.251  46.663 0.0000000000
34708  -23.384  -48.499  45.230 0.0000000000
33849  -23.018  -49.276  45.652 0.0000000000
33866  -23.022  -49.145  44.744 0.0000000000
33884  -22.928  -48.925  43.872 0.0000000000
35662  -23.792  -47.468  38.848 0.0000000000
35660  -22.538  -47.446  37.654 0.0000000000
35695  -21.545  -47.705  35.805 0.0000000000
35683  -21.573  -47.636  36.610 0.0000000000
35694  -21.000  -47.987  36.238 0.0000000000
34834  -20.570  -48.516  35.886 0.0000000000
34841  -20.670  -48.700  35.200 0.0000000000
33976  -20.590  -49.459  34.739 0.0000000000
33138  -21.448  -50.091  33.678 0.0000000000
33965  -30.513  -50.311  36.206 0.0000000000
122735  -30.165  -50.442  35.594 0.0000000000
33980  -28.546  -50.738  33.965 0.0000000000
33979  -27.860  -50.771  33.680 0.0000000000
33988  -27.481  -50.512  33.014 0.0000000000
120797  -38.131  -37.505  31.406 0.0000000000
44264  -39.143  -37.372  32.679 0.0000000000
44263  -38.536  -37.246  31.993 0.0000000000
45141  -39.409  -36.422  32.800 0.0000000000
44238  -41.114  -37.634  34.993 0.0000000000
44253  -40.143  -37.869  33.845 0.0000000000
46003  -41.021  -35.814  34.718 0.0000000000
105603  -40.810  -34.647  33.744 0.0000000000
46795  -41.031  -34.911  34.419 0.0000000000
46789  -41.887  -34.079  36.083 0.0000000000
47618  -41.732  -33.048  35.916 0.0000000000
48479  -41.660  -32.791  35.041 0.0000000000
36532  -41.822  -46.500  39.980 0.0000000000
36531  -40.824  -46.538  39.704 0.0000000000
37345  -41.356  -46.032  39.266 0.0000000000
37378  -40.676  -45.156  38.045 0.0000000000
38267  -39.574  -44.809  37.147 0.0000000000
38266  -38.684  -44.864  36.947 0.0000000000
39068  -41.953  -43.571  36.154 0.0000000000
39097  -39.294  -43.176  34.319 0.0000000000
39079  -38.600  -43.616  35.106 0.0000000000
110990  -37.244  -43.684  34.516 0.0000000000
103621  -37.425  -43.373  33.849 0.0000000000
39888  -36.957  -43.002  32.365 0.0000000000
39132  -35.716  -42.931  31.768 0.0000000000
39921  -34.903  -42.687  31.306 0.0000000000
115639  -35.862  -42.240  31.068 0.0000000000
121253  -35.187  -42.046  30.661 0.0000000000
39923  -37.539  -42.082  30.270 0.0000000000
40759  -36.026  -41.733  30.202 0.0000000000
40760  -37.018  -41.834  29.961 0.0000000000
40771  -36.377  -41.296  29.847 0.0000000000
115518  -40.046  -41.741  31.661 0.0000000000
39912  -39.556  -42.199  31.243 0.0000000000
41617  -39.563  -41.505  31.148 0.0000000000
41620  -37.807  -40.899  29.865 0.0000000000
122978  -36.658  -40.074  28.999 0.0000000000
42515  -37.652  -39.836  29.900 0.0000000000
104517  -38.440  -38.994  31.331 0.0000000000
43414  -36.798  -38.104  29.640 0.0000000000
53173  -55.149  -27.904  29.199 0.0000000000
53180  -55.927  -27.927  28.436 0.0000000000
52290  -56.277  -27.960  27.964 0.0000000000
53187  -55.886  -27.424  27.831 0.0000000000
53186  -55.258  -27.163  27.357 0.0000000000
114039  -26.505  -46.468  47.115 0.0000000000
36440  -25.854  -46.420  46.664 0.0000000000
36441  -26.584  -46.489  46.384 0.0000000000
36468  -27.147  -46.778  45.060 0.0000000000
36467  -26.317  -46.523  44.700 0.0000000000
35584  -25.738  -46.840  43.149 0.0000000000
35585  -26.633  -47.092  43.322 0.0000000000
115387  -28.729  -48.623  44.791 0.0000000000
122790  -28.274  -48.356  43.601 0.0000000000
34764  -27.151  -48.268  41.399 0.0000000000
35613  -26.664  -47.720  41.941 0.0000000000
35612  -26.136  -47.791  41.083 0.0000000000
102705  -24.828  -47.525  40.044 0.0000000000
35644  -25.691  -47.734  40.239 0.0000000000
34811  -25.661  -47.977  38.880 0.0000000000
104097  -24.994  -47.839  37.253 0.0000000000
35675  -24.202  -47.556  37.343 0.0000000000
45157  -36.947  -36.442  29.837 0.0000000000
46037  -37.368  -36.048  30.151 0.0000000000
46834  -38.174  -34.898  30.097 0.0000000000
46043  -37.543  -35.302  29.758 0.0000000000
46827  -39.712  -34.172  31.149 0.0000000000
49513  -43.867  -31.788  28.103 0.0000000000
101757  -45.340  -32.321  28.924 0.0000000000
33046  -34.397  -50.467  44.972 0.0000000000
32167  -34.205  -51.046  44.591 0.0000000000
33080  -34.376  -50.531  41.904 0.0000000000
32203  -33.856  -50.794  42.267 0.0000000000
33079  -33.476  -50.568  41.668 0.0000000000
32212  -32.670  -50.881  41.237 0.0000000000
120391  -33.209  -50.398  41.138 0.0000000000
33931  -36.244  -49.229  41.113 0.0000000000
33915  -35.819  -49.878  41.625 0.0000000000
33930  -35.399  -49.366  40.931 0.0000000000
34798  -33.449  -48.807  39.906 0.0000000000
34797  -32.571  -48.995  39.668 0.0000000000
33104  -32.612  -49.698  40.150 0.0000000000
34815  -32.149  -48.832  39.141 0.0000000000
34814  -31.608  -48.967  38.519 0.0000000000
35690  -31.455  -47.450  36.807 0.0000000000
36567  -31.090  -47.526  36.299 0.0000000000
36577  -30.975  -47.150  35.604 0.0000000000
36545  -39.512  -46.160  38.844 0.0000000000
36529  -38.974  -46.657  39.314 0.0000000000
36544  -38.614  -46.154  38.713 0.0000000000
37355  -36.091  -45.904  37.970 0.0000000000
36541  -35.636  -46.460  38.530 0.0000000000
38290  -34.712  -44.997  35.041 0.0000000000
37396  -33.491  -45.559  35.394 0.0000000000
37384  -33.784  -45.752  36.170 0.0000000000
37371  -34.082  -45.968  36.964 0.0000000000
37383  -33.027  -46.010  35.915 0.0000000000
36569  -32.529  -46.495  36.480 0.0000000000
37404  -30.865  -46.261  34.077 0.0000000000
36585  -31.399  -46.274  34.588 0.0000000000
36583  -30.082  -46.880  34.205 0.0000000000
37411  -29.442  -46.199  32.889 0.0000000000
40768  -33.592  -41.319  29.563 0.0000000000
40785  -33.277  -40.811  29.075 0.0000000000
33824  -22.991  -49.569  48.620 0.0000000000
34689  -30.108  -48.875  47.990 0.0000000000
34711  -33.671  -49.497  45.858 0.0000000000
34712  -34.585  -48.838  45.831 0.0000000000
33871  -36.228  -49.675  44.582 0.0000000000
33855  -36.490  -48.962  45.147 0.0000000000
34716  -38.746  -47.842  45.416 0.0000000000
34715  -38.084  -48.106  45.437 0.0000000000
33873  -38.225  -49.183  44.275 0.0000000000
33888  -38.569  -49.498  43.684 0.0000000000
33874  -38.957  -48.869  44.060 0.0000000000
34741  -40.092  -48.902  43.265 0.0000000000
117382  -40.666  -48.325  43.226 0.0000000000
34752  -40.597  -48.583  42.783 0.0000000000
34753  -41.178  -48.082  42.766 0.0000000000
35616  -42.354  -46.829  42.068 0.0000000000
36505  -42.779  -46.396  41.539 0.0000000000
37333  -44.172  -45.008  40.314 0.0000000000
37347  -44.023  -45.343  40.014 0.0000000000
41537  -44.991  -40.670  38.498 0.0000000000
108418  -45.642  -38.297  38.893 0.0000000000
117395  -44.751  -38.259  38.115 0.0000000000
45065  -45.159  -36.650  38.600 0.0000000000
45963  -45.100  -35.873  38.636 0.0000000000
123823  -43.922  -36.344  37.759 0.0000000000
122081  -44.674  -35.391  38.476 0.0000000000
47594  -45.843  -33.382  39.128 0.0000000000
46773  -44.249  -34.797  38.287 0.0000000000
47602  -44.142  -33.717  38.196 0.0000000000
48467  -44.215  -32.087  37.790 0.0000000000
48466  -43.570  -32.485  37.390 0.0000000000
49419  -43.770  -31.781  37.043 0.0000000000
50345  -46.324  -30.479  38.619 0.0000000000
50382  -45.835  -30.551  35.938 0.0000000000
50363  -45.045  -30.818  36.112 0.0000000000
49442  -44.494  -31.314  35.391 0.0000000000
49462  -44.823  -31.645  34.608 0.0000000000
49464  -46.634  -31.841  34.701 0.0000000000
48499  -45.304  -32.301  34.021 0.0000000000
48520  -45.781  -32.820  33.407 0.0000000000
105347  -49.283  -31.757  35.990 0.0000000000
49446  -48.195  -31.929  35.384 0.0000000000
49466  -48.162  -32.680  34.798 0.0000000000
48522  -47.763  -33.303  33.727 0.0000000000
48521  -46.359  -33.141  33.068 0.0000000000
48548  -45.905  -33.158  31.696 0.0000000000
48549  -46.558  -33.200  31.756 0.0000000000
48550  -47.932  -33.422  31.638 0.0000000000
48585  -46.959  -32.742  29.801 0.0000000000
50402  -52.417  -31.494  34.209 0.0000000000
49474  -52.751  -32.294  34.739 0.0000000000
48505  -52.399  -32.893  35.036 0.0000000000
48524  -52.603  -32.952  34.080 0.0000000000
49487  -53.365  -32.517  33.066 0.0000000000
47676  -51.418  -34.101  32.300 0.0000000000
48551  -49.607  -33.763  31.238 0.0000000000
102319  -48.973  -33.070  29.040 0.0000000000
48587  -48.478  -33.096  29.614 0.0000000000
48601  -48.110  -32.754  28.703 0.0000000000
48627  -47.514  -32.454  26.436 0.0000000000
47714  -49.359  -33.222  25.159 0.0000000000
48652  -48.038  -32.845  24.950 0.0000000000
48607  -55.154  -32.235  28.163 0.0000000000
49522  -55.929  -31.751  27.504 0.0000000000
121790  -55.617  -32.991  25.492 0.0000000000
47709  -55.355  -33.230  25.558 0.0000000000
47718  -54.048  -33.878  24.988 0.0000000000
117090  -54.704  -33.493  25.063 0.0000000000
50494  -54.264  -31.496  25.502 0.0000000000
48654  -53.591  -33.710  23.804 0.0000000000
33025  -22.608  -50.946  45.259 0.0000000000
32156  -22.599  -51.692  45.324 0.0000000000
32162  -22.516  -51.519  44.678 0.0000000000
117696  -20.960  -51.887  42.480 0.0000000000
31253  -21.359  -52.194  43.010 0.0000000000
31257  -19.860  -52.335  41.349 0.0000000000
32216  -19.072  -51.670  39.234 0.0000000000
31265  -19.161  -52.161  39.869 0.0000000000
32215  -18.853  -52.208  39.168 0.0000000000
36465  -24.844  -46.878  45.142 0.0000000000
34748  -23.167  -47.940  42.567 0.0000000000
34747  -22.568  -48.524  42.105 0.0000000000
35640  -22.294  -47.692  39.142 0.0000000000
35626  -22.622  -47.611  40.030 0.0000000000
114934  -21.600  -48.159  39.139 0.0000000000
33948  -20.348  -49.010  38.394 0.0000000000
33938  -21.201  -48.699  39.718 0.0000000000
103954  -20.513  -49.223  39.329 0.0000000000
33926  -21.079  -49.268  40.456 0.0000000000
33099  -20.131  -49.885  39.510 0.0000000000
33107  -19.496  -50.376  38.347 0.0000000000
32239  -20.825  -51.321  34.664 0.0000000000
32177  -32.109  -51.457  43.466 0.0000000000
32186  -31.613  -51.423  42.672 0.0000000000
33092  -30.456  -51.188  40.088 0.0000000000
33078  -30.361  -51.050  41.073 0.0000000000
33100  -29.266  -50.390  39.279 0.0000000000
33124  -29.483  -51.369  35.966 0.0000000000
33116  -29.778  -51.484  36.948 0.0000000000
102890  -29.236  -51.388  36.522 0.0000000000
33964  -27.985  -49.994  36.478 0.0000000000
33957  -28.638  -50.861  36.783 0.0000000000
33956  -28.057  -49.662  37.453 0.0000000000
33940  -28.676  -49.911  38.874 0.0000000000
34813  -27.314  -48.868  37.969 0.0000000000
35707  -25.603  -47.962  34.363 0.0000000000
35698  -25.456  -47.692  35.359 0.0000000000
35706  -24.667  -47.372  34.673 0.0000000000
35697  -24.560  -47.443  35.696 0.0000000000
118515  -24.172  -47.377  33.927 0.0000000000
34887  -25.657  -49.185  30.124 0.0000000000
104855  -26.349  -49.460  31.667 0.0000000000
34012  -24.227  -49.698  30.183 0.0000000000
34005  -24.742  -49.389  30.494 0.0000000000
34862  -24.296  -48.847  31.328 0.0000000000
105769  -23.864  -49.311  30.809 0.0000000000
32265  -22.735  -50.319  31.488 0.0000000000
34861  -23.406  -48.301  31.953 0.0000000000
34003  -22.730  -49.364  31.672 0.0000000000
34860  -22.627  -48.216  32.570 0.0000000000
33154  -22.406  -49.971  32.183 0.0000000000
113899  -42.214  -39.484  35.853 0.0000000000
43333  -42.781  -39.166  36.433 0.0000000000
43320  -43.659  -38.287  37.272 0.0000000000
40702  -43.841  -41.878  37.202 0.0000000000
119126  -43.394  -42.008  36.623 0.0000000000
41586  -41.995  -41.188  34.723 0.0000000000
49529  -44.496  -31.561  26.418 0.0000000000
110274  -44.800  -31.615  25.749 0.0000000000
49540  -45.265  -31.780  25.537 0.0000000000
49541  -45.910  -32.027  25.758 0.0000000000
117099  -30.394  -50.173  46.005 0.0000000000
33851  -30.744  -50.626  45.743 0.0000000000
33043  -30.461  -50.801  44.691 0.0000000000
32163  -30.609  -51.036  43.754 0.0000000000
106634  -36.029  -35.883  28.531 0.0000000000
105863  -41.905  -32.815  33.253 0.0000000000
34769  -39.503  -48.739  41.745 0.0000000000
34768  -38.912  -48.659  41.520 0.0000000000
35650  -38.471  -47.233  39.767 0.0000000000
39131  -34.336  -43.367  31.734 0.0000000000
39120  -34.684  -43.694  32.428 0.0000000000
39130  -33.488  -43.551  31.548 0.0000000000
39906  -32.203  -43.362  30.643 0.0000000000
39917  -31.767  -42.906  29.987 0.0000000000
39931  -31.303  -42.325  29.448 0.0000000000
43424  -36.184  -38.405  28.812 0.0000000000
110974  -34.980  -38.123  26.959 0.0000000000
50441  -53.884  -31.004  30.584 0.0000000000
107401  -53.721  -33.150  29.307 0.0000000000
48618  -54.880  -33.064  27.639 0.0000000000
112875  -23.403  -48.448  47.159 0.0000000000
35559  -23.822  -47.888  45.577 0.0000000000
102483  -22.910  -47.289  37.086 0.0000000000
118467  -22.046  -47.468  36.200 0.0000000000
120787  -21.116  -48.452  34.484 0.0000000000
34837  -29.818  -49.718  34.777 0.0000000000
107104  -29.494  -49.207  34.284 0.0000000000
34843  -28.889  -49.961  33.606 0.0000000000
34866  -27.997  -49.669  32.534 0.0000000000
44275  -38.442  -38.105  31.668 0.0000000000
105253  -42.014  -36.907  35.977 0.0000000000
45117  -41.060  -36.741  34.899 0.0000000000
37361  -41.827  -45.493  38.786 0.0000000000
38269  -41.496  -44.684  37.644 0.0000000000
39859  -41.326  -43.016  34.469 0.0000000000
39081  -40.662  -43.373  35.190 0.0000000000
39098  -40.362  -43.082  34.338 0.0000000000
39113  -38.052  -43.097  33.281 0.0000000000
39889  -37.814  -42.945  32.481 0.0000000000
39910  -37.517  -42.319  30.974 0.0000000000
110298  -38.172  -42.439  31.187 0.0000000000
40751  -38.300  -42.121  30.481 0.0000000000
41613  -39.724  -40.649  31.756 0.0000000000
42511  -38.583  -39.831  30.932 0.0000000000
35573  -27.713  -47.464  44.614 0.0000000000
33901  -28.885  -49.364  42.838 0.0000000000
34740  -28.545  -48.836  43.226 0.0000000000
34750  -28.299  -48.757  42.446 0.0000000000
34763  -26.920  -48.269  40.730 0.0000000000
114315  -26.524  -48.319  39.157 0.0000000000
34812  -26.487  -48.396  38.401 0.0000000000
46029  -38.252  -35.962  31.172 0.0000000000
46039  -38.498  -35.192  30.828 0.0000000000
118799  -38.768  -34.541  30.441 0.0000000000
47683  -39.753  -33.660  30.487 0.0000000000
118754  -43.420  -32.673  30.239 0.0000000000
48582  -43.805  -32.481  29.608 0.0000000000
48583  -44.666  -32.519  29.729 0.0000000000
33058  -35.454  -50.667  43.832 0.0000000000
32168  -34.709  -50.952  43.794 0.0000000000
33067  -34.754  -50.872  42.605 0.0000000000
34800  -35.279  -48.176  39.908 0.0000000000
34782  -34.927  -48.795  40.385 0.0000000000
35645  -33.865  -47.960  39.328 0.0000000000
35663  -32.386  -48.146  38.600 0.0000000000
35678  -32.487  -47.448  37.880 0.0000000000
36555  -32.081  -47.076  37.059 0.0000000000
37357  -38.375  -45.650  38.122 0.0000000000
119643  -37.701  -45.606  37.930 0.0000000000
37374  -36.544  -45.458  37.313 0.0000000000
38302  -33.673  -45.101  34.238 0.0000000000
38301  -33.014  -45.173  33.817 0.0000000000
37406  -32.467  -45.586  34.343 0.0000000000
37394  -32.026  -46.054  34.815 0.0000000000
37413  -30.898  -45.719  33.418 0.0000000000
34702  -35.315  -47.868  46.378 0.0000000000
105890  -39.349  -48.185  44.570 0.0000000000
35575  -39.869  -47.650  44.663 0.0000000000
36506  -43.066  -45.939  41.632 0.0000000000
104270  -46.449  -36.741  40.388 0.0000000000
44182  -45.577  -37.301  38.892 0.0000000000
45055  -46.211  -36.802  39.676 0.0000000000
45950  -46.213  -35.952  39.638 0.0000000000
49413  -45.001  -31.742  38.280 0.0000000000
50344  -45.350  -30.965  38.023 0.0000000000
51278  -46.439  -29.736  37.498 0.0000000000
49444  -46.148  -30.888  35.075 0.0000000000
105698  -49.677  -33.251  35.190 0.0000000000
48502  -48.880  -33.240  34.681 0.0000000000
48523  -48.664  -33.590  34.039 0.0000000000
107809  -47.173  -33.370  32.193 0.0000000000
47662  -48.023  -33.646  32.596 0.0000000000
123145  -48.638  -33.488  31.153 0.0000000000
50401  -51.539  -30.599  33.570 0.0000000000
48571  -51.790  -34.165  30.656 0.0000000000
48570  -50.160  -33.803  30.503 0.0000000000
47725  -49.803  -33.584  24.331 0.0000000000
48620  -56.051  -32.166  26.635 0.0000000000
49533  -56.043  -32.007  26.242 0.0000000000
49545  -55.643  -32.604  25.590 0.0000000000
49542  -52.447  -31.549  24.840 0.0000000000
49556  -53.340  -32.581  24.265 0.0000000000
31237  -22.530  -52.340  44.963 0.0000000000
33056  -22.376  -50.427  43.684 0.0000000000
32175  -22.316  -51.258  43.932 0.0000000000
33055  -22.043  -51.004  43.170 0.0000000000
32198  -20.228  -51.473  41.306 0.0000000000
32207  -19.495  -51.167  39.816 0.0000000000
116259  -25.191  -46.738  43.696 0.0000000000
35583  -24.450  -47.088  43.468 0.0000000000
34762  -22.964  -47.804  41.684 0.0000000000
34819  -20.895  -48.403  38.015 0.0000000000
33114  -19.368  -50.346  37.387 0.0000000000
32231  -19.021  -51.785  35.866 0.0000000000
31284  -19.717  -52.094  35.071 0.0000000000
110924  -20.895  -52.598  34.677 0.0000000000
32211  -32.035  -51.238  41.077 0.0000000000
114270  -31.426  -51.368  41.149 0.0000000000
32210  -31.525  -51.282  40.386 0.0000000000
33129  -28.606  -51.118  35.120 0.0000000000
110226  -27.892  -50.481  35.536 0.0000000000
34830  -27.363  -49.417  36.076 0.0000000000
34829  -26.704  -48.622  36.565 0.0000000000
34836  -26.815  -48.891  35.567 0.0000000000
35699  -26.226  -48.390  34.998 0.0000000000
32272  -23.604  -51.328  30.212 0.0000000000
33166  -23.526  -50.521  30.361 0.0000000000
43380  -40.481  -38.878  34.060 0.0000000000
106277  -41.672  -38.061  35.512 0.0000000000
45091  -42.795  -36.387  36.807 0.0000000000
39036  -44.486  -43.722  38.240 0.0000000000
38271  -43.638  -44.115  37.799 0.0000000000
39050  -43.148  -43.636  37.181 0.0000000000
117331  -42.733  -43.273  36.479 0.0000000000
39083  -42.398  -43.073  35.643 0.0000000000
39862  -43.067  -42.331  36.269 0.0000000000
39872  -40.840  -42.674  33.633 0.0000000000
114433  -40.383  -42.584  32.947 0.0000000000
121160  -39.894  -42.410  31.803 0.0000000000
40740  -40.800  -41.705  32.925 0.0000000000
122664  -41.638  -40.911  34.318 0.0000000000
41601  -40.742  -40.797  33.129 0.0000000000
42491  -40.507  -39.832  33.608 0.0000000000
48649  -45.066  -32.117  24.203 0.0000000000
34688  -29.334  -48.673  47.596 0.0000000000
34697  -29.111  -48.707  46.575 0.0000000000
34727  -29.290  -49.226  44.954 0.0000000000
33868  -29.657  -49.870  44.620 0.0000000000
33885  -29.032  -49.303  43.537 0.0000000000
123709  -28.664  -49.578  40.527 0.0000000000
46816  -39.979  -34.740  32.303 0.0000000000
46828  -40.264  -34.085  31.785 0.0000000000
48563  -41.466  -32.698  30.396 0.0000000000
48545  -42.856  -32.871  31.376 0.0000000000
107494  -42.974  -32.854  32.055 0.0000000000
48547  -44.694  -33.105  32.287 0.0000000000
33903  -37.027  -50.233  42.779 0.0000000000
34784  -36.622  -48.493  40.683 0.0000000000
34785  -37.553  -48.402  40.826 0.0000000000
35647  -35.636  -47.458  39.571 0.0000000000
35666  -35.196  -47.085  38.975 0.0000000000
38293  -37.047  -44.268  35.453 0.0000000000
38292  -36.250  -44.554  35.385 0.0000000000
38305  -35.901  -44.466  34.793 0.0000000000
38304  -35.201  -44.574  34.424 0.0000000000
39109  -34.293  -44.272  32.917 0.0000000000
38316  -33.800  -44.740  33.557 0.0000000000
109206  -33.122  -44.827  33.179 0.0000000000
38325  -32.709  -44.664  32.619 0.0000000000
38333  -30.611  -44.576  31.405 0.0000000000
39915  -28.956  -43.022  29.625 0.0000000000
41648  -34.938  -40.027  27.809 0.0000000000
42523  -34.689  -39.500  27.174 0.0000000000
42531  -34.236  -39.321  26.204 0.0000000000
43431  -34.796  -38.840  26.521 0.0000000000
51268  -48.735  -28.459  37.711 0.0000000000
50367  -49.580  -30.541  36.570 0.0000000000
49447  -50.412  -31.620  36.555 0.0000000000
106409  -50.991  -29.974  36.801 0.0000000000
50368  -50.892  -30.916  36.829 0.0000000000
48483  -50.237  -32.598  35.983 0.0000000000
48503  -50.535  -33.442  35.311 0.0000000000
47629  -50.700  -33.791  34.403 0.0000000000
50421  -52.166  -31.452  32.444 0.0000000000
104019  -52.079  -31.327  31.765 0.0000000000
48616  -51.579  -33.329  27.647 0.0000000000
113470  -52.443  -33.600  26.009 0.0000000000
47717  -53.189  -34.111  25.009 0.0000000000
51396  -54.813  -29.757  26.772 0.0000000000
117167  -22.666  -51.006  46.652 0.0000000000
33848  -22.710  -50.017  45.075 0.0000000000
35628  -24.154  -47.297  40.636 0.0000000000
35641  -23.127  -47.388  39.464 0.0000000000
35659  -22.023  -47.679  38.259 0.0000000000
35673  -21.776  -47.603  37.397 0.0000000000
34820  -21.443  -47.966  37.855 0.0000000000
34828  -20.585  -48.422  36.591 0.0000000000
106307  -21.130  -50.754  34.309 0.0000000000
33111  -31.005  -51.101  38.265 0.0000000000
33118  -30.735  -51.111  37.415 0.0000000000
33117  -30.286  -51.292  36.653 0.0000000000
33131  -29.379  -51.205  35.319 0.0000000000
33972  -29.719  -50.644  35.070 0.0000000000
33141  -28.987  -51.083  34.745 0.0000000000
121845  -28.821  -51.129  34.913 0.0000000000
44279  -36.787  -37.130  29.815 0.0000000000
45153  -38.113  -36.778  31.400 0.0000000000
45140  -38.595  -36.352  31.808 0.0000000000
46020  -39.698  -35.515  32.656 0.0000000000
123686  -40.153  -36.906  33.905 0.0000000000
45130  -40.041  -36.064  33.463 0.0000000000
46803  -40.353  -34.928  33.138 0.0000000000
46805  -41.126  -34.068  34.039 0.0000000000
47627  -41.398  -33.405  34.507 0.0000000000
35652  -40.337  -47.064  40.131 0.0000000000
37360  -40.916  -45.580  38.643 0.0000000000
37359  -40.060  -45.643  38.440 0.0000000000
37376  -38.970  -45.258  37.634 0.0000000000
38286  -41.371  -44.216  36.808 0.0000000000
38285  -40.257  -44.309  36.615 0.0000000000
39066  -39.913  -43.861  35.884 0.0000000000
38284  -39.261  -44.377  36.454 0.0000000000
39064  -38.093  -44.114  35.690 0.0000000000
121728  -37.572  -44.205  35.606 0.0000000000
121350  -37.143  -44.002  34.976 0.0000000000
39122  -36.375  -43.399  32.920 0.0000000000
39121  -35.553  -43.472  32.536 0.0000000000
123044  -35.061  -43.314  31.906 0.0000000000
41626  -37.141  -41.212  29.722 0.0000000000
114883  -36.554  -40.672  29.360 0.0000000000
41625  -36.060  -40.299  28.688 0.0000000000
50443  -55.107  -30.263  29.490 0.0000000000
50458  -55.885  -30.129  28.870 0.0000000000
52280  -55.773  -28.713  28.772 0.0000000000
51373  -56.105  -29.472  28.475 0.0000000000
51374  -56.240  -29.572  27.901 0.0000000000
54051  -55.208  -26.204  28.532 0.0000000000
53181  -55.803  -27.239  28.156 0.0000000000
52301  -55.270  -28.871  27.307 0.0000000000
53196  -53.977  -27.043  26.659 0.0000000000
53195  -53.324  -28.086  26.441 0.0000000000
36439  -25.154  -46.746  47.039 0.0000000000
36454  -25.653  -46.515  45.303 0.0000000000
36455  -26.520  -46.498  45.559 0.0000000000
36466  -25.410  -46.611  44.472 0.0000000000
105525  -25.058  -47.130  41.981 0.0000000000
35574  -28.311  -48.088  45.133 0.0000000000
35586  -27.614  -47.657  43.632 0.0000000000
34739  -27.930  -48.248  42.940 0.0000000000
35598  -26.237  -47.189  42.558 0.0000000000
102542  -25.802  -47.290  41.887 0.0000000000
35611  -25.275  -47.310  41.429 0.0000000000
103030  -24.722  -47.608  39.226 0.0000000000
35685  -23.565  -47.358  36.839 0.0000000000
102482  -23.696  -47.335  35.950 0.0000000000
45162  -36.465  -36.411  29.229 0.0000000000
106145  -36.547  -35.628  28.935 0.0000000000
46047  -36.416  -35.175  28.317 0.0000000000
46842  -36.822  -34.615  28.165 0.0000000000
46835  -39.089  -33.957  30.066 0.0000000000
46839  -38.496  -34.282  29.739 0.0000000000
49520  -44.309  -31.628  27.323 0.0000000000
33028  -33.217  -50.670  45.721 0.0000000000
32158  -32.746  -51.153  45.611 0.0000000000
32166  -33.414  -51.231  45.204 0.0000000000
106490  -32.965  -51.332  43.396 0.0000000000
32187  -32.425  -51.337  42.552 0.0000000000
32189  -34.288  -51.031  42.970 0.0000000000
32188  -33.311  -51.075  42.590 0.0000000000
32201  -32.552  -51.151  41.793 0.0000000000
33103  -32.009  -50.615  39.924 0.0000000000
33082  -36.171  -50.341  42.463 0.0000000000
33914  -34.950  -50.041  41.395 0.0000000000
33943  -34.185  -49.000  40.305 0.0000000000
33951  -31.549  -50.128  38.662 0.0000000000
33959  -31.178  -50.132  37.758 0.0000000000
34824  -30.823  -49.431  37.022 0.0000000000
116565  -31.852  -48.160  38.053 0.0000000000
35689  -30.915  -48.225  36.869 0.0000000000
34831  -30.517  -49.019  36.381 0.0000000000
35708  -29.640  -47.903  34.431 0.0000000000
35718  -29.333  -47.367  33.773 0.0000000000
35651  -39.398  -47.157  39.919 0.0000000000
36543  -37.610  -46.101  38.554 0.0000000000
36527  -37.038  -46.707  39.179 0.0000000000
36540  -34.778  -46.677  38.391 0.0000000000
38280  -35.825  -44.968  35.932 0.0000000000
37386  -35.344  -45.318  36.539 0.0000000000
37397  -34.250  -45.344  35.613 0.0000000000
37372  -34.854  -45.712  37.173 0.0000000000
36558  -34.419  -46.306  37.706 0.0000000000
36557  -33.624  -46.470  37.500 0.0000000000
36578  -31.546  -46.545  35.264 0.0000000000
36589  -28.997  -46.898  33.209 0.0000000000
102510  -34.249  -39.973  27.779 0.0000000000
106770  -44.479  -40.206  37.919 0.0000000000
42453  -44.594  -39.321  38.099 0.0000000000
43308  -45.585  -39.053  38.883 0.0000000000
111935  -23.511  -48.123  48.762 0.0000000000
112034  -23.701  -47.867  48.073 0.0000000000
35520  -24.333  -47.191  48.336 0.0000000000
36415  -24.851  -46.591  49.405 0.0000000000
36426  -25.119  -46.687  48.103 0.0000000000
113112  -25.920  -46.460  48.368 0.0000000000
36428  -26.776  -46.553  48.117 0.0000000000
36418  -27.462  -46.662  49.352 0.0000000000
116868  -28.777  -48.278  47.983 0.0000000000
35535  -29.484  -48.436  48.667 0.0000000000
34699  -30.731  -49.321  47.411 0.0000000000
33841  -31.334  -49.605  46.975 0.0000000000
33015  -31.917  -50.125  46.577 0.0000000000
33842  -32.723  -49.672  46.269 0.0000000000
113831  -32.701  -50.250  46.180 0.0000000000
33029  -33.975  -50.225  45.379 0.0000000000
33030  -34.818  -49.895  45.051 0.0000000000
106602  -35.024  -49.304  45.412 0.0000000000
33870  -35.515  -49.918  44.653 0.0000000000
33049  -36.528  -50.001  44.135 0.0000000000
33905  -38.865  -49.625  42.994 0.0000000000
33906  -39.527  -49.281  42.886 0.0000000000
103876  -39.590  -48.699  43.846 0.0000000000
34770  -40.826  -48.407  42.091 0.0000000000
35614  -41.275  -47.848  41.533 0.0000000000
35587  -41.602  -46.795  43.097 0.0000000000
35600  -41.799  -47.326  42.622 0.0000000000
35615  -41.962  -47.442  41.826 0.0000000000
117068  -41.741  -47.374  41.055 0.0000000000
36517  -42.194  -46.877  40.644 0.0000000000
36533  -42.621  -46.398  40.328 0.0000000000
36519  -43.296  -46.054  41.078 0.0000000000
36534  -43.357  -46.002  40.319 0.0000000000
37363  -43.504  -45.498  39.474 0.0000000000
38235  -44.182  -44.974  39.248 0.0000000000
38220  -44.531  -44.403  40.053 0.0000000000
38251  -44.670  -44.273  38.994 0.0000000000
102602  -44.859  -43.094  38.377 0.0000000000
40689  -44.490  -41.754  37.782 0.0000000000
112638  -44.646  -41.059  37.985 0.0000000000
43321  -44.404  -38.609  37.875 0.0000000000
44197  -44.363  -37.825  37.812 0.0000000000
44181  -44.765  -37.208  38.260 0.0000000000
45078  -43.970  -36.994  37.688 0.0000000000
116921  -43.417  -36.424  37.334 0.0000000000
45974  -43.601  -35.922  37.559 0.0000000000
47587  -46.460  -33.635  39.764 0.0000000000
46764  -45.879  -34.329  39.277 0.0000000000
46763  -45.143  -34.989  38.833 0.0000000000
46772  -43.461  -35.212  37.637 0.0000000000
47610  -42.804  -33.535  37.056 0.0000000000
48459  -44.099  -32.838  38.040 0.0000000000
119291  -43.019  -32.810  37.074 0.0000000000
47600  -42.479  -32.703  36.433 0.0000000000
49427  -42.928  -31.943  35.937 0.0000000000
48481  -43.051  -31.909  35.027 0.0000000000
50354  -45.019  -30.765  37.087 0.0000000000
49441  -43.686  -31.622  35.594 0.0000000000
48532  -45.029  -33.068  33.009 0.0000000000
109420  -45.471  -33.185  32.396 0.0000000000
48501  -47.310  -32.659  34.262 0.0000000000
48567  -45.662  -32.916  30.856 0.0000000000
102321  -46.252  -32.753  30.249 0.0000000000
48584  -46.193  -32.531  29.378 0.0000000000
102139  -46.147  -32.356  28.605 0.0000000000
117022  -46.534  -32.280  27.960 0.0000000000
49467  -52.485  -32.157  35.686 0.0000000000
47648  -51.831  -33.524  34.357 0.0000000000
47646  -50.359  -33.872  33.520 0.0000000000
48536  -53.175  -33.155  33.270 0.0000000000
47664  -51.362  -33.870  33.059 0.0000000000
115589  -50.574  -33.904  32.792 0.0000000000
102746  -47.905  -32.531  27.136 0.0000000000
116671  -49.762  -32.872  27.089 0.0000000000
48629  -49.347  -32.848  26.468 0.0000000000
48640  -48.535  -32.884  25.424 0.0000000000
110137  -55.334  -33.259  26.491 0.0000000000
49544  -54.955  -32.454  25.156 0.0000000000
49557  -54.318  -33.111  24.501 0.0000000000
111741  -54.061  -33.648  24.416 0.0000000000
32174  -21.953  -51.771  43.427 0.0000000000
30395  -18.683  -53.493  39.367 0.0000000000
31264  -18.836  -52.724  39.461 0.0000000000
112867  -24.382  -47.286  45.809 0.0000000000
112577  -23.725  -47.916  44.851 0.0000000000
35570  -23.877  -47.549  44.079 0.0000000000
34737  -22.813  -48.729  42.979 0.0000000000
33900  -22.292  -49.348  42.522 0.0000000000
33076  -21.226  -49.754  41.304 0.0000000000
35608  -22.794  -47.642  40.844 0.0000000000
34779  -22.278  -48.033  40.475 0.0000000000
34778  -21.711  -48.547  40.469 0.0000000000
34760  -21.616  -48.985  41.045 0.0000000000
33090  -20.605  -50.014  40.645 0.0000000000
33089  -20.079  -50.362  40.090 0.0000000000
106287  -19.209  -51.065  38.843 0.0000000000
32221  -18.994  -51.042  37.892 0.0000000000
32224  -18.707  -51.812  37.393 0.0000000000
32238  -20.062  -51.323  34.939 0.0000000000
32164  -31.799  -51.466  44.544 0.0000000000
32176  -31.296  -51.346  43.624 0.0000000000
32199  -31.168  -51.366  41.957 0.0000000000
33066  -30.415  -50.995  42.090 0.0000000000
33077  -29.762  -50.538  41.683 0.0000000000
33913  -29.092  -49.910  41.220 0.0000000000
117932  -30.604  -51.405  38.461 0.0000000000
33109  -30.138  -51.324  38.463 0.0000000000
123591  -29.730  -50.881  38.889 0.0000000000
33108  -29.432  -50.817  38.332 0.0000000000
33927  -28.649  -49.655  39.772 0.0000000000
33939  -28.010  -49.105  39.373 0.0000000000
35676  -25.863  -48.184  36.971 0.0000000000
102481  -23.921  -47.241  35.190 0.0000000000
106029  -22.940  -47.263  34.293 0.0000000000
34865  -27.587  -49.392  32.078 0.0000000000
34879  -27.052  -49.222  31.483 0.0000000000
33996  -27.485  -50.135  32.593 0.0000000000
120222  -26.607  -49.830  32.367 0.0000000000
106859  -25.875  -49.282  32.469 0.0000000000
35716  -25.009  -48.317  32.756 0.0000000000
35715  -24.188  -47.654  33.133 0.0000000000
34876  -23.343  -48.923  31.406 0.0000000000
35714  -23.345  -47.389  33.616 0.0000000000
35720  -22.751  -47.673  33.156 0.0000000000
35713  -22.497  -47.507  33.787 0.0000000000
33994  -21.993  -48.565  32.950 0.0000000000
33148  -22.033  -49.910  32.919 0.0000000000
32165  -32.659  -51.494  44.984 0.0000000000
33075  -20.616  -50.604  41.211 0.0000000000
33130  -29.023  -51.301  35.256 0.0000000000
33167  -23.893  -50.101  30.039 0.0000000000
33867  -29.287  -49.448  44.117 0.0000000000
34004  -23.196  -49.583  31.053 0.0000000000
34849  -22.147  -47.970  33.300 0.0000000000
34875  -22.818  -48.687  31.924 0.0000000000
38289  -33.940  -45.191  34.883 0.0000000000
38323  -30.472  -45.152  31.998 0.0000000000
39052  -44.446  -43.027  37.888 0.0000000000
39094  -35.920  -44.168  34.161 0.0000000000
44211  -43.119  -37.638  36.888 0.0000000000
47665  -52.186  -33.568  33.516 0.0000000000
48485  -52.039  -32.720  35.756 0.0000000000
49523  -56.243  -31.378  26.947 0.0000000000
50459  -56.295  -30.261  28.181 0.0000000000
52270  -55.108  -28.794  29.317 0.0000000000
105947  -33.322  -51.363  44.327 0.0000000000
110952  -37.380  -45.367  37.361 0.0000000000
112659  -29.845  -51.463  37.712 0.0000000000
115899  -30.849  -51.298  41.360 0.0000000000
118778  -43.588  -45.104  38.782 0.0000000000
120179  -43.456  -45.651  41.174 0.0000000000
121633  -31.813  -49.365  38.956 0.0000000000
122382  -21.851  -47.911  38.760 0.0000000000
122429  -27.406  -50.470  34.165 0.0000000000
123004  -23.086  -48.954  47.107 0.0000000000
123744  -31.000  -51.261  44.418 0.0000000000
