#!ascii label  , from subject sub-v2s16x51244_ses-1 vox2ras=TkReg
999
36373  -11.160  -46.191  51.674 0.0000000000
43331  -32.172  -38.119  36.455 0.0000000000
48475  -28.668  -32.530  35.429 0.0000000000
106496  -24.969  -37.067  39.600 0.0000000000
56517  -36.236  -23.276  25.305 0.0000000000
54874  -31.079  -26.148  29.651 0.0000000000
42408  -33.202  -39.262  40.786 0.0000000000
42444  -28.017  -39.640  37.710 0.0000000000
57313  -41.718  -23.097  26.797 0.0000000000
60484  -44.283  -19.140  26.938 0.0000000000
62157  -46.312  -17.018  25.399 0.0000000000
51275  -33.201  -28.900  36.922 0.0000000000
51318  -29.197  -29.312  32.915 0.0000000000
54852  -34.785  -25.988  34.268 0.0000000000
56451  -36.241  -23.073  31.645 0.0000000000
114371  -18.588  -37.536  40.226 0.0000000000
118835  -10.113  -45.471  57.258 0.0000000000
46778  -33.082  -34.767  35.913 0.0000000000
49395  -32.624  -31.473  40.553 0.0000000000
44203  -20.065  -36.940  36.199 0.0000000000
44231  -24.971  -37.152  33.611 0.0000000000
62184  -45.042  -16.295  20.704 0.0000000000
63763  -48.277  -14.581  23.236 0.0000000000
55697  -33.979  -24.831  26.804 0.0000000000
55676  -39.054  -24.939  29.347 0.0000000000
37248  -11.730  -45.654  47.085 0.0000000000
35471  -3.962  -47.254  57.112 0.0000000000
119302  -43.110  -21.202  27.308 0.0000000000
53112  -33.995  -27.394  35.573 0.0000000000
40662  -16.953  -40.846  39.682 0.0000000000
36341  -10.939  -46.105  55.120 0.0000000000
44234  -32.115  -36.527  33.540 0.0000000000
45101  -33.390  -36.266  35.571 0.0000000000
45959  -22.717  -35.658  38.285 0.0000000000
45110  -22.331  -36.014  34.300 0.0000000000
45073  -24.756  -37.035  36.885 0.0000000000
42447  -30.309  -39.344  37.493 0.0000000000
102692  -28.201  -39.194  35.677 0.0000000000
43342  -29.779  -38.681  35.248 0.0000000000
45007  -24.688  -36.837  42.171 0.0000000000
45930  -22.174  -35.704  40.117 0.0000000000
108622  -40.143  -18.368  23.828 0.0000000000
62177  -43.689  -17.134  21.067 0.0000000000
62950  -47.278  -15.696  24.008 0.0000000000
101913  -30.067  -27.882  30.935 0.0000000000
54891  -32.910  -24.940  28.428 0.0000000000
56464  -38.078  -23.472  30.460 0.0000000000
39773  -16.449  -42.474  43.317 0.0000000000
38164  -15.600  -44.159  44.650 0.0000000000
37252  -15.444  -45.019  47.003 0.0000000000
37273  -12.066  -45.477  44.153 0.0000000000
35476  -5.246  -47.436  54.672 0.0000000000
43303  -32.663  -38.693  38.326 0.0000000000
103544  -34.390  -36.585  38.157 0.0000000000
44167  -35.170  -37.593  40.002 0.0000000000
43255  -27.229  -38.571  42.627 0.0000000000
43289  -26.018  -39.123  39.298 0.0000000000
41500  -28.587  -40.611  40.989 0.0000000000
42405  -30.804  -40.193  39.902 0.0000000000
122770  -38.735  -23.535  25.873 0.0000000000
58982  -39.581  -20.742  25.903 0.0000000000
60494  -41.090  -18.801  26.041 0.0000000000
61341  -43.220  -17.879  24.956 0.0000000000
61357  -44.032  -17.406  23.464 0.0000000000
61335  -45.574  -17.972  26.165 0.0000000000
50359  -30.573  -30.310  36.275 0.0000000000
50391  -28.380  -30.534  34.259 0.0000000000
52190  -31.101  -28.936  34.603 0.0000000000
53146  -31.875  -27.513  32.780 0.0000000000
54864  -32.787  -25.812  32.144 0.0000000000
55662  -33.466  -24.325  30.489 0.0000000000
55645  -35.542  -24.312  33.404 0.0000000000
43253  -17.815  -38.279  42.025 0.0000000000
40652  -16.592  -41.355  41.174 0.0000000000
64532  -49.147  -13.888  20.128 0.0000000000
38061  -8.234  -44.244  58.697 0.0000000000
46800  -32.419  -34.522  33.458 0.0000000000
47614  -31.411  -34.016  35.703 0.0000000000
46761  -34.005  -35.508  38.384 0.0000000000
46767  -31.781  -34.538  38.136 0.0000000000
116860  -30.207  -31.954  38.537 0.0000000000
50340  -32.804  -30.149  38.576 0.0000000000
43324  -25.894  -38.210  35.893 0.0000000000
104502  -21.080  -36.021  42.251 0.0000000000
44176  -19.169  -37.023  38.645 0.0000000000
62175  -45.284  -16.507  22.569 0.0000000000
62960  -46.447  -15.457  21.782 0.0000000000
63774  -47.462  -14.616  20.796 0.0000000000
64518  -49.443  -13.468  22.729 0.0000000000
35507  -8.910  -47.175  49.064 0.0000000000
36370  -8.827  -46.879  51.711 0.0000000000
104411  -35.300  -24.467  26.425 0.0000000000
55671  -34.851  -23.798  29.444 0.0000000000
55684  -36.025  -24.444  28.275 0.0000000000
55719  -37.375  -24.787  26.608 0.0000000000
55704  -40.380  -25.482  27.738 0.0000000000
37227  -11.636  -45.736  48.951 0.0000000000
108380  -8.077  -45.757  54.815 0.0000000000
37168  -6.324  -45.305  56.385 0.0000000000
38069  -5.282  -44.070  57.724 0.0000000000
36357  -11.202  -46.177  53.272 0.0000000000
44219  -31.200  -37.789  34.677 0.0000000000
44235  -32.263  -37.202  34.518 0.0000000000
44220  -32.992  -37.203  35.508 0.0000000000
45049  -23.955  -36.363  39.254 0.0000000000
45086  -23.587  -36.219  36.617 0.0000000000
45050  -24.819  -37.115  38.766 0.0000000000
43314  -30.858  -38.869  36.922 0.0000000000
43328  -29.762  -39.057  36.107 0.0000000000
43343  -30.576  -38.313  35.194 0.0000000000
43357  -30.217  -38.111  34.357 0.0000000000
115326  -26.183  -37.515  42.370 0.0000000000
44129  -25.355  -37.860  44.037 0.0000000000
45026  -24.945  -36.834  41.328 0.0000000000
45037  -23.795  -36.396  40.049 0.0000000000
61373  -43.152  -17.348  21.614 0.0000000000
47612  -29.388  -33.473  35.053 0.0000000000
47621  -28.436  -32.988  33.904 0.0000000000
54029  -30.807  -26.572  30.218 0.0000000000
54032  -29.848  -26.978  29.085 0.0000000000
117579  -31.448  -25.750  28.687 0.0000000000
38189  -14.286  -44.103  42.436 0.0000000000
38967  -16.534  -42.828  44.099 0.0000000000
38175  -14.508  -44.182  43.374 0.0000000000
122620  -14.225  -44.735  44.581 0.0000000000
38187  -13.015  -45.058  42.971 0.0000000000
43291  -32.906  -38.905  39.113 0.0000000000
43305  -34.398  -38.055  38.891 0.0000000000
43282  -34.881  -38.161  40.631 0.0000000000
42362  -28.464  -39.739  43.237 0.0000000000
42391  -27.534  -39.773  41.162 0.0000000000
42378  -29.057  -40.223  42.662 0.0000000000
111394  -32.640  -39.461  41.558 0.0000000000
41514  -30.991  -40.306  40.876 0.0000000000
42407  -32.496  -39.582  40.572 0.0000000000
42436  -32.103  -39.205  38.807 0.0000000000
57330  -40.224  -22.929  26.242 0.0000000000
110843  -39.925  -22.136  25.988 0.0000000000
106452  -40.448  -22.044  26.258 0.0000000000
58970  -43.377  -20.319  27.409 0.0000000000
59724  -42.031  -19.998  26.915 0.0000000000
59739  -42.412  -19.277  26.792 0.0000000000
60504  -41.659  -18.295  25.443 0.0000000000
60506  -43.502  -18.248  25.845 0.0000000000
61342  -44.172  -17.903  25.350 0.0000000000
60498  -44.793  -18.458  26.474 0.0000000000
51274  -32.443  -29.246  36.604 0.0000000000
116310  -30.879  -29.793  35.684 0.0000000000
51294  -32.209  -28.962  35.737 0.0000000000
54006  -34.362  -26.617  34.677 0.0000000000
53135  -33.019  -27.405  34.062 0.0000000000
54015  -33.431  -26.679  33.619 0.0000000000
54021  -32.470  -26.644  32.427 0.0000000000
54857  -33.774  -25.902  33.215 0.0000000000
54866  -34.125  -25.209  32.804 0.0000000000
54859  -35.177  -25.233  33.803 0.0000000000
45003  -19.539  -36.448  42.734 0.0000000000
44986  -18.909  -36.743  43.209 0.0000000000
43267  -18.070  -38.006  41.238 0.0000000000
40653  -16.856  -40.542  40.716 0.0000000000
64529  -49.923  -13.242  21.136 0.0000000000
64530  -50.354  -13.136  20.444 0.0000000000
37148  -9.003  -44.555  58.230 0.0000000000
46001  -33.205  -35.243  34.348 0.0000000000
46007  -32.947  -34.920  33.633 0.0000000000
46793  -32.954  -34.687  34.293 0.0000000000
46792  -32.092  -34.212  34.550 0.0000000000
115480  -32.295  -34.366  36.195 0.0000000000
45064  -34.888  -36.296  38.911 0.0000000000
105974  -34.082  -35.728  38.120 0.0000000000
45945  -34.483  -35.726  39.221 0.0000000000
47570  -32.825  -33.325  41.593 0.0000000000
46750  -31.863  -34.155  40.143 0.0000000000
47576  -31.553  -33.241  40.359 0.0000000000
47590  -30.419  -32.871  38.344 0.0000000000
48451  -31.069  -32.216  39.791 0.0000000000
50339  -31.249  -30.864  38.536 0.0000000000
50319  -32.779  -30.766  39.847 0.0000000000
45123  -23.489  -36.654  33.167 0.0000000000
42416  -26.685  -39.571  38.715 0.0000000000
121731  -26.087  -38.873  37.475 0.0000000000
102996  -26.706  -39.122  37.112 0.0000000000
103534  -27.107  -38.734  34.710 0.0000000000
107535  -22.447  -37.077  43.481 0.0000000000
45969  -21.199  -35.821  37.973 0.0000000000
122991  -20.287  -35.876  39.090 0.0000000000
45083  -19.863  -36.701  37.117 0.0000000000
44201  -18.766  -37.946  37.078 0.0000000000
123358  -45.061  -17.373  24.446 0.0000000000
62165  -44.682  -17.020  22.999 0.0000000000
62167  -46.140  -16.468  23.875 0.0000000000
63758  -47.764  -15.162  23.587 0.0000000000
62956  -47.043  -15.508  23.155 0.0000000000
63762  -47.585  -14.989  22.638 0.0000000000
63766  -46.907  -15.008  21.243 0.0000000000
63768  -48.266  -14.418  22.314 0.0000000000
63775  -48.300  -14.257  21.265 0.0000000000
64517  -48.820  -13.978  22.963 0.0000000000
51306  -28.805  -29.907  33.715 0.0000000000
49477  -27.633  -30.921  33.127 0.0000000000
55733  -34.104  -24.587  25.700 0.0000000000
55698  -34.854  -24.585  27.081 0.0000000000
56449  -34.799  -23.627  31.338 0.0000000000
104013  -34.167  -23.998  29.995 0.0000000000
56450  -35.560  -23.267  31.092 0.0000000000
55675  -38.235  -24.053  29.643 0.0000000000
55674  -37.500  -23.994  29.205 0.0000000000
55686  -37.479  -24.557  28.503 0.0000000000
55701  -37.437  -24.868  27.619 0.0000000000
104914  -38.130  -24.992  27.901 0.0000000000
55702  -38.882  -25.162  27.141 0.0000000000
55687  -39.645  -25.879  28.516 0.0000000000
37250  -13.401  -45.273  46.293 0.0000000000
37229  -13.584  -45.555  48.266 0.0000000000
37218  -13.345  -45.651  49.314 0.0000000000
37238  -11.689  -45.650  48.020 0.0000000000
36423  -10.313  -46.321  47.545 0.0000000000
117794  -10.512  -46.245  46.878 0.0000000000
35491  -6.723  -47.743  51.771 0.0000000000
36354  -8.482  -46.438  53.470 0.0000000000
35481  -6.942  -47.033  53.112 0.0000000000
34647  -4.845  -47.883  55.592 0.0000000000
36335  -5.064  -45.984  55.326 0.0000000000
36326  -4.707  -45.697  56.030 0.0000000000
37158  -5.954  -44.745  57.285 0.0000000000
37166  -4.277  -45.294  56.666 0.0000000000
41477  -30.777  -40.318  43.190 0.0000000000
108595  -42.971  -22.968  27.584 0.0000000000
58098  -41.747  -21.993  26.820 0.0000000000
58100  -43.204  -22.141  27.567 0.0000000000
52192  -33.443  -27.963  35.775 0.0000000000
42430  -17.873  -39.206  38.822 0.0000000000
43286  -17.934  -39.185  39.938 0.0000000000
102582  -12.028  -45.490  56.212 0.0000000000
36331  -10.703  -46.014  56.021 0.0000000000
44249  -31.243  -36.968  32.904 0.0000000000
45113  -32.814  -36.196  34.255 0.0000000000
45991  -33.380  -35.392  35.280 0.0000000000
50320  -33.461  -30.642  40.225 0.0000000000
45970  -21.688  -35.752  37.430 0.0000000000
45096  -21.596  -36.253  35.435 0.0000000000
45978  -22.531  -35.993  36.296 0.0000000000
45097  -23.748  -36.165  35.704 0.0000000000
45098  -24.503  -36.525  35.372 0.0000000000
42446  -29.470  -39.538  37.341 0.0000000000
42445  -28.610  -39.556  37.211 0.0000000000
42458  -29.243  -39.335  36.634 0.0000000000
43341  -28.846  -38.997  34.928 0.0000000000
43374  -28.953  -38.213  32.954 0.0000000000
44991  -24.126  -37.227  43.065 0.0000000000
45005  -22.622  -36.585  42.476 0.0000000000
45024  -23.564  -36.398  40.970 0.0000000000
118631  -22.727  -35.788  39.551 0.0000000000
60514  -39.556  -18.761  23.772 0.0000000000
62183  -44.304  -16.927  20.525 0.0000000000
62158  -47.129  -16.532  25.603 0.0000000000
62945  -46.764  -16.461  25.010 0.0000000000
53152  -29.961  -28.248  31.498 0.0000000000
54913  -32.346  -25.455  26.855 0.0000000000
54901  -33.412  -24.923  27.758 0.0000000000
104053  -37.980  -22.552  31.962 0.0000000000
57281  -36.943  -22.761  31.410 0.0000000000
57283  -38.653  -22.748  31.627 0.0000000000
122968  -16.604  -40.996  43.702 0.0000000000
39761  -16.557  -42.018  44.797 0.0000000000
39752  -16.733  -42.994  46.877 0.0000000000
102531  -15.685  -44.450  45.562 0.0000000000
37262  -14.056  -45.096  45.885 0.0000000000
37260  -12.527  -45.345  45.754 0.0000000000
36451  -11.016  -46.004  45.722 0.0000000000
37286  -11.449  -45.979  44.218 0.0000000000
43315  -31.795  -38.571  37.170 0.0000000000
103827  -33.506  -37.257  36.695 0.0000000000
43316  -33.183  -38.184  37.812 0.0000000000
44178  -34.789  -37.202  38.735 0.0000000000
44150  -26.040  -37.704  41.568 0.0000000000
44166  -25.661  -38.374  39.729 0.0000000000
43279  -26.250  -38.859  40.201 0.0000000000
42403  -27.472  -40.175  40.241 0.0000000000
118612  -28.008  -40.470  39.630 0.0000000000
41502  -30.302  -40.472  41.467 0.0000000000
41513  -30.063  -40.537  40.554 0.0000000000
104604  -29.257  -40.268  38.719 0.0000000000
42434  -30.546  -39.612  38.222 0.0000000000
42448  -31.116  -39.121  37.719 0.0000000000
44131  -27.046  -38.178  43.518 0.0000000000
57327  -37.778  -23.308  25.582 0.0000000000
57351  -37.048  -22.188  24.634 0.0000000000
57343  -37.948  -22.299  25.278 0.0000000000
58981  -38.953  -20.932  25.592 0.0000000000
58991  -39.194  -20.285  25.533 0.0000000000
58968  -41.838  -20.928  26.842 0.0000000000
59737  -40.627  -19.595  26.179 0.0000000000
59742  -39.605  -19.483  25.427 0.0000000000
60503  -40.680  -18.464  25.337 0.0000000000
61347  -41.621  -17.591  24.100 0.0000000000
61355  -42.386  -17.527  23.623 0.0000000000
61356  -43.158  -17.479  23.002 0.0000000000
61349  -43.232  -17.555  23.984 0.0000000000
61351  -44.949  -17.648  25.032 0.0000000000
61343  -45.583  -17.574  25.514 0.0000000000
60499  -45.687  -18.485  26.751 0.0000000000
62152  -46.748  -17.143  26.100 0.0000000000
49423  -29.510  -31.488  36.644 0.0000000000
49436  -28.585  -31.710  35.321 0.0000000000
50378  -29.357  -30.551  35.411 0.0000000000
51291  -29.787  -29.925  34.897 0.0000000000
51308  -30.044  -28.958  33.464 0.0000000000
53111  -32.750  -28.284  35.326 0.0000000000
52201  -31.678  -28.376  34.154 0.0000000000
52213  -30.651  -28.467  33.090 0.0000000000
53145  -31.204  -27.610  32.108 0.0000000000
54026  -31.561  -26.582  31.310 0.0000000000
54869  -31.881  -25.861  31.014 0.0000000000
54876  -32.242  -25.192  30.591 0.0000000000
54871  -33.083  -25.066  31.800 0.0000000000
56444  -34.808  -23.960  31.989 0.0000000000
56446  -36.200  -23.215  32.447 0.0000000000
102891  -36.795  -23.311  33.839 0.0000000000
57255  -36.782  -22.879  32.987 0.0000000000
43242  -17.235  -38.766  43.583 0.0000000000
42390  -17.337  -39.464  41.071 0.0000000000
110072  -17.074  -39.940  41.845 0.0000000000
41487  -16.751  -40.409  42.477 0.0000000000
105167  -16.459  -42.194  42.492 0.0000000000
47623  -30.252  -33.695  34.579 0.0000000000
47604  -29.701  -33.291  36.255 0.0000000000
103035  -33.698  -36.225  36.542 0.0000000000
45980  -33.636  -35.390  36.834 0.0000000000
103243  -33.412  -35.005  36.624 0.0000000000
46759  -32.549  -35.063  38.586 0.0000000000
119725  -32.869  -34.698  36.588 0.0000000000
47606  -31.196  -34.051  36.814 0.0000000000
47596  -30.391  -33.326  37.399 0.0000000000
48462  -29.561  -32.161  36.917 0.0000000000
50338  -30.387  -31.194  38.039 0.0000000000
50349  -31.190  -30.531  37.685 0.0000000000
111579  -32.963  -29.719  38.015 0.0000000000
50331  -34.152  -30.012  39.766 0.0000000000
123019  -34.405  -29.046  38.907 0.0000000000
44177  -24.967  -37.965  38.337 0.0000000000
44204  -25.206  -37.586  36.284 0.0000000000
44218  -25.473  -37.630  35.341 0.0000000000
43326  -27.491  -39.189  36.362 0.0000000000
43353  -26.373  -38.311  34.528 0.0000000000
45893  -20.601  -36.323  43.509 0.0000000000
45036  -19.584  -36.260  40.978 0.0000000000
45916  -21.337  -35.827  41.511 0.0000000000
45927  -19.980  -35.930  40.585 0.0000000000
44164  -18.850  -37.261  39.587 0.0000000000
43310  -18.318  -38.593  37.578 0.0000000000
61365  -43.947  -17.247  22.603 0.0000000000
62174  -44.515  -16.787  22.146 0.0000000000
62179  -45.113  -16.333  21.660 0.0000000000
110333  -46.664  -15.984  23.601 0.0000000000
62959  -45.878  -16.036  22.130 0.0000000000
62964  -45.682  -15.811  21.258 0.0000000000
62965  -46.224  -15.368  20.847 0.0000000000
63773  -46.783  -15.016  20.369 0.0000000000
63781  -47.421  -14.644  19.775 0.0000000000
103799  -47.994  -14.312  20.383 0.0000000000
64528  -49.149  -13.714  21.081 0.0000000000
105703  -10.491  -46.312  50.912 0.0000000000
36372  -10.369  -46.370  51.903 0.0000000000
36380  -8.886  -46.981  50.803 0.0000000000
49471  -27.780  -31.535  33.612 0.0000000000
55735  -35.403  -23.802  25.630 0.0000000000
55669  -32.850  -24.763  29.212 0.0000000000
55683  -33.684  -24.576  28.694 0.0000000000
116278  -34.569  -24.260  28.668 0.0000000000
103330  -36.713  -23.324  30.279 0.0000000000
55672  -35.803  -23.792  29.288 0.0000000000
102808  -35.120  -24.410  27.966 0.0000000000
55699  -35.785  -24.676  27.111 0.0000000000
55718  -36.587  -24.653  26.396 0.0000000000
56503  -37.207  -24.268  25.852 0.0000000000
105811  -38.055  -24.378  26.010 0.0000000000
56487  -39.672  -24.615  26.603 0.0000000000
56489  -41.528  -24.182  27.056 0.0000000000
37199  -12.927  -45.811  51.379 0.0000000000
37207  -13.310  -45.724  50.382 0.0000000000
36383  -12.091  -45.843  50.567 0.0000000000
114804  -10.113  -46.373  49.018 0.0000000000
36422  -9.593  -46.799  47.640 0.0000000000
104153  -9.480  -46.431  53.313 0.0000000000
36347  -9.551  -46.117  54.791 0.0000000000
36329  -9.041  -45.722  56.432 0.0000000000
35477  -5.823  -46.915  54.104 0.0000000000
36327  -7.098  -45.445  55.928 0.0000000000
37170  -8.482  -45.383  56.873 0.0000000000
37150  -7.009  -44.576  57.812 0.0000000000
38059  -6.756  -44.051  58.387 0.0000000000
35470  -3.535  -47.363  57.197 0.0000000000
36322  -3.237  -45.755  57.047 0.0000000000
37194  -12.564  -45.882  52.250 0.0000000000
36365  -11.731  -46.100  52.286 0.0000000000
44205  -32.077  -37.776  35.548 0.0000000000
117533  -24.522  -36.703  39.168 0.0000000000
43330  -31.422  -38.407  36.289 0.0000000000
43329  -30.523  -38.694  36.022 0.0000000000
43344  -31.160  -38.237  35.557 0.0000000000
44156  -25.500  -37.282  41.051 0.0000000000
44149  -25.544  -37.126  42.107 0.0000000000
45039  -25.000  -36.937  40.446 0.0000000000
45038  -24.466  -36.678  39.862 0.0000000000
112849  -42.707  -17.465  22.251 0.0000000000
114866  -29.128  -33.112  35.750 0.0000000000
47611  -28.703  -33.154  34.921 0.0000000000
54033  -30.505  -26.551  29.443 0.0000000000
54879  -30.994  -26.117  29.026 0.0000000000
54880  -31.533  -25.666  29.342 0.0000000000
103450  -13.717  -44.538  43.070 0.0000000000
121997  -13.376  -44.812  43.464 0.0000000000
42422  -33.117  -39.101  39.983 0.0000000000
43281  -33.972  -38.736  40.465 0.0000000000
42377  -28.326  -39.896  42.365 0.0000000000
42363  -29.191  -40.182  43.556 0.0000000000
42394  -31.836  -39.930  41.221 0.0000000000
42421  -32.311  -39.440  39.646 0.0000000000
42352  -28.557  -39.654  44.113 0.0000000000
57312  -40.918  -23.570  26.527 0.0000000000
57331  -41.021  -22.500  26.477 0.0000000000
102449  -43.962  -19.741  27.351 0.0000000000
59726  -43.348  -19.342  27.002 0.0000000000
60496  -42.940  -18.696  26.426 0.0000000000
60497  -43.838  -18.643  26.489 0.0000000000
52179  -32.961  -28.606  36.132 0.0000000000
54005  -33.718  -26.980  34.389 0.0000000000
54016  -34.109  -26.321  33.934 0.0000000000
54858  -34.464  -25.570  33.513 0.0000000000
45021  -19.056  -36.824  41.370 0.0000000000
44148  -18.480  -37.464  41.748 0.0000000000
44155  -18.539  -37.458  40.908 0.0000000000
123533  -49.677  -13.497  20.512 0.0000000000
65396  -50.475  -12.884  21.147 0.0000000000
37162  -10.790  -45.324  57.306 0.0000000000
104917  -10.331  -45.098  57.667 0.0000000000
37152  -9.741  -44.856  57.911 0.0000000000
103976  -9.118  -44.959  57.735 0.0000000000
46786  -33.264  -34.880  35.107 0.0000000000
46785  -32.635  -34.457  35.247 0.0000000000
45932  -34.668  -35.617  40.043 0.0000000000
48444  -32.088  -32.629  40.851 0.0000000000
48443  -31.422  -32.560  40.260 0.0000000000
109681  -31.117  -32.791  39.925 0.0000000000
49394  -31.652  -31.918  40.223 0.0000000000
49402  -31.306  -31.591  39.590 0.0000000000
49403  -32.068  -31.217  39.787 0.0000000000
44215  -19.497  -37.582  35.662 0.0000000000
44216  -20.175  -37.029  35.232 0.0000000000
42431  -27.715  -39.869  38.367 0.0000000000
43311  -27.171  -39.518  37.823 0.0000000000
45084  -20.649  -36.353  36.761 0.0000000000
45069  -20.478  -36.223  37.703 0.0000000000
44202  -19.351  -37.403  36.612 0.0000000000
62190  -44.902  -16.762  19.923 0.0000000000
62156  -45.632  -17.252  24.853 0.0000000000
62161  -45.557  -16.959  24.180 0.0000000000
62162  -46.195  -16.716  24.631 0.0000000000
63759  -48.366  -14.753  24.093 0.0000000000
64514  -48.806  -14.112  23.833 0.0000000000
106681  -28.431  -29.883  33.035 0.0000000000
51317  -28.424  -29.653  32.430 0.0000000000
54914  -33.034  -25.195  26.913 0.0000000000
109773  -33.295  -25.154  25.957 0.0000000000
107852  -38.176  -24.698  28.868 0.0000000000
116433  -38.792  -25.550  28.255 0.0000000000
107857  -39.934  -25.563  29.396 0.0000000000
37249  -12.544  -45.466  46.699 0.0000000000
37240  -13.475  -45.460  47.206 0.0000000000
37239  -12.574  -45.531  47.664 0.0000000000
36424  -11.013  -45.976  47.396 0.0000000000
36437  -11.038  -45.970  46.556 0.0000000000
35484  -6.382  -47.535  52.557 0.0000000000
35473  -4.386  -47.082  56.341 0.0000000000
36334  -4.575  -46.303  55.847 0.0000000000
36325  -4.021  -46.245  56.525 0.0000000000
53102  -35.030  -27.290  37.245 0.0000000000
42429  -17.600  -39.799  38.539 0.0000000000
37179  -11.746  -45.893  54.789 0.0000000000
37180  -12.465  -45.519  55.406 0.0000000000
105468  -11.539  -45.806  55.710 0.0000000000
122259  -31.540  -37.279  33.822 0.0000000000
45100  -32.934  -36.735  34.947 0.0000000000
45114  -33.224  -35.893  34.852 0.0000000000
118924  -22.432  -35.725  37.289 0.0000000000
45072  -24.142  -36.566  37.290 0.0000000000
45087  -24.298  -36.549  36.340 0.0000000000
45088  -24.878  -36.843  36.113 0.0000000000
43313  -30.046  -39.163  36.755 0.0000000000
43356  -29.339  -38.403  34.118 0.0000000000
43375  -29.784  -37.851  33.271 0.0000000000
44139  -25.081  -37.294  43.030 0.0000000000
44128  -24.443  -37.673  43.921 0.0000000000
45006  -23.686  -36.663  42.116 0.0000000000
45025  -24.299  -36.628  41.437 0.0000000000
45048  -23.316  -36.023  39.436 0.0000000000
104653  -22.895  -35.700  38.999 0.0000000000
45958  -21.936  -35.583  38.127 0.0000000000
106682  -29.602  -28.224  30.942 0.0000000000
53160  -29.604  -27.801  30.338 0.0000000000
54889  -31.614  -25.678  27.999 0.0000000000
111981  -32.457  -25.299  27.694 0.0000000000
57272  -38.606  -22.482  32.456 0.0000000000
56465  -39.617  -23.715  30.724 0.0000000000
40623  -16.512  -41.480  43.911 0.0000000000
112205  -16.617  -41.304  44.473 0.0000000000
39768  -16.462  -42.066  44.058 0.0000000000
38950  -16.189  -43.518  44.310 0.0000000000
111280  -16.590  -42.479  44.668 0.0000000000
38951  -16.617  -43.094  44.881 0.0000000000
38151  -16.378  -44.024  45.973 0.0000000000
38162  -13.527  -45.013  44.620 0.0000000000
38149  -14.180  -45.009  45.194 0.0000000000
37274  -12.658  -45.265  44.809 0.0000000000
37261  -13.386  -45.167  45.433 0.0000000000
37272  -11.684  -45.623  45.094 0.0000000000
119356  -32.449  -38.486  37.679 0.0000000000
43293  -34.643  -38.228  39.748 0.0000000000
103704  -34.931  -37.667  39.323 0.0000000000
43254  -26.628  -38.093  42.053 0.0000000000
43268  -26.455  -38.488  41.124 0.0000000000
43269  -27.061  -38.953  41.616 0.0000000000
42392  -28.159  -40.153  41.517 0.0000000000
114277  -27.971  -40.398  40.848 0.0000000000
42417  -27.415  -40.118  39.251 0.0000000000
42404  -28.276  -40.599  40.289 0.0000000000
41489  -30.520  -40.334  42.344 0.0000000000
41522  -29.826  -40.353  39.522 0.0000000000
102158  -30.027  -40.018  38.673 0.0000000000
42419  -30.681  -39.910  39.003 0.0000000000
42435  -31.321  -39.436  38.503 0.0000000000
43302  -31.884  -38.901  38.037 0.0000000000
108244  -27.480  -38.743  43.361 0.0000000000
57328  -38.630  -22.501  25.577 0.0000000000
58112  -40.068  -21.363  26.147 0.0000000000
58111  -39.307  -21.681  25.725 0.0000000000
58099  -42.491  -21.560  27.117 0.0000000000
59738  -41.531  -19.350  26.573 0.0000000000
58984  -41.202  -20.240  26.611 0.0000000000
121672  -40.117  -19.527  25.788 0.0000000000
59743  -40.291  -19.023  25.712 0.0000000000
60502  -39.886  -18.749  25.108 0.0000000000
61340  -42.358  -18.036  25.015 0.0000000000
61339  -41.832  -17.915  24.706 0.0000000000
61348  -42.419  -17.665  24.388 0.0000000000
61334  -44.890  -17.953  25.765 0.0000000000
61337  -47.267  -17.554  26.575 0.0000000000
50358  -29.722  -30.786  36.181 0.0000000000
51293  -31.387  -29.238  35.368 0.0000000000
51292  -30.588  -29.529  35.073 0.0000000000
107717  -30.151  -29.265  34.294 0.0000000000
53122  -33.354  -27.593  34.942 0.0000000000
53134  -32.203  -27.782  33.694 0.0000000000
53133  -31.414  -28.169  33.378 0.0000000000
110515  -31.140  -28.026  32.725 0.0000000000
54020  -31.803  -27.010  31.942 0.0000000000
54027  -32.209  -26.210  31.701 0.0000000000
54030  -31.331  -26.330  30.734 0.0000000000
54870  -32.457  -25.394  31.428 0.0000000000
55644  -34.871  -24.900  33.041 0.0000000000
55651  -34.428  -24.505  32.407 0.0000000000
55652  -35.136  -24.154  32.592 0.0000000000
56435  -35.672  -23.701  32.755 0.0000000000
56426  -37.446  -23.094  34.437 0.0000000000
56437  -37.431  -22.708  33.582 0.0000000000
57256  -38.200  -22.473  33.341 0.0000000000
44138  -18.380  -37.412  42.668 0.0000000000
44137  -17.729  -38.051  43.089 0.0000000000
44125  -17.684  -37.864  44.047 0.0000000000
43252  -17.186  -38.968  42.651 0.0000000000
42414  -17.657  -39.581  39.451 0.0000000000
42402  -17.571  -39.538  40.272 0.0000000000
41511  -17.286  -40.116  39.994 0.0000000000
41499  -16.932  -40.062  41.340 0.0000000000
40643  -16.753  -40.650  41.693 0.0000000000
118755  -16.867  -40.348  41.991 0.0000000000
115901  -16.664  -40.800  42.472 0.0000000000
40642  -16.601  -41.353  42.155 0.0000000000
38050  -7.583  -43.988  59.390 0.0000000000
46006  -32.473  -34.965  32.825 0.0000000000
47624  -31.046  -33.897  34.890 0.0000000000
47613  -30.083  -33.672  35.588 0.0000000000
47605  -30.372  -33.633  36.490 0.0000000000
44191  -33.525  -37.588  37.373 0.0000000000
44192  -33.938  -36.796  37.369 0.0000000000
45971  -33.835  -35.454  37.622 0.0000000000
46769  -33.666  -35.206  37.418 0.0000000000
46758  -31.727  -34.385  39.192 0.0000000000
105233  -32.425  -35.050  39.720 0.0000000000
46768  -32.958  -34.886  37.413 0.0000000000
46777  -32.017  -34.475  37.121 0.0000000000
47597  -31.080  -33.851  37.785 0.0000000000
48463  -29.916  -32.385  37.713 0.0000000000
118421  -29.851  -31.682  37.574 0.0000000000
117678  -32.065  -30.523  38.719 0.0000000000
50350  -32.177  -30.185  37.973 0.0000000000
50321  -34.240  -30.426  40.644 0.0000000000
51253  -33.999  -29.081  38.409 0.0000000000
45109  -21.660  -36.286  34.629 0.0000000000
120139  -21.243  -36.814  34.312 0.0000000000
45121  -21.801  -36.634  33.902 0.0000000000
43288  -25.492  -38.572  38.845 0.0000000000
44189  -25.791  -38.505  36.885 0.0000000000
43327  -28.401  -39.362  36.484 0.0000000000
109232  -27.313  -38.927  35.553 0.0000000000
45902  -20.555  -36.144  42.630 0.0000000000
45901  -20.029  -36.105  42.215 0.0000000000
45914  -20.122  -35.916  41.309 0.0000000000
103055  -21.919  -35.792  40.935 0.0000000000
45917  -22.204  -36.167  41.597 0.0000000000
45060  -19.866  -36.220  38.821 0.0000000000
45941  -20.100  -35.868  39.758 0.0000000000
45047  -19.417  -36.533  39.571 0.0000000000
44175  -18.636  -37.852  38.994 0.0000000000
44186  -18.715  -37.836  38.068 0.0000000000
62166  -45.430  -16.714  23.426 0.0000000000
62946  -47.453  -15.962  24.901 0.0000000000
62949  -46.767  -16.222  24.346 0.0000000000
107219  -46.494  -15.707  22.617 0.0000000000
62969  -45.709  -15.791  20.542 0.0000000000
63780  -46.784  -15.148  19.626 0.0000000000
64521  -48.956  -13.904  22.042 0.0000000000
64522  -49.627  -13.375  21.890 0.0000000000
36396  -9.520  -46.660  49.459 0.0000000000
36381  -9.589  -46.605  50.382 0.0000000000
36395  -8.877  -47.046  49.919 0.0000000000
50377  -28.628  -30.901  35.082 0.0000000000
49457  -28.130  -31.369  34.469 0.0000000000
49456  -27.849  -30.901  33.822 0.0000000000
55716  -34.720  -24.401  26.128 0.0000000000
55734  -34.636  -23.865  25.317 0.0000000000
118141  -34.989  -23.263  25.075 0.0000000000
55656  -32.855  -24.745  30.996 0.0000000000
55661  -32.810  -24.663  30.105 0.0000000000
56462  -34.910  -23.539  30.398 0.0000000000
55670  -34.174  -24.220  29.275 0.0000000000
56452  -37.213  -23.095  30.702 0.0000000000
55673  -36.738  -24.124  28.865 0.0000000000
56472  -36.675  -23.619  29.624 0.0000000000
121950  -35.253  -24.076  28.737 0.0000000000
55700  -36.681  -24.774  27.412 0.0000000000
56502  -36.381  -24.121  25.728 0.0000000000
55703  -39.683  -25.360  27.424 0.0000000000
56488  -40.571  -24.697  26.895 0.0000000000
37217  -12.405  -45.689  49.621 0.0000000000
37216  -11.605  -45.818  49.746 0.0000000000
36382  -11.100  -46.038  50.238 0.0000000000
36398  -10.854  -46.036  49.269 0.0000000000
36411  -10.127  -46.400  48.285 0.0000000000
36362  -9.561  -46.552  52.284 0.0000000000
104098  -8.702  -46.706  52.629 0.0000000000
104765  -8.222  -45.924  54.130 0.0000000000
36355  -9.041  -46.150  54.107 0.0000000000
36346  -8.799  -45.883  54.854 0.0000000000
36339  -9.318  -45.959  55.596 0.0000000000
36338  -8.503  -45.714  55.570 0.0000000000
35479  -5.550  -47.739  53.841 0.0000000000
37178  -5.417  -45.573  55.827 0.0000000000
36336  -6.125  -45.705  55.312 0.0000000000
37169  -7.509  -45.304  56.684 0.0000000000
37159  -7.883  -45.023  57.396 0.0000000000
107705  -6.968  -45.076  57.166 0.0000000000
37157  -4.748  -44.606  57.155 0.0000000000
38070  -6.149  -44.170  57.913 0.0000000000
38058  -5.971  -43.523  58.029 0.0000000000
36321  -3.131  -46.587  57.098 0.0000000000
36349  -11.096  -46.161  54.224 0.0000000000
120057  -32.580  -37.282  35.130 0.0000000000
45061  -23.416  -35.950  38.660 0.0000000000
45071  -23.355  -35.993  37.616 0.0000000000
45062  -24.154  -36.508  38.373 0.0000000000
45063  -24.651  -37.151  37.848 0.0000000000
44130  -26.350  -37.868  43.759 0.0000000000
44140  -25.970  -37.409  43.043 0.0000000000
108709  -24.384  -36.621  40.679 0.0000000000
61353  -40.738  -18.281  23.030 0.0000000000
47622  -29.359  -33.539  34.088 0.0000000000
53161  -30.361  -27.323  30.608 0.0000000000
54028  -30.057  -27.112  29.878 0.0000000000
54890  -32.116  -25.272  28.725 0.0000000000
38977  -15.679  -43.318  42.424 0.0000000000
38966  -16.101  -43.297  43.331 0.0000000000
38965  -15.184  -43.745  42.904 0.0000000000
38176  -15.431  -43.892  43.789 0.0000000000
107411  -14.751  -44.356  44.217 0.0000000000
38174  -13.828  -44.597  43.904 0.0000000000
38161  -12.940  -45.068  43.892 0.0000000000
117784  -11.794  -45.803  43.642 0.0000000000
37287  -12.309  -45.477  43.368 0.0000000000
115204  -33.528  -38.415  38.552 0.0000000000
43292  -33.817  -38.648  39.410 0.0000000000
43256  -27.825  -39.267  42.904 0.0000000000
42376  -27.687  -39.447  42.033 0.0000000000
42393  -28.875  -40.370  41.778 0.0000000000
41503  -31.172  -40.191  41.811 0.0000000000
42406  -31.675  -39.931  40.229 0.0000000000
42420  -31.492  -39.708  39.328 0.0000000000
43244  -27.911  -39.195  43.704 0.0000000000
56504  -39.546  -23.705  26.175 0.0000000000
57329  -39.409  -22.728  25.920 0.0000000000
58969  -42.589  -20.616  27.118 0.0000000000
59725  -42.718  -19.860  27.180 0.0000000000
60495  -42.013  -18.703  26.278 0.0000000000
60505  -42.615  -18.297  25.688 0.0000000000
60507  -44.232  -18.189  26.031 0.0000000000
50360  -30.978  -30.364  36.968 0.0000000000
117729  -31.506  -29.686  36.238 0.0000000000
53123  -34.011  -27.118  34.979 0.0000000000
54014  -32.740  -27.128  33.220 0.0000000000
54022  -33.131  -26.275  32.848 0.0000000000
54865  -33.384  -25.453  32.543 0.0000000000
44987  -19.385  -36.327  43.649 0.0000000000
39782  -16.404  -42.152  41.576 0.0000000000
64533  -49.829  -13.595  19.831 0.0000000000
64534  -50.556  -13.362  19.623 0.0000000000
45127  -32.694  -35.492  33.494 0.0000000000
107515  -34.323  -36.044  38.333 0.0000000000
45960  -34.390  -35.841  38.775 0.0000000000
102827  -32.595  -34.679  40.670 0.0000000000
47577  -32.198  -33.783  40.951 0.0000000000
47583  -31.281  -33.432  39.656 0.0000000000
47591  -31.102  -33.594  38.760 0.0000000000
48457  -30.716  -32.595  39.274 0.0000000000
48450  -30.689  -31.859  39.243 0.0000000000
49409  -30.617  -31.472  38.748 0.0000000000
49410  -31.042  -31.347  39.103 0.0000000000
50328  -31.654  -30.966  39.207 0.0000000000
50329  -32.455  -30.602  39.247 0.0000000000
51235  -34.839  -29.637  40.317 0.0000000000
45111  -23.223  -35.908  34.194 0.0000000000
43301  -25.923  -39.101  38.557 0.0000000000
107141  -26.316  -39.173  37.945 0.0000000000
43340  -27.951  -39.043  34.790 0.0000000000
45004  -21.985  -36.658  43.016 0.0000000000
45957  -21.348  -35.640  38.766 0.0000000000
45943  -21.409  -35.543  39.623 0.0000000000
45956  -20.570  -35.929  38.545 0.0000000000
122271  -20.173  -36.245  38.266 0.0000000000
45068  -19.799  -36.605  38.017 0.0000000000
44187  -19.260  -37.234  37.580 0.0000000000
43323  -18.885  -38.117  36.115 0.0000000000
62160  -44.840  -17.200  23.822 0.0000000000
62961  -46.945  -15.350  22.440 0.0000000000
63761  -47.114  -15.119  21.971 0.0000000000
63767  -47.593  -14.706  21.716 0.0000000000
50398  -28.070  -30.405  33.445 0.0000000000
50405  -27.960  -30.279  32.549 0.0000000000
55663  -34.155  -24.002  30.866 0.0000000000
122785  -35.345  -23.565  29.831 0.0000000000
56473  -37.402  -23.559  29.988 0.0000000000
55685  -36.869  -24.589  28.194 0.0000000000
55720  -38.146  -24.927  26.828 0.0000000000
37251  -14.496  -45.176  46.705 0.0000000000
123111  -14.255  -45.435  47.605 0.0000000000
102341  -14.693  -45.496  48.310 0.0000000000
37228  -12.524  -45.599  48.654 0.0000000000
36412  -10.859  -46.016  48.310 0.0000000000
105135  -9.974  -46.597  46.851 0.0000000000
35486  -7.996  -47.082  52.019 0.0000000000
36361  -7.831  -46.908  52.910 0.0000000000
36353  -7.591  -46.419  53.597 0.0000000000
36352  -6.678  -46.523  53.775 0.0000000000
36343  -5.482  -46.447  54.750 0.0000000000
35474  -4.892  -46.885  55.394 0.0000000000
37167  -5.215  -45.215  56.568 0.0000000000
42364  -30.068  -40.363  43.811 0.0000000000
42380  -32.473  -39.359  42.525 0.0000000000
56490  -42.430  -23.623  27.428 0.0000000000
108241  -42.435  -22.594  27.191 0.0000000000
59727  -44.687  -19.692  27.379 0.0000000000
60485  -45.129  -19.052  27.021 0.0000000000
52164  -33.737  -28.570  37.191 0.0000000000
52180  -33.586  -28.263  36.562 0.0000000000
53101  -34.271  -27.939  37.017 0.0000000000
110013  -33.983  -27.718  36.215 0.0000000000
53985  -34.610  -27.146  36.264 0.0000000000
53998  -34.521  -26.837  35.392 0.0000000000
54853  -35.443  -25.631  34.613 0.0000000000
44163  -18.416  -38.002  39.749 0.0000000000
43287  -18.169  -38.678  39.904 0.0000000000
42415  -18.044  -38.933  39.376 0.0000000000
37173  -11.293  -45.572  56.663 0.0000000000
37172  -10.377  -45.731  56.799 0.0000000000
45095  -20.871  -36.576  35.854 0.0000000000
45085  -21.655  -36.057  36.506 0.0000000000
45988  -22.171  -36.076  35.733 0.0000000000
45989  -22.653  -35.840  35.449 0.0000000000
115681  -22.998  -35.948  36.770 0.0000000000
45979  -23.120  -35.984  35.983 0.0000000000
45990  -23.223  -35.722  35.130 0.0000000000
102932  -23.816  -36.001  34.883 0.0000000000
45112  -24.251  -36.490  34.106 0.0000000000
44217  -25.073  -36.998  34.734 0.0000000000
42432  -28.752  -39.913  37.988 0.0000000000
101877  -29.071  -39.173  35.856 0.0000000000
102554  -23.234  -37.102  43.212 0.0000000000
45023  -22.945  -36.394  41.579 0.0000000000
45918  -22.639  -36.116  40.879 0.0000000000
45931  -23.032  -36.110  40.160 0.0000000000
45944  -22.185  -35.560  39.065 0.0000000000
45070  -21.141  -36.014  37.276 0.0000000000
60509  -39.093  -19.068  24.044 0.0000000000
52226  -29.586  -28.701  32.146 0.0000000000
52225  -28.803  -29.179  31.930 0.0000000000
52241  -29.225  -28.626  31.376 0.0000000000
57270  -36.818  -22.721  32.154 0.0000000000
111537  -37.389  -22.594  31.883 0.0000000000
57282  -37.842  -22.872  31.277 0.0000000000
56453  -38.765  -23.339  30.945 0.0000000000
56474  -38.970  -24.001  30.184 0.0000000000
55664  -39.930  -24.670  30.107 0.0000000000
40616  -16.610  -41.776  45.373 0.0000000000
38139  -15.440  -44.794  46.348 0.0000000000
38163  -14.920  -44.690  44.974 0.0000000000
38150  -14.816  -44.887  45.768 0.0000000000
37259  -11.703  -45.607  46.151 0.0000000000
36462  -10.892  -46.304  44.904 0.0000000000
34644  -4.424  -47.944  56.970 0.0000000000
44190  -32.792  -38.028  37.041 0.0000000000
43304  -34.054  -37.590  38.063 0.0000000000
43272  -35.059  -38.009  41.534 0.0000000000
114335  -25.387  -37.551  40.125 0.0000000000
44157  -25.844  -38.075  40.638 0.0000000000
43280  -26.869  -39.357  40.694 0.0000000000
43290  -26.717  -39.615  39.737 0.0000000000
111318  -28.317  -40.290  38.880 0.0000000000
42379  -29.889  -40.392  42.929 0.0000000000
41488  -29.676  -40.435  42.037 0.0000000000
41501  -29.411  -40.622  41.182 0.0000000000
41512  -29.120  -40.664  40.361 0.0000000000
42418  -28.789  -40.523  39.551 0.0000000000
42433  -29.750  -39.813  38.036 0.0000000000
44121  -26.778  -38.308  44.364 0.0000000000
44141  -26.663  -37.712  42.933 0.0000000000
56518  -36.908  -23.537  25.504 0.0000000000
57341  -36.337  -22.734  24.859 0.0000000000
57342  -37.096  -22.656  25.181 0.0000000000
58110  -38.498  -21.583  25.369 0.0000000000
58119  -37.765  -21.630  24.989 0.0000000000
58113  -40.939  -21.343  26.532 0.0000000000
58983  -40.366  -20.522  26.252 0.0000000000
59736  -39.904  -20.012  25.863 0.0000000000
59746  -39.241  -19.194  24.739 0.0000000000
60510  -39.656  -18.685  24.368 0.0000000000
60511  -40.351  -18.294  24.578 0.0000000000
60512  -41.141  -18.024  24.683 0.0000000000
61346  -40.862  -17.791  23.966 0.0000000000
61354  -41.635  -17.753  23.251 0.0000000000
116359  -42.368  -17.578  22.895 0.0000000000
61350  -44.224  -17.575  24.431 0.0000000000
61344  -46.117  -17.519  25.939 0.0000000000
62153  -47.578  -16.785  26.232 0.0000000000
48476  -29.070  -32.132  36.075 0.0000000000
49437  -29.063  -31.233  35.839 0.0000000000
50392  -29.043  -30.305  34.716 0.0000000000
50379  -30.178  -30.170  35.572 0.0000000000
123192  -28.891  -30.129  34.232 0.0000000000
51299  -29.349  -29.791  34.277 0.0000000000
51307  -29.480  -29.398  33.757 0.0000000000
52191  -31.955  -28.630  34.935 0.0000000000
53121  -32.516  -28.026  34.506 0.0000000000
52200  -30.844  -28.693  33.835 0.0000000000
52212  -29.987  -28.728  32.794 0.0000000000
53144  -30.465  -28.221  32.258 0.0000000000
53153  -30.624  -27.637  31.408 0.0000000000
53154  -31.261  -27.187  31.522 0.0000000000
54025  -31.000  -26.948  30.943 0.0000000000
54875  -31.534  -25.781  30.200 0.0000000000
55657  -33.496  -24.425  31.359 0.0000000000
55650  -33.750  -24.794  32.136 0.0000000000
55658  -34.207  -24.194  31.686 0.0000000000
56445  -35.444  -23.475  31.990 0.0000000000
55639  -35.767  -24.824  34.243 0.0000000000
56412  -36.825  -23.886  34.753 0.0000000000
56436  -36.179  -23.545  33.249 0.0000000000
57271  -37.560  -22.548  32.621 0.0000000000
43277  -17.866  -39.013  40.456 0.0000000000
43266  -17.755  -38.732  41.156 0.0000000000
104915  -17.367  -39.259  41.818 0.0000000000
118371  -17.133  -39.882  40.683 0.0000000000
42375  -16.964  -39.860  42.454 0.0000000000
42361  -16.830  -39.671  43.257 0.0000000000
40633  -16.590  -40.951  43.139 0.0000000000
40632  -16.539  -41.536  43.145 0.0000000000
39781  -16.058  -42.864  41.958 0.0000000000
65397  -50.980  -12.662  20.853 0.0000000000
46791  -31.370  -33.981  33.994 0.0000000000
120299  -30.493  -33.803  33.639 0.0000000000
44206  -32.861  -37.627  36.190 0.0000000000
44207  -33.492  -37.002  35.995 0.0000000000
45074  -34.018  -35.972  37.547 0.0000000000
101957  -33.528  -35.563  36.028 0.0000000000
46779  -33.429  -35.121  35.943 0.0000000000
46760  -33.342  -35.425  39.080 0.0000000000
106211  -33.524  -35.109  38.012 0.0000000000
48469  -29.871  -32.922  36.897 0.0000000000
123644  -29.443  -32.717  36.390 0.0000000000
49424  -30.103  -30.943  37.102 0.0000000000
122244  -30.590  -30.758  37.476 0.0000000000
51260  -31.893  -29.943  37.120 0.0000000000
103004  -32.716  -29.497  37.400 0.0000000000
51261  -33.436  -29.089  37.757 0.0000000000
50330  -33.357  -30.199  39.274 0.0000000000
51245  -34.567  -29.303  39.484 0.0000000000
51244  -34.027  -29.573  39.023 0.0000000000
51252  -33.462  -29.638  38.486 0.0000000000
51262  -34.113  -28.527  37.790 0.0000000000
44165  -25.215  -37.758  39.239 0.0000000000
43300  -25.567  -38.649  37.922 0.0000000000
44188  -24.902  -37.966  37.339 0.0000000000
45099  -25.126  -36.996  35.605 0.0000000000
43312  -27.726  -39.458  37.110 0.0000000000
43325  -26.612  -38.740  36.216 0.0000000000
43339  -26.517  -38.514  35.371 0.0000000000
43338  -25.944  -38.114  35.115 0.0000000000
44232  -25.667  -37.703  34.304 0.0000000000
45892  -19.968  -36.267  43.113 0.0000000000
45022  -19.585  -36.316  41.826 0.0000000000
118829  -19.074  -36.832  40.414 0.0000000000
45903  -21.751  -36.283  42.299 0.0000000000
106563  -20.768  -35.552  39.952 0.0000000000
45928  -20.468  -35.698  40.554 0.0000000000
116745  -20.706  -35.698  41.150 0.0000000000
43299  -18.277  -38.574  38.609 0.0000000000
61364  -43.355  -17.321  22.248 0.0000000000
62173  -43.833  -17.088  21.817 0.0000000000
62178  -44.370  -16.695  21.289 0.0000000000
62955  -46.092  -16.184  23.044 0.0000000000
62970  -46.178  -15.519  19.982 0.0000000000
63782  -48.344  -14.275  19.632 0.0000000000
107014  -48.598  -14.087  20.513 0.0000000000
65387  -50.289  -12.921  21.777 0.0000000000
36371  -9.616  -46.597  51.326 0.0000000000
35506  -8.264  -47.560  49.545 0.0000000000
35499  -8.176  -47.384  50.314 0.0000000000
35493  -8.135  -47.263  51.161 0.0000000000
48493  -28.336  -32.339  34.735 0.0000000000
120823  -28.072  -32.142  34.023 0.0000000000
51316  -28.120  -29.727  31.657 0.0000000000
56516  -35.593  -23.048  25.021 0.0000000000
54881  -32.158  -25.153  29.703 0.0000000000
114954  -33.526  -24.405  29.620 0.0000000000
103411  -34.271  -24.580  27.844 0.0000000000
112692  -36.410  -23.097  30.885 0.0000000000
56463  -35.898  -23.399  30.198 0.0000000000
55717  -35.907  -24.514  26.145 0.0000000000
123099  -38.877  -24.480  26.316 0.0000000000
56505  -40.217  -23.921  26.405 0.0000000000
36374  -11.978  -46.008  51.528 0.0000000000
103568  -11.361  -46.098  50.988 0.0000000000
36397  -10.272  -46.325  49.878 0.0000000000
123061  -10.486  -46.203  48.714 0.0000000000
36410  -9.516  -46.749  48.590 0.0000000000
36436  -10.403  -46.382  46.133 0.0000000000
36364  -11.056  -46.225  52.449 0.0000000000
36363  -10.351  -46.367  52.820 0.0000000000
36356  -10.382  -46.297  53.715 0.0000000000
117613  -9.765  -46.282  54.102 0.0000000000
36348  -10.317  -46.234  54.559 0.0000000000
36340  -10.113  -46.140  55.402 0.0000000000
36330  -9.849  -45.991  56.254 0.0000000000
37171  -9.659  -45.689  56.926 0.0000000000
35480  -6.107  -47.286  53.378 0.0000000000
36345  -7.390  -45.867  54.251 0.0000000000
36344  -6.416  -45.979  54.424 0.0000000000
36337  -7.410  -45.653  55.208 0.0000000000
36328  -8.077  -45.499  56.160 0.0000000000
109030  -9.146  -45.519  57.026 0.0000000000
37160  -8.811  -45.180  57.362 0.0000000000
37151  -8.352  -44.718  57.959 0.0000000000
38060  -7.510  -44.255  58.507 0.0000000000
38049  -6.923  -43.741  59.244 0.0000000000
34641  -4.023  -48.224  57.523 0.0000000000
36323  -3.518  -46.538  56.977 0.0000000000
110380  -3.658  -45.714  56.831 0.0000000000
37156  -3.730  -44.840  57.091 0.0000000000
35485  -7.141  -47.240  52.252 0.0000000000
37161  -9.568  -45.304  57.381 0.0000000000
38926  -16.653  -43.708  46.458 0.0000000000
38927  -16.732  -43.341  46.655 0.0000000000
38936  -16.288  -43.787  45.164 0.0000000000
43278  -18.163  -38.217  40.496 0.0000000000
44126  -18.217  -37.160  43.616 0.0000000000
45002  -19.026  -36.835  42.278 0.0000000000
45915  -20.574  -35.871  41.821 0.0000000000
45929  -21.242  -35.572  40.555 0.0000000000
45942  -20.733  -35.678  39.281 0.0000000000
45999  -22.161  -35.851  35.019 0.0000000000
46000  -22.712  -35.712  34.795 0.0000000000
54045  -30.969  -26.098  28.287 0.0000000000
106534  -16.030  -44.470  46.273 0.0000000000
108430  -15.848  -42.875  41.085 0.0000000000
109231  -19.632  -36.233  40.267 0.0000000000
110776  -18.317  -38.425  39.344 0.0000000000
116705  -11.522  -46.138  52.763 0.0000000000
119985  -16.259  -42.906  42.681 0.0000000000
121678  -46.573  -15.826  23.128 0.0000000000
121904  -7.729  -44.657  57.912 0.0000000000
