#!ascii label  , from subject sub-v2s16x51244_ses-1 vox2ras=TkReg
1212
6968  -25.193  -82.067  -39.784 0.5000000000
115060  -24.566  -81.467  -40.640 0.6000000238
123196  -29.670  -83.493  -37.497 0.3000000119
7611  -24.975  -81.408  -42.277 0.5000000000
102584  -27.735  -82.858  -36.624 0.4000000060
7586  -28.276  -82.964  -36.854 0.4000000060
106406  -29.822  -82.819  -37.486 0.4000000060
7579  -28.775  -82.327  -36.379 0.4000000060
6946  -23.401  -82.626  -38.022 0.5000000000
6957  -23.769  -82.257  -38.633 0.5000000000
6967  -24.716  -81.648  -39.544 0.5000000000
6316  -22.754  -83.609  -38.308 0.6000000238
6321  -23.054  -83.212  -39.558 0.5000000000
6975  -23.797  -81.991  -40.398 0.6000000238
6949  -31.054  -83.934  -37.827 0.3000000119
6984  -23.668  -82.168  -41.574 0.5000000000
6926  -26.697  -82.726  -36.420 0.5000000000
6925  -26.200  -83.227  -36.385 0.5000000000
6948  -30.229  -83.484  -37.906 0.3000000119
6329  -22.878  -83.270  -40.365 0.6000000238
6985  -24.766  -81.405  -41.476 0.5000000000
7578  -27.292  -82.315  -36.278 0.5000000000
107992  -28.036  -82.344  -36.229 0.4000000060
8234  -29.467  -82.278  -36.635 0.4000000060
7591  -30.491  -82.992  -38.225 0.3000000119
8227  -27.691  -81.792  -35.482 0.4000000060
8235  -30.188  -81.893  -36.777 0.4000000060
8228  -28.507  -81.737  -35.544 0.4000000060
8222  -22.795  -81.555  -35.474 0.6999999881
7575  -23.429  -81.701  -36.308 0.6999999881
6924  -23.106  -82.259  -36.735 0.6999999881
111514  -24.785  -82.564  -39.202 0.5000000000
8221  -21.836  -81.720  -35.284 0.6999999881
6933  -22.745  -83.135  -37.073 0.8000000119
6289  -22.292  -84.045  -37.376 0.6999999881
102916  -24.880  -82.495  -38.561 0.5000000000
105100  -22.039  -83.897  -36.634 0.6999999881
6935  -25.259  -81.891  -37.534 0.4000000060
7585  -26.075  -82.295  -36.564 0.5000000000
6315  -21.816  -84.518  -38.119 0.6000000238
7577  -26.506  -81.976  -36.189 0.5000000000
6960  -31.675  -83.688  -38.611 0.3000000119
6320  -22.148  -84.235  -39.065 0.5000000000
8226  -26.914  -81.752  -35.482 0.5000000000
8212  -27.246  -81.367  -34.661 0.4000000060
8213  -28.085  -81.288  -34.715 0.4000000060
121596  -29.877  -81.705  -36.238 0.4000000060
8238  -30.642  -82.118  -37.644 0.4000000060
8214  -28.952  -81.060  -34.902 0.3000000119
8841  -20.085  -79.866  -33.609 0.5000000000
8857  -20.461  -80.490  -34.077 0.6000000238
8842  -20.801  -80.216  -33.273 0.6000000238
8859  -21.980  -80.806  -33.983 0.6000000238
8207  -22.336  -81.231  -34.716 0.6000000238
9549  -19.613  -79.633  -35.997 0.5000000000
9542  -19.629  -79.654  -35.205 0.5000000000
8869  -19.629  -80.363  -35.127 0.6000000238
8858  -21.167  -80.696  -33.939 0.6000000238
8206  -21.499  -81.208  -34.627 0.6999999881
6295  -33.301  -84.718  -36.056 0.3000000119
8882  -19.157  -80.249  -37.366 0.6999999881
8876  -19.134  -80.381  -36.432 0.6000000238
112330  -19.435  -80.166  -35.718 0.6000000238
8856  -19.910  -80.258  -34.379 0.6000000238
109938  -20.285  -81.555  -35.236 0.6999999881
8220  -21.023  -81.797  -35.195 0.6999999881
7582  -24.125  -81.673  -37.222 0.6000000238
6934  -24.729  -81.748  -37.889 0.6000000238
113133  -25.038  -81.922  -38.191 0.5000000000
105105  -18.565  -80.362  -37.839 0.6999999881
8881  -18.393  -80.461  -36.932 0.6000000238
8232  -18.424  -80.776  -36.026 0.6000000238
8219  -19.597  -81.185  -35.406 0.6000000238
119707  -19.875  -82.609  -35.603 0.6999999881
6932  -21.207  -83.783  -36.144 0.6999999881
7584  -25.497  -81.835  -36.959 0.5000000000
114571  -31.994  -84.068  -37.787 0.3000000119
8886  -17.812  -80.267  -38.443 0.6999999881
8880  -17.599  -80.342  -37.400 0.6000000238
8875  -17.505  -80.603  -36.417 0.6999999881
8218  -18.875  -81.550  -35.401 0.6000000238
7572  -19.282  -82.462  -35.413 0.6000000238
6306  -21.455  -84.634  -37.453 0.6999999881
8224  -25.056  -81.563  -36.585 0.5000000000
8225  -26.108  -81.625  -35.510 0.5000000000
8231  -17.980  -81.122  -35.552 0.6000000238
7571  -18.707  -82.330  -35.145 0.6000000238
6931  -20.043  -83.795  -36.168 0.6000000238
116681  -20.916  -84.962  -38.000 0.6000000238
5652  -21.167  -84.844  -38.739 0.6000000238
107408  -25.287  -81.468  -35.628 0.5000000000
7596  -31.270  -83.105  -38.974 0.3000000119
111850  -16.826  -80.337  -36.977 0.6999999881
8867  -17.216  -80.784  -35.735 0.6000000238
6920  -18.875  -83.085  -35.591 0.6000000238
6930  -19.101  -83.713  -36.151 0.5000000000
6286  -19.476  -84.379  -36.602 0.5000000000
5651  -20.114  -85.243  -38.849 0.5000000000
5660  -20.851  -84.899  -39.684 0.5000000000
8211  -26.441  -81.360  -34.669 0.5000000000
108351  -29.867  -79.988  -34.736 0.3000000119
8861  -29.788  -80.706  -35.117 0.3000000119
8870  -30.324  -81.120  -35.967 0.4000000060
8236  -30.851  -81.218  -36.841 0.4000000060
8850  -28.050  -80.124  -33.806 0.3000000119
8860  -28.438  -80.563  -34.272 0.3000000119
10330  -19.989  -78.915  -36.361 0.5000000000
10323  -19.821  -79.025  -35.349 0.5000000000
10312  -20.099  -78.654  -34.486 0.5000000000
10297  -20.310  -78.752  -33.452 0.5000000000
9568  -19.863  -79.627  -38.834 0.5000000000
10337  -19.939  -79.185  -37.246 0.5000000000
10311  -19.750  -79.219  -34.644 0.5000000000
9508  -20.668  -79.572  -32.884 0.5000000000
8844  -22.486  -80.535  -33.292 0.6000000238
9567  -19.255  -80.204  -38.297 0.5000000000
8190  -22.850  -80.885  -34.130 0.6000000238
8223  -23.695  -81.405  -35.739 0.8000000119
6276  -33.718  -85.127  -35.214 0.3000000119
102541  -19.129  -80.305  -40.157 0.6000000238
8887  -18.782  -80.380  -38.635 0.6000000238
9557  -19.649  -79.726  -37.784 0.6000000238
115761  -24.363  -80.824  -33.667 0.4000000060
6296  -33.835  -84.337  -36.210 0.3000000119
8891  -17.535  -80.194  -39.435 0.6999999881
8209  -24.671  -81.173  -34.715 0.5000000000
8233  -24.310  -81.513  -36.600 0.6000000238
6309  -32.721  -84.324  -37.055 0.3000000119
6950  -32.597  -83.997  -38.103 0.3000000119
9575  -16.506  -80.014  -39.424 0.6999999881
8192  -25.204  -80.916  -33.872 0.4000000060
6961  -32.510  -83.637  -39.118 0.3000000119
9566  -16.901  -80.101  -38.712 0.6000000238
8885  -16.683  -80.140  -37.834 0.6999999881
8210  -25.622  -81.283  -34.688 0.4000000060
9565  -16.032  -79.945  -38.533 0.6000000238
8873  -16.156  -80.052  -37.082 0.6999999881
8217  -17.724  -81.260  -35.016 0.6000000238
6919  -18.253  -83.139  -35.234 0.5000000000
6267  -18.435  -83.757  -35.805 0.5000000000
5646  -20.072  -85.167  -37.856 0.6000000238
8193  -25.995  -81.004  -33.923 0.4000000060
8194  -26.750  -80.936  -34.014 0.4000000060
9524  -28.690  -79.157  -33.859 0.3000000119
9535  -29.311  -79.388  -34.339 0.3000000119
9536  -29.985  -79.308  -34.923 0.3000000119
8877  -30.746  -80.526  -36.278 0.4000000060
7592  -31.049  -82.317  -38.496 0.3000000119
8216  -17.127  -80.783  -35.119 0.6000000238
7570  -18.167  -82.459  -34.707 0.5000000000
113385  -17.884  -83.952  -35.307 0.5000000000
6285  -18.598  -84.479  -36.364 0.5000000000
5645  -19.290  -85.318  -37.696 0.5000000000
5650  -19.298  -85.753  -38.953 0.6000000238
5659  -19.930  -85.249  -39.767 0.5000000000
108546  -26.974  -80.470  -33.578 0.3000000119
8849  -27.459  -80.043  -33.470 0.3000000119
8203  -17.979  -81.785  -34.423 0.5000000000
120529  -18.113  -84.415  -35.796 0.5000000000
5644  -18.648  -85.689  -37.403 0.5000000000
4996  -18.102  -86.188  -36.982 0.5000000000
10339  -20.890  -78.356  -37.972 0.5000000000
10331  -20.494  -78.602  -37.175 0.5000000000
11074  -20.760  -78.096  -34.871 0.5000000000
11056  -20.794  -78.124  -33.983 0.5000000000
10298  -21.035  -78.348  -33.055 0.5000000000
10281  -20.695  -78.983  -32.729 0.5000000000
9577  -19.801  -79.882  -39.985 0.5000000000
9493  -22.515  -79.106  -31.616 0.4000000060
117080  -19.268  -80.263  -39.217 0.5000000000
8804  -22.682  -79.739  -31.912 0.4000000060
6259  -34.129  -84.865  -34.944 0.3000000119
6277  -34.391  -84.130  -35.529 0.3000000119
8823  -23.031  -80.276  -32.571 0.4000000060
8845  -23.423  -80.673  -33.437 0.4000000060
9586  -18.045  -80.088  -41.329 0.6000000238
104049  -18.251  -80.264  -40.296 0.6000000238
6939  -33.941  -83.808  -37.241 0.3000000119
6310  -33.289  -84.163  -37.165 0.3000000119
107566  -17.140  -80.034  -40.485 0.6000000238
8846  -24.906  -80.636  -33.110 0.4000000060
107040  -16.104  -79.867  -40.202 0.6000000238
8826  -26.023  -80.096  -32.728 0.4000000060
8847  -25.609  -80.587  -33.209 0.4000000060
9512  -28.045  -79.414  -33.513 0.3000000119
11100  -21.636  -77.538  -36.429 0.5000000000
11087  -21.161  -77.812  -35.621 0.5000000000
11075  -21.562  -77.529  -34.757 0.5000000000
11043  -21.882  -77.880  -32.787 0.4000000060
10344  -20.604  -78.828  -38.787 0.5000000000
10283  -22.335  -78.133  -32.084 0.4000000060
10265  -22.156  -78.718  -31.827 0.4000000060
9578  -20.513  -79.204  -39.782 0.6000000238
9494  -23.352  -79.358  -31.528 0.4000000060
9495  -24.296  -79.706  -31.784 0.4000000060
6940  -34.506  -83.690  -36.474 0.3000000119
119620  -17.220  -79.868  -41.597 0.6000000238
8824  -24.116  -80.387  -32.648 0.4000000060
8825  -25.110  -80.154  -32.421 0.4000000060
9510  -26.523  -79.450  -32.528 0.4000000060
8827  -26.776  -80.027  -33.092 0.3000000119
10286  -27.718  -78.735  -33.033 0.3000000119
120403  -15.371  -79.911  -39.359 0.6000000238
108053  -21.235  -77.874  -37.194 0.5000000000
11088  -22.092  -77.276  -35.722 0.5000000000
117515  -22.252  -77.169  -34.275 0.4000000060
11058  -22.427  -77.217  -33.454 0.4000000060
10345  -21.303  -78.141  -38.834 0.5000000000
11106  -21.646  -77.612  -38.063 0.5000000000
11031  -23.071  -77.683  -31.755 0.4000000060
9588  -19.601  -79.798  -41.055 0.6000000238
9589  -20.427  -79.293  -41.041 0.6000000238
10352  -21.079  -78.602  -39.537 0.6000000238
10266  -22.792  -78.427  -31.605 0.4000000060
9587  -18.907  -80.144  -41.145 0.6000000238
9600  -20.146  -79.265  -42.344 0.6000000238
119519  -23.973  -78.293  -31.108 0.4000000060
103304  -24.882  -79.132  -31.473 0.4000000060
121610  -24.998  -79.655  -31.886 0.4000000060
10269  -25.505  -78.756  -31.447 0.4000000060
10284  -26.278  -78.786  -31.900 0.4000000060
10270  -26.882  -77.990  -31.878 0.4000000060
6951  -33.370  -83.784  -38.371 0.3000000119
6952  -34.260  -83.412  -38.066 0.3000000119
10285  -27.040  -78.773  -32.492 0.4000000060
6970  -32.496  -83.080  -39.957 0.3000000119
6962  -33.182  -83.399  -39.521 0.3000000119
9585  -16.243  -79.719  -41.351 0.6000000238
9584  -15.246  -79.759  -40.604 0.6000000238
9596  -15.205  -79.431  -41.963 0.6999999881
10374  -16.167  -78.997  -43.879 0.6999999881
10366  -14.756  -79.121  -43.038 0.6999999881
11146  -15.367  -77.806  -43.595 0.6999999881
9595  -14.271  -79.194  -42.113 0.6000000238
11147  -16.451  -77.690  -43.674 0.6999999881
11139  -16.759  -77.086  -42.953 0.6000000238
10372  -14.648  -78.484  -43.391 0.6999999881
11937  -15.989  -76.928  -42.917 0.6999999881
113552  -22.688  -76.975  -35.084 0.5000000000
11107  -22.456  -77.051  -38.233 0.5000000000
109277  -22.297  -77.168  -37.271 0.5000000000
11854  -23.218  -76.696  -34.322 0.5000000000
11840  -23.159  -76.781  -33.369 0.4000000060
11044  -22.792  -77.306  -32.535 0.4000000060
10359  -21.300  -78.578  -40.805 0.6000000238
10353  -21.701  -78.051  -39.856 0.6000000238
11115  -22.129  -77.364  -39.125 0.6000000238
11895  -23.395  -76.593  -37.906 0.6000000238
11032  -23.762  -77.300  -31.365 0.4000000060
9599  -18.747  -79.766  -42.238 0.6000000238
10360  -22.041  -77.941  -40.986 0.6000000238
11123  -22.445  -77.439  -40.418 0.6000000238
10253  -24.179  -77.659  -30.968 0.4000000060
9598  -17.838  -79.732  -42.409 0.6000000238
9608  -19.538  -79.118  -43.342 0.6000000238
10367  -20.467  -78.453  -43.712 0.6000000238
117625  -21.703  -77.641  -43.352 0.6000000238
11133  -22.679  -77.392  -41.878 0.6000000238
11033  -25.897  -78.111  -31.198 0.4000000060
11035  -27.224  -77.035  -31.640 0.4000000060
9611  -18.246  -79.073  -44.008 0.6000000238
10375  -19.878  -78.273  -44.280 0.6000000238
119847  -20.566  -77.949  -44.285 0.6000000238
11152  -21.605  -77.350  -43.806 0.6000000238
11934  -22.828  -76.423  -43.005 0.6000000238
11046  -27.686  -77.504  -32.361 0.4000000060
9606  -17.625  -79.355  -43.456 0.6000000238
10380  -18.334  -78.621  -44.182 0.5000000000
11150  -20.049  -77.857  -44.269 0.6000000238
11151  -20.962  -77.600  -44.028 0.6000000238
118711  -21.615  -76.792  -43.738 0.6000000238
12726  -22.608  -75.774  -42.747 0.6999999881
123678  -15.985  -79.510  -42.298 0.6999999881
9610  -17.592  -79.031  -44.079 0.6000000238
11155  -18.133  -78.170  -44.170 0.6000000238
118236  -21.811  -76.105  -43.664 0.6000000238
12719  -21.977  -75.035  -42.324 0.6000000238
13528  -22.486  -74.254  -41.190 0.6000000238
11141  -19.483  -77.516  -43.478 0.6000000238
11132  -21.030  -76.531  -43.419 0.6000000238
12718  -21.402  -75.452  -41.989 0.6000000238
13527  -21.822  -74.309  -41.321 0.6000000238
11148  -17.529  -77.697  -43.617 0.6000000238
11131  -19.785  -77.173  -42.081 0.5000000000
106633  -20.796  -76.106  -41.279 0.6000000238
13526  -21.212  -74.744  -41.233 0.6000000238
11130  -18.877  -77.502  -41.728 0.5000000000
11145  -14.302  -77.731  -43.103 0.6999999881
11932  -16.601  -76.286  -42.118 0.6999999881
11128  -17.401  -76.948  -42.434 0.5000000000
11129  -17.991  -77.193  -41.438 0.6000000238
118850  -19.055  -77.390  -40.727 0.5000000000
11912  -20.153  -76.402  -40.191 0.5000000000
105792  -18.375  -77.336  -40.511 0.6000000238
15934  -12.672  -71.169  -31.656 0.6000000238
15949  -12.755  -71.435  -32.704 0.6000000238
15965  -12.663  -71.206  -34.176 0.6000000238
11869  -23.149  -76.795  -35.943 0.5000000000
11885  -23.385  -76.673  -36.820 0.5000000000
112826  -23.777  -76.507  -35.325 0.5000000000
11832  -23.590  -76.586  -32.827 0.5000000000
11045  -23.472  -76.903  -31.955 0.4000000060
109804  -23.120  -76.777  -41.113 0.5000000000
108673  -22.999  -76.745  -38.948 0.5000000000
11896  -23.953  -76.173  -38.216 0.5000000000
11827  -24.374  -76.913  -30.957 0.4000000060
11818  -24.966  -76.350  -30.757 0.4000000060
11913  -23.467  -76.439  -39.905 0.5000000000
12693  -23.966  -75.837  -38.667 0.5000000000
11024  -25.477  -77.366  -30.754 0.4000000060
11025  -25.983  -76.656  -30.706 0.4000000060
11828  -26.782  -76.506  -31.030 0.4000000060
11924  -23.327  -76.208  -41.862 0.5000000000
12702  -23.756  -75.745  -39.817 0.5000000000
11914  -23.644  -76.132  -40.466 0.5000000000
11034  -26.373  -77.294  -31.161 0.4000000060
118138  -23.096  -75.492  -41.967 0.6000000238
13517  -23.427  -74.825  -40.264 0.6000000238
104927  -22.513  -75.056  -41.968 0.6000000238
12720  -23.069  -74.865  -41.347 0.5000000000
14400  -22.030  -73.399  -40.993 0.4000000060
14401  -22.620  -73.347  -40.767 0.4000000060
119736  -22.861  -72.442  -40.441 0.4000000060
13516  -20.460  -74.720  -40.112 0.6000000238
14399  -20.756  -73.946  -40.791 0.6000000238
15271  -21.580  -72.593  -40.697 0.5000000000
15272  -22.298  -72.062  -40.642 0.4000000060
122311  -22.208  -71.389  -40.487 0.4000000060
11138  -13.311  -77.705  -42.579 0.6999999881
12710  -20.658  -75.601  -40.422 0.6000000238
14387  -20.386  -73.258  -40.277 0.5000000000
16029  -21.511  -71.730  -40.428 0.4000000060
122522  -16.578  -75.916  -41.240 0.6000000238
104913  -19.531  -76.558  -39.197 0.5000000000
11904  -20.114  -76.062  -39.195 0.5000000000
13515  -20.096  -73.910  -39.768 0.5000000000
16026  -19.878  -71.943  -39.592 0.5000000000
116843  -20.682  -72.150  -40.248 0.4000000060
106446  -21.178  -70.081  -39.979 0.4000000060
11911  -17.552  -76.994  -40.346 0.6000000238
12701  -19.960  -75.561  -38.418 0.5000000000
15914  -12.813  -70.663  -29.730 0.6999999881
15923  -13.347  -71.407  -30.923 0.6000000238
15915  -13.769  -71.368  -30.026 0.6999999881
15935  -13.402  -71.751  -31.955 0.6000000238
15141  -14.463  -71.963  -30.216 0.6000000238
15950  -13.307  -71.794  -33.516 0.6000000238
15936  -14.129  -72.144  -32.271 0.6000000238
105612  -14.697  -72.398  -31.779 0.6000000238
120888  -15.025  -72.397  -30.485 0.6000000238
14265  -16.833  -73.346  -30.727 0.6000000238
15982  -12.819  -70.986  -35.330 0.5000000000
15178  -14.054  -72.260  -33.896 0.6000000238
15179  -14.668  -72.595  -33.384 0.6000000238
15166  -15.368  -72.789  -32.090 0.6000000238
15155  -16.020  -73.150  -31.439 0.6000000238
118244  -24.178  -76.051  -33.258 0.5000000000
15983  -13.528  -71.149  -36.190 0.5000000000
15192  -14.132  -72.394  -34.839 0.5000000000
15180  -15.303  -72.927  -32.951 0.5000000000
14295  -16.110  -73.313  -32.498 0.5000000000
11886  -24.064  -76.201  -37.151 0.4000000060
11870  -24.085  -76.323  -36.196 0.5000000000
11833  -24.079  -76.247  -32.297 0.5000000000
11826  -24.126  -76.598  -31.518 0.4000000060
15210  -14.466  -72.910  -35.550 0.5000000000
14317  -14.834  -73.208  -34.617 0.5000000000
14307  -15.806  -73.451  -33.410 0.5000000000
106135  -16.452  -73.705  -33.144 0.5000000000
12664  -24.402  -75.973  -36.394 0.5000000000
12607  -25.347  -75.521  -30.718 0.4000000060
12608  -26.040  -75.323  -30.496 0.4000000060
12609  -26.831  -75.222  -30.618 0.4000000060
15220  -13.957  -71.568  -36.820 0.5000000000
14328  -14.984  -73.757  -35.324 0.5000000000
14318  -15.559  -73.678  -34.228 0.6000000238
118063  -15.932  -74.104  -34.336 0.6000000238
11820  -26.397  -75.945  -30.616 0.4000000060
13472  -14.679  -74.111  -36.671 0.6000000238
13456  -14.919  -74.146  -35.977 0.6000000238
13442  -15.622  -74.182  -34.823 0.6999999881
13502  -23.654  -75.175  -39.194 0.4000000060
105555  -23.450  -74.136  -39.242 0.5000000000
14396  -13.246  -73.841  -40.544 0.6000000238
114509  -23.297  -73.949  -40.141 0.5000000000
14388  -23.347  -73.071  -39.076 0.4000000060
107332  -13.552  -75.060  -41.244 0.6000000238
14402  -23.042  -73.299  -40.343 0.4000000060
12724  -14.009  -75.732  -41.790 0.6000000238
12725  -15.116  -75.721  -42.038 0.6000000238
16028  -23.227  -71.580  -39.923 0.4000000060
11919  -16.141  -75.434  -40.805 0.6000000238
11936  -15.084  -76.819  -42.787 0.6999999881
102629  -17.330  -76.883  -39.401 0.6000000238
11113  -18.228  -76.978  -38.902 0.6000000238
11114  -19.012  -76.967  -39.246 0.5000000000
15907  -13.496  -70.834  -29.042 0.6999999881
15129  -14.259  -71.489  -29.377 0.6999999881
15908  -14.619  -71.549  -28.593 0.6000000238
15130  -15.073  -72.190  -29.585 0.6000000238
15131  -16.044  -72.607  -29.368 0.6000000238
14250  -17.394  -73.281  -29.837 0.6999999881
14266  -17.862  -73.448  -30.532 0.6000000238
12654  -24.350  -75.749  -34.781 0.5000000000
109972  -24.296  -76.023  -34.117 0.5000000000
12632  -24.311  -75.399  -32.590 0.5000000000
14284  -16.910  -73.417  -31.823 0.6000000238
14285  -17.575  -73.498  -31.290 0.5000000000
12644  -24.246  -75.415  -33.707 0.5000000000
12606  -24.840  -75.649  -31.113 0.5000000000
13393  -25.565  -74.724  -30.661 0.4000000060
12640  -16.883  -75.057  -33.745 0.6000000238
13429  -16.964  -74.236  -33.184 0.6000000238
14297  -17.935  -73.677  -32.043 0.5000000000
108828  -23.896  -75.244  -36.903 0.5000000000
14398  -14.171  -73.250  -40.104 0.6000000238
14385  -14.285  -73.003  -39.377 0.4000000060
110950  -14.428  -73.597  -38.228 0.6000000238
13457  -15.374  -74.535  -35.551 0.6000000238
13443  -16.174  -74.659  -34.385 0.6000000238
13416  -17.701  -74.294  -32.678 0.6000000238
111476  -23.631  -74.865  -38.019 0.4000000060
13475  -23.652  -74.495  -36.487 0.4000000060
13514  -14.513  -73.844  -40.006 0.5000000000
13500  -14.630  -74.130  -38.981 0.5000000000
13487  -14.703  -74.562  -37.941 0.6000000238
13473  -15.134  -74.739  -36.280 0.6999999881
12660  -15.722  -75.301  -35.893 0.6000000238
12661  -16.492  -75.842  -35.470 0.6000000238
12651  -17.385  -75.805  -34.285 0.6000000238
14374  -23.413  -73.611  -38.206 0.5000000000
13525  -14.110  -74.034  -40.652 0.6000000238
12689  -15.015  -75.105  -38.549 0.6000000238
12677  -15.436  -75.386  -36.703 0.6000000238
11866  -17.368  -76.358  -35.491 0.6000000238
11851  -17.861  -76.341  -34.844 0.6000000238
12642  -18.583  -75.649  -33.543 0.6000000238
107522  -14.920  -74.438  -40.636 0.5000000000
12708  -14.971  -74.681  -39.666 0.6000000238
11900  -15.644  -75.936  -38.076 0.6000000238
11882  -17.665  -76.547  -36.217 0.6000000238
11867  -18.282  -76.511  -35.611 0.6000000238
12716  -14.582  -74.810  -41.226 0.6000000238
12717  -15.430  -74.944  -41.276 0.6000000238
12709  -15.518  -75.042  -40.306 0.6000000238
11901  -16.443  -76.479  -38.167 0.6000000238
11892  -17.156  -76.654  -37.507 0.6000000238
120578  -16.547  -76.532  -39.091 0.6000000238
11910  -16.687  -76.406  -40.215 0.6000000238
11902  -18.973  -76.682  -38.418 0.5000000000
11903  -19.568  -76.211  -38.282 0.5000000000
15898  -13.302  -70.534  -28.012 0.6999999881
118699  -13.930  -71.085  -28.567 0.6999999881
15099  -12.790  -70.983  -26.370 0.6999999881
15883  -13.261  -70.808  -26.367 0.6999999881
15899  -13.974  -70.976  -27.684 0.6999999881
15900  -14.820  -71.530  -27.543 0.6999999881
101824  -15.462  -72.130  -28.533 0.6000000238
15120  -16.385  -72.659  -28.442 0.6000000238
15121  -17.330  -73.015  -28.301 0.5000000000
102375  -16.918  -73.056  -29.143 0.6999999881
15132  -17.861  -73.249  -29.021 0.5000000000
14251  -18.306  -73.365  -29.757 0.5000000000
14267  -18.742  -73.468  -30.452 0.5000000000
13433  -24.007  -74.563  -33.613 0.4000000060
13421  -24.297  -74.395  -32.388 0.5000000000
14288  -24.556  -73.864  -31.700 0.5000000000
13407  -25.018  -74.255  -31.057 0.5000000000
110741  -25.622  -73.841  -30.662 0.4000000060
102801  -24.059  -75.183  -36.045 0.4000000060
14300  -23.983  -73.863  -33.047 0.4000000060
13417  -18.549  -74.375  -32.459 0.6000000238
12641  -17.775  -75.520  -33.587 0.6000000238
13418  -19.362  -74.305  -32.490 0.6000000238
11839  -19.049  -76.096  -34.205 0.6000000238
13431  -19.636  -74.648  -33.181 0.6000000238
103989  -17.739  -76.634  -36.931 0.6000000238
11868  -19.159  -76.256  -35.737 0.6000000238
13444  -19.843  -74.764  -34.005 0.6000000238
109848  -17.296  -76.803  -38.418 0.6000000238
12663  -19.465  -75.793  -35.267 0.5000000000
11893  -18.197  -76.755  -37.708 0.6000000238
11884  -19.216  -76.223  -36.700 0.5000000000
12692  -19.642  -75.825  -37.392 0.5000000000
14222  -13.660  -72.379  -26.047 0.6999999881
15100  -13.438  -71.404  -25.911 0.6999999881
15884  -13.943  -71.261  -25.689 0.6999999881
15890  -14.079  -70.963  -26.512 0.6999999881
15110  -15.563  -71.921  -26.162 0.6000000238
15119  -15.788  -72.174  -27.399 0.6999999881
119363  -16.757  -72.700  -27.675 0.4000000060
14233  -14.253  -73.469  -26.876 0.6999999881
14223  -14.430  -72.850  -25.679 0.6999999881
14202  -14.835  -72.411  -25.212 0.6000000238
15102  -15.325  -71.960  -25.364 0.6000000238
15112  -17.568  -72.703  -27.378 0.5000000000
13375  -15.430  -75.211  -28.227 0.6999999881
13363  -14.961  -74.432  -27.725 0.6999999881
15122  -18.306  -72.906  -28.212 0.5000000000
102927  -15.912  -75.840  -28.083 0.6999999881
15123  -19.222  -72.555  -28.576 0.5000000000
11770  -16.358  -76.436  -26.375 0.6000000238
118626  -15.331  -76.793  -25.472 0.6000000238
11732  -14.573  -76.787  -25.020 0.6000000238
13331  -12.060  -74.883  -24.047 0.5000000000
14170  -11.952  -73.822  -22.886 0.5000000000
14301  -24.219  -73.601  -32.303 0.4000000060
120607  -19.959  -74.729  -34.751 0.6000000238
15103  -16.279  -72.311  -25.731 0.5000000000
15111  -16.573  -72.434  -26.756 0.5000000000
13354  -15.105  -74.023  -26.582 0.6000000238
14224  -15.275  -73.479  -25.505 0.6000000238
15088  -15.326  -72.395  -25.145 0.6000000238
15089  -16.025  -72.503  -25.081 0.6000000238
15104  -17.295  -72.516  -26.323 0.5000000000
15113  -18.317  -72.557  -27.455 0.5000000000
12550  -16.349  -75.533  -26.685 0.6999999881
13355  -15.886  -74.683  -26.253 0.6000000238
13340  -16.008  -74.275  -25.288 0.6000000238
14203  -15.606  -73.038  -24.920 0.6000000238
14187  -16.586  -73.578  -24.130 0.6000000238
15893  -19.312  -71.363  -27.435 0.5000000000
11771  -16.689  -76.002  -26.408 0.6999999881
12538  -16.704  -75.848  -25.673 0.6000000238
12520  -16.472  -75.672  -24.500 0.6000000238
13326  -16.605  -74.331  -23.384 0.6000000238
14171  -16.892  -73.803  -22.948 0.6000000238
11758  -16.173  -76.502  -25.564 0.6000000238
11734  -16.450  -76.156  -24.949 0.6000000238
12505  -15.684  -75.732  -23.229 0.6000000238
13325  -16.122  -75.103  -22.757 0.6000000238
120461  -14.658  -76.519  -24.300 0.6000000238
12504  -14.687  -75.888  -22.981 0.6000000238
12489  -15.213  -75.439  -22.380 0.6000000238
13314  -15.728  -74.855  -21.926 0.6000000238
12503  -13.660  -75.683  -23.134 0.5000000000
13323  -12.338  -74.553  -23.217 0.5000000000
13324  -13.088  -74.989  -22.702 0.5000000000
13303  -14.102  -74.635  -21.404 0.6000000238
104657  -14.169  -73.863  -20.815 0.6000000238
14289  -24.990  -73.232  -31.143 0.4000000060
15066  -10.768  -72.731  -23.827 0.5000000000
13311  -12.571  -74.266  -22.393 0.5000000000
14155  -12.804  -73.974  -21.814 0.6000000238
15034  -13.490  -73.142  -21.066 0.6000000238
15857  -10.638  -71.838  -23.544 0.5000000000
15067  -11.266  -72.389  -23.065 0.5000000000
14153  -11.697  -73.129  -22.723 0.4000000060
15051  -12.321  -72.754  -21.816 0.5000000000
15033  -12.861  -72.375  -21.406 0.6000000238
15090  -17.066  -72.591  -25.303 0.6000000238
112795  -17.940  -72.476  -25.947 0.5000000000
15105  -18.092  -72.484  -26.767 0.5000000000
15079  -17.435  -72.858  -24.597 0.6000000238
15091  -18.010  -72.628  -25.199 0.5000000000
15886  -19.149  -71.347  -26.668 0.5000000000
14172  -17.297  -73.369  -23.431 0.6999999881
15069  -18.400  -72.656  -23.637 0.6999999881
13315  -16.479  -74.409  -22.429 0.6000000238
14157  -17.369  -73.443  -22.575 0.6999999881
13304  -16.190  -74.218  -21.617 0.6000000238
14146  -16.637  -73.623  -21.378 0.6999999881
14144  -15.010  -73.512  -20.615 0.6000000238
14138  -16.389  -73.292  -20.830 0.6999999881
15035  -14.269  -72.834  -20.630 0.6000000238
14136  -15.065  -72.771  -20.495 0.6999999881
16580  -9.171  -70.240  -24.331 0.5000000000
15845  -10.673  -71.105  -23.144 0.5000000000
15847  -12.156  -71.970  -21.919 0.4000000060
15830  -12.587  -71.535  -21.564 0.6000000238
15021  -13.560  -72.343  -20.956 0.6000000238
16572  -10.019  -70.263  -23.646 0.5000000000
15846  -11.433  -71.520  -22.574 0.4000000060
15829  -12.039  -71.089  -21.962 0.5000000000
15877  -18.606  -72.068  -26.308 0.5000000000
105837  -18.715  -72.174  -25.038 0.5000000000
15080  -18.213  -72.641  -24.459 0.6000000238
15858  -19.183  -72.295  -23.274 0.5000000000
15869  -19.666  -71.743  -23.896 0.5000000000
107425  -17.949  -73.070  -22.173 0.6999999881
15037  -17.746  -72.832  -21.335 0.6999999881
15025  -17.267  -72.382  -20.701 0.6000000238
15022  -14.776  -72.060  -20.479 0.6999999881
15819  -16.422  -71.663  -20.322 0.6000000238
15816  -13.271  -71.476  -21.107 0.6000000238
121259  -13.832  -71.068  -20.692 0.6000000238
17299  -10.317  -69.372  -23.749 0.5000000000
107412  -11.796  -69.741  -22.538 0.4000000060
16553  -12.689  -70.767  -21.509 0.6000000238
17308  -10.996  -68.929  -23.548 0.4000000060
17300  -11.194  -69.630  -23.008 0.4000000060
18038  -11.780  -68.980  -23.012 0.5000000000
16567  -12.223  -70.247  -22.096 0.5000000000
15053  -18.539  -72.670  -22.698 0.6000000238
15859  -19.814  -71.671  -22.939 0.5000000000
15038  -18.511  -72.539  -21.718 0.6000000238
15848  -19.265  -72.214  -22.261 0.5000000000
15831  -18.113  -72.162  -20.925 0.6000000238
15820  -17.477  -71.531  -20.474 0.6000000238
15821  -18.221  -71.410  -20.713 0.5000000000
16540  -16.881  -70.713  -20.093 0.6000000238
16538  -14.893  -70.519  -20.182 0.6999999881
16539  -15.858  -70.639  -20.015 0.5000000000
16554  -13.388  -70.391  -20.952 0.6000000238
17292  -12.792  -69.840  -21.577 0.5000000000
121372  -12.038  -68.410  -23.300 0.4000000060
17301  -13.014  -68.933  -21.888 0.5000000000
24145  -10.286  -61.513  -20.236 0.4000000060
25003  -10.090  -60.496  -20.131 0.3000000119
24150  -9.344  -60.994  -20.811 0.4000000060
16568  -20.112  -70.736  -21.778 0.5000000000
122598  -9.037  -62.177  -21.743 0.3000000119
24149  -8.834  -61.483  -21.776 0.4000000060
116303  -17.787  -70.710  -20.383 0.5000000000
15833  -19.465  -70.840  -21.264 0.5000000000
104815  -8.925  -63.698  -23.721 0.3000000119
113018  -8.917  -61.578  -22.836 0.4000000060
17280  -17.292  -69.885  -20.099 0.5000000000
109317  -8.864  -63.875  -25.072 0.3000000119
17278  -15.321  -69.696  -19.993 0.6000000238
17294  -14.009  -69.034  -20.619 0.6999999881
18017  -14.821  -68.856  -20.298 0.6000000238
18039  -12.573  -68.463  -22.785 0.5000000000
18028  -13.685  -68.537  -21.430 0.5000000000
18040  -13.385  -68.095  -22.342 0.4000000060
18782  -14.162  -67.814  -21.998 0.4000000060
25005  -11.984  -59.680  -19.783 0.3000000119
25004  -11.107  -60.171  -19.738 0.3000000119
25862  -10.105  -59.506  -20.405 0.3000000119
25011  -9.240  -59.946  -20.793 0.3000000119
25873  -8.775  -59.564  -21.518 0.4000000060
111545  -18.187  -69.957  -20.400 0.5000000000
23255  -9.056  -62.302  -23.560 0.4000000060
113554  -8.753  -60.876  -22.293 0.4000000060
17281  -17.679  -69.127  -20.281 0.5000000000
22279  -9.213  -63.150  -24.551 0.4000000060
114512  -9.202  -61.750  -23.864 0.4000000060
17279  -16.335  -69.788  -19.917 0.5000000000
112113  -16.805  -69.034  -20.081 0.5000000000
22295  -9.337  -63.733  -25.935 0.4000000060
18018  -15.847  -68.784  -20.153 0.5000000000
18029  -14.467  -68.265  -21.094 0.5000000000
18030  -15.278  -68.081  -20.785 0.5000000000
19556  -11.527  -66.518  -25.013 0.3000000119
19546  -12.419  -66.267  -24.582 0.4000000060
18808  -13.924  -66.863  -23.161 0.4000000060
18783  -14.903  -67.578  -21.638 0.4000000060
25854  -12.806  -60.142  -19.556 0.3000000119
25863  -11.063  -59.134  -20.246 0.3000000119
26765  -9.514  -57.853  -21.605 0.4000000060
25893  -8.928  -58.792  -22.267 0.4000000060
17302  -20.949  -69.498  -22.294 0.4000000060
25028  -8.720  -60.021  -22.388 0.4000000060
17296  -20.399  -69.287  -21.442 0.4000000060
25047  -9.161  -60.913  -23.090 0.4000000060
25048  -9.375  -59.875  -23.550 0.4000000060
17282  -18.582  -69.213  -20.516 0.4000000060
24184  -9.767  -61.172  -24.074 0.4000000060
18019  -16.509  -68.364  -20.310 0.5000000000
23273  -9.771  -63.078  -25.479 0.4000000060
21334  -10.493  -64.263  -26.510 0.3000000119
18771  -16.046  -67.942  -20.613 0.5000000000
110639  -12.982  -65.942  -24.045 0.3000000119
26758  -11.982  -58.806  -20.315 0.3000000119
26757  -11.064  -58.276  -20.690 0.3000000119
25875  -10.157  -58.449  -20.801 0.3000000119
26787  -9.772  -56.779  -22.013 0.4000000060
26786  -9.478  -57.644  -22.589 0.4000000060
27693  -10.519  -57.111  -23.765 0.3000000119
25907  -9.530  -58.676  -23.345 0.4000000060
18049  -21.537  -68.090  -23.198 0.4000000060
19558  -21.449  -66.864  -24.083 0.4000000060
25920  -10.247  -59.293  -24.180 0.4000000060
18031  -19.888  -68.561  -20.908 0.4000000060
18021  -18.081  -68.399  -20.410 0.4000000060
24200  -10.391  -61.694  -24.581 0.3000000119
106465  -17.525  -67.639  -20.476 0.4000000060
108055  -10.177  -63.359  -26.074 0.3000000119
23274  -10.320  -62.674  -25.078 0.3000000119
21321  -11.025  -64.034  -25.735 0.3000000119
18797  -14.556  -67.162  -22.468 0.4000000060
26759  -13.107  -58.692  -20.527 0.3000000119
26788  -10.834  -56.767  -21.803 0.4000000060
27676  -10.477  -56.586  -22.720 0.4000000060
19557  -20.983  -66.133  -24.675 0.4000000060
18799  -21.570  -67.339  -22.775 0.4000000060
25908  -10.065  -58.010  -23.851 0.4000000060
18033  -20.920  -67.951  -21.595 0.4000000060
25063  -10.453  -60.458  -24.428 0.4000000060
18022  -19.015  -68.497  -20.579 0.4000000060
18786  -20.246  -67.836  -21.011 0.4000000060
18773  -18.555  -67.592  -20.477 0.4000000060
23256  -10.763  -62.081  -24.775 0.3000000119
18772  -16.727  -67.771  -20.545 0.5000000000
22280  -10.718  -62.853  -25.265 0.3000000119
22281  -11.532  -63.408  -24.544 0.3000000119
19532  -16.136  -66.921  -21.269 0.5000000000
20364  -13.469  -65.403  -23.465 0.3000000119
19531  -15.517  -66.619  -21.681 0.4000000060
19547  -13.287  -66.628  -23.838 0.4000000060
26768  -13.312  -57.958  -21.211 0.3000000119
27708  -11.141  -57.267  -24.607 0.3000000119
26813  -10.819  -57.934  -24.755 0.3000000119
105490  -21.387  -66.099  -23.794 0.4000000060
25921  -10.775  -58.853  -24.779 0.3000000119
19539  -21.521  -66.538  -22.565 0.4000000060
114507  -21.503  -66.065  -23.106 0.3000000119
25064  -11.098  -60.225  -24.922 0.3000000119
18774  -19.359  -67.189  -20.597 0.4000000060
18787  -20.711  -67.306  -21.320 0.4000000060
24185  -11.571  -61.570  -24.125 0.3000000119
118408  -12.458  -62.072  -23.451 0.3000000119
103686  -17.128  -66.258  -20.683 0.4000000060
22282  -12.419  -63.818  -23.595 0.3000000119
21312  -13.795  -64.708  -22.769 0.3000000119
20365  -14.233  -65.618  -22.648 0.3000000119
20349  -15.512  -65.713  -21.485 0.3000000119
25937  -11.390  -58.601  -25.395 0.3000000119
26828  -12.146  -58.331  -25.920 0.3000000119
25922  -11.308  -59.434  -25.262 0.3000000119
20367  -21.612  -65.825  -22.533 0.3000000119
19533  -20.838  -66.465  -21.268 0.4000000060
102656  -21.660  -65.552  -21.938 0.4000000060
24186  -12.644  -61.132  -23.721 0.3000000119
19524  -18.664  -66.580  -20.444 0.4000000060
19526  -20.186  -66.212  -20.770 0.4000000060
22267  -12.389  -62.998  -23.376 0.3000000119
22268  -13.321  -63.675  -22.773 0.3000000119
20334  -16.979  -65.418  -20.638 0.3000000119
20348  -14.822  -65.275  -21.848 0.3000000119
25050  -13.357  -60.493  -23.915 0.3000000119
24161  -13.270  -61.782  -23.187 0.3000000119
20337  -19.744  -65.565  -20.509 0.3000000119
20338  -20.592  -65.508  -20.850 0.3000000119
122891  -13.403  -62.556  -22.791 0.3000000119
20335  -17.907  -65.748  -20.493 0.3000000119
22269  -14.152  -64.049  -22.099 0.3000000119
20333  -16.158  -65.146  -20.927 0.3000000119
25051  -14.329  -60.579  -23.678 0.3000000119
25067  -14.991  -60.013  -24.152 0.3000000119
24162  -14.035  -61.859  -22.868 0.3000000119
104392  -19.210  -64.803  -20.378 0.3000000119
24188  -14.640  -61.291  -23.179 0.3000000119
25052  -15.250  -60.672  -23.515 0.3000000119
20381  -13.751  -66.194  -23.320 0.4000000060
21322  -11.932  -64.401  -24.426 0.3000000119
21323  -12.988  -64.571  -23.523 0.3000000119
102364  -23.755  -81.981  -37.669 0.6000000238
112560  -24.252  -81.971  -38.741 0.5000000000
111377  -24.058  -82.137  -39.141 0.5000000000
113257  -23.955  -81.892  -39.672 0.5000000000
6958  -24.425  -81.976  -38.823 0.5000000000
6936  -25.707  -83.000  -36.741 0.5000000000
6923  -22.172  -83.040  -36.263 0.6999999881
8208  -23.199  -81.213  -34.927 0.6999999881
120200  -21.342  -82.607  -35.662 0.6999999881
6290  -25.254  -83.105  -37.247 0.4000000060
6288  -21.445  -84.428  -36.802 0.6999999881
7576  -25.725  -81.770  -36.314 0.5000000000
6969  -31.917  -83.333  -39.409 0.3000000119
8195  -27.562  -80.708  -34.039 0.3000000119
8822  -22.103  -80.121  -32.491 0.6000000238
8843  -21.600  -80.396  -33.212 0.6000000238
9509  -21.268  -79.293  -32.343 0.5000000000
9556  -19.573  -79.737  -36.883 0.6000000238
112438  -19.697  -81.955  -35.415 0.6000000238
6922  -20.436  -83.096  -35.769 0.6999999881
112504  -24.493  -81.363  -35.774 0.5000000000
7583  -24.944  -81.613  -37.441 0.6000000238
121206  -25.034  -81.679  -37.866 0.5000000000
6921  -19.585  -83.148  -35.777 0.6000000238
6287  -20.495  -84.467  -36.593 0.6999999881
105352  -18.307  -81.720  -34.964 0.5000000000
6304  -19.821  -84.876  -37.169 0.5000000000
106209  -31.851  -82.733  -39.927 0.3000000119
8874  -16.695  -80.374  -36.385 0.6000000238
5638  -18.948  -84.949  -37.061 0.5000000000
8862  -30.394  -80.108  -35.451 0.3000000119
119955  -23.948  -81.243  -35.114 0.5000000000
113246  -31.370  -82.475  -39.310 0.3000000119
5637  -18.357  -85.382  -36.680 0.5000000000
10267  -23.340  -78.700  -31.341 0.4000000060
9604  -15.803  -79.264  -43.197 0.6999999881
10379  -17.649  -78.546  -44.174 0.6000000238
11140  -18.304  -77.479  -42.957 0.6000000238
10368  -21.094  -78.496  -42.550 0.6000000238
11023  -24.806  -77.208  -30.685 0.4000000060
11143  -22.458  -77.052  -43.397 0.6000000238
123183  -23.413  -76.338  -40.855 0.5000000000
11142  -20.606  -77.143  -43.970 0.6000000238
11930  -14.092  -76.697  -42.543 0.6000000238
104984  -16.053  -75.520  -41.658 0.6999999881
15951  -14.110  -72.220  -33.064 0.6000000238
104050  -24.356  -76.102  -35.534 0.4000000060
13490  -23.571  -74.422  -37.086 0.4000000060
15266  -23.231  -72.625  -39.870 0.4000000060
118106  -20.280  -75.424  -39.344 0.4000000060
11929  -12.987  -76.759  -42.245 0.6000000238
15924  -14.045  -72.011  -31.452 0.6000000238
15194  -15.117  -73.090  -33.766 0.6000000238
13406  -24.636  -74.911  -31.631 0.5000000000
14343  -14.578  -73.460  -36.190 0.5000000000
14296  -17.013  -73.691  -32.595 0.6000000238
14357  -14.394  -73.191  -37.275 0.4000000060
11909  -15.965  -75.967  -39.724 0.5000000000
14346  -23.428  -73.662  -36.701 0.5000000000
12678  -16.162  -76.033  -36.431 0.6000000238
12700  -15.464  -75.549  -39.176 0.5000000000
10971  -15.779  -76.970  -27.206 0.6000000238
14169  -11.380  -73.317  -23.367 0.5000000000
15078  -16.669  -72.922  -24.632 0.5000000000
13341  -16.478  -75.189  -25.016 0.6000000238
14204  -16.201  -73.878  -24.542 0.6000000238
15068  -17.698  -72.990  -23.926 0.6000000238
11710  -15.245  -76.262  -23.745 0.6000000238
15856  -9.918  -71.113  -23.839 0.5000000000
15868  -18.971  -72.246  -24.203 0.5000000000
15818  -15.321  -71.398  -20.275 0.6000000238
16565  -10.789  -70.297  -23.071 0.5000000000
17277  -14.439  -69.700  -20.247 0.6000000238
23226  -9.652  -62.100  -21.046 0.3000000119
15832  -18.942  -71.716  -21.299 0.5000000000
18047  -12.252  -67.855  -23.600 0.3000000119
16555  -19.881  -70.075  -21.315 0.4000000060
17295  -19.499  -69.290  -20.845 0.4000000060
18807  -13.481  -67.151  -23.549 0.4000000060
122186  -12.115  -65.680  -24.758 0.3000000119
18784  -15.656  -67.377  -21.322 0.5000000000
18042  -21.379  -68.054  -22.304 0.4000000060
24201  -10.833  -61.223  -24.606 0.3000000119
19523  -17.761  -66.821  -20.542 0.4000000060
20366  -14.900  -66.128  -22.131 0.3000000119
20350  -16.290  -66.183  -21.061 0.4000000060
27656  -14.626  -57.304  -21.852 0.3000000119
25049  -12.528  -60.428  -24.342 0.3000000119
20336  -18.891  -65.631  -20.369 0.4000000060
24187  -13.730  -61.213  -23.387 0.3000000119
5602  -15.362  -85.360  -34.891 0.5000000000
5618  -15.885  -85.806  -35.347 0.5000000000
4987  -17.149  -86.215  -35.933 0.5000000000
4995  -17.472  -86.455  -36.693 0.4000000060
6905  -14.832  -83.726  -32.988 0.5000000000
6906  -15.880  -83.799  -33.122 0.5000000000
116796  -16.278  -84.837  -34.256 0.5000000000
6256  -16.778  -84.724  -34.335 0.5000000000
5620  -17.455  -85.604  -35.550 0.5000000000
5636  -17.803  -85.936  -36.216 0.4000000060
7546  -15.687  -82.654  -32.094 0.4000000060
106430  -15.552  -83.323  -32.596 0.5000000000
6907  -16.739  -83.598  -33.308 0.5000000000
6266  -17.675  -84.813  -35.357 0.4000000060
7532  -16.104  -81.794  -31.788 0.5000000000
7547  -16.612  -82.308  -32.374 0.5000000000
6893  -16.321  -83.141  -32.677 0.5000000000
8175  -16.875  -81.380  -32.126 0.5000000000
7558  -17.071  -82.811  -32.978 0.5000000000
7548  -17.340  -81.813  -32.905 0.5000000000
7559  -17.462  -82.444  -33.451 0.5000000000
7567  -17.755  -82.519  -34.074 0.4000000060
8802  -16.103  -80.373  -31.339 0.5000000000
123642  -17.051  -80.266  -32.490 0.5000000000
8840  -17.548  -81.003  -33.479 0.5000000000
8189  -17.671  -81.796  -33.754 0.5000000000
11072  -14.274  -77.181  -34.411 0.5000000000
9491  -16.321  -79.598  -31.559 0.5000000000
10295  -15.946  -78.355  -32.964 0.5000000000
9522  -16.533  -79.236  -33.133 0.5000000000
107910  -15.420  -78.587  -34.699 0.5000000000
9521  -16.010  -78.898  -33.992 0.5000000000
9532  -16.567  -79.760  -34.163 0.5000000000
8855  -17.132  -80.515  -34.276 0.5000000000
10321  -14.775  -78.088  -35.155 0.5000000000
11098  -14.063  -77.985  -36.644 0.5000000000
108837  -13.169  -77.959  -38.415 0.5000000000
10335  -13.814  -78.354  -37.611 0.5000000000
10342  -13.545  -79.057  -38.727 0.5000000000
10322  -15.323  -79.183  -35.795 0.5000000000
10329  -14.970  -79.278  -36.654 0.5000000000
10336  -14.230  -79.386  -37.949 0.5000000000
9547  -15.616  -79.760  -36.739 0.5000000000
9546  -14.915  -79.570  -37.392 0.5000000000
9541  -16.572  -80.203  -35.126 0.5000000000
8866  -16.633  -80.407  -35.837 0.5000000000
11928  -12.152  -76.959  -41.661 0.5000000000
11137  -12.388  -77.654  -42.035 0.6000000238
10351  -12.838  -79.035  -39.812 0.5000000000
10343  -13.759  -79.618  -39.336 0.5000000000
9582  -13.510  -79.106  -41.568 0.5000000000
107842  -14.521  -79.848  -38.888 0.5000000000
9574  -14.382  -79.798  -39.884 0.5000000000
9554  -15.421  -79.789  -37.609 0.5000000000
9564  -15.225  -79.887  -38.342 0.5000000000
103475  -16.063  -79.939  -35.893 0.5000000000
12715  -12.483  -75.415  -41.104 0.5000000000
12723  -12.760  -76.067  -41.617 0.5000000000
10364  -12.823  -78.481  -41.995 0.6000000238
17365  -10.616  -69.150  -32.109 0.5000000000
16634  -12.189  -70.450  -32.267 0.6000000238
17350  -10.661  -69.219  -31.205 0.5000000000
16620  -11.401  -69.681  -30.714 0.5000000000
16621  -12.132  -70.278  -31.215 0.6000000238
16613  -11.963  -70.194  -30.138 0.6000000238
16612  -11.180  -69.761  -29.710 0.5000000000
16607  -11.817  -70.054  -28.906 0.6000000238
15896  -11.506  -70.508  -28.037 0.5000000000
16608  -12.636  -70.321  -28.462 0.6000000238
112535  -12.128  -70.115  -28.062 0.6000000238
15117  -12.013  -71.925  -27.858 0.5000000000
15888  -12.450  -70.671  -26.899 0.6000000238
16591  -12.741  -70.470  -26.934 0.6000000238
14239  -12.659  -72.910  -28.711 0.5000000000
15118  -12.754  -72.482  -27.605 0.5000000000
13374  -14.820  -74.858  -28.825 0.5000000000
12573  -15.325  -75.734  -28.764 0.6000000238
10988  -14.821  -77.606  -27.672 0.6000000238
11007  -14.589  -77.559  -28.539 0.5000000000
14241  -14.208  -73.881  -28.111 0.6000000238
14232  -13.479  -72.979  -27.229 0.5000000000
11793  -15.549  -76.440  -28.541 0.5000000000
11756  -13.803  -77.125  -25.281 0.6000000238
11757  -14.652  -77.144  -25.819 0.6000000238
12519  -13.261  -75.960  -23.946 0.6000000238
8244  -31.494  -81.962  -39.971 0.3000000119
108830  -31.047  -79.836  -39.932 0.3000000119
8883  -31.299  -80.608  -38.247 0.3000000119
10354  -30.516  -78.638  -40.384 0.3000000119
9551  -31.129  -80.392  -37.119 0.3000000119
8239  -31.162  -81.338  -37.779 0.3000000119
8242  -31.348  -81.562  -38.843 0.3000000119
6916  -17.703  -83.374  -34.557 0.4000000060
9563  -14.722  -79.753  -38.154 0.5000000000
9583  -14.303  -79.554  -41.069 0.5000000000
16652  -12.210  -70.560  -33.444 0.5000000000
6257  -17.403  -84.387  -34.696 0.4000000060
6908  -17.371  -83.182  -33.654 0.5000000000
9507  -16.777  -79.713  -32.345 0.5000000000
11054  -14.656  -77.440  -33.450 0.5000000000
11073  -15.419  -78.063  -33.720 0.5000000000
11097  -13.546  -77.201  -36.410 0.5000000000
122294  -13.704  -77.709  -37.003 0.5000000000
107015  -14.616  -78.485  -36.165 0.5000000000
9573  -13.507  -79.450  -40.389 0.5000000000
8888  -31.338  -80.768  -39.581 0.3000000119
111983  -30.621  -79.036  -38.263 0.3000000119
9559  -31.111  -79.812  -37.859 0.3000000119
102979  -30.628  -79.191  -39.546 0.3000000119
20351  -21.266  -65.623  -21.424 0.3000000119
5603  -16.285  -85.286  -34.698 0.5000000000
5604  -17.111  -85.188  -34.903 0.5000000000
5619  -16.731  -85.788  -35.322 0.5000000000
5658  -19.551  -85.575  -39.545 0.5000000000
6243  -16.294  -84.372  -33.786 0.5000000000
6244  -17.119  -84.002  -33.980 0.4000000060
6255  -15.703  -84.891  -34.252 0.5000000000
6258  -33.759  -85.530  -34.689 0.3000000119
6305  -20.738  -84.841  -37.247 0.6000000238
6938  -30.231  -83.982  -37.399 0.3000000119
6947  -24.480  -81.906  -38.383 0.5000000000
6959  -30.864  -83.455  -38.340 0.3000000119
6976  -24.884  -81.370  -39.897 0.5000000000
6978  -32.671  -82.668  -40.403 0.3000000119
7531  -15.278  -82.019  -31.483 0.4000000060
7573  -20.446  -82.310  -35.502 0.6999999881
7574  -22.424  -82.085  -35.935 0.6999999881
8159  -16.388  -81.038  -31.603 0.5000000000
8191  -23.727  -81.023  -34.329 0.6999999881
8202  -17.636  -81.154  -34.341 0.5000000000
8204  -20.096  -80.824  -34.852 0.6000000238
8205  -20.783  -81.099  -34.671 0.6000000238
8229  -29.435  -81.581  -35.748 0.4000000060
8803  -21.898  -79.526  -32.057 0.5000000000
8805  -23.494  -79.947  -31.981 0.4000000060
8819  -16.792  -80.438  -31.921 0.5000000000
8820  -17.277  -80.819  -32.617 0.5000000000
8821  -21.302  -79.904  -32.586 0.6000000238
8839  -17.108  -80.145  -33.202 0.5000000000
8848  -26.350  -80.536  -33.405 0.4000000060
8868  -19.145  -80.810  -35.749 0.6000000238
9492  -21.819  -79.091  -31.910 0.4000000060
9496  -25.643  -79.474  -32.022 0.4000000060
9511  -27.272  -79.416  -33.011 0.3000000119
9523  -20.242  -79.272  -33.240 0.5000000000
9533  -19.738  -79.747  -34.431 0.6000000238
9534  -28.677  -79.838  -33.967 0.3000000119
9540  -15.982  -79.481  -35.010 0.5000000000
9543  -30.335  -79.154  -35.675 0.3000000119
9548  -16.270  -80.088  -36.416 0.5000000000
9555  -15.820  -79.924  -37.818 0.6000000238
9569  -31.159  -79.839  -38.837 0.3000000119
9576  -18.527  -80.363  -39.358 0.6000000238
9597  -16.769  -79.562  -42.609 0.6000000238
9605  -16.763  -79.212  -43.710 0.6000000238
9607  -18.537  -79.341  -43.338 0.6000000238
9612  -18.991  -78.728  -44.079 0.6000000238
10254  -24.812  -78.204  -30.877 0.4000000060
10268  -24.077  -78.904  -31.232 0.4000000060
10280  -16.283  -78.853  -32.107 0.5000000000
10282  -21.530  -78.677  -32.298 0.5000000000
10296  -19.840  -79.211  -33.880 0.5000000000
10310  -14.953  -77.779  -34.281 0.5000000000
10324  -20.389  -78.445  -35.509 0.5000000000
10328  -14.480  -78.853  -37.104 0.5000000000
10338  -20.198  -79.040  -37.965 0.5000000000
10365  -13.841  -78.683  -42.698 0.6999999881
10369  -22.020  -77.913  -42.315 0.6000000238
10373  -15.426  -78.767  -43.671 0.6999999881
10376  -21.156  -77.848  -43.949 0.6000000238
10377  -16.210  -78.357  -43.996 0.6999999881
10378  -16.909  -78.784  -44.093 0.6000000238
10955  -14.829  -77.427  -26.729 0.6000000238
11008  -15.444  -77.105  -28.215 0.5000000000
11057  -21.572  -77.656  -33.665 0.5000000000
11086  -14.062  -77.354  -35.569 0.5000000000
11099  -20.786  -78.187  -36.379 0.5000000000
11101  -22.507  -77.085  -36.432 0.5000000000
11120  -18.011  -77.213  -39.716 0.6000000238
11121  -18.711  -77.229  -39.811 0.6000000238
11122  -19.493  -77.021  -40.273 0.5000000000
11134  -23.048  -76.776  -42.453 0.6000000238
11136  -11.964  -77.523  -41.383 0.5000000000
11149  -18.822  -77.881  -44.042 0.6000000238
11154  -17.148  -78.159  -44.114 0.6000000238
11156  -19.107  -78.246  -44.192 0.6000000238
11709  -14.198  -76.240  -23.699 0.5000000000
11711  -16.139  -76.063  -24.059 0.6000000238
11731  -13.707  -76.561  -24.502 0.6000000238
11733  -15.605  -76.485  -24.697 0.6000000238
11759  -16.673  -76.113  -25.704 0.6999999881
11769  -15.601  -76.919  -26.224 0.6000000238
11783  -16.053  -76.488  -27.794 0.6999999881
11819  -25.662  -76.083  -30.603 0.4000000060
11841  -23.850  -76.352  -33.814 0.5000000000
11852  -18.722  -76.347  -34.878 0.6000000238
11853  -19.209  -76.116  -34.898 0.5000000000
11855  -24.141  -76.236  -34.700 0.5000000000
11865  -16.912  -76.333  -36.041 0.6000000238
11883  -18.560  -76.532  -36.604 0.6000000238
11891  -16.316  -76.305  -37.312 0.6000000238
11894  -19.083  -76.419  -37.477 0.6000000238
11905  -23.688  -76.370  -38.832 0.5000000000
11906  -23.847  -76.161  -39.288 0.5000000000
11920  -17.208  -76.553  -41.236 0.6000000238
11921  -20.395  -76.608  -41.559 0.6000000238
11922  -21.352  -76.055  -42.720 0.6000000238
11923  -22.005  -75.681  -43.139 0.6000000238
11931  -15.817  -76.138  -42.295 0.6999999881
11933  -22.292  -76.217  -43.544 0.6000000238
12488  -14.082  -75.327  -22.186 0.6000000238
12502  -12.800  -75.279  -23.582 0.5000000000
12506  -16.305  -75.340  -23.638 0.6000000238
12559  -16.364  -75.940  -27.281 0.6999999881
12620  -25.032  -75.002  -30.968 0.4000000060
12630  -18.132  -75.114  -32.942 0.6000000238
12631  -18.880  -74.992  -32.992 0.6000000238
12633  -24.458  -75.860  -31.715 0.5000000000
12643  -19.255  -75.378  -33.682 0.6000000238
12650  -16.611  -75.428  -34.626 0.6000000238
12652  -18.292  -76.117  -34.169 0.6000000238
12653  -19.500  -75.480  -34.572 0.6000000238
12662  -17.103  -76.034  -34.914 0.6000000238
12680  -24.142  -75.922  -37.532 0.5000000000
12690  -15.188  -75.324  -37.559 0.6000000238
12691  -15.702  -75.876  -37.178 0.6000000238
12711  -23.441  -75.599  -41.021 0.6000000238
13312  -13.278  -74.612  -21.895 0.5000000000
13313  -14.817  -75.025  -21.724 0.6000000238
13332  -16.489  -74.673  -24.152 0.6000000238
13356  -16.462  -75.376  -25.913 0.6000000238
13364  -15.801  -75.132  -27.336 0.6999999881
13373  -14.024  -74.277  -29.144 0.5000000000
13420  -24.161  -74.750  -33.069 0.5000000000
13430  -17.455  -75.016  -33.067 0.6000000238
13458  -15.934  -75.038  -35.088 0.6000000238
13488  -14.900  -74.747  -37.069 0.6000000238
13501  -20.128  -74.740  -38.966 0.5000000000
13529  -22.975  -74.095  -40.751 0.5000000000
14137  -15.735  -73.070  -20.585 0.6999999881
14142  -12.816  -73.303  -21.570 0.6000000238
14143  -13.419  -73.969  -21.375 0.6000000238
14145  -15.874  -73.735  -20.954 0.6999999881
14147  -17.325  -73.394  -21.726 0.6999999881
14154  -12.227  -73.440  -22.158 0.5000000000
14156  -16.853  -73.860  -22.106 0.6000000238
14186  -16.068  -72.965  -24.741 0.5000000000
14188  -17.091  -73.207  -24.093 0.6000000238
14308  -16.273  -74.079  -33.808 0.6000000238
14359  -23.451  -73.917  -37.451 0.4000000060
14397  -13.928  -73.275  -40.292 0.6000000238
15023  -15.619  -72.273  -20.433 0.6999999881
15024  -16.454  -72.665  -20.593 0.6000000238
15036  -17.055  -73.130  -20.992 0.6000000238
15050  -11.814  -72.544  -22.334 0.4000000060
15052  -17.874  -73.066  -23.107 0.6999999881
15101  -14.074  -71.888  -25.412 0.6999999881
15109  -12.997  -71.900  -26.568 0.6999999881
15116  -11.526  -71.354  -28.076 0.5000000000
15142  -15.826  -72.774  -30.391 0.6000000238
15153  -14.575  -72.270  -30.984 0.6000000238
15154  -15.259  -72.623  -31.207 0.6000000238
15165  -14.731  -72.502  -32.598 0.6000000238
15193  -14.572  -72.687  -34.081 0.6000000238
15209  -13.982  -72.061  -35.896 0.5000000000
15221  -14.269  -72.527  -36.541 0.5000000000
15265  -20.143  -72.624  -39.861 0.5000000000
15270  -20.772  -72.774  -40.479 0.5000000000
15817  -14.470  -71.218  -20.441 0.6999999881
15849  -19.793  -71.451  -21.964 0.5000000000
15876  -14.583  -71.839  -25.352 0.6000000238
15882  -12.788  -70.668  -26.592 0.6000000238
15885  -18.733  -72.063  -27.068 0.5000000000
15889  -13.267  -70.484  -27.059 0.6999999881
15891  -14.641  -71.516  -25.811 0.6000000238
15897  -11.877  -70.866  -27.410 0.6000000238
15922  -12.626  -70.750  -30.762 0.6000000238
15966  -13.356  -71.812  -34.531 0.6000000238
16030  -22.815  -71.537  -40.385 0.4000000060
16541  -18.637  -70.790  -20.747 0.5000000000
16542  -19.078  -70.039  -20.764 0.5000000000
16566  -11.493  -70.495  -22.531 0.4000000060
16598  -11.648  -70.188  -28.353 0.5000000000
16599  -12.186  -70.336  -27.584 0.6000000238
16600  -12.633  -70.286  -27.589 0.6000000238
16633  -11.555  -69.638  -31.741 0.6000000238
16719  -22.556  -70.811  -40.355 0.4000000060
17276  -13.812  -69.768  -20.566 0.6000000238
17293  -13.366  -69.384  -21.044 0.6999999881
17303  -21.335  -68.841  -22.733 0.4000000060
17340  -10.724  -69.444  -30.384 0.5000000000
18020  -17.199  -68.368  -20.322 0.4000000060
18032  -20.515  -68.482  -21.353 0.4000000060
18041  -21.025  -68.727  -21.887 0.4000000060
18775  -20.118  -67.013  -20.871 0.4000000060
18785  -16.288  -67.372  -20.910 0.5000000000
18788  -21.295  -67.158  -21.909 0.4000000060
18795  -13.099  -67.680  -23.248 0.4000000060
18796  -13.822  -67.429  -22.842 0.4000000060
18798  -15.157  -67.102  -21.960 0.4000000060
18806  -12.682  -67.090  -24.141 0.3000000119
19522  -16.845  -67.001  -20.842 0.5000000000
19525  -19.505  -66.386  -20.549 0.4000000060
19534  -21.410  -66.224  -21.902 0.4000000060
19537  -14.387  -66.480  -22.678 0.4000000060
19538  -14.908  -66.734  -22.221 0.4000000060
19548  -21.558  -66.691  -23.304 0.4000000060
20380  -12.492  -65.231  -24.262 0.3000000119
20382  -21.753  -65.659  -23.394 0.3000000119
21300  -14.790  -64.383  -21.653 0.3000000119
22296  -9.884  -63.566  -26.539 0.3000000119
22297  -10.196  -63.656  -26.570 0.3000000119
23238  -8.847  -62.194  -22.469 0.4000000060
23257  -11.533  -62.468  -24.181 0.3000000119
23272  -9.366  -62.492  -24.455 0.4000000060
24199  -9.808  -62.201  -24.630 0.4000000060
24202  -11.685  -60.687  -24.445 0.3000000119
25010  -8.729  -60.463  -21.508 0.4000000060
25874  -9.281  -58.940  -21.125 0.3000000119
25938  -12.001  -59.126  -25.702 0.3000000119
26766  -10.387  -57.446  -21.271 0.3000000119
26814  -11.559  -57.833  -25.431 0.3000000119
101948  -19.406  -79.692  -42.002 0.6000000238
102791  -16.985  -76.482  -36.714 0.6000000238
105491  -11.390  -68.257  -23.885 0.4000000060
105577  -34.600  -83.401  -37.262 0.3000000119
106001  -18.394  -73.594  -31.201 0.5000000000
106102  -19.501  -85.482  -38.312 0.6000000238
106153  -16.890  -73.621  -23.646 0.6000000238
106664  -24.571  -76.284  -31.168 0.4000000060
107923  -24.705  -81.906  -38.726 0.5000000000
108804  -20.688  -64.738  -20.780 0.3000000119
108838  -13.572  -71.910  -32.706 0.6000000238
109079  -12.377  -71.385  -27.005 0.6000000238
109592  -29.251  -80.285  -34.457 0.3000000119
109607  -14.340  -64.827  -22.167 0.3000000119
110041  -14.050  -71.846  -30.734 0.6999999881
110149  -12.370  -69.365  -22.306 0.5000000000
110694  -21.251  -73.334  -40.846 0.6000000238
111360  -9.907  -57.003  -22.890 0.3000000119
111363  -10.795  -59.678  -24.831 0.3000000119
111485  -23.501  -78.020  -31.306 0.4000000060
111973  -19.481  -67.880  -20.686 0.4000000060
112112  -16.658  -75.889  -25.201 0.6000000238
113301  -14.554  -74.097  -37.411 0.6000000238
113994  -22.335  -72.748  -40.766 0.4000000060
114063  -13.524  -71.740  -35.367 0.5000000000
115599  -15.116  -74.381  -21.143 0.6000000238
115701  -14.105  -70.431  -20.455 0.6000000238
116568  -23.171  -83.110  -38.933 0.5000000000
117363  -21.580  -67.387  -23.517 0.4000000060
117438  -14.011  -71.839  -20.703 0.6000000238
118433  -25.325  -76.725  -30.646 0.4000000060
118599  -20.595  -71.395  -39.935 0.4000000060
118608  -18.009  -85.146  -35.980 0.5000000000
118634  -13.151  -74.564  -40.892 0.6000000238
118901  -16.329  -76.329  -27.032 0.6000000238
119088  -22.829  -76.925  -39.869 0.6000000238
119577  -9.308  -62.908  -21.750 0.3000000119
120272  -12.839  -78.452  -39.223 0.5000000000
120782  -10.640  -63.405  -25.830 0.3000000119
121027  -27.483  -78.209  -32.573 0.4000000060
121525  -14.131  -79.671  -38.606 0.5000000000
121626  -11.020  -71.709  -23.072 0.5000000000
122281  -18.489  -72.223  -25.668 0.5000000000
122290  -12.680  -71.333  -33.459 0.6000000238
122488  -14.944  -71.552  -26.606 0.6999999881
122671  -23.318  -73.407  -39.789 0.4000000060
122719  -10.530  -61.975  -24.775 0.3000000119
122733  -15.962  -76.164  -38.818 0.5000000000
122749  -19.804  -67.502  -20.775 0.4000000060
122754  -15.252  -73.704  -34.748 0.6000000238
123030  -14.877  -75.185  -41.610 0.6000000238
123258  -11.063  -70.869  -22.762 0.4000000060
123758  -16.585  -73.012  -29.899 0.6999999881
