#!ascii label  , from subject sub-v2s16x51244_ses-1 vox2ras=TkReg
633
40154  28.443  -39.998  48.637 0.0000000000
51983  44.673  -27.461  36.840 0.0000000000
51040  53.968  -28.262  37.367 0.0000000000
46644  41.861  -33.007  47.243 0.0000000000
36261  32.832  -44.523  45.173 0.0000000000
35284  31.579  -44.279  49.032 0.0000000000
53804  49.410  -25.668  38.072 0.0000000000
52871  48.294  -25.824  43.344 0.0000000000
44932  37.915  -36.038  47.058 0.0000000000
36243  36.189  -45.161  46.267 0.0000000000
49352  57.465  -29.631  29.245 0.0000000000
107832  54.068  -27.981  32.445 0.0000000000
47482  39.966  -32.545  41.808 0.0000000000
50948  43.901  -28.567  43.920 0.0000000000
39124  31.291  -41.577  48.007 0.0000000000
39106  29.908  -41.524  49.018 0.0000000000
52938  46.319  -26.440  37.511 0.0000000000
54580  49.297  -24.537  40.948 0.0000000000
53771  46.020  -25.536  40.480 0.0000000000
40175  40.181  -40.660  45.879 0.0000000000
105023  34.398  -46.428  47.587 0.0000000000
35332  34.648  -45.488  45.701 0.0000000000
34446  35.660  -47.309  47.062 0.0000000000
118671  55.123  -29.161  28.800 0.0000000000
47607  57.678  -32.667  30.282 0.0000000000
49333  55.004  -30.800  30.735 0.0000000000
118389  52.481  -26.260  35.157 0.0000000000
52049  51.854  -26.864  32.276 0.0000000000
51047  55.197  -27.615  34.544 0.0000000000
48390  54.240  -31.865  34.946 0.0000000000
48375  52.977  -31.544  36.274 0.0000000000
45757  40.091  -34.477  47.842 0.0000000000
46667  38.750  -33.861  44.547 0.0000000000
107860  40.651  -31.457  45.894 0.0000000000
49183  41.861  -30.731  43.527 0.0000000000
49141  42.728  -30.613  46.581 0.0000000000
50006  45.187  -28.999  46.090 0.0000000000
47443  43.689  -32.357  46.111 0.0000000000
37127  32.703  -43.805  48.378 0.0000000000
52001  49.435  -27.263  35.416 0.0000000000
112824  52.376  -25.563  37.646 0.0000000000
52915  51.455  -25.887  40.134 0.0000000000
118183  48.949  -27.301  41.524 0.0000000000
108988  36.995  -41.186  46.987 0.0000000000
113223  38.286  -39.057  48.364 0.0000000000
43079  39.816  -37.392  47.830 0.0000000000
44930  41.163  -35.777  47.045 0.0000000000
44943  42.878  -34.687  45.530 0.0000000000
109109  36.743  -42.382  45.382 0.0000000000
37138  38.049  -44.151  46.195 0.0000000000
48479  58.337  -32.276  26.741 0.0000000000
113174  53.663  -28.977  30.499 0.0000000000
48427  53.906  -31.929  33.064 0.0000000000
46786  54.268  -34.289  34.345 0.0000000000
51000  44.418  -28.197  40.589 0.0000000000
52875  45.018  -26.556  43.831 0.0000000000
50018  46.943  -29.605  44.393 0.0000000000
39127  28.455  -41.119  49.268 0.0000000000
39107  29.238  -40.901  49.241 0.0000000000
38077  29.122  -41.354  49.175 0.0000000000
52939  45.582  -26.548  37.799 0.0000000000
116536  46.120  -25.739  39.007 0.0000000000
52928  44.994  -26.744  39.002 0.0000000000
34447  34.971  -46.851  47.422 0.0000000000
114228  54.163  -29.101  28.533 0.0000000000
49342  55.439  -30.191  30.143 0.0000000000
50202  54.546  -29.578  29.392 0.0000000000
52944  54.123  -26.139  36.280 0.0000000000
52961  54.226  -26.313  35.299 0.0000000000
51039  54.513  -28.110  36.509 0.0000000000
49276  54.639  -29.989  35.740 0.0000000000
116742  41.195  -33.499  47.442 0.0000000000
47447  39.992  -32.791  47.109 0.0000000000
48275  41.213  -31.970  47.057 0.0000000000
109066  41.358  -31.043  46.297 0.0000000000
47435  42.486  -31.879  46.825 0.0000000000
48284  43.266  -31.645  46.540 0.0000000000
47444  42.943  -32.362  46.648 0.0000000000
38086  32.335  -42.923  47.934 0.0000000000
37116  32.374  -44.126  48.876 0.0000000000
35282  33.186  -45.563  48.843 0.0000000000
52949  48.402  -26.854  36.562 0.0000000000
52002  48.462  -27.552  35.329 0.0000000000
52948  49.286  -26.847  36.278 0.0000000000
52947  51.107  -26.301  36.157 0.0000000000
53803  51.143  -25.376  38.083 0.0000000000
52914  51.989  -25.652  39.452 0.0000000000
111821  50.719  -25.041  39.194 0.0000000000
54558  48.474  -24.745  42.407 0.0000000000
53761  49.937  -25.555  41.737 0.0000000000
52885  48.969  -26.526  42.694 0.0000000000
50978  47.851  -27.962  42.502 0.0000000000
50957  47.953  -27.921  43.281 0.0000000000
38085  38.085  -42.200  47.019 0.0000000000
40151  37.740  -40.628  47.448 0.0000000000
114428  38.897  -41.610  47.428 0.0000000000
41203  40.538  -39.883  47.022 0.0000000000
43998  40.748  -36.502  47.117 0.0000000000
35331  35.524  -45.492  46.166 0.0000000000
37168  35.713  -43.872  44.274 0.0000000000
37167  36.219  -43.541  44.888 0.0000000000
38113  37.134  -43.095  46.098 0.0000000000
36242  36.962  -44.962  46.597 0.0000000000
117027  56.290  -28.108  28.457 0.0000000000
49351  58.203  -30.580  28.216 0.0000000000
100623  56.555  -33.364  31.617 0.0000000000
51067  53.739  -27.046  32.555 0.0000000000
52061  51.917  -27.106  31.473 0.0000000000
51068  53.322  -27.419  31.835 0.0000000000
51098  52.489  -28.046  30.483 0.0000000000
120871  53.775  -28.268  31.748 0.0000000000
49325  54.006  -30.255  31.757 0.0000000000
114173  54.030  -30.221  32.461 0.0000000000
48391  53.584  -32.483  35.383 0.0000000000
47535  53.774  -32.650  34.855 0.0000000000
43098  37.285  -37.489  47.052 0.0000000000
109050  37.741  -36.210  45.146 0.0000000000
47470  39.416  -32.704  43.918 0.0000000000
45810  38.295  -34.183  43.036 0.0000000000
49182  42.941  -29.761  43.669 0.0000000000
49194  42.690  -30.560  42.153 0.0000000000
50047  43.646  -29.539  42.267 0.0000000000
50074  43.795  -29.470  40.317 0.0000000000
119664  44.145  -28.516  42.546 0.0000000000
51944  44.748  -27.267  41.855 0.0000000000
50947  44.525  -27.756  44.674 0.0000000000
48294  45.706  -31.199  45.000 0.0000000000
50923  46.197  -28.838  45.588 0.0000000000
49169  46.316  -30.844  44.655 0.0000000000
49181  47.057  -30.523  43.734 0.0000000000
38088  30.827  -41.965  48.796 0.0000000000
37118  31.149  -43.573  48.987 0.0000000000
36220  30.867  -44.205  48.742 0.0000000000
37129  29.984  -43.153  48.612 0.0000000000
53806  47.597  -26.152  37.762 0.0000000000
53779  49.213  -24.865  39.433 0.0000000000
101350  48.100  -25.176  39.271 0.0000000000
53770  46.869  -24.896  40.862 0.0000000000
53762  46.714  -24.800  41.962 0.0000000000
36260  33.536  -45.136  45.810 0.0000000000
105635  33.465  -44.804  44.777 0.0000000000
35322  34.418  -45.768  46.636 0.0000000000
35321  35.257  -46.159  46.888 0.0000000000
35320  36.383  -46.029  46.803 0.0000000000
35308  37.019  -45.881  46.667 0.0000000000
33590  36.605  -47.506  45.867 0.0000000000
50233  56.257  -28.514  28.890 0.0000000000
48472  57.898  -30.980  29.308 0.0000000000
49341  56.979  -30.001  30.171 0.0000000000
48463  56.408  -30.733  30.661 0.0000000000
47598  55.504  -32.408  31.774 0.0000000000
52035  50.806  -27.249  33.903 0.0000000000
52034  52.017  -26.702  33.290 0.0000000000
52032  54.882  -26.695  33.841 0.0000000000
51056  54.784  -27.487  33.158 0.0000000000
50168  54.832  -29.842  34.125 0.0000000000
116386  54.982  -29.637  34.867 0.0000000000
49291  53.873  -31.797  35.799 0.0000000000
104713  39.217  -35.206  47.954 0.0000000000
45788  38.464  -34.766  45.818 0.0000000000
46653  39.201  -33.953  47.274 0.0000000000
47464  39.459  -32.655  45.003 0.0000000000
47469  40.039  -32.112  43.684 0.0000000000
48322  40.976  -31.710  42.602 0.0000000000
48306  41.185  -31.126  44.021 0.0000000000
49170  42.241  -29.952  45.301 0.0000000000
50008  43.450  -29.050  45.715 0.0000000000
50926  44.276  -28.714  45.945 0.0000000000
49995  43.853  -29.801  46.185 0.0000000000
49155  44.547  -31.162  45.838 0.0000000000
47452  44.990  -32.274  44.890 0.0000000000
38115  31.860  -42.116  46.099 0.0000000000
38114  32.266  -42.894  46.644 0.0000000000
36245  33.057  -44.638  46.399 0.0000000000
36218  33.536  -45.488  48.363 0.0000000000
34430  33.626  -46.861  48.421 0.0000000000
52000  50.449  -26.890  35.310 0.0000000000
52963  52.392  -25.870  35.902 0.0000000000
51975  53.247  -26.525  38.136 0.0000000000
51981  52.815  -27.473  38.710 0.0000000000
51976  51.599  -27.452  39.536 0.0000000000
51969  50.275  -27.248  40.437 0.0000000000
54578  50.524  -24.875  40.317 0.0000000000
51956  50.255  -26.735  41.103 0.0000000000
115480  36.541  -39.981  45.653 0.0000000000
41232  36.742  -39.429  46.296 0.0000000000
42209  37.600  -39.072  47.561 0.0000000000
43082  37.931  -37.815  48.525 0.0000000000
40148  39.951  -40.525  47.443 0.0000000000
42199  39.205  -38.235  48.232 0.0000000000
107442  38.566  -36.905  48.322 0.0000000000
43983  39.727  -35.899  47.873 0.0000000000
44915  40.760  -35.167  47.476 0.0000000000
44914  41.367  -34.688  47.174 0.0000000000
45775  42.786  -33.554  46.412 0.0000000000
44944  42.206  -35.297  46.028 0.0000000000
39156  37.078  -41.966  46.342 0.0000000000
38099  37.723  -42.876  46.497 0.0000000000
101893  38.297  -43.406  46.296 0.0000000000
36229  37.885  -45.285  46.127 0.0000000000
36228  38.186  -44.668  45.988 0.0000000000
49363  58.264  -30.509  26.306 0.0000000000
51115  53.443  -29.106  29.206 0.0000000000
50191  54.012  -29.814  30.696 0.0000000000
114475  54.695  -31.511  31.688 0.0000000000
47584  54.518  -32.356  32.556 0.0000000000
49302  54.063  -31.430  33.734 0.0000000000
47549  54.223  -33.438  34.215 0.0000000000
45949  54.897  -35.042  34.072 0.0000000000
45799  38.110  -35.253  43.993 0.0000000000
51023  43.894  -28.845  38.737 0.0000000000
51977  44.566  -27.493  38.736 0.0000000000
52906  45.053  -26.796  40.855 0.0000000000
52887  45.567  -25.893  42.598 0.0000000000
107557  46.199  -25.876  44.239 0.0000000000
51892  45.288  -27.719  45.838 0.0000000000
51907  46.528  -27.229  45.247 0.0000000000
51906  47.290  -27.443  44.717 0.0000000000
50033  47.335  -29.390  43.840 0.0000000000
46656  43.453  -33.410  45.845 0.0000000000
105503  44.400  -33.171  44.947 0.0000000000
39109  28.240  -40.542  49.335 0.0000000000
40139  28.771  -40.493  49.265 0.0000000000
39108  28.725  -40.854  49.372 0.0000000000
52940  45.015  -26.902  37.301 0.0000000000
52927  45.507  -26.316  38.571 0.0000000000
115291  44.985  -26.824  38.171 0.0000000000
51988  54.256  -27.039  36.862 0.0000000000
51999  54.642  -26.925  35.894 0.0000000000
50130  54.146  -29.288  37.006 0.0000000000
50115  53.405  -29.308  37.601 0.0000000000
47437  41.389  -32.646  47.261 0.0000000000
48274  41.874  -31.903  46.976 0.0000000000
47436  42.042  -32.396  47.074 0.0000000000
47445  42.364  -32.598  46.947 0.0000000000
37117  31.745  -43.769  48.969 0.0000000000
37128  32.009  -43.311  48.705 0.0000000000
36211  32.081  -44.388  49.049 0.0000000000
35296  31.737  -45.739  48.801 0.0000000000
52935  49.103  -26.386  37.214 0.0000000000
112553  50.135  -26.339  36.714 0.0000000000
52934  50.225  -25.778  37.594 0.0000000000
111021  50.465  -25.308  38.433 0.0000000000
53750  47.917  -24.866  43.038 0.0000000000
53749  48.796  -25.379  42.744 0.0000000000
52886  48.418  -26.924  43.411 0.0000000000
38097  38.496  -42.641  46.565 0.0000000000
39121  38.426  -41.921  47.189 0.0000000000
39141  39.007  -42.130  46.753 0.0000000000
36258  35.543  -44.632  45.131 0.0000000000
36257  36.156  -44.312  45.504 0.0000000000
37153  36.707  -43.884  45.904 0.0000000000
101030  57.071  -28.865  28.979 0.0000000000
50232  56.964  -28.675  28.260 0.0000000000
50215  57.653  -29.522  28.249 0.0000000000
52060  52.808  -26.904  31.950 0.0000000000
50184  54.124  -29.269  32.279 0.0000000000
47536  52.565  -32.654  34.941 0.0000000000
120456  53.424  -32.878  34.933 0.0000000000
44012  37.739  -36.826  47.490 0.0000000000
114391  37.609  -36.490  45.637 0.0000000000
44946  37.836  -36.054  45.978 0.0000000000
47476  39.698  -32.489  43.165 0.0000000000
101112  39.190  -33.019  42.175 0.0000000000
50034  43.458  -29.321  43.233 0.0000000000
49193  43.107  -29.987  42.652 0.0000000000
50960  43.881  -28.842  42.813 0.0000000000
50959  44.305  -28.092  43.291 0.0000000000
48305  45.621  -31.921  44.567 0.0000000000
48304  46.218  -31.638  44.232 0.0000000000
48312  46.649  -32.147  43.543 0.0000000000
39125  30.493  -41.194  48.518 0.0000000000
38075  30.429  -42.295  48.919 0.0000000000
37119  30.555  -42.934  48.950 0.0000000000
38076  29.734  -42.234  48.978 0.0000000000
52952  45.671  -26.731  36.985 0.0000000000
51993  45.837  -27.079  36.166 0.0000000000
52951  46.542  -26.724  36.780 0.0000000000
52937  47.133  -26.448  37.327 0.0000000000
53792  47.618  -25.705  38.430 0.0000000000
52925  46.907  -26.076  37.945 0.0000000000
115584  45.874  -25.756  39.741 0.0000000000
107409  46.555  -25.401  39.867 0.0000000000
54582  47.448  -24.604  41.612 0.0000000000
109874  46.178  -25.316  41.250 0.0000000000
36244  33.793  -45.554  47.234 0.0000000000
101099  35.899  -46.406  46.938 0.0000000000
34445  36.398  -47.000  46.697 0.0000000000
51150  55.063  -28.585  28.277 0.0000000000
50216  56.236  -29.256  29.527 0.0000000000
48453  55.725  -31.484  31.181 0.0000000000
120496  54.793  -31.116  31.175 0.0000000000
52016  51.986  -26.561  34.365 0.0000000000
52014  54.956  -26.776  34.899 0.0000000000
114983  54.299  -26.442  34.464 0.0000000000
121287  55.145  -27.503  33.846 0.0000000000
112635  55.159  -28.557  34.082 0.0000000000
50155  55.123  -28.840  35.183 0.0000000000
50144  54.157  -30.162  36.591 0.0000000000
105927  54.026  -30.965  36.157 0.0000000000
111281  52.719  -32.121  35.627 0.0000000000
45758  39.674  -34.682  47.865 0.0000000000
45767  39.208  -34.632  47.721 0.0000000000
46647  39.618  -34.125  47.761 0.0000000000
47446  40.418  -32.043  46.658 0.0000000000
47455  39.656  -32.638  46.093 0.0000000000
47454  39.976  -32.009  45.493 0.0000000000
47463  39.832  -32.186  44.514 0.0000000000
48307  40.456  -31.611  44.576 0.0000000000
49142  42.075  -30.784  46.576 0.0000000000
49157  41.772  -30.480  45.814 0.0000000000
49156  42.473  -30.101  46.253 0.0000000000
115377  42.815  -29.568  45.834 0.0000000000
49996  43.254  -29.802  46.313 0.0000000000
119914  43.766  -31.795  46.183 0.0000000000
48283  43.925  -31.250  46.186 0.0000000000
48296  44.336  -31.886  45.742 0.0000000000
47453  44.398  -32.664  45.312 0.0000000000
39158  30.975  -40.769  46.148 0.0000000000
39142  31.487  -41.381  46.753 0.0000000000
37140  32.685  -43.760  47.191 0.0000000000
36231  33.258  -44.568  47.849 0.0000000000
52018  49.075  -27.650  34.489 0.0000000000
52933  51.318  -25.745  37.290 0.0000000000
52946  52.299  -25.691  36.841 0.0000000000
52932  53.148  -25.730  37.526 0.0000000000
52923  52.758  -25.764  38.307 0.0000000000
51967  51.972  -26.478  39.614 0.0000000000
51968  51.275  -26.872  40.116 0.0000000000
51009  50.745  -27.684  39.711 0.0000000000
54589  48.649  -24.679  40.117 0.0000000000
54588  49.751  -24.648  40.251 0.0000000000
51941  49.820  -26.511  41.713 0.0000000000
52895  50.449  -25.933  41.266 0.0000000000
108701  49.500  -27.171  41.175 0.0000000000
40176  36.830  -40.881  45.992 0.0000000000
40166  36.906  -40.307  46.645 0.0000000000
40138  38.110  -39.828  47.763 0.0000000000
41205  37.689  -39.799  47.476 0.0000000000
41197  38.185  -39.103  48.025 0.0000000000
42208  37.988  -38.567  48.154 0.0000000000
42201  37.954  -38.568  48.806 0.0000000000
39120  39.652  -41.470  47.010 0.0000000000
40165  40.234  -40.697  46.581 0.0000000000
107230  40.375  -38.988  47.326 0.0000000000
114014  40.053  -38.315  47.788 0.0000000000
43080  38.881  -37.469  48.289 0.0000000000
102244  39.310  -36.636  48.013 0.0000000000
105443  39.910  -36.533  47.719 0.0000000000
44011  41.212  -36.761  46.649 0.0000000000
110549  40.616  -35.857  47.411 0.0000000000
44929  41.782  -35.048  46.659 0.0000000000
44010  41.611  -36.011  46.416 0.0000000000
35340  34.132  -44.996  44.652 0.0000000000
38139  36.372  -42.787  44.587 0.0000000000
109613  36.437  -41.961  44.390 0.0000000000
39179  36.356  -41.188  44.340 0.0000000000
104784  36.643  -41.472  45.242 0.0000000000
37139  37.517  -43.992  46.355 0.0000000000
117297  37.994  -43.485  46.410 0.0000000000
38098  38.054  -42.775  46.647 0.0000000000
36230  37.542  -45.602  46.444 0.0000000000
37152  38.853  -44.260  45.629 0.0000000000
49359  58.308  -30.456  27.260 0.0000000000
117691  58.545  -31.378  26.420 0.0000000000
48462  57.781  -31.945  29.873 0.0000000000
120182  51.027  -27.110  32.997 0.0000000000
52050  50.635  -27.276  32.383 0.0000000000
106702  53.243  -28.172  30.990 0.0000000000
51097  53.133  -28.631  30.111 0.0000000000
51116  52.544  -28.444  29.560 0.0000000000
106345  53.823  -29.451  29.917 0.0000000000
48442  54.118  -31.273  32.123 0.0000000000
104296  54.390  -30.842  34.301 0.0000000000
115070  53.738  -33.409  34.582 0.0000000000
120612  53.802  -33.013  34.521 0.0000000000
46785  54.827  -34.264  34.060 0.0000000000
109528  38.678  -34.229  45.209 0.0000000000
44959  38.334  -34.932  44.749 0.0000000000
120820  38.548  -34.392  44.592 0.0000000000
48313  41.407  -31.286  43.027 0.0000000000
49203  42.853  -30.729  41.281 0.0000000000
50057  44.149  -28.901  40.974 0.0000000000
51013  44.015  -28.836  39.562 0.0000000000
50073  44.179  -28.731  40.233 0.0000000000
110254  44.177  -28.246  38.983 0.0000000000
51012  44.400  -28.060  39.698 0.0000000000
120640  44.723  -27.291  39.484 0.0000000000
51958  44.654  -27.612  40.982 0.0000000000
52888  45.081  -26.496  42.765 0.0000000000
104011  45.665  -25.877  43.571 0.0000000000
53752  46.137  -25.359  42.903 0.0000000000
50937  44.693  -27.956  45.724 0.0000000000
50925  44.892  -28.425  46.078 0.0000000000
50936  46.757  -28.775  45.143 0.0000000000
51891  46.184  -27.892  45.627 0.0000000000
104969  46.908  -27.930  45.181 0.0000000000
50935  47.268  -28.586  44.569 0.0000000000
50946  47.687  -28.256  43.989 0.0000000000
49191  47.374  -30.906  43.135 0.0000000000
45787  42.496  -34.431  46.242 0.0000000000
45786  43.235  -33.971  45.718 0.0000000000
39126  29.817  -40.882  48.914 0.0000000000
52926  46.165  -26.110  38.208 0.0000000000
52916  45.445  -26.175  39.358 0.0000000000
34436  34.322  -47.234  47.869 0.0000000000
33578  34.893  -47.834  47.283 0.0000000000
49334  54.394  -30.133  30.320 0.0000000000
52962  53.422  -25.927  35.661 0.0000000000
52015  53.325  -26.301  34.752 0.0000000000
51044  54.980  -27.851  35.544 0.0000000000
50143  54.691  -29.118  36.160 0.0000000000
46645  40.550  -34.039  47.722 0.0000000000
46646  40.122  -33.916  47.836 0.0000000000
103110  40.696  -33.345  47.526 0.0000000000
113564  40.689  -32.634  47.298 0.0000000000
48298  41.058  -31.539  46.683 0.0000000000
48286  41.679  -31.414  46.806 0.0000000000
48285  42.289  -31.288  46.775 0.0000000000
107599  42.834  -31.216  46.730 0.0000000000
38100  31.980  -42.079  47.404 0.0000000000
36219  33.031  -44.686  48.695 0.0000000000
36210  32.587  -44.916  48.982 0.0000000000
51991  47.914  -27.292  36.043 0.0000000000
51990  48.713  -27.245  35.936 0.0000000000
52964  50.025  -26.682  35.915 0.0000000000
53802  52.029  -25.361  38.219 0.0000000000
53788  52.326  -25.546  38.854 0.0000000000
53789  51.534  -25.227  38.925 0.0000000000
53777  51.160  -25.171  39.826 0.0000000000
54568  48.915  -24.582  41.738 0.0000000000
54567  49.790  -24.840  41.534 0.0000000000
53748  49.380  -24.995  42.215 0.0000000000
52884  49.409  -25.953  42.209 0.0000000000
51942  49.175  -27.112  42.000 0.0000000000
51943  48.390  -27.553  41.874 0.0000000000
51932  48.542  -27.388  42.643 0.0000000000
50958  47.466  -28.763  42.866 0.0000000000
39123  37.437  -41.175  47.226 0.0000000000
40152  37.242  -40.512  47.178 0.0000000000
39122  37.878  -41.521  47.328 0.0000000000
40150  38.260  -40.951  47.639 0.0000000000
40137  38.379  -39.943  47.969 0.0000000000
41218  40.516  -39.900  46.320 0.0000000000
42206  40.574  -38.019  47.170 0.0000000000
43090  40.363  -36.952  47.304 0.0000000000
43089  40.901  -37.354  46.818 0.0000000000
43097  41.242  -37.588  46.359 0.0000000000
36259  34.882  -44.902  44.853 0.0000000000
37182  36.016  -43.217  44.103 0.0000000000
38127  36.629  -43.150  45.381 0.0000000000
115389  37.698  -44.886  46.235 0.0000000000
50242  57.715  -29.595  27.287 0.0000000000
119837  58.621  -31.340  27.278 0.0000000000
47597  57.270  -32.980  30.898 0.0000000000
52048  53.047  -26.729  32.797 0.0000000000
52068  52.565  -27.428  31.244 0.0000000000
51083  53.961  -29.057  31.253 0.0000000000
49314  54.012  -30.912  32.677 0.0000000000
43106  36.969  -37.558  46.100 0.0000000000
46678  39.059  -33.201  44.510 0.0000000000
46679  38.785  -33.529  43.657 0.0000000000
46691  38.686  -33.534  42.664 0.0000000000
108901  42.513  -30.371  43.079 0.0000000000
49195  42.037  -30.905  42.579 0.0000000000
49202  43.287  -30.162  41.749 0.0000000000
49210  43.381  -30.224  40.833 0.0000000000
50058  43.746  -29.580  41.345 0.0000000000
50046  44.144  -28.913  41.945 0.0000000000
50980  44.403  -28.198  41.427 0.0000000000
107378  44.363  -28.076  42.312 0.0000000000
51933  44.618  -27.266  42.987 0.0000000000
103825  44.664  -27.274  43.934 0.0000000000
108350  45.119  -29.811  45.923 0.0000000000
50005  45.745  -29.355  45.743 0.0000000000
49153  45.749  -30.306  45.367 0.0000000000
50019  46.375  -29.767  45.028 0.0000000000
49168  46.726  -30.468  44.312 0.0000000000
48303  46.827  -31.361  43.826 0.0000000000
39143  30.854  -40.883  47.444 0.0000000000
38074  31.196  -42.900  48.912 0.0000000000
117393  30.597  -43.536  48.802 0.0000000000
52950  47.473  -26.789  36.668 0.0000000000
52936  48.003  -26.476  37.246 0.0000000000
53805  48.383  -25.982  37.873 0.0000000000
53791  48.723  -25.427  38.637 0.0000000000
53780  47.068  -25.429  39.155 0.0000000000
53769  47.512  -24.963  40.006 0.0000000000
54581  48.092  -24.546  41.006 0.0000000000
54569  48.118  -24.506  41.877 0.0000000000
54559  47.591  -24.616  42.359 0.0000000000
53751  46.917  -24.815  42.958 0.0000000000
39140  39.450  -42.062  46.181 0.0000000000
114339  33.970  -45.296  45.396 0.0000000000
115354  36.718  -45.602  46.671 0.0000000000
34435  36.816  -46.421  46.632 0.0000000000
34444  37.084  -46.908  46.346 0.0000000000
117708  57.301  -30.922  30.292 0.0000000000
48452  57.116  -31.762  30.739 0.0000000000
114421  56.518  -32.384  31.201 0.0000000000
47583  55.540  -33.435  32.504 0.0000000000
52033  53.435  -26.492  33.759 0.0000000000
52047  54.071  -26.766  33.182 0.0000000000
50175  54.737  -28.878  33.153 0.0000000000
49290  54.518  -30.754  35.207 0.0000000000
44917  38.632  -35.398  47.637 0.0000000000
44931  38.233  -35.368  46.473 0.0000000000
45777  38.698  -34.620  46.934 0.0000000000
46658  38.873  -34.007  46.232 0.0000000000
46652  39.775  -33.517  47.486 0.0000000000
46657  39.384  -33.327  46.637 0.0000000000
46666  39.073  -33.375  45.456 0.0000000000
47475  40.278  -32.165  42.707 0.0000000000
48314  40.712  -31.663  43.407 0.0000000000
48297  41.092  -30.950  45.211 0.0000000000
49171  41.714  -30.547  44.641 0.0000000000
103605  42.361  -30.172  44.136 0.0000000000
50021  42.803  -29.500  44.844 0.0000000000
50020  43.380  -29.046  44.421 0.0000000000
50938  44.005  -28.407  45.229 0.0000000000
112341  43.915  -29.334  46.100 0.0000000000
50007  44.472  -29.261  46.077 0.0000000000
49140  43.423  -30.640  46.439 0.0000000000
49139  44.332  -30.345  46.081 0.0000000000
49154  45.115  -30.746  45.659 0.0000000000
48295  45.048  -31.541  45.306 0.0000000000
37169  32.325  -43.708  44.714 0.0000000000
37155  32.074  -42.931  45.435 0.0000000000
37154  32.456  -43.830  45.833 0.0000000000
35309  34.011  -46.326  48.219 0.0000000000
35295  33.603  -46.132  48.644 0.0000000000
52017  50.896  -26.987  34.679 0.0000000000
115286  51.491  -26.508  35.242 0.0000000000
52945  53.371  -25.702  36.589 0.0000000000
51989  53.860  -26.181  37.242 0.0000000000
51029  53.731  -27.269  37.701 0.0000000000
51030  53.194  -28.313  38.071 0.0000000000
119350  53.317  -27.410  38.216 0.0000000000
51019  51.918  -27.990  39.006 0.0000000000
52924  52.635  -26.274  38.990 0.0000000000
112659  52.299  -27.141  39.281 0.0000000000
53790  49.792  -25.133  38.882 0.0000000000
53768  50.834  -25.360  40.685 0.0000000000
53760  50.342  -25.255  41.267 0.0000000000
51955  50.899  -26.383  40.737 0.0000000000
41244  36.353  -39.160  45.345 0.0000000000
42220  36.684  -38.494  45.949 0.0000000000
41219  37.129  -39.711  47.086 0.0000000000
42215  36.972  -38.852  46.953 0.0000000000
43099  36.967  -38.113  46.774 0.0000000000
44000  37.750  -37.498  47.817 0.0000000000
43986  38.004  -36.988  48.322 0.0000000000
40149  39.081  -40.912  47.929 0.0000000000
110846  39.275  -39.931  48.060 0.0000000000
41196  38.577  -39.101  48.434 0.0000000000
42200  38.424  -38.293  48.667 0.0000000000
112922  38.175  -37.190  48.613 0.0000000000
43985  38.455  -36.598  48.247 0.0000000000
44902  38.852  -35.846  48.098 0.0000000000
44901  39.395  -35.455  47.941 0.0000000000
44900  39.887  -35.097  47.851 0.0000000000
43999  40.266  -36.188  47.552 0.0000000000
44916  40.238  -35.496  47.686 0.0000000000
45766  40.374  -34.756  47.722 0.0000000000
45765  40.973  -34.310  47.537 0.0000000000
45764  41.609  -33.770  47.233 0.0000000000
46651  42.247  -33.285  46.981 0.0000000000
45776  42.037  -34.098  46.833 0.0000000000
44021  41.949  -36.144  45.742 0.0000000000
36274  34.465  -44.514  43.884 0.0000000000
40188  36.405  -40.592  44.938 0.0000000000
118232  37.602  -41.963  46.984 0.0000000000
37136  38.631  -43.232  46.093 0.0000000000
37137  38.510  -43.919  45.991 0.0000000000
41207  27.641  -39.766  48.349 0.0000000000
49366  58.017  -30.564  25.345 0.0000000000
48454  54.330  -30.696  31.192 0.0000000000
103353  54.301  -30.211  33.243 0.0000000000
48407  54.001  -32.479  34.244 0.0000000000
47567  54.218  -32.728  33.506 0.0000000000
47566  54.794  -33.462  33.414 0.0000000000
45959  55.495  -35.729  33.474 0.0000000000
51034  44.178  -28.028  37.319 0.0000000000
44945  38.088  -35.512  45.404 0.0000000000
105118  37.921  -35.729  44.511 0.0000000000
50092  43.697  -29.581  39.339 0.0000000000
103905  43.817  -28.807  37.873 0.0000000000
51022  44.175  -28.095  38.222 0.0000000000
51982  44.597  -27.418  37.738 0.0000000000
52917  45.044  -26.761  39.854 0.0000000000
52905  45.455  -26.134  40.214 0.0000000000
52897  45.287  -26.316  41.830 0.0000000000
52896  45.560  -25.889  41.080 0.0000000000
118958  46.413  -25.038  42.489 0.0000000000
53742  46.512  -25.411  43.648 0.0000000000
53741  47.383  -25.321  43.622 0.0000000000
51909  45.044  -27.305  45.440 0.0000000000
51921  45.027  -26.856  44.780 0.0000000000
50924  45.593  -28.470  45.949 0.0000000000
51908  45.688  -26.986  45.322 0.0000000000
52862  46.505  -26.469  44.819 0.0000000000
52861  47.368  -26.630  44.430 0.0000000000
52872  47.800  -26.270  43.931 0.0000000000
51920  47.930  -27.261  44.055 0.0000000000
110057  47.609  -28.813  43.442 0.0000000000
50044  47.237  -29.727  43.192 0.0000000000
118651  47.104  -30.151  43.502 0.0000000000
113031  42.723  -32.912  46.723 0.0000000000
46650  43.288  -32.946  46.309 0.0000000000
46655  43.901  -33.050  45.637 0.0000000000
45797  43.630  -34.203  45.014 0.0000000000
45785  43.964  -33.569  45.117 0.0000000000
34424  33.265  -46.260  48.757 0.0000000000
35283  32.021  -45.001  49.082 0.0000000000
41204  40.078  -39.716  47.625 0.0000000000
42207  39.666  -39.063  48.037 0.0000000000
43081  38.177  -37.653  48.792 0.0000000000
43091  37.501  -38.228  47.587 0.0000000000
43105  37.476  -36.754  46.358 0.0000000000
43984  39.040  -36.178  48.110 0.0000000000
47438  40.301  -33.242  47.549 0.0000000000
50251  57.663  -29.806  26.266 0.0000000000
51970  44.697  -27.467  40.242 0.0000000000
52873  46.948  -25.881  44.209 0.0000000000
52874  45.630  -26.326  44.523 0.0000000000
53763  45.931  -25.500  41.995 0.0000000000
53778  50.273  -24.827  39.680 0.0000000000
53793  46.742  -25.784  38.532 0.0000000000
54579  50.200  -24.795  40.893 0.0000000000
113261  38.251  -36.274  47.990 0.0000000000
114538  39.646  -32.611  42.568 0.0000000000
119571  38.172  -38.879  48.929 0.0000000000
119797  49.367  -26.602  42.133 0.0000000000
