#!ascii label  , from subject sub-v2s16x51244_ses-1 vox2ras=TkReg
1338
45135  50.542  -36.648  30.868 0.0000000000
38175  38.262  -42.282  40.737 0.0000000000
36298  26.216  -44.700  41.357 0.0000000000
119944  23.610  -46.310  46.245 0.0000000000
32715  33.580  -49.068  45.371 0.0000000000
36378  30.484  -44.839  36.305 0.0000000000
43227  46.563  -37.534  34.952 0.0000000000
48489  57.072  -32.340  24.859 0.0000000000
108485  48.195  -32.354  41.339 0.0000000000
44150  41.343  -35.964  36.724 0.0000000000
42364  34.904  -38.883  31.484 0.0000000000
37157  28.532  -43.227  45.377 0.0000000000
37193  23.852  -43.439  43.274 0.0000000000
106191  25.889  -42.222  47.080 0.0000000000
34465  29.366  -47.229  43.221 0.0000000000
118521  48.910  -28.232  39.771 0.0000000000
38096  38.981  -42.666  46.097 0.0000000000
41230  40.911  -39.203  45.672 0.0000000000
44982  42.489  -35.639  42.823 0.0000000000
42266  39.681  -38.643  39.447 0.0000000000
43232  38.421  -37.393  34.129 0.0000000000
40287  36.452  -40.690  36.612 0.0000000000
36412  25.415  -44.390  34.848 0.0000000000
38277  27.192  -41.968  31.600 0.0000000000
46007  52.862  -34.594  28.978 0.0000000000
48494  50.588  -31.372  25.837 0.0000000000
121064  23.008  -44.178  37.913 0.0000000000
35379  20.463  -45.411  40.502 0.0000000000
35348  36.923  -45.981  42.948 0.0000000000
36340  35.225  -44.119  38.507 0.0000000000
34503  32.305  -46.925  40.472 0.0000000000
34547  27.939  -46.704  38.963 0.0000000000
45979  46.408  -34.463  31.931 0.0000000000
36199  24.298  -44.548  50.298 0.0000000000
33552  24.571  -48.611  49.827 0.0000000000
46805  56.498  -34.471  32.296 0.0000000000
48408  51.519  -32.389  34.306 0.0000000000
48379  47.870  -31.069  35.241 0.0000000000
45905  48.497  -34.749  37.650 0.0000000000
43168  49.155  -37.619  38.650 0.0000000000
48305  45.621  -31.921  44.567 0.0000000000
45872  45.585  -34.543  40.071 0.0000000000
42301  44.369  -38.276  36.394 0.0000000000
41377  41.288  -39.212  34.065 0.0000000000
38251  32.265  -42.380  33.371 0.0000000000
38089  28.858  -41.900  48.771 0.0000000000
38118  26.866  -42.278  45.618 0.0000000000
39145  26.837  -41.398  48.254 0.0000000000
37141  29.504  -43.562  47.361 0.0000000000
38138  39.871  -42.669  43.986 0.0000000000
40198  40.266  -40.900  43.579 0.0000000000
41271  40.361  -39.145  41.965 0.0000000000
40238  38.739  -40.670  40.118 0.0000000000
41318  38.064  -40.057  38.178 0.0000000000
39245  37.572  -41.695  38.749 0.0000000000
36415  22.906  -44.728  34.892 0.0000000000
37321  24.211  -43.991  33.058 0.0000000000
44206  51.640  -36.879  30.603 0.0000000000
46009  50.308  -34.479  28.741 0.0000000000
44217  49.165  -36.851  29.290 0.0000000000
36328  25.252  -44.996  39.895 0.0000000000
112991  21.968  -44.407  39.182 0.0000000000
36313  23.071  -44.338  40.608 0.0000000000
35335  23.322  -45.191  44.932 0.0000000000
35344  21.671  -45.565  43.220 0.0000000000
34456  22.529  -46.529  44.965 0.0000000000
33583  23.275  -48.482  46.258 0.0000000000
34443  37.638  -46.518  45.953 0.0000000000
34464  35.288  -47.778  43.381 0.0000000000
34487  34.688  -46.796  41.827 0.0000000000
33633  33.002  -48.330  42.650 0.0000000000
35350  28.218  -46.077  42.557 0.0000000000
33659  28.825  -47.361  41.037 0.0000000000
35376  27.152  -46.020  40.594 0.0000000000
35416  25.846  -45.323  38.039 0.0000000000
44186  45.919  -35.822  33.950 0.0000000000
44193  45.363  -36.421  32.178 0.0000000000
42338  44.983  -38.618  33.682 0.0000000000
34407  22.407  -47.438  50.673 0.0000000000
111766  50.138  -31.457  34.381 0.0000000000
49261  51.424  -30.364  36.860 0.0000000000
50072  46.706  -29.450  40.703 0.0000000000
48344  46.446  -31.505  38.259 0.0000000000
47506  48.063  -33.236  39.266 0.0000000000
45036  49.140  -36.256  38.267 0.0000000000
45870  48.619  -34.908  39.593 0.0000000000
45009  41.905  -35.381  40.116 0.0000000000
45841  43.416  -34.585  41.468 0.0000000000
45892  43.153  -34.483  38.189 0.0000000000
44128  44.976  -36.141  37.354 0.0000000000
44168  43.413  -36.135  35.648 0.0000000000
41357  43.096  -38.719  35.513 0.0000000000
44180  41.647  -36.799  34.379 0.0000000000
100238  38.779  -38.532  32.229 0.0000000000
36357  32.668  -44.659  37.348 0.0000000000
38214  33.989  -42.944  35.970 0.0000000000
99979  31.386  -43.776  35.172 0.0000000000
39347  29.077  -41.210  30.061 0.0000000000
50275  57.741  -30.270  22.436 0.0000000000
48510  55.515  -31.286  23.490 0.0000000000
115306  27.660  -43.805  43.098 0.0000000000
37208  25.350  -43.302  42.374 0.0000000000
38144  25.899  -42.629  43.777 0.0000000000
38120  25.136  -42.805  45.202 0.0000000000
36248  24.452  -44.246  45.870 0.0000000000
33570  32.312  -47.341  48.186 0.0000000000
32730  31.015  -48.540  44.830 0.0000000000
34438  30.623  -46.570  46.618 0.0000000000
36262  29.418  -44.975  44.859 0.0000000000
51032  51.258  -28.651  38.528 0.0000000000
50958  47.466  -28.763  42.866 0.0000000000
44046  41.718  -36.981  44.336 0.0000000000
44072  41.032  -36.937  40.908 0.0000000000
43170  40.394  -37.300  38.645 0.0000000000
44152  39.973  -36.683  35.889 0.0000000000
43184  38.854  -37.960  37.028 0.0000000000
42318  36.863  -38.750  35.435 0.0000000000
41380  35.871  -39.610  34.438 0.0000000000
101842  28.161  -44.909  35.023 0.0000000000
37303  29.226  -43.622  33.820 0.0000000000
37305  26.663  -43.693  33.446 0.0000000000
46842  53.937  -33.612  27.579 0.0000000000
48481  53.013  -31.875  26.044 0.0000000000
47614  51.856  -32.840  28.107 0.0000000000
36301  22.374  -44.341  41.652 0.0000000000
36256  38.918  -44.809  45.239 0.0000000000
36294  37.563  -44.454  41.816 0.0000000000
37234  36.643  -43.719  39.441 0.0000000000
36308  35.757  -45.017  40.082 0.0000000000
35391  33.436  -45.740  39.567 0.0000000000
35411  31.542  -45.722  38.241 0.0000000000
33646  30.678  -48.110  41.416 0.0000000000
34526  30.230  -46.985  39.225 0.0000000000
35435  29.260  -45.915  37.331 0.0000000000
35438  26.902  -45.918  36.863 0.0000000000
101506  24.620  -44.287  36.171 0.0000000000
45978  47.887  -34.832  31.037 0.0000000000
44211  47.669  -37.399  30.023 0.0000000000
44201  46.270  -36.594  30.955 0.0000000000
37120  24.320  -43.080  48.696 0.0000000000
108059  24.633  -45.689  47.876 0.0000000000
107779  25.437  -46.810  50.352 0.0000000000
33571  24.566  -48.261  48.005 0.0000000000
46828  57.319  -34.021  28.721 0.0000000000
45141  55.444  -36.307  31.023 0.0000000000
45133  53.005  -37.083  32.046 0.0000000000
46806  50.809  -34.565  31.844 0.0000000000
47570  49.520  -32.435  32.450 0.0000000000
47556  46.689  -32.840  33.344 0.0000000000
45928  46.914  -34.066  34.966 0.0000000000
120269  48.336  -30.056  37.161 0.0000000000
48366  46.441  -31.696  36.305 0.0000000000
44166  48.044  -36.160  35.991 0.0000000000
43194  49.715  -37.645  37.271 0.0000000000
41326  50.123  -39.328  38.094 0.0000000000
111152  47.572  -32.632  42.675 0.0000000000
45796  44.381  -33.847  44.428 0.0000000000
45820  45.944  -34.150  42.452 0.0000000000
105275  47.932  -34.685  40.866 0.0000000000
45038  46.796  -35.928  39.182 0.0000000000
43181  46.290  -37.711  37.747 0.0000000000
109326  39.906  -37.503  33.350 0.0000000000
38205  35.709  -42.716  37.503 0.0000000000
39298  34.986  -41.527  35.289 0.0000000000
40332  34.300  -40.547  33.250 0.0000000000
38264  30.737  -42.398  32.602 0.0000000000
40350  32.037  -40.904  31.448 0.0000000000
39144  27.461  -41.622  48.044 0.0000000000
39128  27.639  -40.820  49.136 0.0000000000
38153  38.741  -42.739  42.115 0.0000000000
39178  40.196  -41.764  43.925 0.0000000000
39199  39.328  -41.390  42.172 0.0000000000
40220  39.421  -40.613  41.651 0.0000000000
39215  38.459  -41.595  40.493 0.0000000000
39229  38.106  -41.364  39.519 0.0000000000
39216  37.945  -42.119  40.066 0.0000000000
44200  51.293  -36.902  30.885 0.0000000000
45153  50.516  -36.601  29.665 0.0000000000
44209  49.437  -37.029  29.896 0.0000000000
36310  25.851  -45.065  40.597 0.0000000000
36330  23.439  -44.460  40.043 0.0000000000
36299  25.411  -44.324  41.173 0.0000000000
115237  23.608  -45.705  45.804 0.0000000000
108317  22.708  -45.584  44.487 0.0000000000
34449  23.263  -46.608  45.857 0.0000000000
110504  22.872  -47.499  45.657 0.0000000000
34441  23.390  -47.538  46.255 0.0000000000
33579  34.065  -48.177  47.434 0.0000000000
33592  35.296  -48.307  46.509 0.0000000000
33607  36.074  -47.945  45.098 0.0000000000
106399  34.857  -48.556  44.599 0.0000000000
33632  33.911  -48.000  42.682 0.0000000000
32737  33.292  -49.025  44.229 0.0000000000
36297  26.940  -45.137  41.771 0.0000000000
35362  27.398  -46.007  41.367 0.0000000000
35363  26.678  -45.481  41.025 0.0000000000
35378  25.982  -45.419  39.837 0.0000000000
44178  46.159  -36.700  34.559 0.0000000000
44179  45.460  -36.793  33.783 0.0000000000
43228  45.776  -37.554  34.343 0.0000000000
49259  53.474  -30.093  37.184 0.0000000000
49278  52.114  -30.974  36.525 0.0000000000
118264  52.799  -29.906  37.512 0.0000000000
49208  47.372  -31.174  41.083 0.0000000000
120832  46.873  -31.306  40.086 0.0000000000
47496  48.448  -33.059  40.059 0.0000000000
104138  48.561  -34.413  39.784 0.0000000000
46712  48.533  -34.062  40.108 0.0000000000
44112  41.348  -35.926  38.648 0.0000000000
45040  42.510  -34.697  38.602 0.0000000000
45057  42.068  -35.378  37.098 0.0000000000
45070  43.377  -35.281  36.732 0.0000000000
45072  42.038  -35.670  36.098 0.0000000000
44169  42.844  -36.459  35.065 0.0000000000
105991  41.392  -36.072  35.751 0.0000000000
36358  31.220  -44.820  36.645 0.0000000000
37260  31.867  -44.009  35.784 0.0000000000
36398  31.148  -44.376  35.893 0.0000000000
49370  57.203  -31.299  23.711 0.0000000000
48499  56.334  -31.947  24.117 0.0000000000
37171  27.951  -43.042  44.436 0.0000000000
38143  26.705  -42.823  43.587 0.0000000000
38130  27.389  -42.538  44.885 0.0000000000
39160  26.384  -42.167  46.728 0.0000000000
101098  26.222  -42.355  45.380 0.0000000000
38105  25.427  -42.735  46.459 0.0000000000
37158  24.772  -43.354  45.552 0.0000000000
37143  24.913  -43.570  46.556 0.0000000000
35296  31.737  -45.739  48.801 0.0000000000
34437  31.417  -47.274  47.453 0.0000000000
34433  31.025  -46.009  47.904 0.0000000000
37156  29.179  -43.804  46.081 0.0000000000
36246  29.454  -44.494  45.667 0.0000000000
36247  29.008  -44.058  45.082 0.0000000000
36263  28.814  -44.399  44.254 0.0000000000
41231  40.520  -39.937  45.768 0.0000000000
42213  40.985  -38.247  46.529 0.0000000000
43097  41.242  -37.588  46.359 0.0000000000
44036  41.759  -36.963  45.396 0.0000000000
43111  41.437  -37.706  44.958 0.0000000000
42248  40.091  -39.020  41.115 0.0000000000
42247  40.544  -38.478  41.549 0.0000000000
43145  40.172  -38.117  39.906 0.0000000000
43155  40.493  -37.400  39.524 0.0000000000
43156  40.015  -37.974  39.054 0.0000000000
43183  39.590  -37.587  37.389 0.0000000000
42277  39.467  -38.469  38.614 0.0000000000
40286  37.057  -40.047  36.879 0.0000000000
41344  37.397  -39.276  36.649 0.0000000000
41345  36.731  -39.816  36.277 0.0000000000
41379  36.366  -39.113  34.763 0.0000000000
40308  36.124  -40.278  35.797 0.0000000000
36400  26.820  -45.292  35.162 0.0000000000
107715  27.787  -44.621  34.425 0.0000000000
37292  26.462  -44.316  34.013 0.0000000000
46831  53.361  -33.970  28.269 0.0000000000
46843  52.884  -33.176  27.849 0.0000000000
113111  52.372  -33.720  28.421 0.0000000000
46834  49.472  -33.629  28.569 0.0000000000
36384  22.590  -44.497  36.684 0.0000000000
36363  21.683  -44.720  37.837 0.0000000000
37209  24.517  -43.192  42.837 0.0000000000
37210  23.768  -43.534  42.433 0.0000000000
36289  23.184  -43.858  42.825 0.0000000000
34468  21.418  -46.415  43.513 0.0000000000
34480  20.994  -45.966  42.607 0.0000000000
34462  37.115  -46.536  43.770 0.0000000000
35330  38.194  -45.958  45.546 0.0000000000
35347  37.725  -45.414  43.290 0.0000000000
36282  38.623  -44.228  43.320 0.0000000000
36284  37.269  -45.202  42.282 0.0000000000
36295  36.845  -44.921  41.352 0.0000000000
35358  36.348  -45.677  41.840 0.0000000000
34502  33.568  -46.658  40.865 0.0000000000
35374  33.689  -46.161  40.302 0.0000000000
35375  32.895  -46.307  39.948 0.0000000000
35410  32.389  -45.528  38.523 0.0000000000
34524  32.100  -46.483  39.674 0.0000000000
33609  30.427  -48.102  44.473 0.0000000000
32744  31.192  -48.743  43.342 0.0000000000
33635  29.822  -48.010  42.634 0.0000000000
34528  28.255  -46.978  39.836 0.0000000000
34506  28.937  -47.370  40.354 0.0000000000
117526  28.598  -46.991  39.044 0.0000000000
34545  29.370  -46.787  38.628 0.0000000000
35436  28.452  -46.324  37.685 0.0000000000
102006  27.734  -46.195  37.286 0.0000000000
35437  27.120  -46.092  37.827 0.0000000000
105958  24.547  -44.578  37.876 0.0000000000
36359  25.244  -44.838  37.501 0.0000000000
36360  24.316  -44.303  37.011 0.0000000000
111427  47.030  -34.606  31.380 0.0000000000
45136  47.460  -35.713  30.887 0.0000000000
45137  46.560  -35.542  31.421 0.0000000000
43263  44.561  -37.780  31.290 0.0000000000
105064  24.165  -43.957  48.976 0.0000000000
109834  24.396  -44.172  48.253 0.0000000000
36205  24.411  -44.898  49.469 0.0000000000
105500  24.954  -48.111  51.396 0.0000000000
33541  25.082  -48.021  50.541 0.0000000000
34426  25.065  -47.226  48.862 0.0000000000
32667  24.556  -48.815  49.100 0.0000000000
110909  24.136  -48.758  47.639 0.0000000000
32673  23.996  -49.327  48.785 0.0000000000
47622  57.732  -33.265  27.088 0.0000000000
45989  57.099  -35.087  31.178 0.0000000000
45130  56.424  -35.899  31.904 0.0000000000
45132  54.040  -37.061  32.212 0.0000000000
45115  54.867  -36.521  32.966 0.0000000000
47550  52.991  -33.367  34.601 0.0000000000
46797  52.923  -34.857  33.708 0.0000000000
47568  51.393  -33.232  33.152 0.0000000000
47585  49.976  -32.900  32.061 0.0000000000
47569  50.456  -32.687  32.715 0.0000000000
48378  48.986  -31.019  35.132 0.0000000000
48411  48.595  -31.608  33.779 0.0000000000
120232  46.899  -31.963  34.206 0.0000000000
46772  46.516  -33.391  33.885 0.0000000000
47537  46.557  -32.167  34.816 0.0000000000
113226  50.276  -28.213  39.266 0.0000000000
50118  50.504  -29.171  38.053 0.0000000000
50104  48.370  -29.165  38.563 0.0000000000
47517  46.745  -32.408  37.734 0.0000000000
48355  46.378  -31.585  37.160 0.0000000000
105057  47.845  -34.020  37.273 0.0000000000
46751  47.729  -34.374  36.680 0.0000000000
45918  48.415  -35.105  36.936 0.0000000000
44165  48.570  -36.730  36.454 0.0000000000
45067  48.903  -35.957  37.571 0.0000000000
44108  49.122  -36.689  38.626 0.0000000000
43166  49.862  -37.694  38.024 0.0000000000
42274  49.477  -38.485  38.516 0.0000000000
42275  48.771  -38.564  38.639 0.0000000000
48312  46.649  -32.147  43.543 0.0000000000
44970  42.550  -35.565  44.267 0.0000000000
45797  43.630  -34.203  45.014 0.0000000000
44969  43.136  -35.152  43.659 0.0000000000
45856  44.523  -34.161  40.155 0.0000000000
45839  45.135  -34.254  41.782 0.0000000000
103675  45.318  -34.210  40.909 0.0000000000
45819  47.018  -34.124  42.106 0.0000000000
45855  46.472  -34.590  40.943 0.0000000000
45007  48.082  -35.167  40.398 0.0000000000
45024  46.262  -35.259  39.604 0.0000000000
120781  45.051  -36.875  36.999 0.0000000000
44147  45.688  -36.962  37.508 0.0000000000
43195  45.430  -37.579  37.149 0.0000000000
41327  46.230  -39.165  38.039 0.0000000000
42300  45.066  -38.841  37.132 0.0000000000
41340  44.431  -39.344  36.843 0.0000000000
41376  41.897  -38.838  34.457 0.0000000000
110792  42.292  -39.854  35.413 0.0000000000
43216  39.243  -37.039  35.472 0.0000000000
44172  40.084  -36.739  34.842 0.0000000000
43245  39.144  -37.456  33.431 0.0000000000
41396  39.364  -39.195  32.500 0.0000000000
37235  35.960  -44.021  38.986 0.0000000000
38199  36.021  -43.060  38.147 0.0000000000
37248  35.239  -43.472  37.829 0.0000000000
38228  33.714  -42.591  35.115 0.0000000000
38227  34.537  -42.313  35.608 0.0000000000
39308  33.859  -42.049  34.381 0.0000000000
39318  34.013  -41.367  33.769 0.0000000000
39324  33.472  -41.048  32.824 0.0000000000
38255  28.585  -43.163  33.223 0.0000000000
38254  29.603  -43.018  33.246 0.0000000000
38275  29.073  -42.138  31.994 0.0000000000
39346  30.560  -41.228  31.031 0.0000000000
40357  32.161  -40.390  30.635 0.0000000000
48493  52.169  -31.480  26.009 0.0000000000
48502  52.921  -30.972  24.846 0.0000000000
43272  47.237  -37.364  29.103 0.0000000000
38102  28.441  -42.442  47.529 0.0000000000
38117  27.564  -42.408  45.884 0.0000000000
38103  27.778  -42.239  47.146 0.0000000000
39146  26.163  -41.389  48.343 0.0000000000
38101  29.189  -42.765  48.146 0.0000000000
114995  39.570  -42.979  45.353 0.0000000000
39140  39.450  -42.062  46.181 0.0000000000
38125  39.885  -42.297  45.189 0.0000000000
40187  40.466  -40.980  44.781 0.0000000000
40197  40.643  -40.543  44.168 0.0000000000
42231  40.930  -38.743  43.857 0.0000000000
41260  40.202  -39.721  42.465 0.0000000000
41272  39.779  -39.799  41.607 0.0000000000
41299  39.440  -39.364  39.803 0.0000000000
41317  38.601  -39.589  38.560 0.0000000000
40263  38.362  -40.192  38.804 0.0000000000
40264  37.893  -40.818  38.623 0.0000000000
39260  37.242  -41.309  37.951 0.0000000000
37279  24.127  -44.143  34.765 0.0000000000
37307  24.897  -43.826  33.642 0.0000000000
36423  23.565  -44.400  33.598 0.0000000000
111123  52.131  -36.449  30.142 0.0000000000
46008  51.179  -34.508  28.871 0.0000000000
46002  50.873  -35.553  29.243 0.0000000000
45157  50.089  -35.769  29.035 0.0000000000
36345  24.238  -44.561  38.551 0.0000000000
36347  22.353  -44.319  38.424 0.0000000000
110344  22.815  -44.369  39.369 0.0000000000
106788  22.742  -44.390  40.143 0.0000000000
36314  22.330  -44.409  40.769 0.0000000000
36265  23.603  -44.379  44.572 0.0000000000
36279  22.712  -44.454  43.256 0.0000000000
36266  23.022  -44.811  44.084 0.0000000000
34467  22.064  -46.002  44.024 0.0000000000
33611  21.953  -48.353  44.901 0.0000000000
33606  36.600  -47.534  44.891 0.0000000000
34475  36.446  -46.755  43.331 0.0000000000
35359  35.556  -46.287  41.846 0.0000000000
34477  34.697  -47.568  42.668 0.0000000000
34478  34.096  -47.366  42.093 0.0000000000
33644  32.502  -47.887  41.860 0.0000000000
34466  28.792  -46.589  42.884 0.0000000000
34479  29.014  -47.336  42.264 0.0000000000
35361  27.951  -46.410  41.903 0.0000000000
34508  27.709  -46.548  40.605 0.0000000000
35394  27.366  -46.305  39.738 0.0000000000
35415  26.508  -45.749  38.445 0.0000000000
35395  26.578  -45.788  39.336 0.0000000000
35396  25.699  -45.328  39.051 0.0000000000
45963  46.075  -34.548  32.679 0.0000000000
45119  45.689  -35.840  32.455 0.0000000000
44187  45.439  -36.179  33.084 0.0000000000
115093  44.910  -37.024  32.825 0.0000000000
33518  24.600  -47.897  52.113 0.0000000000
33543  23.597  -48.084  50.628 0.0000000000
33561  22.840  -48.863  49.179 0.0000000000
101138  22.723  -47.919  49.851 0.0000000000
111281  52.719  -32.121  35.627 0.0000000000
48409  50.668  -31.890  34.070 0.0000000000
48376  51.608  -31.420  35.611 0.0000000000
49279  50.897  -30.694  36.000 0.0000000000
49281  48.540  -30.687  35.809 0.0000000000
50090  47.343  -28.835  39.745 0.0000000000
50105  47.184  -29.364  38.953 0.0000000000
49231  46.447  -30.044  39.078 0.0000000000
47507  47.087  -32.528  38.621 0.0000000000
46745  48.453  -33.949  37.961 0.0000000000
45904  48.613  -35.122  38.133 0.0000000000
45888  48.608  -35.090  38.716 0.0000000000
110552  48.673  -35.420  39.271 0.0000000000
44093  48.769  -35.974  39.308 0.0000000000
44994  41.959  -35.663  41.088 0.0000000000
44981  43.281  -35.068  42.524 0.0000000000
45008  42.579  -34.934  40.712 0.0000000000
118581  43.195  -34.355  39.613 0.0000000000
45891  43.822  -34.434  38.739 0.0000000000
45890  44.657  -34.908  38.541 0.0000000000
45055  43.740  -35.128  37.360 0.0000000000
44149  43.811  -35.862  36.246 0.0000000000
117727  44.043  -37.397  35.922 0.0000000000
42315  43.534  -37.926  35.591 0.0000000000
43215  43.069  -37.263  35.054 0.0000000000
43229  42.402  -37.160  34.570 0.0000000000
42328  41.601  -38.264  33.993 0.0000000000
43233  37.568  -37.666  33.958 0.0000000000
43246  38.201  -37.587  33.265 0.0000000000
43257  37.898  -37.888  32.573 0.0000000000
42360  38.122  -38.683  31.753 0.0000000000
40347  37.789  -40.164  31.326 0.0000000000
36356  33.470  -44.460  37.603 0.0000000000
37249  34.551  -43.558  37.325 0.0000000000
37251  33.100  -44.162  36.882 0.0000000000
37277  32.305  -43.526  35.376 0.0000000000
37289  32.023  -43.258  34.600 0.0000000000
39336  28.630  -41.600  31.243 0.0000000000
39358  27.920  -41.710  29.609 0.0000000000
50262  58.419  -30.274  23.286 0.0000000000
49400  55.383  -30.638  22.839 0.0000000000
49385  54.343  -30.498  23.390 0.0000000000
36288  26.643  -44.100  41.984 0.0000000000
37219  25.866  -43.832  41.712 0.0000000000
37207  26.191  -43.463  42.320 0.0000000000
37190  26.045  -43.023  43.000 0.0000000000
38145  25.264  -42.700  43.935 0.0000000000
38131  26.563  -42.480  44.513 0.0000000000
38132  25.652  -42.531  44.667 0.0000000000
37172  24.561  -43.193  44.671 0.0000000000
36264  24.194  -43.918  45.038 0.0000000000
36249  23.881  -44.761  45.415 0.0000000000
35325  24.115  -45.178  46.231 0.0000000000
33580  33.153  -48.249  47.480 0.0000000000
32716  32.651  -49.063  45.684 0.0000000000
104527  31.533  -48.112  46.758 0.0000000000
100998  30.578  -47.871  45.256 0.0000000000
34448  30.248  -46.851  45.464 0.0000000000
35310  30.317  -45.528  46.778 0.0000000000
109867  29.842  -45.870  45.139 0.0000000000
35333  29.480  -45.785  44.443 0.0000000000
35342  28.654  -45.702  43.245 0.0000000000
36277  28.018  -44.368  43.101 0.0000000000
42314  47.010  -38.393  35.242 0.0000000000
42325  46.178  -38.371  34.669 0.0000000000
41374  46.659  -39.258  34.946 0.0000000000
51030  53.194  -28.313  38.071 0.0000000000
51957  49.183  -27.711  40.416 0.0000000000
50998  47.606  -28.080  41.248 0.0000000000
50056  46.791  -29.453  41.579 0.0000000000
49201  47.205  -30.484  41.947 0.0000000000
44035  42.102  -36.210  44.771 0.0000000000
44045  42.016  -36.171  43.553 0.0000000000
43117  41.015  -38.333  42.947 0.0000000000
43124  41.274  -37.485  42.747 0.0000000000
44071  41.503  -36.385  41.463 0.0000000000
44082  41.403  -36.157  40.538 0.0000000000
44096  40.887  -36.675  39.113 0.0000000000
44130  40.707  -36.473  37.293 0.0000000000
44151  40.670  -36.373  36.324 0.0000000000
44131  40.064  -36.922  36.886 0.0000000000
43197  39.342  -37.274  36.509 0.0000000000
43198  38.575  -37.595  36.142 0.0000000000
42290  38.523  -38.659  37.474 0.0000000000
42302  38.036  -38.411  36.650 0.0000000000
119958  37.294  -38.158  35.392 0.0000000000
42329  36.939  -38.192  34.635 0.0000000000
42331  36.066  -39.180  34.096 0.0000000000
102369  35.254  -39.223  32.937 0.0000000000
36379  29.612  -44.896  35.921 0.0000000000
117447  29.988  -44.370  35.219 0.0000000000
36410  28.650  -44.402  34.496 0.0000000000
104319  28.313  -43.980  33.899 0.0000000000
37318  26.890  -42.956  32.780 0.0000000000
102200  24.982  -43.418  32.905 0.0000000000
37319  25.171  -43.151  32.037 0.0000000000
47634  55.216  -33.222  26.117 0.0000000000
47645  54.642  -32.668  25.639 0.0000000000
111439  54.327  -32.958  26.368 0.0000000000
47636  52.583  -32.111  26.747 0.0000000000
48476  50.971  -31.999  27.312 0.0000000000
46833  50.802  -33.751  28.643 0.0000000000
47627  50.453  -32.319  27.910 0.0000000000
37222  23.740  -43.822  41.641 0.0000000000
36300  23.043  -44.196  41.269 0.0000000000
36302  21.620  -44.644  41.301 0.0000000000
35352  22.063  -44.872  42.864 0.0000000000
35364  21.030  -45.183  41.806 0.0000000000
37152  38.853  -44.260  45.629 0.0000000000
37181  39.218  -43.836  43.979 0.0000000000
37200  38.846  -43.430  42.887 0.0000000000
38165  37.941  -43.267  41.116 0.0000000000
38176  37.809  -42.856  40.495 0.0000000000
37224  37.530  -43.606  40.653 0.0000000000
36325  36.220  -44.367  39.718 0.0000000000
36326  35.321  -44.628  39.291 0.0000000000
35360  34.988  -46.121  41.118 0.0000000000
36309  34.834  -45.282  39.789 0.0000000000
36341  34.588  -44.665  38.735 0.0000000000
36343  32.948  -45.004  38.067 0.0000000000
35432  32.131  -45.194  37.755 0.0000000000
35433  31.215  -45.352  37.410 0.0000000000
117170  31.895  -48.978  43.656 0.0000000000
105728  31.916  -48.584  42.699 0.0000000000
33656  31.337  -47.594  40.756 0.0000000000
33647  29.553  -47.845  41.748 0.0000000000
33657  30.320  -47.771  40.739 0.0000000000
34504  31.556  -46.991  40.067 0.0000000000
34543  31.005  -46.398  38.671 0.0000000000
35412  30.685  -45.965  38.025 0.0000000000
35454  29.870  -45.335  36.720 0.0000000000
35455  28.929  -45.535  36.514 0.0000000000
35469  26.988  -45.698  35.891 0.0000000000
115429  26.013  -45.015  35.457 0.0000000000
113355  26.483  -45.716  37.659 0.0000000000
36381  25.429  -44.751  36.450 0.0000000000
36401  25.089  -44.370  35.593 0.0000000000
36403  23.525  -44.287  35.215 0.0000000000
45991  49.171  -36.226  30.716 0.0000000000
45144  48.948  -36.858  30.277 0.0000000000
45145  48.073  -36.857  30.382 0.0000000000
44202  45.554  -36.781  31.329 0.0000000000
43262  45.178  -37.466  30.873 0.0000000000
41375  45.652  -39.193  34.339 0.0000000000
40156  26.458  -40.005  49.162 0.0000000000
39130  25.903  -40.209  49.261 0.0000000000
38104  25.616  -41.743  48.189 0.0000000000
39131  25.179  -40.755  49.243 0.0000000000
101133  25.236  -42.783  47.470 0.0000000000
37130  24.699  -43.661  47.691 0.0000000000
36222  24.370  -44.826  47.653 0.0000000000
35312  24.225  -45.641  47.198 0.0000000000
100370  24.856  -45.725  50.309 0.0000000000
35273  25.053  -46.316  49.366 0.0000000000
102349  24.745  -46.470  47.965 0.0000000000
34440  23.730  -46.982  46.662 0.0000000000
33582  23.712  -48.145  46.893 0.0000000000
48480  57.856  -32.413  25.740 0.0000000000
106331  56.254  -33.441  26.502 0.0000000000
46841  55.040  -33.894  27.642 0.0000000000
46006  54.023  -34.647  28.883 0.0000000000
46825  57.544  -34.151  29.794 0.0000000000
45998  56.069  -35.301  29.702 0.0000000000
46000  53.656  -35.467  29.544 0.0000000000
45151  53.248  -36.506  30.420 0.0000000000
44199  52.244  -37.031  31.273 0.0000000000
105848  51.272  -36.571  31.321 0.0000000000
45961  53.412  -35.840  33.381 0.0000000000
108641  51.708  -35.844  32.038 0.0000000000
45975  50.670  -35.847  31.385 0.0000000000
45976  49.882  -34.758  31.330 0.0000000000
46809  48.192  -33.932  31.152 0.0000000000
47572  47.472  -32.961  32.002 0.0000000000
47554  49.014  -31.968  33.065 0.0000000000
100681  47.339  -32.545  32.816 0.0000000000
47573  46.800  -33.159  32.574 0.0000000000
45951  46.315  -34.011  33.316 0.0000000000
45098  46.608  -35.161  34.518 0.0000000000
104615  46.592  -35.953  34.780 0.0000000000
50117  51.518  -29.244  37.929 0.0000000000
50133  49.277  -30.055  37.049 0.0000000000
49282  47.474  -30.835  35.940 0.0000000000
49247  46.491  -30.766  37.488 0.0000000000
49265  46.485  -31.160  36.719 0.0000000000
48381  46.599  -31.692  35.502 0.0000000000
46758  47.028  -33.733  35.705 0.0000000000
45086  47.350  -35.534  35.420 0.0000000000
44167  47.105  -36.617  35.287 0.0000000000
43211  48.280  -37.508  36.099 0.0000000000
42312  48.989  -38.232  36.513 0.0000000000
44144  49.661  -37.247  37.712 0.0000000000
41338  50.145  -38.983  37.725 0.0000000000
49191  47.374  -30.906  43.135 0.0000000000
48325  48.228  -32.279  42.030 0.0000000000
101965  45.316  -33.343  43.862 0.0000000000
104450  43.918  -34.556  42.386 0.0000000000
45807  45.563  -33.883  43.173 0.0000000000
46664  45.810  -33.067  43.589 0.0000000000
46688  47.374  -33.646  42.228 0.0000000000
46687  48.040  -33.523  41.815 0.0000000000
46699  48.460  -33.876  41.183 0.0000000000
45853  48.460  -34.617  40.438 0.0000000000
45022  48.516  -35.532  39.821 0.0000000000
44094  48.143  -36.229  39.386 0.0000000000
44111  46.187  -36.181  38.477 0.0000000000
44126  46.579  -36.969  38.174 0.0000000000
43180  47.321  -37.766  38.320 0.0000000000
42276  47.839  -38.645  38.484 0.0000000000
41342  42.984  -39.648  35.850 0.0000000000
40285  43.087  -40.471  36.494 0.0000000000
44171  40.758  -36.421  35.328 0.0000000000
44188  41.088  -37.129  33.924 0.0000000000
42340  41.002  -38.379  33.537 0.0000000000
43255  39.480  -37.742  32.907 0.0000000000
41389  39.981  -38.683  32.874 0.0000000000
38197  37.264  -42.384  38.947 0.0000000000
39246  37.001  -42.075  38.271 0.0000000000
39276  35.954  -41.606  36.658 0.0000000000
38206  34.986  -42.981  37.098 0.0000000000
39277  35.273  -41.961  36.084 0.0000000000
39297  35.695  -41.115  35.960 0.0000000000
40310  35.013  -40.968  34.701 0.0000000000
41391  34.974  -40.044  33.552 0.0000000000
41399  34.554  -39.298  32.137 0.0000000000
114774  30.513  -43.865  34.746 0.0000000000
38253  31.034  -43.069  33.673 0.0000000000
38252  31.383  -42.555  33.123 0.0000000000
107220  29.630  -41.569  31.300 0.0000000000
39326  31.339  -42.038  32.312 0.0000000000
39325  32.628  -41.729  32.764 0.0000000000
40340  32.705  -40.991  32.072 0.0000000000
41407  33.425  -39.730  31.158 0.0000000000
100703  54.229  -31.968  25.058 0.0000000000
49372  53.213  -30.606  24.336 0.0000000000
49387  52.601  -30.113  23.780 0.0000000000
44218  48.564  -37.130  29.418 0.0000000000
39189  39.100  -42.175  42.359 0.0000000000
39200  38.723  -42.012  41.443 0.0000000000
44208  50.393  -36.904  30.312 0.0000000000
36311  24.891  -44.541  40.592 0.0000000000
35336  23.064  -45.892  45.223 0.0000000000
33593  34.396  -48.647  46.560 0.0000000000
32714  34.666  -48.786  45.513 0.0000000000
32728  34.130  -48.872  44.412 0.0000000000
50115  53.405  -29.308  37.601 0.0000000000
48336  47.756  -32.217  40.512 0.0000000000
47486  48.446  -33.139  40.718 0.0000000000
47495  48.572  -33.663  40.278 0.0000000000
44129  41.335  -35.916  37.697 0.0000000000
45041  41.884  -35.197  38.126 0.0000000000
36399  30.392  -44.516  35.740 0.0000000000
48490  55.515  -32.434  24.809 0.0000000000
38129  27.961  -42.711  45.245 0.0000000000
38119  25.760  -42.481  45.818 0.0000000000
35283  32.021  -45.001  49.082 0.0000000000
35297  31.295  -45.011  48.696 0.0000000000
114724  28.527  -43.657  44.535 0.0000000000
41217  40.876  -39.133  46.199 0.0000000000
42219  41.152  -38.391  46.100 0.0000000000
43104  41.451  -37.693  45.904 0.0000000000
42224  41.188  -38.417  45.417 0.0000000000
42256  39.919  -38.851  40.264 0.0000000000
42255  40.361  -38.303  40.737 0.0000000000
40276  37.095  -40.636  37.345 0.0000000000
36411  26.264  -44.768  34.627 0.0000000000
37293  25.642  -44.154  34.143 0.0000000000
34469  20.869  -46.983  43.039 0.0000000000
35339  37.515  -46.040  43.799 0.0000000000
103533  33.096  -46.623  40.538 0.0000000000
33623  30.004  -47.877  43.734 0.0000000000
34546  28.528  -46.637  38.414 0.0000000000
35414  27.820  -46.407  38.145 0.0000000000
102568  23.786  -44.310  37.869 0.0000000000
36361  23.226  -44.181  37.243 0.0000000000
105829  24.042  -42.650  49.496 0.0000000000
37109  24.012  -43.628  49.869 0.0000000000
33542  24.512  -48.316  50.564 0.0000000000
33551  25.049  -48.181  49.513 0.0000000000
32668  23.839  -49.061  49.291 0.0000000000
48475  58.482  -32.082  27.961 0.0000000000
49351  58.203  -30.580  28.216 0.0000000000
108690  56.848  -35.100  31.954 0.0000000000
45958  56.344  -35.445  32.793 0.0000000000
45974  55.838  -36.175  32.795 0.0000000000
45959  55.495  -35.729  33.474 0.0000000000
47551  51.945  -33.005  34.114 0.0000000000
46788  52.394  -33.835  33.847 0.0000000000
47552  50.997  -32.486  33.542 0.0000000000
48395  48.221  -31.338  34.525 0.0000000000
48396  47.154  -31.543  34.778 0.0000000000
51021  49.342  -28.583  39.090 0.0000000000
46746  47.324  -33.299  37.423 0.0000000000
45068  48.684  -35.568  37.243 0.0000000000
45917  48.698  -35.427  37.689 0.0000000000
43167  49.583  -37.642  38.339 0.0000000000
108660  46.091  -32.207  43.920 0.0000000000
120327  42.525  -35.624  43.576 0.0000000000
45871  46.932  -35.106  40.372 0.0000000000
45889  45.306  -34.841  39.261 0.0000000000
43196  44.669  -37.316  36.509 0.0000000000
120282  45.123  -38.103  36.840 0.0000000000
41359  41.819  -39.612  34.842 0.0000000000
43217  38.473  -37.321  35.133 0.0000000000
102427  39.357  -37.153  34.340 0.0000000000
37242  35.766  -43.625  38.437 0.0000000000
38239  33.240  -42.485  34.420 0.0000000000
39309  33.190  -42.034  33.627 0.0000000000
38266  28.370  -42.558  32.490 0.0000000000
112225  29.115  -42.673  32.698 0.0000000000
38276  28.077  -42.020  31.801 0.0000000000
114973  51.277  -31.431  26.155 0.0000000000
38090  28.099  -41.664  48.412 0.0000000000
38126  39.882  -42.927  44.916 0.0000000000
39168  40.072  -42.282  44.593 0.0000000000
102287  39.820  -41.309  43.077 0.0000000000
39177  40.458  -41.193  44.292 0.0000000000
40208  40.452  -40.088  43.298 0.0000000000
40209  39.845  -40.519  42.563 0.0000000000
40237  39.314  -40.282  40.851 0.0000000000
41286  39.640  -39.554  40.619 0.0000000000
41287  39.232  -39.973  40.142 0.0000000000
41300  38.859  -39.934  39.386 0.0000000000
40249  38.396  -40.593  39.287 0.0000000000
36414  23.541  -44.366  34.429 0.0000000000
37308  24.183  -44.071  33.983 0.0000000000
46001  51.760  -35.399  29.410 0.0000000000
45152  51.283  -36.532  29.869 0.0000000000
45154  49.806  -36.698  29.490 0.0000000000
45158  49.347  -36.089  28.846 0.0000000000
103487  24.755  -44.807  39.218 0.0000000000
106160  23.829  -44.517  39.300 0.0000000000
36312  23.855  -44.291  40.778 0.0000000000
36331  22.076  -44.412  39.915 0.0000000000
34457  21.844  -46.869  44.301 0.0000000000
117077  21.723  -47.615  44.440 0.0000000000
33610  22.216  -47.523  45.000 0.0000000000
33597  22.632  -48.475  45.569 0.0000000000
34445  36.398  -47.000  46.697 0.0000000000
33619  35.440  -48.207  44.253 0.0000000000
34463  36.095  -47.569  43.919 0.0000000000
34476  35.557  -47.016  42.743 0.0000000000
33621  33.608  -48.638  43.464 0.0000000000
33643  33.384  -47.594  41.964 0.0000000000
101834  28.449  -46.725  42.244 0.0000000000
35377  26.609  -45.688  40.204 0.0000000000
45107  45.744  -35.354  32.989 0.0000000000
43242  45.176  -37.697  33.646 0.0000000000
42339  44.614  -38.022  32.980 0.0000000000
34395  23.303  -47.614  51.525 0.0000000000
33531  24.323  -48.126  51.231 0.0000000000
49280  49.695  -30.646  35.781 0.0000000000
49262  50.215  -30.296  36.534 0.0000000000
50091  46.729  -29.425  39.828 0.0000000000
48329  46.503  -30.279  40.130 0.0000000000
47497  47.165  -32.124  39.480 0.0000000000
47516  47.640  -33.319  38.337 0.0000000000
46735  48.598  -33.984  38.804 0.0000000000
46734  48.630  -34.603  38.417 0.0000000000
45021  48.525  -35.411  39.708 0.0000000000
45025  42.591  -34.672  39.631 0.0000000000
102515  43.159  -34.375  39.022 0.0000000000
45874  43.785  -34.216  39.589 0.0000000000
45906  43.787  -34.738  37.964 0.0000000000
45087  43.268  -35.606  36.021 0.0000000000
43213  44.025  -36.609  35.985 0.0000000000
43214  43.538  -36.924  35.451 0.0000000000
120174  42.138  -36.474  34.736 0.0000000000
42327  42.196  -38.102  34.454 0.0000000000
43230  41.714  -37.469  34.120 0.0000000000
43234  36.996  -38.090  33.753 0.0000000000
43247  37.433  -37.856  33.144 0.0000000000
43258  37.259  -38.132  32.523 0.0000000000
42361  37.399  -38.905  31.264 0.0000000000
41404  38.007  -39.393  31.457 0.0000000000
41405  37.512  -39.563  31.071 0.0000000000
37259  32.588  -43.881  36.183 0.0000000000
49384  56.826  -31.022  22.986 0.0000000000
37206  26.931  -43.461  42.796 0.0000000000
37191  25.259  -42.888  43.253 0.0000000000
38133  24.992  -42.782  44.415 0.0000000000
34431  32.884  -46.812  48.694 0.0000000000
34424  33.265  -46.260  48.757 0.0000000000
33569  33.081  -47.549  48.200 0.0000000000
33581  32.256  -47.997  47.516 0.0000000000
33594  32.236  -48.698  46.518 0.0000000000
33596  30.863  -47.596  46.258 0.0000000000
36221  30.197  -43.982  48.103 0.0000000000
36232  30.542  -44.890  47.886 0.0000000000
35311  29.830  -44.499  46.771 0.0000000000
35324  29.824  -45.215  45.817 0.0000000000
35334  29.067  -45.291  43.977 0.0000000000
37188  28.188  -43.827  43.740 0.0000000000
36287  27.448  -44.496  42.485 0.0000000000
50997  48.564  -27.542  41.036 0.0000000000
50978  47.851  -27.962  42.502 0.0000000000
50979  47.166  -28.552  42.011 0.0000000000
50045  47.019  -29.552  42.430 0.0000000000
39139  39.866  -41.384  46.071 0.0000000000
44021  41.949  -36.144  45.742 0.0000000000
112658  41.593  -37.005  43.385 0.0000000000
42238  40.723  -39.216  42.957 0.0000000000
117681  40.719  -38.634  42.276 0.0000000000
43133  40.781  -37.743  41.232 0.0000000000
43125  40.960  -37.999  42.063 0.0000000000
43132  41.228  -37.205  41.791 0.0000000000
44058  41.656  -36.593  42.497 0.0000000000
44113  40.783  -36.563  38.214 0.0000000000
43182  40.239  -37.148  37.777 0.0000000000
42278  38.864  -38.904  38.212 0.0000000000
41330  38.260  -39.341  37.852 0.0000000000
41343  37.913  -39.063  37.256 0.0000000000
42303  37.386  -38.592  36.020 0.0000000000
42317  37.843  -37.871  35.764 0.0000000000
42343  36.018  -38.928  33.413 0.0000000000
109405  35.588  -39.539  33.816 0.0000000000
36380  28.533  -45.240  35.724 0.0000000000
100013  29.081  -44.628  35.152 0.0000000000
37291  27.287  -44.236  33.924 0.0000000000
37304  27.593  -43.490  33.398 0.0000000000
37330  25.385  -43.033  31.184 0.0000000000
101614  26.086  -42.860  31.895 0.0000000000
47623  54.866  -33.456  26.920 0.0000000000
47624  53.488  -32.851  27.048 0.0000000000
47625  52.501  -32.576  27.479 0.0000000000
47626  51.778  -32.212  27.425 0.0000000000
46832  51.487  -33.635  28.563 0.0000000000
47616  49.945  -32.807  28.369 0.0000000000
36348  21.473  -44.676  38.657 0.0000000000
37220  25.135  -43.727  41.670 0.0000000000
37221  24.483  -43.511  42.027 0.0000000000
37211  23.043  -43.873  42.028 0.0000000000
35353  21.467  -45.208  42.531 0.0000000000
110778  20.460  -45.984  41.738 0.0000000000
35307  37.378  -46.224  46.490 0.0000000000
35319  37.859  -45.823  46.234 0.0000000000
35329  38.591  -45.399  45.228 0.0000000000
35318  38.335  -45.177  45.814 0.0000000000
37166  39.376  -44.144  44.966 0.0000000000
36271  38.943  -44.529  44.341 0.0000000000
37201  38.202  -43.980  42.300 0.0000000000
37215  38.330  -43.346  41.804 0.0000000000
37216  37.812  -43.811  41.411 0.0000000000
36307  36.537  -44.658  40.501 0.0000000000
35390  34.099  -45.623  39.864 0.0000000000
35373  34.508  -45.839  40.435 0.0000000000
120370  34.706  -44.960  39.237 0.0000000000
36327  34.102  -45.230  39.177 0.0000000000
36342  33.790  -44.826  38.372 0.0000000000
35409  33.225  -45.375  38.816 0.0000000000
32717  31.818  -48.911  45.280 0.0000000000
32729  32.455  -49.083  44.554 0.0000000000
32739  31.490  -48.920  44.238 0.0000000000
33634  30.794  -48.413  42.372 0.0000000000
33645  31.565  -48.103  41.667 0.0000000000
33648  29.031  -47.497  41.507 0.0000000000
108569  29.790  -47.495  40.096 0.0000000000
34505  30.756  -47.323  40.014 0.0000000000
34525  31.266  -46.730  39.414 0.0000000000
34559  29.085  -46.433  37.980 0.0000000000
35413  29.827  -46.254  37.942 0.0000000000
35434  30.249  -45.646  37.395 0.0000000000
35456  27.844  -45.836  36.355 0.0000000000
118361  26.562  -45.418  35.649 0.0000000000
35457  26.338  -45.448  36.205 0.0000000000
36402  24.224  -44.133  35.549 0.0000000000
36382  24.027  -44.065  36.222 0.0000000000
45977  48.905  -35.046  30.996 0.0000000000
45992  48.406  -35.963  30.731 0.0000000000
45146  47.074  -36.581  30.585 0.0000000000
44212  46.811  -37.367  30.162 0.0000000000
45138  45.945  -36.056  31.760 0.0000000000
44203  44.950  -37.118  31.776 0.0000000000
43269  44.778  -38.037  30.359 0.0000000000
120976  26.224  -39.975  49.405 0.0000000000
38091  25.017  -42.257  48.579 0.0000000000
36212  24.495  -45.166  48.494 0.0000000000
34406  25.489  -47.365  50.966 0.0000000000
34393  25.740  -47.206  51.943 0.0000000000
35266  25.513  -46.462  51.351 0.0000000000
33560  24.871  -48.222  48.656 0.0000000000
103145  24.677  -47.430  48.035 0.0000000000
34439  24.226  -46.695  47.320 0.0000000000
33572  24.199  -47.705  47.417 0.0000000000
48488  58.113  -31.412  25.494 0.0000000000
47632  57.350  -33.040  26.231 0.0000000000
48479  58.337  -32.276  26.741 0.0000000000
47613  58.055  -33.257  28.301 0.0000000000
46840  56.473  -33.878  27.524 0.0000000000
46829  55.862  -34.326  28.255 0.0000000000
46830  54.500  -34.199  28.192 0.0000000000
46005  55.288  -34.802  28.848 0.0000000000
48462  57.781  -31.945  29.873 0.0000000000
47596  57.586  -33.579  30.370 0.0000000000
45140  56.391  -35.587  30.720 0.0000000000
45997  57.174  -35.008  30.205 0.0000000000
45149  55.442  -35.764  30.181 0.0000000000
45999  54.814  -35.384  29.486 0.0000000000
45150  54.481  -36.146  30.251 0.0000000000
45142  54.271  -36.859  31.268 0.0000000000
44198  53.167  -37.113  31.422 0.0000000000
45134  52.076  -36.777  31.638 0.0000000000
45960  54.463  -35.878  33.616 0.0000000000
45950  53.993  -35.108  34.204 0.0000000000
46798  51.768  -34.408  32.790 0.0000000000
45962  52.527  -35.561  32.908 0.0000000000
47586  49.220  -32.887  31.717 0.0000000000
47587  48.319  -33.132  31.543 0.0000000000
47588  47.644  -33.477  31.518 0.0000000000
48410  49.643  -31.668  33.763 0.0000000000
47555  47.129  -32.230  33.589 0.0000000000
105121  47.963  -32.000  33.204 0.0000000000
46789  46.466  -33.410  33.125 0.0000000000
118543  46.649  -33.694  34.427 0.0000000000
45941  46.590  -34.257  34.221 0.0000000000
114193  47.040  -34.758  34.999 0.0000000000
51031  52.214  -28.585  38.417 0.0000000000
50119  48.569  -29.649  37.698 0.0000000000
110669  49.712  -29.561  37.655 0.0000000000
49263  48.134  -30.388  36.601 0.0000000000
106857  46.425  -30.614  38.410 0.0000000000
49246  46.775  -30.069  38.211 0.0000000000
47524  46.606  -32.406  36.771 0.0000000000
48365  46.751  -31.224  36.098 0.0000000000
47529  46.572  -32.519  35.729 0.0000000000
45085  48.248  -35.458  36.459 0.0000000000
45927  47.577  -34.755  35.858 0.0000000000
116001  47.880  -36.900  35.805 0.0000000000
119828  49.062  -37.320  36.696 0.0000000000
108000  49.355  -39.070  36.641 0.0000000000
42299  49.867  -38.579  37.254 0.0000000000
45052  48.846  -35.669  38.085 0.0000000000
44125  49.268  -36.417  37.812 0.0000000000
42273  49.970  -38.497  38.141 0.0000000000
108215  47.281  -31.455  43.277 0.0000000000
48319  47.767  -32.011  42.729 0.0000000000
49200  47.714  -31.363  42.490 0.0000000000
47474  48.043  -32.859  42.177 0.0000000000
45785  43.964  -33.569  45.117 0.0000000000
46665  44.705  -33.431  44.393 0.0000000000
45821  44.860  -34.373  42.771 0.0000000000
46676  45.835  -33.450  43.268 0.0000000000
46689  46.445  -33.685  42.624 0.0000000000
46675  46.669  -33.220  42.874 0.0000000000
45837  47.454  -34.514  41.409 0.0000000000
46700  47.946  -34.021  41.667 0.0000000000
45836  48.322  -34.312  41.046 0.0000000000
45835  48.506  -34.201  40.564 0.0000000000
45023  47.532  -35.591  39.821 0.0000000000
45053  45.259  -35.697  38.109 0.0000000000
42286  46.779  -38.553  38.098 0.0000000000
41328  45.934  -39.854  38.252 0.0000000000
41341  43.670  -38.976  36.151 0.0000000000
40306  42.450  -40.439  35.934 0.0000000000
109630  42.551  -40.942  36.496 0.0000000000
43231  40.270  -37.081  33.935 0.0000000000
43244  40.590  -37.650  33.455 0.0000000000
43243  41.232  -37.712  33.732 0.0000000000
43256  38.738  -37.815  32.663 0.0000000000
40331  39.538  -40.151  32.944 0.0000000000
41390  39.926  -39.480  33.042 0.0000000000
37233  37.277  -43.345  39.918 0.0000000000
38187  37.497  -42.637  39.675 0.0000000000
38188  36.941  -43.026  39.219 0.0000000000
38198  36.650  -42.710  38.544 0.0000000000
38204  36.381  -42.414  37.894 0.0000000000
39261  36.690  -41.850  37.720 0.0000000000
39262  36.148  -42.057  37.293 0.0000000000
37258  34.285  -43.281  36.698 0.0000000000
39299  34.366  -42.059  34.941 0.0000000000
40309  35.513  -40.674  35.215 0.0000000000
40325  34.704  -40.810  34.034 0.0000000000
107429  34.597  -39.820  32.887 0.0000000000
40338  34.000  -40.089  32.488 0.0000000000
37290  29.547  -44.085  34.472 0.0000000000
114327  30.493  -42.816  33.206 0.0000000000
38241  31.741  -42.887  33.887 0.0000000000
39348  28.372  -41.463  30.391 0.0000000000
120241  29.097  -41.333  30.669 0.0000000000
40351  31.377  -40.809  30.849 0.0000000000
39335  31.301  -41.411  31.605 0.0000000000
100424  31.960  -42.123  32.716 0.0000000000
40341  32.002  -41.542  32.147 0.0000000000
41417  32.938  -39.929  30.435 0.0000000000
40349  32.745  -40.351  31.297 0.0000000000
51226  58.761  -29.747  22.599 0.0000000000
48491  53.689  -32.062  25.691 0.0000000000
49386  53.547  -30.338  23.819 0.0000000000
44210  48.451  -37.242  29.887 0.0000000000
39127  28.455  -41.119  49.268 0.0000000000
38152  39.305  -42.734  43.014 0.0000000000
39188  39.619  -42.020  43.077 0.0000000000
40221  38.975  -41.091  41.115 0.0000000000
108290  37.698  -42.059  39.382 0.0000000000
44207  50.838  -36.930  30.261 0.0000000000
44216  50.212  -37.010  29.985 0.0000000000
36329  24.344  -44.616  39.987 0.0000000000
33591  36.023  -47.903  46.263 0.0000000000
33608  35.435  -48.391  45.397 0.0000000000
33620  34.600  -48.330  43.560 0.0000000000
35351  27.622  -45.613  42.181 0.0000000000
42326  45.522  -38.286  34.169 0.0000000000
34396  21.947  -46.895  51.544 0.0000000000
49277  53.284  -30.805  36.746 0.0000000000
49260  52.528  -30.425  37.116 0.0000000000
50131  51.936  -29.903  37.483 0.0000000000
49209  46.733  -30.109  41.087 0.0000000000
46724  48.520  -33.885  39.655 0.0000000000
45852  48.532  -34.554  40.115 0.0000000000
45026  41.878  -35.232  39.114 0.0000000000
45056  42.572  -34.784  37.704 0.0000000000
45907  43.203  -34.773  37.449 0.0000000000
45908  42.767  -34.989  37.017 0.0000000000
45071  42.712  -35.350  36.366 0.0000000000
45088  42.781  -35.754  35.619 0.0000000000
44170  42.125  -36.032  35.279 0.0000000000
117271  41.517  -36.352  34.921 0.0000000000
105529  31.926  -44.790  37.042 0.0000000000
118237  32.433  -44.378  36.754 0.0000000000
36377  31.866  -44.375  36.375 0.0000000000
101819  57.876  -30.488  23.602 0.0000000000
48500  54.853  -31.714  24.289 0.0000000000
37189  27.472  -43.218  43.599 0.0000000000
38142  27.251  -42.730  44.135 0.0000000000
34425  32.571  -45.873  49.012 0.0000000000
34432  31.928  -46.614  48.526 0.0000000000
112865  40.363  -40.652  45.358 0.0000000000
41218  40.516  -39.900  46.320 0.0000000000
42214  40.738  -39.031  46.699 0.0000000000
44011  41.212  -36.761  46.649 0.0000000000
44022  41.599  -36.924  46.186 0.0000000000
43144  40.614  -37.539  40.389 0.0000000000
43171  39.868  -37.847  38.196 0.0000000000
42289  39.234  -38.282  37.800 0.0000000000
41331  37.630  -39.853  37.434 0.0000000000
41360  36.972  -39.176  36.010 0.0000000000
41361  36.494  -39.506  35.570 0.0000000000
41362  35.939  -39.897  35.054 0.0000000000
118896  27.427  -45.074  34.892 0.0000000000
114410  26.980  -44.836  34.469 0.0000000000
37306  25.804  -43.754  33.497 0.0000000000
46010  49.480  -34.890  28.669 0.0000000000
118069  50.263  -33.461  28.572 0.0000000000
36332  21.282  -44.693  39.581 0.0000000000
36290  22.513  -44.305  42.436 0.0000000000
34452  37.619  -46.529  44.730 0.0000000000
35338  38.192  -45.681  44.410 0.0000000000
35337  38.704  -45.106  44.625 0.0000000000
36272  38.403  -44.953  43.757 0.0000000000
36283  37.975  -44.690  42.759 0.0000000000
36296  36.105  -45.315  40.880 0.0000000000
34488  33.824  -46.982  41.455 0.0000000000
34501  34.218  -46.432  40.968 0.0000000000
35392  32.645  -45.889  39.259 0.0000000000
35393  31.829  -46.091  38.972 0.0000000000
32740  30.712  -48.557  43.953 0.0000000000
33622  30.467  -48.389  43.194 0.0000000000
104104  30.134  -48.171  41.876 0.0000000000
34507  28.336  -47.022  40.785 0.0000000000
34527  29.159  -47.234  39.489 0.0000000000
117641  28.429  -45.995  37.026 0.0000000000
36344  25.073  -44.891  38.389 0.0000000000
36383  23.370  -44.136  36.482 0.0000000000
43254  44.490  -37.682  32.157 0.0000000000
34418  25.367  -47.447  49.945 0.0000000000
32682  24.407  -48.902  48.373 0.0000000000
46818  57.225  -34.215  31.291 0.0000000000
45131  55.211  -36.624  32.096 0.0000000000
45116  53.777  -36.631  32.829 0.0000000000
46787  53.454  -34.186  34.378 0.0000000000
46799  50.736  -33.467  32.301 0.0000000000
48394  49.311  -31.344  34.424 0.0000000000
48412  47.590  -31.704  33.962 0.0000000000
118021  46.630  -32.578  34.100 0.0000000000
102378  46.590  -33.111  34.772 0.0000000000
51020  51.044  -28.157  39.135 0.0000000000
51033  50.327  -28.653  38.701 0.0000000000
50103  49.495  -29.165  38.299 0.0000000000
46752  47.124  -33.417  36.554 0.0000000000
44146  48.695  -36.020  36.911 0.0000000000
44145  49.286  -36.687  37.282 0.0000000000
44107  49.480  -36.976  38.136 0.0000000000
41311  49.754  -39.264  38.416 0.0000000000
41312  49.052  -39.324  38.659 0.0000000000
48303  46.827  -31.361  43.826 0.0000000000
48311  47.242  -32.105  43.145 0.0000000000
44957  43.143  -34.908  44.710 0.0000000000
44943  42.878  -34.687  45.530 0.0000000000
45809  43.866  -34.417  44.232 0.0000000000
45857  44.242  -34.123  40.907 0.0000000000
45840  44.292  -34.334  41.848 0.0000000000
45838  46.270  -34.378  41.711 0.0000000000
45854  47.432  -34.830  40.843 0.0000000000
42287  45.803  -38.452  37.512 0.0000000000
42288  45.635  -39.220  37.707 0.0000000000
41329  45.160  -39.659  37.546 0.0000000000
106201  43.779  -39.931  36.573 0.0000000000
41358  42.474  -38.989  35.039 0.0000000000
119439  39.708  -37.286  33.726 0.0000000000
41397  38.643  -39.303  31.946 0.0000000000
37241  36.341  -43.377  38.781 0.0000000000
39307  34.489  -41.490  34.523 0.0000000000
38265  29.902  -42.447  32.513 0.0000000000
39356  29.502  -41.124  29.325 0.0000000000
40360  29.841  -41.085  30.306 0.0000000000
48492  53.133  -31.446  25.409 0.0000000000
43266  47.162  -37.513  29.561 0.0000000000
44219  47.846  -37.369  29.485 0.0000000000
38116  28.179  -42.679  46.184 0.0000000000
39159  27.103  -42.104  46.944 0.0000000000
37129  29.984  -43.153  48.612 0.0000000000
37142  28.785  -43.110  46.698 0.0000000000
38112  39.434  -42.575  45.668 0.0000000000
38111  39.709  -41.963  45.670 0.0000000000
39155  40.092  -41.396  45.345 0.0000000000
39167  40.257  -41.664  44.694 0.0000000000
41243  40.658  -40.064  44.982 0.0000000000
42225  40.916  -39.092  44.799 0.0000000000
41250  40.785  -39.677  44.000 0.0000000000
41316  39.157  -39.148  38.997 0.0000000000
107252  37.589  -40.540  37.896 0.0000000000
39275  36.598  -41.365  37.263 0.0000000000
37294  24.781  -44.066  34.380 0.0000000000
35480  22.973  -44.832  34.055 0.0000000000
35489  23.076  -45.082  33.257 0.0000000000
114824  52.640  -35.554  29.585 0.0000000000
121205  52.278  -34.917  29.235 0.0000000000
36346  23.337  -44.335  38.574 0.0000000000
36315  21.494  -44.617  40.462 0.0000000000
36278  23.368  -44.044  43.691 0.0000000000
35343  22.356  -45.195  43.654 0.0000000000
33590  36.605  -47.506  45.867 0.0000000000
34453  37.181  -47.168  45.390 0.0000000000
104994  36.902  -47.104  44.289 0.0000000000
35349  36.149  -46.327  42.516 0.0000000000
34489  32.986  -47.159  41.163 0.0000000000
33655  32.144  -47.522  41.170 0.0000000000
34490  28.476  -47.035  41.581 0.0000000000
34491  27.938  -46.643  41.270 0.0000000000
104043  27.231  -46.220  38.726 0.0000000000
45118  45.948  -35.206  32.138 0.0000000000
33553  23.783  -48.568  49.873 0.0000000000
33544  21.619  -47.360  49.916 0.0000000000
48392  51.617  -32.006  34.905 0.0000000000
48393  50.824  -31.533  34.783 0.0000000000
48377  50.225  -31.083  35.104 0.0000000000
50089  48.163  -28.668  39.351 0.0000000000
48337  46.443  -30.901  39.202 0.0000000000
105895  48.558  -34.473  39.141 0.0000000000
45037  48.901  -35.792  38.743 0.0000000000
44109  48.780  -36.813  38.954 0.0000000000
47452  44.990  -32.274  44.890 0.0000000000
44983  41.945  -35.884  42.044 0.0000000000
44993  42.588  -35.310  41.744 0.0000000000
45858  43.351  -34.328  40.288 0.0000000000
120698  43.950  -34.078  40.205 0.0000000000
45873  44.573  -34.441  39.371 0.0000000000
45054  44.402  -35.332  37.699 0.0000000000
45069  44.143  -35.628  36.956 0.0000000000
44148  44.473  -36.355  36.617 0.0000000000
42316  42.826  -38.013  34.983 0.0000000000
42353  38.221  -38.195  32.202 0.0000000000
42354  37.544  -38.349  31.907 0.0000000000
37243  34.398  -44.161  37.908 0.0000000000
37250  33.884  -43.879  37.125 0.0000000000
103078  33.490  -43.565  36.416 0.0000000000
37276  33.161  -43.268  35.639 0.0000000000
38229  32.830  -42.974  34.879 0.0000000000
38240  32.550  -42.676  34.137 0.0000000000
39337  27.736  -41.622  31.071 0.0000000000
39349  27.597  -41.686  30.370 0.0000000000
39370  28.353  -41.714  28.819 0.0000000000
39357  28.687  -41.395  29.511 0.0000000000
49383  57.638  -30.610  22.878 0.0000000000
49399  56.498  -30.483  22.522 0.0000000000
50264  54.304  -30.008  22.799 0.0000000000
37192  24.577  -43.005  43.767 0.0000000000
37173  23.982  -43.612  44.170 0.0000000000
35326  23.860  -46.072  46.582 0.0000000000
33568  33.735  -47.647  48.003 0.0000000000
32697  33.357  -48.827  46.580 0.0000000000
33595  31.273  -48.400  45.841 0.0000000000
34454  30.080  -47.407  44.576 0.0000000000
104203  29.594  -47.121  44.004 0.0000000000
35323  30.110  -46.021  45.952 0.0000000000
34455  29.750  -46.557  44.551 0.0000000000
35341  29.214  -46.338  43.764 0.0000000000
115582  28.530  -44.751  43.484 0.0000000000
36286  28.098  -45.161  42.822 0.0000000000
40320  46.316  -40.093  34.613 0.0000000000
51019  51.918  -27.990  39.006 0.0000000000
51009  50.745  -27.684  39.711 0.0000000000
51010  49.802  -27.936  39.769 0.0000000000
51011  48.058  -28.182  40.255 0.0000000000
50071  47.113  -28.738  40.479 0.0000000000
119342  47.708  -27.948  41.953 0.0000000000
50999  46.941  -28.791  41.208 0.0000000000
115413  47.999  -31.584  41.894 0.0000000000
44958  42.508  -35.459  45.217 0.0000000000
118929  42.004  -36.057  42.722 0.0000000000
42230  41.161  -38.358  44.590 0.0000000000
43116  41.324  -37.814  43.829 0.0000000000
44095  41.362  -35.997  39.600 0.0000000000
44083  40.905  -36.749  40.028 0.0000000000
43218  37.702  -37.656  34.862 0.0000000000
42330  36.476  -38.618  33.972 0.0000000000
118456  28.955  -44.050  34.150 0.0000000000
37317  27.792  -42.903  32.875 0.0000000000
38267  27.519  -42.465  32.292 0.0000000000
37320  24.430  -43.644  32.181 0.0000000000
102082  25.937  -43.178  32.843 0.0000000000
38268  26.792  -42.456  32.041 0.0000000000
47633  56.240  -33.037  25.549 0.0000000000
47635  53.602  -32.403  26.267 0.0000000000
48482  51.581  -31.743  26.743 0.0000000000
117999  51.964  -34.424  28.877 0.0000000000
47615  50.845  -32.929  28.416 0.0000000000
115755  51.175  -32.410  27.902 0.0000000000
118192  24.567  -44.024  41.291 0.0000000000
36303  20.940  -44.952  40.935 0.0000000000
36291  21.803  -44.704  42.104 0.0000000000
37137  38.510  -43.919  45.991 0.0000000000
37151  39.068  -43.349  45.679 0.0000000000
37165  39.502  -43.551  45.292 0.0000000000
37180  39.645  -43.409  44.564 0.0000000000
37199  39.438  -43.222  43.695 0.0000000000
38164  38.305  -42.759  41.259 0.0000000000
36306  37.256  -44.260  40.942 0.0000000000
37225  36.969  -44.040  40.146 0.0000000000
115357  35.660  -45.797  41.224 0.0000000000
35372  35.310  -45.564  40.572 0.0000000000
120297  30.627  -45.215  36.877 0.0000000000
32738  32.673  -48.870  43.517 0.0000000000
111088  29.999  -47.993  41.331 0.0000000000
33658  29.464  -47.673  40.964 0.0000000000
34544  30.234  -46.508  38.478 0.0000000000
35468  27.579  -45.441  35.474 0.0000000000
35439  26.021  -45.403  37.115 0.0000000000
36413  24.699  -44.196  35.026 0.0000000000
101858  23.577  -44.151  35.844 0.0000000000
45990  49.807  -36.007  31.008 0.0000000000
45143  49.769  -36.724  30.449 0.0000000000
44213  45.949  -37.335  30.449 0.0000000000
41387  44.928  -39.547  33.681 0.0000000000
40155  27.426  -40.215  48.977 0.0000000000
39129  26.674  -40.281  49.179 0.0000000000
36233  24.432  -44.540  46.797 0.0000000000
35285  24.941  -46.231  48.455 0.0000000000
32674  23.200  -49.561  48.697 0.0000000000
48471  58.295  -32.328  29.006 0.0000000000
46827  58.003  -33.161  29.512 0.0000000000
45988  57.393  -34.420  30.567 0.0000000000
46004  56.658  -34.687  29.182 0.0000000000
116214  52.446  -36.964  30.816 0.0000000000
46796  55.638  -34.613  33.413 0.0000000000
45117  52.772  -36.494  32.494 0.0000000000
46807  49.951  -33.614  31.688 0.0000000000
46808  49.071  -33.785  31.323 0.0000000000
115264  47.472  -34.011  31.307 0.0000000000
46810  46.940  -33.693  31.818 0.0000000000
47553  50.054  -32.112  33.201 0.0000000000
47571  48.385  -32.453  32.321 0.0000000000
46800  46.429  -33.820  32.514 0.0000000000
45106  46.168  -34.828  33.600 0.0000000000
50116  52.501  -29.304  37.879 0.0000000000
50132  50.679  -29.788  37.350 0.0000000000
102384  49.177  -30.419  36.353 0.0000000000
50120  47.553  -29.639  38.117 0.0000000000
49245  47.434  -30.148  37.385 0.0000000000
49264  46.965  -30.693  36.658 0.0000000000
48380  47.092  -31.260  35.488 0.0000000000
43212  47.417  -37.553  35.510 0.0000000000
42298  50.035  -38.099  37.734 0.0000000000
49192  47.272  -30.424  42.720 0.0000000000
47462  45.039  -32.976  44.411 0.0000000000
47461  45.655  -32.561  44.103 0.0000000000
45822  43.962  -34.619  43.283 0.0000000000
45808  44.725  -34.126  43.740 0.0000000000
46677  45.133  -33.662  43.832 0.0000000000
47460  46.337  -32.685  43.437 0.0000000000
47468  47.050  -32.711  42.986 0.0000000000
47467  47.526  -33.160  42.433 0.0000000000
47479  48.284  -33.202  41.354 0.0000000000
46698  48.549  -33.764  40.684 0.0000000000
45006  48.593  -35.060  40.053 0.0000000000
45039  45.700  -35.440  38.843 0.0000000000
44127  45.736  -36.413  37.907 0.0000000000
117751  47.084  -36.522  38.820 0.0000000000
44110  47.801  -37.009  38.754 0.0000000000
43169  48.428  -37.714  38.622 0.0000000000
111923  40.924  -36.682  34.470 0.0000000000
42352  39.415  -38.246  32.616 0.0000000000
42351  40.010  -37.897  32.943 0.0000000000
42341  40.446  -38.317  33.174 0.0000000000
38213  34.761  -42.637  36.373 0.0000000000
38212  35.488  -42.340  36.815 0.0000000000
40324  35.381  -40.246  34.404 0.0000000000
37278  30.697  -44.187  35.348 0.0000000000
37302  30.246  -43.430  33.920 0.0000000000
38242  31.169  -43.391  34.331 0.0000000000
119829  29.777  -42.060  31.903 0.0000000000
39327  30.477  -41.903  31.876 0.0000000000
40339  33.332  -40.282  31.965 0.0000000000
41400  33.867  -39.657  31.797 0.0000000000
41406  34.236  -39.175  31.107 0.0000000000
48501  53.723  -31.244  24.667 0.0000000000
49371  54.134  -30.993  23.950 0.0000000000
50265  53.450  -29.908  23.298 0.0000000000
48504  50.525  -31.271  24.901 0.0000000000
47607  57.678  -32.667  30.282 0.0000000000
