#!ascii label  , from subject sub-v2s16x51244_ses-1 vox2ras=TkReg
227
106133  28.670  -4.058  -29.989 0.0000000000
64173  27.290  -12.511  -27.729 0.0000000000
75437  26.885  1.555  -31.587 0.0000000000
80954  23.448  10.481  -30.851 0.0000000000
63418  24.841  -14.704  -27.042 0.0000000000
76688  28.442  3.796  -29.757 0.0000000000
108046  27.572  6.518  -29.743 0.0000000000
69572  26.918  -6.470  -31.373 0.0000000000
110055  27.870  -9.026  -29.540 0.0000000000
69553  29.125  -5.986  -29.237 0.0000000000
73183  29.941  -1.356  -29.273 0.0000000000
70969  31.086  -4.346  -28.297 0.0000000000
73216  27.707  -1.596  -31.200 0.0000000000
75411  29.171  1.307  -29.650 0.0000000000
79853  24.953  8.474  -31.883 0.0000000000
80412  26.723  9.076  -30.652 0.0000000000
107371  28.529  -11.137  -27.453 0.0000000000
77907  26.556  5.554  -31.027 0.0000000000
78566  26.434  6.389  -31.136 0.0000000000
70293  27.844  -5.557  -30.580 0.0000000000
69563  28.147  -6.140  -30.294 0.0000000000
70283  29.002  -5.495  -29.559 0.0000000000
64160  26.218  -13.979  -27.461 0.0000000000
74703  27.067  0.469  -31.543 0.0000000000
73946  28.193  -0.322  -30.659 0.0000000000
75425  27.591  1.201  -31.028 0.0000000000
77262  28.748  4.760  -28.796 0.0000000000
76681  28.995  4.004  -29.086 0.0000000000
80945  22.201  9.833  -29.614 0.0000000000
79854  24.349  8.231  -31.598 0.0000000000
106901  24.101  10.142  -31.517 0.0000000000
82599  26.418  13.171  -30.793 0.0000000000
81472  26.968  11.710  -30.213 0.0000000000
80952  26.470  10.358  -30.722 0.0000000000
80944  27.699  10.860  -29.331 0.0000000000
80404  27.660  9.428  -29.004 0.0000000000
68153  29.128  -8.294  -28.466 0.0000000000
67443  27.931  -9.451  -28.862 0.0000000000
62671  24.594  -15.230  -26.419 0.0000000000
102426  27.505  2.917  -30.832 0.0000000000
76700  27.174  3.675  -30.937 0.0000000000
77898  27.679  5.538  -29.854 0.0000000000
78551  27.989  6.702  -28.791 0.0000000000
68173  26.700  -8.611  -31.221 0.0000000000
68871  27.812  -7.583  -30.265 0.0000000000
68870  28.450  -7.437  -29.589 0.0000000000
68152  29.785  -7.536  -28.397 0.0000000000
71693  29.025  -2.968  -29.896 0.0000000000
70985  29.947  -4.191  -28.980 0.0000000000
71662  30.216  -3.179  -28.985 0.0000000000
71704  27.276  -3.400  -31.610 0.0000000000
72463  26.846  -2.836  -32.135 0.0000000000
72455  28.012  -2.338  -30.858 0.0000000000
112006  28.803  -1.289  -30.117 0.0000000000
74677  29.535  -0.039  -29.527 0.0000000000
75398  30.322  1.420  -28.653 0.0000000000
76079  28.657  2.775  -29.826 0.0000000000
76067  29.972  2.396  -28.762 0.0000000000
79237  25.216  7.891  -32.028 0.0000000000
81481  24.578  11.225  -31.358 0.0000000000
80960  25.260  10.259  -31.522 0.0000000000
80419  25.990  9.134  -31.181 0.0000000000
79845  26.499  8.276  -31.268 0.0000000000
114641  27.053  7.691  -30.784 0.0000000000
79216  27.812  7.726  -28.810 0.0000000000
65916  26.912  -12.031  -28.544 0.0000000000
67450  27.458  -9.607  -29.625 0.0000000000
70268  30.149  -5.321  -28.598 0.0000000000
68857  30.428  -6.798  -28.259 0.0000000000
77916  26.177  5.925  -32.006 0.0000000000
78574  25.802  6.793  -31.862 0.0000000000
70995  28.177  -4.854  -30.331 0.0000000000
70292  28.542  -5.570  -29.998 0.0000000000
70987  28.829  -5.053  -29.814 0.0000000000
62654  23.639  -16.031  -25.726 0.0000000000
62672  23.725  -15.370  -26.282 0.0000000000
118190  27.202  -13.634  -27.151 0.0000000000
77889  28.494  5.722  -28.610 0.0000000000
77888  29.098  5.199  -28.164 0.0000000000
107133  22.843  9.965  -30.271 0.0000000000
116932  22.570  9.468  -30.041 0.0000000000
80413  23.578  9.566  -30.976 0.0000000000
81465  27.607  11.662  -29.691 0.0000000000
68135  29.503  -8.893  -27.900 0.0000000000
67429  29.522  -9.587  -27.536 0.0000000000
64175  25.608  -13.701  -28.194 0.0000000000
76104  26.859  2.982  -31.416 0.0000000000
76713  26.263  3.776  -31.867 0.0000000000
78565  27.146  6.012  -30.480 0.0000000000
77906  27.213  5.170  -30.441 0.0000000000
77890  27.950  5.897  -29.244 0.0000000000
81466  21.891  11.334  -29.454 0.0000000000
68877  27.116  -7.794  -31.041 0.0000000000
69564  27.488  -6.868  -30.735 0.0000000000
69554  28.695  -6.066  -29.745 0.0000000000
69555  28.255  -6.761  -29.979 0.0000000000
68869  28.882  -6.677  -29.432 0.0000000000
68859  29.050  -7.405  -28.953 0.0000000000
68858  29.483  -6.711  -28.810 0.0000000000
72428  29.363  -1.977  -29.685 0.0000000000
112750  29.650  -2.798  -29.451 0.0000000000
72427  30.076  -2.192  -29.147 0.0000000000
109220  27.070  -4.292  -31.650 0.0000000000
73217  27.222  -1.177  -31.658 0.0000000000
72457  27.037  -1.931  -31.813 0.0000000000
72456  27.478  -2.520  -31.485 0.0000000000
73203  28.266  -1.670  -30.634 0.0000000000
73963  28.235  -0.986  -30.720 0.0000000000
74689  28.551  0.249  -30.262 0.0000000000
120379  28.993  -0.104  -29.855 0.0000000000
74688  29.125  0.501  -29.739 0.0000000000
75410  29.779  0.763  -29.243 0.0000000000
76699  27.986  3.287  -30.362 0.0000000000
76092  28.072  2.455  -30.505 0.0000000000
76687  29.644  3.341  -28.763 0.0000000000
76066  30.496  2.176  -28.316 0.0000000000
79238  24.830  7.721  -32.139 0.0000000000
82019  25.992  12.485  -30.601 0.0000000000
81474  25.274  11.599  -30.864 0.0000000000
80953  25.876  10.889  -31.121 0.0000000000
112189  26.892  9.852  -30.256 0.0000000000
114420  26.382  9.651  -30.823 0.0000000000
106007  27.234  8.384  -30.435 0.0000000000
80394  28.307  9.534  -28.557 0.0000000000
79837  27.619  8.507  -29.467 0.0000000000
79832  28.092  8.708  -28.730 0.0000000000
65928  26.549  -11.892  -29.440 0.0000000000
68165  27.349  -9.031  -30.343 0.0000000000
66714  28.903  -10.337  -27.691 0.0000000000
66727  28.046  -10.265  -28.348 0.0000000000
119201  28.340  -10.775  -27.900 0.0000000000
66715  27.716  -11.344  -28.107 0.0000000000
70971  29.774  -4.886  -28.970 0.0000000000
70970  30.432  -4.626  -28.594 0.0000000000
77287  26.043  4.552  -32.088 0.0000000000
107192  26.218  5.076  -31.628 0.0000000000
106729  26.986  6.886  -30.532 0.0000000000
70302  27.164  -5.699  -31.255 0.0000000000
106137  27.535  -6.143  -30.841 0.0000000000
63417  25.830  -14.542  -26.930 0.0000000000
63416  26.782  -14.300  -26.776 0.0000000000
63403  27.142  -14.677  -26.048 0.0000000000
73930  30.386  -0.793  -28.965 0.0000000000
73167  30.557  -1.556  -28.850 0.0000000000
73965  26.831  -0.492  -31.833 0.0000000000
73964  27.633  -0.558  -31.228 0.0000000000
74690  27.862  0.313  -30.831 0.0000000000
75424  28.242  1.030  -30.501 0.0000000000
114860  28.481  4.461  -29.394 0.0000000000
77261  29.486  4.314  -28.329 0.0000000000
102553  24.461  9.126  -31.461 0.0000000000
82018  26.705  12.422  -30.446 0.0000000000
109421  26.581  11.120  -30.593 0.0000000000
80951  27.100  10.785  -30.050 0.0000000000
80411  27.324  9.228  -29.904 0.0000000000
111085  27.256  10.094  -29.311 0.0000000000
80930  27.804  10.205  -28.733 0.0000000000
68154  28.313  -8.684  -28.916 0.0000000000
67430  28.773  -9.355  -28.236 0.0000000000
63419  23.731  -14.768  -27.059 0.0000000000
63433  25.217  -14.290  -27.682 0.0000000000
64174  26.495  -13.256  -27.908 0.0000000000
75438  26.184  2.028  -32.096 0.0000000000
76093  27.404  2.171  -31.096 0.0000000000
77275  27.810  3.973  -30.332 0.0000000000
76701  26.535  4.381  -31.316 0.0000000000
77276  27.244  4.435  -30.632 0.0000000000
77268  27.883  4.630  -29.937 0.0000000000
77897  28.212  5.143  -29.314 0.0000000000
78538  28.667  6.592  -28.066 0.0000000000
115897  22.276  10.505  -29.685 0.0000000000
80955  22.765  10.883  -30.107 0.0000000000
68172  27.427  -8.278  -30.544 0.0000000000
68164  28.045  -8.325  -29.803 0.0000000000
68163  28.557  -7.990  -29.092 0.0000000000
68134  29.938  -8.280  -27.922 0.0000000000
71680  29.469  -3.683  -29.450 0.0000000000
109171  30.670  -3.855  -28.585 0.0000000000
72409  30.701  -2.391  -28.678 0.0000000000
71661  30.860  -3.127  -28.500 0.0000000000
71651  31.425  -3.602  -28.158 0.0000000000
70996  27.431  -4.907  -31.057 0.0000000000
71695  27.742  -3.929  -30.791 0.0000000000
71703  27.807  -3.032  -31.108 0.0000000000
71694  28.351  -3.086  -30.523 0.0000000000
72446  28.636  -2.210  -30.293 0.0000000000
73184  29.430  -1.151  -29.646 0.0000000000
73945  28.656  -0.517  -30.224 0.0000000000
73944  29.197  -0.617  -29.768 0.0000000000
73931  29.784  -0.654  -29.375 0.0000000000
74676  30.099  -0.087  -29.048 0.0000000000
103355  30.393  0.501  -28.739 0.0000000000
105489  28.022  1.734  -30.682 0.0000000000
75412  28.584  1.769  -30.115 0.0000000000
106142  29.104  2.071  -29.610 0.0000000000
114768  29.049  3.333  -29.351 0.0000000000
76078  29.380  2.643  -29.278 0.0000000000
75399  29.651  1.785  -29.221 0.0000000000
117181  25.247  7.150  -32.476 0.0000000000
81476  23.355  11.374  -30.484 0.0000000000
81475  24.216  11.797  -30.676 0.0000000000
80962  23.939  11.012  -31.395 0.0000000000
80961  24.612  10.553  -31.589 0.0000000000
80421  24.786  9.774  -31.666 0.0000000000
80420  25.324  9.442  -31.521 0.0000000000
80959  25.862  9.956  -31.222 0.0000000000
79852  25.479  8.567  -31.674 0.0000000000
79236  25.720  7.702  -31.858 0.0000000000
79230  26.321  7.244  -31.214 0.0000000000
79222  27.475  7.552  -29.922 0.0000000000
118957  27.632  7.122  -29.246 0.0000000000
79215  28.411  7.324  -28.279 0.0000000000
65035  26.599  -12.667  -28.338 0.0000000000
66739  27.084  -10.329  -29.653 0.0000000000
108767  27.521  -10.034  -29.000 0.0000000000
66728  27.350  -10.730  -28.891 0.0000000000
65927  27.043  -11.406  -28.879 0.0000000000
70986  29.333  -4.772  -29.459 0.0000000000
70282  29.448  -5.395  -29.135 0.0000000000
69543  29.764  -5.985  -28.607 0.0000000000
70267  31.051  -5.111  -28.187 0.0000000000
69542  30.663  -5.911  -28.241 0.0000000000
75423  28.714  0.954  -30.015 0.0000000000
77876  28.949  5.902  -27.942 0.0000000000
108746  24.996  9.074  -31.670 0.0000000000
114123  26.653  4.892  -30.912 0.0000000000
114632  26.681  2.345  -31.650 0.0000000000
