#!ascii label  , from subject sub-v2s16x51244_ses-1 vox2ras=TkReg
611
58664  22.306  -20.994  -22.769 0.1428571492
119384  20.366  -21.710  -22.810 0.1428571492
105661  21.657  -20.306  -23.447 0.1428571492
57861  23.133  -21.416  -22.433 0.1428571492
58673  22.670  -20.365  -23.207 0.2857142985
57863  21.038  -21.235  -23.008 0.1428571492
58663  23.235  -20.707  -22.774 0.1428571492
59521  22.181  -18.977  -24.369 0.5714285970
118370  23.289  -19.580  -23.652 0.1428571492
106694  24.994  -18.627  -23.748 0.2857142985
60374  24.176  -18.857  -23.926 0.2857142985
61107  25.974  -17.844  -23.977 0.1428571492
61108  25.191  -18.038  -24.164 0.2857142985
62638  27.448  -15.975  -24.873 0.2857142985
62639  26.564  -16.118  -25.047 0.1428571492
61866  25.895  -16.635  -24.873 0.2857142985
63402  28.002  -14.376  -25.969 0.2857142985
62650  27.697  -15.142  -25.448 0.2857142985
64146  28.710  -13.093  -26.386 0.2857142985
64147  27.999  -13.685  -26.570 0.2857142985
65905  28.818  -11.637  -26.830 0.2857142985
67429  29.522  -9.587  -27.536 0.8571428657
66714  28.903  -10.337  -27.691 0.4285714328
65019  29.173  -12.239  -26.362 0.2857142985
68152  29.785  -7.536  -28.397 0.7142857313
68134  29.938  -8.280  -27.922 0.7142857313
68135  29.503  -8.893  -27.900 0.7142857313
67430  28.773  -9.355  -28.236 0.7142857313
68857  30.428  -6.798  -28.259 0.8571428657
68858  29.483  -6.711  -28.810 0.8571428657
68153  29.128  -8.294  -28.466 0.7142857313
70267  31.051  -5.111  -28.187 0.4285714328
69542  30.663  -5.911  -28.241 0.7142857313
72397  31.951  -2.884  -27.795 0.2857142985
71661  30.860  -3.127  -28.500 0.5714285970
70970  30.432  -4.626  -28.594 0.8571428657
70969  31.086  -4.346  -28.297 0.7142857313
70268  30.149  -5.321  -28.598 0.8571428657
112481  31.720  -1.985  -27.949 0.1428571492
112482  32.365  -2.148  -27.505 0.1428571492
72408  31.315  -2.620  -28.245 0.4285714328
109171  30.670  -3.855  -28.585 0.5714285970
70985  29.947  -4.191  -28.980 0.8571428657
74663  31.422  -0.074  -28.036 0.1428571492
73157  32.057  -1.340  -27.665 0.1428571492
73158  31.493  -1.212  -28.115 0.1428571492
113025  31.147  -1.772  -28.417 0.4285714328
71662  30.216  -3.179  -28.985 0.8571428657
75388  31.568  1.119  -27.645 0.1428571492
111830  32.113  0.617  -27.286 0.1428571492
117515  31.619  0.435  -27.744 0.1428571492
73915  31.296  -0.620  -28.234 0.1428571492
74664  30.811  -0.204  -28.565 0.4285714328
73167  30.557  -1.556  -28.850 0.5714285970
72427  30.076  -2.192  -29.147 0.7142857313
71680  29.469  -3.683  -29.450 0.8571428657
75389  30.969  1.637  -28.019 0.1428571492
76057  30.897  2.464  -27.773 0.1428571492
75397  31.019  0.681  -28.215 0.1428571492
103355  30.393  0.501  -28.739 0.5714285970
73183  29.941  -1.356  -29.273 0.8571428657
112750  29.650  -2.798  -29.451 0.8571428657
72428  29.363  -1.977  -29.685 0.8571428657
76680  30.320  2.896  -28.248 0.2857142985
75398  30.322  1.420  -28.653 0.1428571492
75399  29.651  1.785  -29.221 0.8571428657
74676  30.099  -0.087  -29.048 0.8571428657
73930  30.386  -0.793  -28.965 0.7142857313
74677  29.535  -0.039  -29.527 0.8571428657
77250  30.091  4.336  -27.580 0.1428571492
110404  30.196  5.000  -26.976 0.1428571492
76078  29.380  2.643  -29.278 0.8571428657
74688  29.125  0.501  -29.739 0.8571428657
120379  28.993  -0.104  -29.855 0.8571428657
76687  29.644  3.341  -28.763 0.4285714328
106142  29.104  2.071  -29.610 0.8571428657
75411  29.171  1.307  -29.650 0.8571428657
75424  28.242  1.030  -30.501 0.8571428657
77251  29.599  4.990  -27.570 0.1428571492
77875  29.337  5.640  -27.622 0.2857142985
77261  29.486  4.314  -28.329 0.5714285970
76681  28.995  4.004  -29.086 0.8571428657
114768  29.049  3.333  -29.351 0.8571428657
76079  28.657  2.775  -29.826 0.8571428657
75412  28.584  1.769  -30.115 0.8571428657
78538  28.667  6.592  -28.066 0.2857142985
77889  28.494  5.722  -28.610 0.7142857313
77888  29.098  5.199  -28.164 0.5714285970
77262  28.748  4.760  -28.796 0.8571428657
76688  28.442  3.796  -29.757 0.8571428657
77275  27.810  3.973  -30.332 0.8571428657
76092  28.072  2.455  -30.505 0.8571428657
77890  27.950  5.897  -29.244 0.8571428657
77268  27.883  4.630  -29.937 0.8571428657
77906  27.213  5.170  -30.441 0.7142857313
77276  27.244  4.435  -30.632 0.7142857313
78551  27.989  6.702  -28.791 0.8571428657
108046  27.572  6.518  -29.743 0.8571428657
77898  27.679  5.538  -29.854 0.8571428657
106729  26.986  6.886  -30.532 0.8571428657
78565  27.146  6.012  -30.480 0.7142857313
79837  27.619  8.507  -29.467 0.7142857313
79222  27.475  7.552  -29.922 0.8571428657
106007  27.234  8.384  -30.435 0.8571428657
112189  26.892  9.852  -30.256 0.7142857313
114641  27.053  7.691  -30.784 0.8571428657
82009  28.865  12.220  -29.742 0.1428571492
80411  27.324  9.228  -29.904 0.8571428657
80951  27.100  10.785  -30.050 0.7142857313
80412  26.723  9.076  -30.652 0.8571428657
82596  29.001  13.139  -30.971 0.1428571492
81465  27.607  11.662  -29.691 0.5714285970
81472  26.968  11.710  -30.213 0.5714285970
82019  25.992  12.485  -30.601 0.5714285970
82017  27.527  12.422  -30.134 0.1428571492
82624  28.834  14.102  -32.379 0.1428571492
83203  27.565  14.958  -32.487 0.1428571492
83815  28.080  15.590  -33.148 0.1428571492
82612  26.951  13.801  -31.324 0.1428571492
83826  28.060  16.751  -33.796 0.1428571492
82599  26.418  13.171  -30.793 0.5714285970
83816  27.300  16.147  -33.181 0.1428571492
120823  26.736  15.565  -32.663 0.1428571492
84894  27.107  18.098  -34.157 0.1428571492
83817  25.283  16.767  -33.027 0.1428571492
56952  22.117  -22.154  -22.116 0.1428571492
112977  21.052  -22.011  -22.318 0.1428571492
103569  22.615  -19.709  -23.708 0.2857142985
58672  23.405  -20.026  -23.248 0.1428571492
59513  24.743  -19.353  -23.226 0.2857142985
59514  23.839  -19.472  -23.550 0.2857142985
116077  27.617  -16.635  -24.365 0.2857142985
61865  26.877  -16.661  -24.556 0.2857142985
61116  26.375  -17.263  -24.272 0.1428571492
65020  28.549  -12.355  -26.760 0.2857142985
64159  27.995  -12.885  -27.000 0.2857142985
107371  28.529  -11.137  -27.453 0.5714285970
69528  31.258  -6.423  -27.871 0.2857142985
70957  31.666  -4.477  -27.911 0.1428571492
70282  29.448  -5.395  -29.135 0.8571428657
76056  31.561  1.979  -27.439 0.1428571492
75410  29.779  0.763  -29.243 0.8571428657
73944  29.197  -0.617  -29.768 0.8571428657
74689  28.551  0.249  -30.262 0.8571428657
79216  27.812  7.726  -28.810 0.8571428657
80404  27.660  9.428  -29.004 0.8571428657
80944  27.699  10.860  -29.331 0.7142857313
82598  27.340  13.138  -30.714 0.1428571492
83189  28.187  14.247  -32.042 0.1428571492
83825  29.055  17.152  -34.085 0.1428571492
56937  20.548  -22.672  -21.786 0.1428571492
60375  23.255  -19.074  -24.084 0.4285714328
60379  24.513  -17.612  -24.617 0.2857142985
60381  22.839  -18.461  -24.526 0.2857142985
61117  25.477  -17.391  -24.488 0.1428571492
62637  28.487  -15.596  -24.917 0.2857142985
62649  28.425  -14.875  -25.433 0.2857142985
63403  27.142  -14.677  -26.048 0.2857142985
62651  26.702  -15.402  -25.520 0.2857142985
74653  31.984  -0.077  -27.544 0.1428571492
75387  32.142  1.441  -27.101 0.1428571492
76673  30.738  3.244  -27.605 0.1428571492
77260  30.145  3.664  -28.048 0.2857142985
76663  30.544  3.855  -27.464 0.1428571492
76067  29.972  2.396  -28.762 0.8571428657
73184  29.430  -1.151  -29.646 0.8571428657
77874  29.835  5.727  -27.120 0.1428571492
78537  29.379  6.480  -27.425 0.1428571492
79206  29.007  7.386  -27.651 0.2857142985
76700  27.174  3.675  -30.937 0.8571428657
79215  28.411  7.324  -28.279 0.5714285970
79832  28.092  8.708  -28.730 0.5714285970
80394  28.307  9.534  -28.557 0.5714285970
111085  27.256  10.094  -29.311 0.7142857313
80943  28.483  10.899  -28.946 0.2857142985
81464  28.344  11.584  -29.393 0.2857142985
82010  28.129  12.215  -29.718 0.1428571492
82016  28.404  12.719  -30.312 0.1428571492
82597  28.203  13.281  -30.869 0.1428571492
82613  26.004  14.074  -31.224 0.2857142985
82611  28.740  13.640  -31.650 0.1428571492
83190  26.591  14.710  -31.985 0.1428571492
83191  25.423  14.870  -32.094 0.1428571492
83204  25.821  15.729  -32.633 0.1428571492
83202  28.461  14.733  -32.813 0.1428571492
84398  26.578  17.929  -33.831 0.1428571492
84392  25.382  17.257  -32.918 0.1428571492
84890  27.119  18.204  -33.775 0.1428571492
79831  28.640  8.179  -28.152 0.4285714328
106021  28.734  8.967  -28.410 0.4285714328
80393  29.133  9.630  -28.318 0.4285714328
80929  28.699  10.252  -28.532 0.4285714328
80930  27.804  10.205  -28.733 0.5714285970
111974  21.819  -21.580  -22.504 0.1428571492
56953  19.824  -22.062  -22.470 0.1428571492
107959  21.683  -19.587  -23.991 0.4285714328
102078  20.323  -20.457  -23.511 0.2857142985
118089  24.143  -19.875  -23.078 0.1428571492
60373  24.510  -18.284  -24.221 0.1428571492
68163  28.557  -7.990  -29.092 0.7142857313
69543  29.764  -5.985  -28.607 0.8571428657
71651  31.425  -3.602  -28.158 0.5714285970
72409  30.701  -2.391  -28.678 0.5714285970
73903  31.755  -0.661  -27.821 0.1428571492
73916  30.989  -1.006  -28.576 0.1428571492
76066  30.496  2.176  -28.316 0.5714285970
73931  29.784  -0.654  -29.375 0.8571428657
114860  28.481  4.461  -29.394 0.8571428657
76699  27.986  3.287  -30.362 0.8571428657
77897  28.212  5.143  -29.314 0.8571428657
118957  27.632  7.122  -29.246 0.8571428657
82015  29.325  12.634  -30.442 0.1428571492
82018  26.705  12.422  -30.446 0.5714285970
83201  29.228  14.465  -33.059 0.1428571492
117295  27.459  14.278  -31.808 0.1428571492
83214  28.920  15.676  -33.557 0.1428571492
104556  27.827  13.719  -31.401 0.1428571492
112631  26.306  16.637  -33.239 0.1428571492
60380  23.681  -18.220  -24.485 0.4285714328
63417  25.830  -14.542  -26.930 0.5714285970
63418  24.841  -14.704  -27.042 0.5714285970
63419  23.731  -14.768  -27.059 0.2857142985
64160  26.218  -13.979  -27.461 0.5714285970
63433  25.217  -14.290  -27.682 0.5714285970
107567  22.908  -15.505  -26.089 0.4285714328
63420  22.787  -14.465  -27.193 0.2857142985
63434  24.141  -14.557  -27.908 0.4285714328
64173  27.290  -12.511  -27.729 0.4285714328
64174  26.495  -13.256  -27.908 0.5714285970
64175  25.608  -13.701  -28.194 0.5714285970
64189  25.069  -13.484  -28.952 0.4285714328
65916  26.912  -12.031  -28.544 0.5714285970
65036  25.950  -13.104  -28.626 0.4285714328
65927  27.043  -11.406  -28.879 0.7142857313
66728  27.350  -10.730  -28.891 0.4285714328
104301  24.601  -14.057  -28.503 0.4285714328
63435  23.141  -14.524  -28.049 0.2857142985
63436  22.432  -14.175  -27.918 0.2857142985
65047  25.510  -12.990  -29.407 0.4285714328
66715  27.716  -11.344  -28.107 0.7142857313
67443  27.931  -9.451  -28.862 0.7142857313
67451  26.817  -9.798  -30.342 0.4285714328
68165  27.349  -9.031  -30.343 0.7142857313
68173  26.700  -8.611  -31.221 0.5714285970
68172  27.427  -8.278  -30.544 0.7142857313
110055  27.870  -9.026  -29.540 0.7142857313
68870  28.450  -7.437  -29.589 0.7142857313
69564  27.488  -6.868  -30.735 0.7142857313
106137  27.535  -6.143  -30.841 0.7142857313
69572  26.918  -6.470  -31.373 0.7142857313
69565  26.679  -7.285  -31.548 0.4285714328
70303  26.561  -5.998  -31.763 0.4285714328
68859  29.050  -7.405  -28.953 0.5714285970
68869  28.882  -6.677  -29.432 0.5714285970
69563  28.147  -6.140  -30.294 0.5714285970
70293  27.844  -5.557  -30.580 0.7142857313
71695  27.742  -3.929  -30.791 0.7142857313
70996  27.431  -4.907  -31.057 0.7142857313
109220  27.070  -4.292  -31.650 0.5714285970
71704  27.276  -3.400  -31.610 0.5714285970
70971  29.774  -4.886  -28.970 0.7142857313
70283  29.002  -5.495  -29.559 0.5714285970
70292  28.542  -5.570  -29.998 0.5714285970
70987  28.829  -5.053  -29.814 0.7142857313
71694  28.351  -3.086  -30.523 0.8571428657
71003  26.803  -5.166  -31.962 0.4285714328
72455  28.012  -2.338  -30.858 0.7142857313
72456  27.478  -2.520  -31.485 0.7142857313
73216  27.707  -1.596  -31.200 0.7142857313
72463  26.846  -2.836  -32.135 0.5714285970
72457  27.037  -1.931  -31.813 0.7142857313
70986  29.333  -4.772  -29.459 0.5714285970
70995  28.177  -4.854  -30.331 0.7142857313
72446  28.636  -2.210  -30.293 0.8571428657
73203  28.266  -1.670  -30.634 0.8571428657
73217  27.222  -1.177  -31.658 0.5714285970
106218  26.338  0.246  -32.280 0.2857142985
71693  29.025  -2.968  -29.896 0.7142857313
73963  28.235  -0.986  -30.720 0.7142857313
75437  26.885  1.555  -31.587 0.7142857313
112006  28.803  -1.289  -30.117 0.7142857313
73946  28.193  -0.322  -30.659 0.8571428657
73964  27.633  -0.558  -31.228 0.8571428657
105489  28.022  1.734  -30.682 0.8571428657
74690  27.862  0.313  -30.831 0.8571428657
74703  27.067  0.469  -31.543 0.5714285970
75425  27.591  1.201  -31.028 0.8571428657
76093  27.404  2.171  -31.096 0.8571428657
75438  26.184  2.028  -32.096 0.7142857313
76104  26.859  2.982  -31.416 0.8571428657
102426  27.505  2.917  -30.832 0.8571428657
78566  26.434  6.389  -31.136 0.7142857313
78574  25.802  6.793  -31.862 0.7142857313
79230  26.321  7.244  -31.214 0.7142857313
79845  26.499  8.276  -31.268 0.8571428657
80419  25.990  9.134  -31.181 0.7142857313
79236  25.720  7.702  -31.858 0.7142857313
80420  25.324  9.442  -31.521 0.7142857313
80421  24.786  9.774  -31.666 0.7142857313
102553  24.461  9.126  -31.461 0.5714285970
114420  26.382  9.651  -30.823 0.7142857313
80960  25.260  10.259  -31.522 0.7142857313
106901  24.101  10.142  -31.517 0.5714285970
81480  25.142  10.944  -31.452 0.4285714328
80961  24.612  10.553  -31.589 0.5714285970
80959  25.862  9.956  -31.222 0.5714285970
80413  23.578  9.566  -30.976 0.5714285970
81481  24.578  11.225  -31.358 0.5714285970
80962  23.939  11.012  -31.395 0.5714285970
80954  23.448  10.481  -30.851 0.5714285970
116932  22.570  9.468  -30.041 0.5714285970
80414  22.924  9.143  -30.466 0.4285714328
115897  22.276  10.505  -29.685 0.5714285970
107133  22.843  9.965  -30.271 0.5714285970
81475  24.216  11.797  -30.676 0.5714285970
80405  21.421  9.576  -29.068 0.4285714328
79847  22.795  8.294  -30.445 0.4285714328
80945  22.201  9.833  -29.614 0.5714285970
80932  19.518  10.516  -28.119 0.4285714328
69553  29.125  -5.986  -29.237 0.5714285970
119716  20.537  10.854  -28.365 0.2857142985
117587  20.334  9.985  -28.559 0.4285714328
80406  19.102  9.896  -28.286 0.2857142985
62671  24.594  -15.230  -26.419 0.5714285970
62672  23.725  -15.370  -26.282 0.5714285970
118190  27.202  -13.634  -27.151 0.2857142985
119519  27.163  -14.059  -26.872 0.4285714328
119456  23.076  -14.971  -26.610 0.2857142985
65046  26.226  -12.496  -29.003 0.4285714328
65928  26.549  -11.892  -29.440 0.5714285970
64177  22.733  -14.099  -28.671 0.2857142985
64190  24.052  -13.822  -29.421 0.2857142985
66739  27.084  -10.329  -29.653 0.5714285970
68133  30.447  -8.262  -27.388 0.2857142985
68174  26.020  -9.246  -31.713 0.2857142985
68877  27.116  -7.794  -31.041 0.7142857313
73945  28.656  -0.517  -30.224 0.8571428657
77907  26.556  5.554  -31.027 0.7142857313
107192  26.218  5.076  -31.628 0.7142857313
79852  25.479  8.567  -31.674 0.7142857313
79838  22.294  8.975  -29.721 0.2857142985
80952  26.470  10.358  -30.722 0.5714285970
80953  25.876  10.889  -31.121 0.5714285970
109421  26.581  11.120  -30.593 0.5714285970
81474  25.274  11.599  -30.864 0.5714285970
80955  22.765  10.883  -30.107 0.5714285970
81477  22.581  11.864  -29.801 0.2857142985
100743  25.856  -12.433  -29.926 0.4285714328
63415  27.406  -14.145  -26.590 0.2857142985
68154  28.313  -8.684  -28.916 0.5714285970
106133  28.670  -4.058  -29.989 0.7142857313
119201  28.340  -10.775  -27.900 0.5714285970
66727  28.046  -10.265  -28.348 0.5714285970
76713  26.263  3.776  -31.867 0.7142857313
63416  26.782  -14.300  -26.776 0.5714285970
62670  25.473  -15.045  -26.378 0.4285714328
62654  23.639  -16.031  -25.726 0.5714285970
64176  23.590  -14.261  -28.714 0.4285714328
65035  26.599  -12.667  -28.338 0.5714285970
114344  24.757  -13.358  -29.683 0.4285714328
101116  26.788  -11.123  -29.636 0.4285714328
108767  27.521  -10.034  -29.000 0.5714285970
67450  27.458  -9.607  -29.625 0.7142857313
108236  26.550  -9.305  -30.941 0.4285714328
67459  26.128  -9.967  -31.112 0.4285714328
66740  26.391  -10.602  -30.402 0.4285714328
68164  28.045  -8.325  -29.803 0.7142857313
68871  27.812  -7.583  -30.265 0.7142857313
69555  28.255  -6.761  -29.979 0.7142857313
70302  27.164  -5.699  -31.255 0.7142857313
69554  28.695  -6.066  -29.745 0.5714285970
71703  27.807  -3.032  -31.108 0.7142857313
73965  26.831  -0.492  -31.833 0.5714285970
73977  26.223  -0.555  -32.473 0.2857142985
81476  23.355  11.374  -30.484 0.7142857313
81466  21.891  11.334  -29.454 0.5714285970
65061  24.105  -13.278  -30.134 0.1428571492
65940  25.187  -12.206  -30.614 0.4285714328
59515  20.732  -19.733  -23.936 0.4285714328
63400  29.559  -14.262  -25.375 0.1428571492
114710  28.545  -13.839  -26.107 0.1428571492
64145  29.157  -13.654  -25.813 0.1428571492
66699  29.185  -10.868  -26.980 0.1428571492
66698  29.894  -10.631  -26.615 0.1428571492
65006  29.492  -12.876  -25.884 0.1428571492
64144  29.872  -13.485  -25.461 0.1428571492
66697  30.546  -10.411  -26.327 0.1428571492
65904  29.561  -11.423  -26.437 0.1428571492
65893  29.941  -12.046  -25.844 0.1428571492
67414  30.186  -9.721  -26.797 0.1428571492
68132  31.008  -7.823  -27.197 0.2857142985
69517  31.692  -6.735  -27.484 0.1428571492
76701  26.535  4.381  -31.316 0.5714285970
84377  26.679  16.610  -31.307 0.1428571492
119240  25.834  3.621  -32.437 0.4285714328
83798  26.281  16.134  -30.590 0.1428571492
77288  25.742  5.281  -32.562 0.4285714328
77916  26.177  5.925  -32.006 0.5714285970
77917  25.605  6.263  -32.689 0.4285714328
83183  20.904  14.968  -31.090 0.2857142985
101691  23.166  13.032  -30.441 0.2857142985
82021  24.036  12.553  -30.579 0.2857142985
82602  23.569  13.617  -30.954 0.2857142985
78594  23.128  5.657  -32.886 0.1428571492
117181  25.247  7.150  -32.476 0.5714285970
114600  22.132  13.232  -30.082 0.2857142985
78575  24.474  7.070  -32.581 0.4285714328
79238  24.830  7.721  -32.139 0.5714285970
79239  24.044  7.574  -31.874 0.4285714328
81467  21.065  11.617  -28.811 0.1428571492
82011  21.603  12.428  -29.365 0.1428571492
78567  23.236  7.125  -31.190 0.1428571492
82012  21.368  12.558  -29.098 0.1428571492
101796  21.486  13.450  -29.367 0.1428571492
79232  22.635  7.223  -30.275 0.2857142985
80931  20.552  10.916  -28.214 0.2857142985
121142  19.727  9.966  -27.494 0.1428571492
81457  21.138  11.745  -28.733 0.1428571492
82001  21.341  12.488  -28.898 0.1428571492
80912  20.550  11.081  -27.942 0.1428571492
81448  21.082  11.616  -28.402 0.1428571492
81440  21.630  11.489  -27.767 0.1428571492
60382  21.363  -18.403  -24.785 0.4285714328
61121  20.625  -17.772  -25.182 0.2857142985
63401  28.808  -14.331  -25.658 0.1428571492
118760  30.510  -11.771  -25.752 0.1428571492
77287  26.043  4.552  -32.088 0.2857142985
82601  24.559  13.343  -30.846 0.2857142985
82604  20.924  14.405  -30.331 0.2857142985
82603  22.518  13.906  -31.044 0.2857142985
82576  20.984  14.259  -29.305 0.2857142985
61122  19.635  -17.648  -24.942 0.2857142985
61115  27.289  -17.249  -23.958 0.1428571492
115941  26.652  -17.703  -23.797 0.1428571492
63390  29.149  -14.956  -25.199 0.1428571492
68844  31.145  -7.136  -27.683 0.1428571492
67428  30.055  -8.904  -27.357 0.1428571492
76106  25.614  4.220  -32.638 0.4285714328
78585  23.885  6.277  -32.928 0.2857142985
79854  24.349  8.231  -31.598 0.5714285970
82020  25.158  12.256  -30.601 0.4285714328
83175  19.930  15.171  -30.259 0.2857142985
82617  21.977  14.720  -31.676 0.2857142985
82615  23.937  14.282  -31.594 0.2857142985
82616  22.851  14.390  -31.967 0.2857142985
83195  22.028  15.101  -31.796 0.2857142985
83808  23.037  15.938  -31.902 0.1428571492
83801  23.075  15.852  -31.377 0.1428571492
84393  24.376  16.565  -32.407 0.1428571492
111421  21.522  13.368  -28.995 0.2857142985
82590  20.689  14.479  -29.782 0.2857142985
84386  23.676  16.226  -32.276 0.1428571492
104781  24.870  16.933  -32.418 0.1428571492
83205  24.767  15.784  -32.635 0.1428571492
83206  24.008  15.588  -32.616 0.1428571492
69527  31.927  -6.054  -27.516 0.2857142985
82600  25.529  13.218  -30.810 0.4285714328
120544  21.075  15.381  -30.779 0.2857142985
83192  24.327  14.890  -32.380 0.2857142985
83193  23.357  14.904  -32.467 0.1428571492
110796  22.207  -18.282  -24.759 0.4285714328
59522  21.045  -19.088  -24.417 0.4285714328
68845  30.493  -7.652  -27.841 0.4285714328
81473  26.124  11.782  -30.577 0.4285714328
82614  24.975  14.245  -31.281 0.2857142985
79237  25.216  7.891  -32.028 0.5714285970
79853  24.953  8.474  -31.883 0.5714285970
80946  21.381  10.602  -29.045 0.4285714328
80395  18.678  10.104  -27.927 0.2857142985
111284  23.294  12.215  -30.208 0.2857142985
65892  30.377  -11.220  -26.078 0.1428571492
108930  30.124  -12.778  -25.545 0.1428571492
77925  25.273  5.709  -32.959 0.2857142985
115641  21.509  14.323  -30.992 0.2857142985
82022  21.431  13.474  -29.579 0.1428571492
78576  23.462  6.960  -32.213 0.2857142985
79231  23.519  7.829  -31.036 0.4285714328
60383  20.259  -18.425  -24.727 0.2857142985
66696  31.145  -9.746  -26.209 0.1428571492
83194  22.552  14.982  -32.333 0.2857142985
83207  23.209  15.433  -32.455 0.2857142985
84385  23.920  16.590  -32.039 0.1428571492
71711  26.586  -3.885  -32.284 0.4285714328
73218  26.606  -1.278  -32.119 0.2857142985
83770  21.177  16.479  -27.807 0.1428571492
83790  19.571  16.171  -29.682 0.1428571492
83763  20.822  17.423  -27.930 0.1428571492
81992  22.781  13.072  -27.870 0.1428571492
83141  22.600  15.811  -27.130 0.1428571492
83153  20.163  15.977  -28.297 0.1428571492
84373  19.571  17.250  -29.153 0.1428571492
82563  22.310  13.984  -28.132 0.1428571492
82562  22.865  14.244  -27.489 0.1428571492
82564  21.152  14.484  -28.659 0.1428571492
83762  22.051  16.823  -27.502 0.1428571492
83152  21.723  15.129  -27.826 0.1428571492
82553  24.014  14.403  -26.063 0.1428571492
72464  26.365  -2.116  -32.410 0.2857142985
81991  23.383  13.349  -27.043 0.1428571492
83140  23.455  15.744  -26.357 0.1428571492
84363  22.564  16.908  -27.649 0.1428571492
83164  19.863  15.431  -29.295 0.1428571492
83789  20.320  16.284  -29.872 0.1428571492
84365  19.944  17.602  -28.487 0.1428571492
84372  20.477  17.676  -28.973 0.1428571492
82554  23.437  14.490  -26.717 0.1428571492
107932  23.803  13.428  -26.397 0.1428571492
65915  28.140  -11.961  -27.288 0.4285714328
61879  24.342  -16.449  -25.369 0.4285714328
62652  25.253  -15.564  -25.843 0.2857142985
61878  25.138  -16.205  -25.378 0.1428571492
104861  25.927  -15.332  -25.844 0.2857142985
61118  23.640  -17.423  -24.952 0.2857142985
79846  23.683  8.648  -30.965 0.4285714328
62669  26.308  -14.862  -26.215 0.2857142985
61880  23.609  -16.748  -25.340 0.4285714328
61877  25.911  -15.874  -25.410 0.1428571492
61867  24.943  -16.930  -25.018 0.1428571492
62653  24.456  -15.793  -25.802 0.2857142985
78584  24.966  6.424  -33.012 0.2857142985
61868  24.217  -17.050  -25.072 0.2857142985
61132  22.159  -17.104  -25.410 0.2857142985
61120  21.721  -17.773  -25.153 0.2857142985
61131  22.999  -17.102  -25.280 0.2857142985
105451  22.711  -16.337  -25.625 0.2857142985
114352  26.001  -11.558  -30.365 0.2857142985
66746  25.544  -10.786  -31.191 0.2857142985
68878  26.436  -8.027  -31.768 0.1428571492
69573  26.147  -6.824  -31.969 0.1428571492
119169  26.696  -4.548  -32.177 0.1428571492
73226  25.319  -1.237  -33.096 0.1428571492
112480  25.895  0.075  -32.838 0.1428571492
75446  25.803  1.682  -32.595 0.1428571492
111525  25.789  0.915  -32.909 0.1428571492
76112  25.620  2.466  -32.661 0.1428571492
75456  24.963  2.018  -33.395 0.1428571492
77294  25.137  4.858  -33.051 0.1428571492
77927  23.901  5.371  -33.230 0.1428571492
77926  24.662  5.603  -33.178 0.1428571492
79839  21.430  8.585  -29.099 0.1428571492
79223  21.960  7.095  -29.442 0.1428571492
79840  20.415  8.129  -28.716 0.1428571492
106378  20.370  9.222  -28.646 0.1428571492
76105  26.121  2.956  -32.147 0.2857142985
76118  25.192  2.783  -33.151 0.1428571492
59523  19.953  -19.095  -24.282 0.2857142985
65949  25.167  -11.523  -30.992 0.2857142985
69584  25.773  -6.721  -32.308 0.1428571492
105491  25.929  -4.189  -32.890 0.1428571492
111920  26.143  -3.112  -32.885 0.1428571492
73235  24.672  -1.091  -33.186 0.1428571492
73987  25.025  -0.412  -33.269 0.1428571492
74727  24.799  0.380  -33.441 0.1428571492
110425  25.194  1.122  -33.396 0.1428571492
105111  25.524  3.362  -32.770 0.1428571492
77301  23.835  4.730  -33.312 0.1428571492
79224  21.325  7.576  -29.070 0.1428571492
79848  22.123  7.972  -29.666 0.1428571492
61119  22.772  -17.777  -24.949 0.2857142985
70311  26.100  -5.854  -32.362 0.1428571492
74704  26.320  1.140  -32.154 0.1428571492
65060  25.015  -12.912  -30.172 0.1428571492
61133  21.072  -17.101  -25.483 0.2857142985
75447  25.369  1.841  -33.100 0.1428571492
73988  24.423  -0.321  -33.278 0.1428571492
59524  19.217  -19.075  -23.982 0.1428571492
60384  19.268  -18.344  -24.329 0.1428571492
118067  18.872  -18.757  -23.733 0.1428571492
61881  21.541  -16.316  -25.634 0.1428571492
109072  31.387  -5.773  -27.915 0.1428571492
107942  32.455  -5.985  -27.063 0.1428571492
79830  29.429  8.940  -28.065 0.1428571492
102165  19.663  -19.709  -23.807 0.1428571492
61134  20.033  -17.033  -25.375 0.1428571492
62655  21.977  -15.522  -25.886 0.1428571492
62673  22.368  -14.850  -26.431 0.1428571492
79819  29.582  8.198  -27.559 0.1428571492
104474  22.117  -14.233  -26.875 0.1428571492
79205  29.861  7.403  -27.207 0.1428571492
70251  31.803  -5.252  -27.706 0.1428571492
64191  23.150  -13.937  -29.267 0.1428571492
61857  28.265  -16.895  -23.893 0.1428571492
66713  29.539  -10.219  -27.113 0.1428571492
73225  25.978  -1.315  -32.698 0.2857142985
73978  25.639  -0.521  -32.978 0.1428571492
74716  25.407  0.271  -33.214 0.1428571492
75423  28.714  0.954  -30.015 0.8571428657
76119  24.777  2.967  -33.370 0.1428571492
77295  24.480  4.885  -33.264 0.1428571492
77876  28.949  5.902  -27.942 0.7142857313
83208  22.692  15.351  -32.264 0.2857142985
83777  19.403  16.804  -28.776 0.1428571492
83788  21.782  16.143  -29.295 0.1428571492
83803  20.367  15.406  -30.431 0.2857142985
83809  22.617  15.535  -32.088 0.1428571492
83818  24.449  16.380  -32.627 0.1428571492
83819  23.749  16.071  -32.508 0.1428571492
83820  23.179  15.778  -32.296 0.2857142985
84354  22.581  16.796  -27.461 0.1428571492
84359  21.698  17.235  -27.881 0.1428571492
84364  20.803  17.672  -28.226 0.1428571492
84390  27.031  17.573  -33.967 0.1428571492
84391  25.991  17.323  -33.419 0.1428571492
84892  26.254  17.742  -33.399 0.1428571492
108746  24.996  9.074  -31.670 0.5714285970
114123  26.653  4.892  -30.912 0.5714285970
114632  26.681  2.345  -31.650 0.7142857313
115481  21.212  15.159  -31.192 0.2857142985
118450  25.669  -18.337  -23.696 0.2857142985
118633  20.008  17.066  -28.163 0.1428571492
120731  27.853  12.927  -30.466 0.1428571492
