#Insight Transform File V1.0
#Transform 0
Transform: AffineTransform_float_3_3
Parameters: 0.999999 -0.000331143 -0.000825313 0.000330475 1 -0.000404683 0.000825581 0.000404137 0.999999 0.0916822 -0.0257737 0.178887
FixedParameters: 0 0 0

#Transform 1
Transform: AffineTransform_float_3_3
Parameters: 0.999999 -0.000357381 -0.000818761 0.000356816 0.999999 -0.000893615 0.00081895 0.000893723 0.999999 0.0849381 -0.0106182 0.127842
FixedParameters: 0 0 0

#Transform 2
Transform: AffineTransform_float_3_3
Parameters: 0.999999 -0.000733312 -0.000227208 0.000732921 0.999998 -0.00198428 0.000228635 0.00198395 0.999998 0.0440414 0.0853681 0.0614973
FixedParameters: 0 0 0

#Transform 3
Transform: AffineTransform_float_3_3
Parameters: 0.999999 -0.000800783 0.000214789 0.000800819 0.999999 -0.000891943 -0.000214292 0.000891597 0.999999 -0.000486363 0.0344032 0.18968
FixedParameters: 0 0 0

#Transform 4
Transform: AffineTransform_float_3_3
Parameters: 0.999999 -0.000731542 -0.000465707 0.000731146 0.999999 -0.000424759 0.000466328 0.000424078 1 0.049046 -0.074774 0.324823
FixedParameters: 0 0 0

#Transform 5
Transform: AffineTransform_float_3_3
Parameters: 1 -0.00102169 -0.000589948 0.00102177 0.999999 -0.000680833 0.00059101 0.000681076 1 0.0576015 0.00925763 0.233469
FixedParameters: 0 0 0

#Transform 6
Transform: AffineTransform_float_3_3
Parameters: 0.999999 -0.00093561 -0.000347608 0.000935853 0.999999 -0.000939924 0.000348917 0.000939312 1 0.0442666 0.0748953 0.11923
FixedParameters: 0 0 0

#Transform 7
Transform: AffineTransform_float_3_3
Parameters: 1 -0.000620724 -0.000175135 0.00062059 0.999999 -0.000382589 0.00017561 0.000382371 1 0.0452813 -0.0427415 0.228184
FixedParameters: 0 0 0

#Transform 8
Transform: AffineTransform_float_3_3
Parameters: 1 -0.000623573 -0.000131191 0.000623385 0.999999 -0.000714078 0.000132081 0.000713914 0.999999 0.0494893 0.0154651 0.205352
FixedParameters: 0 0 0

#Transform 9
Transform: AffineTransform_float_3_3
Parameters: 0.999999 -0.000688749 -0.000360029 0.000688485 0.999999 -0.000366751 0.000360534 0.000366255 1 0.0528807 -0.00918735 0.215502
FixedParameters: 0 0 0

#Transform 10
Transform: AffineTransform_float_3_3
Parameters: 1 -0.000528791 -0.000248761 0.000528086 0.999999 -0.000719162 0.00024859 0.000718864 0.999999 0.0336847 0.0378671 0.169117
FixedParameters: 0 0 0

#Transform 11
Transform: AffineTransform_float_3_3
Parameters: 0.999999 -0.000278334 -0.000671051 0.000278248 1 -6.48497e-05 0.000671087 6.44761e-05 1 0.0258414 -0.0318229 0.199844
FixedParameters: 0 0 0

#Transform 12
Transform: AffineTransform_float_3_3
Parameters: 1 0.00010177 -6.16309e-05 -0.000101055 0.999999 -0.00148742 6.08796e-05 0.00148747 0.999999 0.0366739 0.132271 -0.0789808
FixedParameters: 0 0 0

#Transform 13
Transform: AffineTransform_float_3_3
Parameters: 1 -0.000247454 -0.00107209 0.00024707 1 -0.00017889 0.00107218 0.000179014 1 0.0745713 -0.0700006 0.113623
FixedParameters: 0 0 0

#Transform 14
Transform: AffineTransform_float_3_3
Parameters: 1 -0.000240796 -0.00107469 0.000239712 0.999999 -0.000939373 0.00107479 0.000939552 0.999999 0.0551462 0.0520172 0.0374367
FixedParameters: 0 0 0

#Transform 15
Transform: AffineTransform_float_3_3
Parameters: 1 -0.000113954 -0.000430264 0.000114023 1 0.000484308 0.000429222 -0.000484441 1 0.043788 0.00878083 -0.163271
FixedParameters: 0 0 0

#Transform 16
Transform: AffineTransform_float_3_3
Parameters: 1 0.000178232 0.000573883 -0.000178248 1 1.37147e-05 -0.000573878 -1.39192e-05 1 -0.0279446 0.0619239 -0.283084
FixedParameters: 0 0 0

#Transform 17
Transform: AffineTransform_float_3_3
Parameters: 1 0.0002339 0.000553119 -0.000234144 1 0.00103198 -0.000553085 -0.0010322 1 -0.0232 -0.0776891 -0.125561
FixedParameters: 0 0 0

#Transform 18
Transform: AffineTransform_float_3_3
Parameters: 1 -7.95772e-06 0.000643171 7.58735e-06 1 0.000287931 -0.000643175 -0.000287921 1 -0.0421746 0.0666628 -0.135775
FixedParameters: 0 0 0

#Transform 19
Transform: AffineTransform_float_3_3
Parameters: 1 0.000214717 0.000302123 -0.000215539 0.999999 0.00129864 -0.000301665 -0.00129877 0.999999 -0.0090683 -0.041913 -0.055098
FixedParameters: 0 0 0

#Transform 20
Transform: AffineTransform_float_3_3
Parameters: 1 0.00037676 -0.000163417 -0.000376448 1 0.00106549 0.000164118 -0.00106537 1 0.00737474 -0.0339633 -0.028187
FixedParameters: 0 0 0

#Transform 21
Transform: AffineTransform_float_3_3
Parameters: 1 -0.000141491 -0.000524729 0.000140269 1 -0.00112848 0.000524946 0.00112833 0.999999 -0.010716 0.0618926 0.0112693
FixedParameters: 0 0 0

#Transform 22
Transform: AffineTransform_float_3_3
Parameters: 1 -0.000228653 0.000160192 0.00022903 0.999999 -0.00129527 -0.0001597 0.00129534 0.999999 -0.0147488 0.0894788 -0.0234148
FixedParameters: 0 0 0

#Transform 23
Transform: AffineTransform_float_3_3
Parameters: 0.999999 -0.000414675 -0.000579764 0.000414974 1 0.00025719 0.00057955 -0.000257671 1 0.0287763 -0.0144495 0.100091
FixedParameters: 0 0 0

#Transform 24
Transform: AffineTransform_float_3_3
Parameters: 1 -6.66015e-05 9.94052e-05 6.6402e-05 0.999999 0.0010027 -9.95386e-05 -0.00100269 0.999999 -0.0118761 0.0326843 -0.0470211
FixedParameters: 0 0 0

#Transform 25
Transform: AffineTransform_float_3_3
Parameters: 1 -2.50498e-05 0.000287753 2.46183e-05 0.999999 0.000749774 -0.00028779 -0.00074976 0.999999 -0.0344631 0.00244755 -0.104552
FixedParameters: 0 0 0

#Transform 26
Transform: AffineTransform_float_3_3
Parameters: 1 -0.000464884 -9.51953e-05 0.000464463 1 0.00107322 9.53771e-05 -0.00107331 1 -0.00588261 -0.00433186 -0.0138567
FixedParameters: 0 0 0

#Transform 27
Transform: AffineTransform_float_3_3
Parameters: 0.999999 -0.000392267 -0.000721402 0.000391911 0.999999 -0.000868968 0.000721634 0.000869095 1 0.0147185 0.0595759 0.102144
FixedParameters: 0 0 0

#Transform 28
Transform: AffineTransform_float_3_3
Parameters: 0.999999 -0.000390736 -0.00070592 0.00038926 0.999998 -0.00165392 0.00070666 0.00165406 0.999999 0.00829211 0.0247577 0.0927523
FixedParameters: 0 0 0

#Transform 29
Transform: AffineTransform_float_3_3
Parameters: 1 -0.000398971 -0.00047206 0.0003975 0.999994 -0.0032964 0.000473383 0.00329674 0.999995 -0.0065117 0.114668 0.0832798
FixedParameters: 0 0 0

#Transform 30
Transform: AffineTransform_float_3_3
Parameters: 1 -0.000316893 0.000572975 0.000321358 0.999962 -0.00872876 -0.000570779 0.00872885 0.999961 -0.0503198 0.211564 -0.00113982
FixedParameters: 0 0 0

#Transform 31
Transform: AffineTransform_float_3_3
Parameters: 0.999999 -0.000401298 0.00161721 0.000419891 0.999933 -0.0115864 -0.00161263 0.011586 0.999931 -0.065948 0.288938 -0.0582157
FixedParameters: 0 0 0

#Transform 32
Transform: AffineTransform_float_3_3
Parameters: 0.999999 -0.000328084 0.00161804 0.000347799 0.999925 -0.0122149 -0.00161423 0.0122157 0.999924 -0.0727628 0.283874 -0.0700849
FixedParameters: 0 0 0

#Transform 33
Transform: AffineTransform_float_3_3
Parameters: 0.999998 -0.000704562 0.00165845 0.000728178 0.999902 -0.0139659 -0.00164767 0.0139671 0.999901 -0.0647465 0.320417 -0.104381
FixedParameters: 0 0 0

#Transform 34
Transform: AffineTransform_float_3_3
Parameters: 0.999999 -0.00100554 0.00152527 0.00103083 0.999859 -0.0167634 -0.00150843 0.0167644 0.999858 -0.0446562 0.338296 -0.129558
FixedParameters: 0 0 0

#Transform 35
Transform: AffineTransform_float_3_3
Parameters: 0.999998 -0.00108894 0.00179226 0.00111323 0.999909 -0.0134746 -0.00177807 0.0134771 0.999908 -0.119143 0.40141 -0.170574
FixedParameters: 0 0 0

#Transform 36
Transform: AffineTransform_float_3_3
Parameters: 0.999999 -0.000642951 0.0015703 0.000656644 0.999961 -0.00878244 -0.00156457 0.0087844 0.99996 -0.123399 0.147165 0.220844
FixedParameters: 0 0 0

#Transform 37
Transform: AffineTransform_float_3_3
Parameters: 0.999998 -0.00113258 0.00157697 0.00114787 0.99995 -0.00993679 -0.00156579 0.00993868 0.99995 -0.129435 0.211578 0.416625
FixedParameters: 0 0 0

#Transform 38
Transform: AffineTransform_float_3_3
Parameters: 0.999998 -0.000988326 0.00167926 0.0010036 0.999958 -0.00912404 -0.00167083 0.00912574 0.999957 -0.116363 0.2498 0.333514
FixedParameters: 0 0 0

#Transform 39
Transform: AffineTransform_float_3_3
Parameters: 0.999998 -0.00119296 0.00182865 0.00121039 0.999956 -0.00933568 -0.00181663 0.00933834 0.999954 -0.140358 0.191333 0.359831
FixedParameters: 0 0 0

#Transform 40
Transform: AffineTransform_float_3_3
Parameters: 0.999996 -0.00113016 0.00226388 0.00115142 0.999957 -0.00927806 -0.0022527 0.00928055 0.999954 -0.158149 0.277207 0.213979
FixedParameters: 0 0 0

#Transform 41
Transform: AffineTransform_float_3_3
Parameters: 0.999997 -0.001301 0.00196846 0.00132049 0.999949 -0.00999611 -0.0019555 0.00999858 0.999948 -0.172706 0.166059 0.362515
FixedParameters: 0 0 0

#Transform 42
Transform: AffineTransform_float_3_3
Parameters: 0.999997 -0.00107942 0.00216761 0.00109973 0.999955 -0.00947585 -0.00215716 0.00947714 0.999953 -0.230989 0.242629 0.312733
FixedParameters: 0 0 0

#Transform 43
Transform: AffineTransform_float_3_3
Parameters: 0.999998 -0.000883534 0.00172827 0.000899038 0.999955 -0.00940465 -0.00171992 0.00940669 0.999954 -0.195353 0.234578 0.382068
FixedParameters: 0 0 0

#Transform 44
Transform: AffineTransform_float_3_3
Parameters: 0.999999 -0.000873153 0.00126879 0.000885272 0.99996 -0.00889874 -0.00126118 0.00889961 0.999959 -0.205718 0.30836 0.262859
FixedParameters: 0 0 0

#Transform 45
Transform: AffineTransform_float_3_3
Parameters: 0.999999 -0.00112076 0.000854115 0.00112832 0.999956 -0.00921476 -0.000843809 0.00921539 0.999957 -0.164862 0.151754 0.420529
FixedParameters: 0 0 0

#Transform 46
Transform: AffineTransform_float_3_3
Parameters: 0.999999 -0.0013862 0.000489612 0.00139077 0.99995 -0.00988665 -0.000475488 0.00988758 0.999951 -0.137435 0.206488 0.584277
FixedParameters: 0 0 0

#Transform 47
Transform: AffineTransform_float_3_3
Parameters: 0.999998 -0.00175466 0.0006307 0.00176035 0.999952 -0.00962607 -0.000613598 0.00962781 0.999953 -0.16235 0.253144 0.477256
FixedParameters: 0 0 0

#Transform 48
Transform: AffineTransform_float_3_3
Parameters: 0.999997 -0.00188746 0.000980917 0.00189745 0.999949 -0.0099063 -0.000962574 0.00990859 0.99995 -0.16522 0.23041 0.472318
FixedParameters: 0 0 0

#Transform 49
Transform: AffineTransform_float_3_3
Parameters: 0.999998 -0.00155847 0.00137717 0.00157289 0.999943 -0.0105286 -0.00136012 0.0105312 0.999944 -0.190742 0.273693 0.40298
FixedParameters: 0 0 0

#Transform 50
Transform: AffineTransform_float_3_3
Parameters: 0.999995 -0.00152327 0.00257462 0.00154634 0.999958 -0.00900052 -0.00256099 0.00900477 0.999956 -0.23315 0.298662 0.24027
FixedParameters: 0 0 0

#Transform 51
Transform: AffineTransform_float_3_3
Parameters: 0.999997 -0.00189462 0.0016266 0.00190693 0.999968 -0.00786777 -0.00161219 0.00787095 0.999967 -0.191006 0.109261 0.529436
FixedParameters: 0 0 0

#Transform 52
Transform: AffineTransform_float_3_3
Parameters: 0.999997 -0.00168637 0.00123784 0.00169687 0.999962 -0.00853021 -0.00122299 0.00853223 0.999963 -0.146023 0.22841 0.419295
FixedParameters: 0 0 0

#Transform 53
Transform: AffineTransform_float_3_3
Parameters: 0.999998 -0.00163593 0.00130438 0.00164806 0.999955 -0.00933031 -0.00128915 0.00933299 0.999956 -0.130228 0.305022 0.290615
FixedParameters: 0 0 0

#Transform 54
Transform: AffineTransform_float_3_3
Parameters: 0.999997 -0.00170404 0.00127813 0.00171533 0.999961 -0.00876995 -0.00126338 0.00877287 0.999961 -0.118843 0.187351 0.42424
FixedParameters: 0 0 0

#Transform 55
Transform: AffineTransform_float_3_3
Parameters: 0.999998 -0.00151489 0.00155651 0.00152782 0.999964 -0.00844847 -0.00154367 0.00845093 0.999963 -0.154042 0.30491 0.253562
FixedParameters: 0 0 0

#Transform 56
Transform: AffineTransform_float_3_3
Parameters: 0.999999 -0.00138089 0.00100997 0.00138973 0.999968 -0.00791063 -0.000998542 0.00791151 0.999968 -0.130099 0.176124 0.291029
FixedParameters: 0 0 0

#Transform 57
Transform: AffineTransform_float_3_3
Parameters: 0.999998 -0.00148846 0.0013224 0.00149931 0.999964 -0.00831507 -0.00131019 0.00831751 0.999965 -0.153535 0.223595 0.235514
FixedParameters: 0 0 0

#Transform 58
Transform: AffineTransform_float_3_3
Parameters: 0.999998 -0.00158901 0.00151306 0.00160391 0.999951 -0.00970421 -0.00149794 0.00970591 0.999952 -0.160232 0.256429 0.286834
FixedParameters: 0 0 0

#Transform 59
Transform: AffineTransform_float_3_3
Parameters: 0.999998 -0.0017173 0.00155284 0.00173333 0.999944 -0.0104539 -0.00153495 0.010456 0.999944 -0.184119 0.285411 0.304234
FixedParameters: 0 0 0

#Transform 60
Transform: AffineTransform_float_3_3
Parameters: 0.999997 -0.00198112 0.00165766 0.00199851 0.999942 -0.0105371 -0.0016368 0.0105403 0.999943 -0.199992 0.278932 0.346142
FixedParameters: 0 0 0

#Transform 61
Transform: AffineTransform_float_3_3
Parameters: 0.999997 -0.0017804 0.0016722 0.00179644 0.999956 -0.00918221 -0.00165575 0.00918503 0.999957 -0.182333 0.332182 0.353676
FixedParameters: 0 0 0

#Transform 62
Transform: AffineTransform_float_3_3
Parameters: 0.999997 -0.00195046 0.00190419 0.00196825 0.999952 -0.00956817 -0.00188514 0.00957222 0.999953 -0.203291 0.195104 0.369296
FixedParameters: 0 0 0

#Transform 63
Transform: AffineTransform_float_3_3
Parameters: 0.999996 -0.00162403 0.00240749 0.00164675 0.999954 -0.00946563 -0.00239221 0.00946919 0.999952 -0.233801 0.24451 0.3623
FixedParameters: 0 0 0

#Transform 64
Transform: AffineTransform_float_3_3
Parameters: 0.999995 -0.00167457 0.00263118 0.00169967 0.999955 -0.00933302 -0.00261577 0.00933675 0.999953 -0.246037 0.292827 0.271958
FixedParameters: 0 0 0

#Transform 65
Transform: AffineTransform_float_3_3
Parameters: 0.999994 -0.00160885 0.00287316 0.00163746 0.999948 -0.0100884 -0.00285649 0.010093 0.999945 -0.239207 0.339069 0.30449
FixedParameters: 0 0 0

#Transform 66
Transform: AffineTransform_float_3_3
Parameters: 0.999996 -0.00159744 0.00241402 0.0016209 0.999951 -0.0098201 -0.00239816 0.00982416 0.999949 -0.224775 0.198443 0.578551
FixedParameters: 0 0 0

#Transform 67
Transform: AffineTransform_float_3_3
Parameters: 0.999997 -0.00159633 0.00219885 0.00161753 0.999953 -0.00953324 -0.00218374 0.00953751 0.999952 -0.227315 0.251549 0.440824
FixedParameters: 0 0 0

#Transform 68
Transform: AffineTransform_float_3_3
Parameters: 0.999995 -0.00155897 0.00257733 0.00158404 0.999949 -0.00994599 -0.00256214 0.00995027 0.999947 -0.254452 0.31242 0.333309
FixedParameters: 0 0 0

#Transform 69
Transform: AffineTransform_float_3_3
Parameters: 0.999996 -0.00131359 0.00240005 0.00133587 0.999953 -0.00957903 -0.00238697 0.00958176 0.999951 -0.239424 0.240357 0.363444
FixedParameters: 0 0 0

#Transform 70
Transform: AffineTransform_float_3_3
Parameters: 0.999997 -0.00148112 0.00199008 0.00149948 0.999951 -0.00976094 -0.00197589 0.00976412 0.999951 -0.2222 0.289126 0.340639
FixedParameters: 0 0 0

#Transform 71
Transform: AffineTransform_float_3_3
Parameters: 0.999995 -0.0016634 0.00251295 0.00168781 0.999952 -0.00966555 -0.00249705 0.00966882 0.99995 -0.246148 0.241748 0.402307
FixedParameters: 0 0 0

#Transform 72
Transform: AffineTransform_float_3_3
Parameters: 0.999996 -0.00169199 0.00236118 0.00171452 0.999951 -0.00971005 -0.00234502 0.00971438 0.99995 -0.234965 0.286083 0.331696
FixedParameters: 0 0 0

#Transform 73
Transform: AffineTransform_float_3_3
Parameters: 0.999996 -0.0014827 0.00246026 0.00150776 0.999949 -0.00996538 -0.0024463 0.00996903 0.999947 -0.235053 0.345445 0.225658
FixedParameters: 0 0 0

#Transform 74
Transform: AffineTransform_float_3_3
Parameters: 0.999996 -0.00172856 0.00220237 0.00174901 0.999953 -0.00948738 -0.00218669 0.00949077 0.999952 -0.20943 0.208747 0.399604
FixedParameters: 0 0 0

#Transform 75
Transform: AffineTransform_float_3_3
Parameters: 0.999996 -0.00170937 0.00259329 0.00173431 0.999949 -0.00992469 -0.00257602 0.00992975 0.999947 -0.226291 0.308983 0.302358
FixedParameters: 0 0 0

#Transform 76
Transform: AffineTransform_float_3_3
Parameters: 0.999994 -0.00155998 0.00293675 0.00158664 0.999958 -0.0090301 -0.00292224 0.00903477 0.999955 -0.214327 0.277271 0.255231
FixedParameters: 0 0 0

#Transform 77
Transform: AffineTransform_float_3_3
Parameters: 0.999993 -0.00133784 0.00328582 0.00136472 0.999965 -0.00822315 -0.00327427 0.00822662 0.999961 -0.198022 0.275441 0.259383
FixedParameters: 0 0 0

#Transform 78
Transform: AffineTransform_float_3_3
Parameters: 0.999995 -0.00156148 0.00293036 0.00158756 0.999961 -0.00876263 -0.00291673 0.00876658 0.999958 -0.203355 0.215287 0.292129
FixedParameters: 0 0 0

#Transform 79
Transform: AffineTransform_float_3_3
Parameters: 0.999993 -0.00153899 0.0036126 0.0015715 0.99996 -0.00886828 -0.00359887 0.00887448 0.999954 -0.254729 0.259042 0.300359
FixedParameters: 0 0 0

#Transform 80
Transform: AffineTransform_float_3_3
Parameters: 0.999992 -0.00196264 0.00330318 0.00199054 0.999963 -0.00831869 -0.00328632 0.00832557 0.99996 -0.206059 0.262104 0.24201
FixedParameters: 0 0 0

#Transform 81
Transform: AffineTransform_float_3_3
Parameters: 0.999991 -0.00180092 0.003881 0.00182991 0.999971 -0.00735945 -0.00386791 0.00736648 0.999966 -0.247832 0.298102 0.0161262
FixedParameters: 0 0 0

#Transform 82
Transform: AffineTransform_float_3_3
Parameters: 0.999995 -0.00171172 0.00271916 0.00173465 0.999964 -0.00833445 -0.00270513 0.00833943 0.999962 -0.131988 0.212932 0.0756562
FixedParameters: 0 0 0

#Transform 83
Transform: AffineTransform_float_3_3
Parameters: 0.999997 -0.00152453 0.00217274 0.00154498 0.999957 -0.0091288 -0.00215928 0.00913201 0.999956 -0.0886858 0.2883 0.0479115
FixedParameters: 0 0 0

#Transform 84
Transform: AffineTransform_float_3_3
Parameters: 0.999997 -0.00170371 0.00163193 0.00171733 0.999962 -0.00846801 -0.00161771 0.00847048 0.999963 -0.0957663 0.324266 -0.130687
FixedParameters: 0 0 0

#Transform 85
Transform: AffineTransform_float_3_3
Parameters: 0.999999 -0.00104021 0.000601818 0.00104448 0.999976 -0.00684753 -0.000595206 0.00684848 0.999976 -0.0832141 0.209944 -0.00672585
FixedParameters: 0 0 0

#Transform 86
Transform: AffineTransform_float_3_3
Parameters: 0.999999 -0.000920784 0.000898674 0.000926158 0.999977 -0.00673363 -0.000892754 0.00673486 0.999977 -0.0952442 0.23238 0.0563862
FixedParameters: 0 0 0

#Transform 87
Transform: AffineTransform_float_3_3
Parameters: 0.999999 -0.000903346 0.000991826 0.00091052 0.999974 -0.0070481 -0.00098576 0.00704947 0.999974 -0.084583 0.193113 0.134847
FixedParameters: 0 0 0

#Transform 88
Transform: AffineTransform_float_3_3
Parameters: 0.999999 -0.00101293 0.00134231 0.00102293 0.999971 -0.00760924 -0.00133478 0.00761058 0.99997 -0.140855 0.350494 0.00822549
FixedParameters: 0 0 0

#Transform 89
Transform: AffineTransform_float_3_3
Parameters: 1 -0.000863082 0.000941396 0.000868209 0.999982 -0.00600868 -0.000936074 0.00600994 0.999982 -0.105697 0.107191 0.252909
FixedParameters: 0 0 0

#Transform 90
Transform: AffineTransform_float_3_3
Parameters: 0.999999 -0.00149016 -0.000707349 0.00148566 0.999981 -0.00603611 0.000716413 0.00603483 0.999981 -0.0410204 0.208103 0.23176
FixedParameters: 0 0 0

#Transform 91
Transform: AffineTransform_float_3_3
Parameters: 0.999999 -0.00114688 0.000316029 0.00114909 0.999976 -0.00681275 -0.000308748 0.00681325 0.999977 -0.100666 0.308166 -0.0127834
FixedParameters: 0 0 0

#Transform 92
Transform: AffineTransform_float_3_3
Parameters: 0.999999 -0.000962759 0.000680769 0.000966656 0.999981 -0.00602361 -0.000675045 0.00602386 0.999982 -0.0848081 0.115164 0.255762
FixedParameters: 0 0 0

#Transform 93
Transform: AffineTransform_float_3_3
Parameters: 0.999999 -0.000991266 0.000639393 0.000994906 0.99998 -0.0062463 -0.000632986 0.00624651 0.999981 -0.0867143 0.228481 0.181476
FixedParameters: 0 0 0

#Transform 94
Transform: AffineTransform_float_3_3
Parameters: 0.999999 -0.00093805 0.000793598 0.00094274 0.99998 -0.00633823 -0.000787409 0.00633938 0.99998 -0.0815149 0.209578 0.296481
FixedParameters: 0 0 0

#Transform 95
Transform: AffineTransform_float_3_3
Parameters: 0.999999 -0.000907983 0.000933398 0.000914231 0.999977 -0.00674179 -0.000926718 0.00674169 0.999977 -0.103906 0.243251 0.246861
FixedParameters: 0 0 0

#Transform 96
Transform: AffineTransform_float_3_3
Parameters: 0.999998 -0.00135896 0.00150482 0.00136999 0.999972 -0.00732048 -0.00149448 0.00732238 0.999972 -0.1772 0.285267 0.216975
FixedParameters: 0 0 0

#Transform 97
Transform: AffineTransform_float_3_3
Parameters: 0.999999 -0.00106899 0.000451843 0.00107216 0.999979 -0.00635832 -0.000445007 0.00635906 0.99998 -0.111938 0.151213 0.416859
FixedParameters: 0 0 0

#Transform 98
Transform: AffineTransform_float_3_3
Parameters: 0.999998 -0.00103398 0.00141305 0.00104445 0.999973 -0.00722815 -0.00140475 0.00722974 0.999973 -0.140027 0.284516 0.263456
FixedParameters: 0 0 0

#Transform 99
Transform: AffineTransform_float_3_3
Parameters: 1 -0.000874322 0.000988914 0.000880623 0.999978 -0.00652178 -0.000983803 0.00652234 0.999979 -0.11974 0.179991 0.412555
FixedParameters: 0 0 0

#Transform 100
Transform: AffineTransform_float_3_3
Parameters: 0.999998 -0.00107749 0.00157044 0.00109008 0.999969 -0.00774852 -0.00156228 0.00775046 0.999968 -0.130704 0.250404 0.343442
FixedParameters: 0 0 0

#Transform 101
Transform: AffineTransform_float_3_3
Parameters: 0.999998 -0.00115587 0.00176556 0.00117147 0.999961 -0.00884018 -0.00175536 0.00884261 0.99996 -0.126414 0.274039 0.422005
FixedParameters: 0 0 0

#Transform 102
Transform: AffineTransform_float_3_3
Parameters: 0.999997 -0.00131467 0.00176518 0.00133429 0.999938 -0.011057 -0.0017507 0.011059 0.999938 -0.142686 0.298172 0.494757
FixedParameters: 0 0 0

#Transform 103
Transform: AffineTransform_float_3_3
Parameters: 0.999996 -0.00132138 0.00224485 0.00135101 0.99991 -0.0133571 -0.00222737 0.0133605 0.999908 -0.165032 0.390303 0.560618
FixedParameters: 0 0 0

#Transform 104
Transform: AffineTransform_float_3_3
Parameters: 0.999996 -0.00195125 0.001978 0.00198205 0.999881 -0.015289 -0.001948 0.0152927 0.999881 -0.161416 0.362046 0.693297
FixedParameters: 0 0 0

#Transform 105
Transform: AffineTransform_float_3_3
Parameters: 0.999996 -0.00226235 0.00117179 0.00228036 0.999881 -0.01523 -0.00113723 0.0152332 0.999883 -0.115975 0.365526 0.743314
FixedParameters: 0 0 0

#Transform 106
Transform: AffineTransform_float_3_3
Parameters: 0.999996 -0.00222274 0.00133745 0.00224357 0.999875 -0.015665 -0.00130273 0.0156681 0.999877 -0.160555 0.373062 0.733929
FixedParameters: 0 0 0

#Transform 107
Transform: AffineTransform_float_3_3
Parameters: 0.999998 -0.00182362 0.0010019 0.00183935 0.999868 -0.0161483 -0.00097195 0.0161494 0.99987 -0.166585 0.368104 0.814528
FixedParameters: 0 0 0

#Transform 108
Transform: AffineTransform_float_3_3
Parameters: 0.999997 -0.00214677 0.00165347 0.00217305 0.999867 -0.0161943 -0.00161832 0.0161968 0.999867 -0.182094 0.388515 0.840122
FixedParameters: 0 0 0

#Transform 109
Transform: AffineTransform_float_3_3
Parameters: 0.999997 -0.00212092 0.00169475 0.0021474 0.999867 -0.0161184 -0.00166031 0.0161216 0.999869 -0.177488 0.412969 0.714417
FixedParameters: 0 0 0

#Transform 110
Transform: AffineTransform_float_3_3
Parameters: 0.999998 -0.00178905 0.001309 0.00180902 0.999873 -0.0158384 -0.00127988 0.0158411 0.999873 -0.154509 0.37741 0.756983
FixedParameters: 0 0 0

#Transform 111
Transform: AffineTransform_float_3_3
Parameters: 0.999998 -0.00189688 0.00107778 0.00191341 0.999868 -0.016143 -0.00104699 0.0161444 0.999869 -0.149173 0.335633 0.800493
FixedParameters: 0 0 0

#Transform 112
Transform: AffineTransform_float_3_3
Parameters: 0.999997 -0.00210125 0.00163542 0.00212666 0.999878 -0.0154808 -0.00160213 0.0154846 0.999879 -0.179559 0.447886 0.628442
FixedParameters: 0 0 0

#Transform 113
Transform: AffineTransform_float_3_3
Parameters: 0.999996 -0.00246206 0.000771219 0.00247316 0.999879 -0.0153676 -0.000733214 0.0153703 0.999881 -0.0998861 0.29221 0.859355
FixedParameters: 0 0 0

#Transform 114
Transform: AffineTransform_float_3_3
Parameters: 0.999998 -0.00203655 -0.000292534 0.0020315 0.999869 -0.0160441 0.000325247 0.0160435 0.999871 -0.0552099 0.34844 0.855084
FixedParameters: 0 0 0

#Transform 115
Transform: AffineTransform_float_3_3
Parameters: 0.999997 -0.00220642 -0.000701687 0.00219524 0.999866 -0.0162103 0.00073731 0.0162095 0.999868 -0.0528329 0.383305 0.868849
FixedParameters: 0 0 0

#Transform 116
Transform: AffineTransform_float_3_3
Parameters: 0.999997 -0.00237307 -0.00097669 0.00235762 0.999879 -0.0153666 0.00101309 0.0153644 0.999882 -0.0216107 0.371958 0.837072
FixedParameters: 0 0 0

#Transform 117
Transform: AffineTransform_float_3_3
Parameters: 0.999997 -0.00266487 -0.000297709 0.00265934 0.999873 -0.0156543 0.000338743 0.0156531 0.999878 -0.0325977 0.376538 0.763769
FixedParameters: 0 0 0

#Transform 118
Transform: AffineTransform_float_3_3
Parameters: 0.999997 -0.00258602 -3.91087e-05 0.00258451 0.999868 -0.0160274 8.04784e-05 0.0160281 0.999872 -0.0714826 0.340314 0.883045
FixedParameters: 0 0 0

#Transform 119
Transform: AffineTransform_float_3_3
Parameters: 0.999997 -0.0024532 -0.000436758 0.00244664 0.999881 -0.0152303 0.000474107 0.0152295 0.999884 -0.0325287 0.357287 0.863899
FixedParameters: 0 0 0
