#!ascii label  , from subject sub-v2s16x51234_ses-1 vox2ras=TkReg
815
50819  -32.963  -5.103  37.187 0.0000000000
48638  -19.921  -7.843  41.936 0.0000000000
105135  -26.697  -5.965  39.202 0.0000000000
60475  -46.183  5.047  19.113 0.0000000000
63449  -48.379  7.189  16.486 0.0000000000
53624  -14.089  -2.445  44.269 0.0000000000
62461  -41.604  6.479  20.632 0.0000000000
105168  -34.285  -3.495  34.678 0.0000000000
102724  -29.478  -6.923  38.008 0.0000000000
50753  -16.470  -5.411  42.696 0.0000000000
49628  -16.255  -6.364  46.590 0.0000000000
49808  -29.100  -6.039  33.637 0.0000000000
52878  -29.955  -3.641  31.703 0.0000000000
47675  -23.460  -8.340  40.321 0.0000000000
52841  -26.123  -4.089  34.904 0.0000000000
59494  -35.308  4.026  22.462 0.0000000000
59505  -39.058  3.294  20.987 0.0000000000
57563  -44.579  1.956  21.099 0.0000000000
49596  -10.018  -6.463  48.235 0.0000000000
50649  -7.735  -6.013  51.565 0.0000000000
103273  -29.552  -0.522  30.051 0.0000000000
56621  -30.286  0.303  26.564 0.0000000000
57521  -32.537  1.669  24.692 0.0000000000
49624  -12.480  -6.561  46.208 0.0000000000
48606  -19.474  -7.825  44.172 0.0000000000
105969  -21.270  -8.287  44.333 0.0000000000
49776  -31.745  -6.133  38.065 0.0000000000
107113  -18.978  -4.733  41.166 0.0000000000
49695  -18.129  -6.624  42.169 0.0000000000
48623  -17.821  -6.909  43.670 0.0000000000
52844  -28.700  -3.091  34.908 0.0000000000
50843  -27.451  -5.683  34.326 0.0000000000
61444  -35.670  5.763  21.618 0.0000000000
59502  -36.786  3.829  21.687 0.0000000000
61454  -37.832  5.128  20.701 0.0000000000
59523  -42.281  3.253  19.821 0.0000000000
58542  -44.684  2.510  19.145 0.0000000000
57575  -46.328  1.508  20.462 0.0000000000
58553  -46.854  2.046  18.170 0.0000000000
57612  -48.703  1.752  17.793 0.0000000000
56565  -29.046  0.027  32.733 0.0000000000
54754  -29.536  -1.774  30.838 0.0000000000
120937  -27.955  1.175  31.410 0.0000000000
58410  -28.347  2.616  27.627 0.0000000000
59418  -30.284  3.070  26.305 0.0000000000
57508  -31.246  0.899  25.574 0.0000000000
59420  -31.798  3.860  25.678 0.0000000000
61431  -32.521  5.527  23.962 0.0000000000
48680  -25.295  -6.927  39.881 0.0000000000
51700  -11.535  -4.843  46.080 0.0000000000
50725  -13.008  -5.190  44.894 0.0000000000
48456  -7.167  -7.686  53.276 0.0000000000
49488  -5.673  -6.877  55.392 0.0000000000
63411  -40.307  7.079  21.328 0.0000000000
53767  -34.676  -2.473  33.725 0.0000000000
120279  -28.094  -6.744  38.651 0.0000000000
52731  -14.840  -3.693  43.269 0.0000000000
50727  -14.488  -5.293  44.526 0.0000000000
50729  -15.983  -5.769  44.051 0.0000000000
63460  -48.417  8.011  15.102 0.0000000000
49803  -30.659  -6.328  34.614 0.0000000000
50855  -31.877  -5.311  33.205 0.0000000000
51881  -29.923  -5.046  32.568 0.0000000000
49727  -20.202  -6.693  40.500 0.0000000000
47663  -21.454  -8.276  41.409 0.0000000000
49742  -21.776  -6.690  39.575 0.0000000000
50804  -23.098  -5.642  38.151 0.0000000000
50815  -24.479  -5.216  37.474 0.0000000000
53752  -24.834  -2.952  35.833 0.0000000000
50817  -25.995  -5.591  36.879 0.0000000000
49781  -27.125  -6.410  35.641 0.0000000000
113567  -29.511  -6.740  35.695 0.0000000000
58459  -35.625  2.415  24.565 0.0000000000
60465  -40.531  4.449  20.040 0.0000000000
101532  -41.731  2.104  21.542 0.0000000000
105304  -50.461  2.544  16.578 0.0000000000
49572  -8.392  -6.811  50.165 0.0000000000
47511  -8.480  -8.442  52.259 0.0000000000
51884  -32.400  -4.244  31.854 0.0000000000
111183  -32.707  -2.893  31.171 0.0000000000
54757  -31.701  -0.606  30.391 0.0000000000
58377  -27.635  2.587  29.491 0.0000000000
116133  -29.294  -0.007  28.743 0.0000000000
55706  -32.090  0.786  29.316 0.0000000000
116574  -32.896  -0.551  28.064 0.0000000000
55741  -33.825  -0.793  26.665 0.0000000000
56652  -34.357  0.247  25.529 0.0000000000
58485  -33.654  3.225  23.609 0.0000000000
62429  -33.722  6.279  22.739 0.0000000000
104930  -23.511  -8.214  43.776 0.0000000000
51687  -11.160  -4.338  47.803 0.0000000000
48548  -11.350  -6.941  47.098 0.0000000000
49626  -14.275  -6.296  46.569 0.0000000000
48444  -4.126  -6.996  55.554 0.0000000000
47636  -19.961  -8.048  43.385 0.0000000000
48607  -20.369  -8.124  44.286 0.0000000000
47651  -20.470  -8.208  42.586 0.0000000000
50818  -32.258  -5.721  37.178 0.0000000000
49710  -19.016  -6.732  41.291 0.0000000000
50766  -18.130  -5.743  41.435 0.0000000000
48650  -18.771  -6.968  41.837 0.0000000000
48636  -18.552  -7.156  42.540 0.0000000000
63407  -36.785  6.929  21.852 0.0000000000
61445  -36.624  5.524  21.233 0.0000000000
63408  -37.660  6.979  21.746 0.0000000000
108038  -45.227  4.867  19.066 0.0000000000
60474  -44.515  4.222  18.915 0.0000000000
59532  -44.879  3.401  18.628 0.0000000000
57599  -45.488  2.112  18.882 0.0000000000
59534  -46.302  3.551  18.065 0.0000000000
59545  -46.990  3.327  17.688 0.0000000000
117993  -28.483  0.265  32.021 0.0000000000
60384  -30.515  4.228  27.514 0.0000000000
59419  -31.170  3.436  26.037 0.0000000000
60404  -32.098  4.658  26.152 0.0000000000
61418  -32.435  5.298  25.724 0.0000000000
49745  -25.940  -6.029  39.392 0.0000000000
48669  -26.024  -6.533  41.095 0.0000000000
101283  -26.837  -6.026  40.712 0.0000000000
108221  -12.369  -3.957  45.280 0.0000000000
52723  -13.429  -3.844  44.252 0.0000000000
61499  -50.392  6.105  16.442 0.0000000000
48446  -6.986  -7.653  54.093 0.0000000000
52834  -34.998  -3.296  36.363 0.0000000000
53758  -34.774  -2.942  34.651 0.0000000000
102725  -28.757  -6.921  38.362 0.0000000000
49747  -30.487  -6.808  39.268 0.0000000000
51730  -16.809  -4.418  42.042 0.0000000000
52744  -16.312  -3.726  42.393 0.0000000000
53642  -16.147  -2.343  42.942 0.0000000000
116769  -16.105  -4.619  42.584 0.0000000000
50740  -15.545  -5.241  43.650 0.0000000000
50741  -16.234  -5.625  43.314 0.0000000000
119235  -18.789  -7.315  45.627 0.0000000000
48568  -18.119  -6.973  45.999 0.0000000000
49802  -29.956  -6.406  34.287 0.0000000000
50845  -30.697  -6.087  33.887 0.0000000000
50854  -29.597  -5.572  33.171 0.0000000000
109290  -21.049  -5.096  40.358 0.0000000000
49728  -21.025  -6.871  40.097 0.0000000000
51763  -21.537  -4.930  39.752 0.0000000000
51780  -22.295  -4.146  38.492 0.0000000000
51781  -22.809  -4.677  37.968 0.0000000000
50805  -24.010  -5.791  37.862 0.0000000000
51798  -23.246  -4.138  37.452 0.0000000000
53754  -26.425  -2.772  35.402 0.0000000000
52840  -25.427  -3.721  35.411 0.0000000000
51835  -25.179  -4.561  35.988 0.0000000000
50833  -25.847  -5.287  35.725 0.0000000000
50826  -26.569  -6.050  36.340 0.0000000000
50834  -26.337  -5.451  35.151 0.0000000000
50844  -28.299  -5.785  33.895 0.0000000000
102427  -27.852  -6.284  34.479 0.0000000000
49801  -29.224  -6.337  34.117 0.0000000000
49794  -30.110  -6.573  35.127 0.0000000000
58487  -35.293  2.992  23.877 0.0000000000
58460  -36.390  2.634  24.641 0.0000000000
59487  -35.729  3.339  23.235 0.0000000000
59504  -38.417  3.249  21.387 0.0000000000
59497  -37.939  3.001  21.984 0.0000000000
62445  -40.699  6.503  20.803 0.0000000000
62460  -40.186  5.863  20.567 0.0000000000
61458  -41.047  5.694  20.243 0.0000000000
58541  -43.548  2.463  20.171 0.0000000000
59514  -41.495  3.227  20.155 0.0000000000
58522  -42.489  2.168  21.174 0.0000000000
58510  -42.419  1.952  22.060 0.0000000000
58563  -49.726  2.126  17.062 0.0000000000
60497  -50.142  4.135  16.892 0.0000000000
61494  -50.316  4.724  17.099 0.0000000000
51685  -10.088  -5.360  48.714 0.0000000000
51677  -9.666  -5.245  49.453 0.0000000000
114536  -9.247  -7.119  49.208 0.0000000000
47532  -9.158  -8.556  51.345 0.0000000000
47497  -9.220  -8.876  53.703 0.0000000000
51883  -31.362  -5.080  32.342 0.0000000000
116948  -32.571  -4.736  33.180 0.0000000000
51897  -31.741  -4.527  31.694 0.0000000000
106353  -29.347  -1.075  30.621 0.0000000000
121989  -31.520  -2.574  30.540 0.0000000000
116326  -31.092  -1.736  30.315 0.0000000000
53788  -32.494  -1.781  30.841 0.0000000000
54756  -30.927  -0.535  30.083 0.0000000000
59378  -27.715  3.689  29.581 0.0000000000
57488  -29.314  1.524  26.687 0.0000000000
57456  -28.595  1.045  27.893 0.0000000000
113350  -29.261  0.285  27.792 0.0000000000
55704  -30.756  0.003  28.553 0.0000000000
102895  -31.477  -0.164  27.997 0.0000000000
55716  -32.126  0.095  28.523 0.0000000000
55728  -31.515  -0.483  27.094 0.0000000000
57509  -32.101  0.887  25.185 0.0000000000
55747  -32.245  -0.364  25.981 0.0000000000
56651  -33.466  0.121  25.391 0.0000000000
56623  -34.600  -0.362  26.254 0.0000000000
56675  -33.881  0.851  24.891 0.0000000000
57523  -34.266  1.630  24.509 0.0000000000
118122  -33.352  2.838  23.872 0.0000000000
62417  -32.888  6.859  24.145 0.0000000000
61432  -32.864  5.650  23.324 0.0000000000
63369  -33.539  7.364  23.745 0.0000000000
47664  -22.296  -8.429  41.209 0.0000000000
105779  -21.944  -8.470  41.913 0.0000000000
116679  -23.840  -8.335  42.372 0.0000000000
49641  -11.981  -6.161  45.892 0.0000000000
50709  -11.433  -5.718  46.194 0.0000000000
48566  -11.902  -6.762  46.549 0.0000000000
50718  -15.046  -5.767  45.171 0.0000000000
50717  -14.208  -5.707  45.203 0.0000000000
109952  -15.394  -6.264  46.750 0.0000000000
48589  -19.471  -7.559  45.727 0.0000000000
47610  -21.011  -7.794  46.041 0.0000000000
117371  -21.524  -7.928  45.610 0.0000000000
114525  -22.429  -8.149  44.923 0.0000000000
102238  -30.818  -6.642  37.804 0.0000000000
49748  -31.277  -6.527  39.463 0.0000000000
52762  -18.518  -4.013  41.555 0.0000000000
50765  -17.400  -5.209  41.780 0.0000000000
50754  -17.082  -5.726  42.288 0.0000000000
49678  -17.289  -6.483  43.238 0.0000000000
49679  -17.920  -6.814  42.858 0.0000000000
48605  -18.517  -7.387  44.125 0.0000000000
51867  -28.526  -4.872  33.734 0.0000000000
51868  -29.265  -4.711  33.147 0.0000000000
52842  -26.857  -3.576  34.963 0.0000000000
52853  -26.742  -4.364  34.685 0.0000000000
52855  -28.134  -4.024  34.300 0.0000000000
60451  -35.333  4.865  21.830 0.0000000000
59495  -36.250  3.605  22.431 0.0000000000
60456  -35.969  4.967  21.414 0.0000000000
60461  -37.243  4.931  20.919 0.0000000000
111944  -38.317  4.257  20.675 0.0000000000
61474  -42.418  4.929  19.579 0.0000000000
61475  -43.262  4.809  19.429 0.0000000000
59524  -43.260  3.315  19.465 0.0000000000
58534  -44.355  2.266  19.882 0.0000000000
117190  -45.212  1.807  21.164 0.0000000000
57585  -45.189  1.923  19.637 0.0000000000
57587  -46.568  1.541  19.518 0.0000000000
57588  -48.026  1.437  18.967 0.0000000000
57601  -47.827  1.778  18.098 0.0000000000
58561  -48.100  2.911  17.244 0.0000000000
47582  -10.293  -8.012  48.981 0.0000000000
47570  -10.123  -8.341  49.695 0.0000000000
47553  -11.469  -8.882  50.407 0.0000000000
117211  -28.858  -1.331  32.060 0.0000000000
53787  -29.917  -2.698  31.094 0.0000000000
55679  -28.673  -0.613  32.002 0.0000000000
55686  -28.505  -0.302  31.273 0.0000000000
55693  -28.435  -0.021  30.647 0.0000000000
60368  -28.202  4.120  28.779 0.0000000000
60383  -29.566  4.101  27.765 0.0000000000
59417  -29.471  3.049  26.710 0.0000000000
57489  -30.031  1.620  26.139 0.0000000000
56622  -30.996  0.174  26.104 0.0000000000
57507  -30.747  1.691  25.715 0.0000000000
59435  -31.588  3.007  25.331 0.0000000000
58437  -32.198  2.614  24.702 0.0000000000
59462  -32.532  3.289  24.264 0.0000000000
60425  -32.201  4.476  25.107 0.0000000000
47683  -24.001  -8.135  39.905 0.0000000000
115658  -24.470  -8.123  41.504 0.0000000000
48653  -24.886  -7.782  41.092 0.0000000000
51705  -12.016  -4.657  45.515 0.0000000000
50715  -12.571  -5.563  45.368 0.0000000000
48462  -7.224  -7.220  51.970 0.0000000000
50632  -7.264  -5.825  52.518 0.0000000000
49516  -6.772  -6.407  53.152 0.0000000000
49507  -6.393  -6.532  54.101 0.0000000000
49498  -5.812  -6.307  54.843 0.0000000000
53775  -34.655  -1.596  33.205 0.0000000000
116701  -27.633  -6.447  39.325 0.0000000000
49730  -27.210  -6.115  40.045 0.0000000000
54571  -15.658  -1.885  43.533 0.0000000000
53640  -14.441  -3.038  43.573 0.0000000000
52730  -14.147  -3.795  43.724 0.0000000000
51721  -14.573  -4.292  43.592 0.0000000000
50728  -15.250  -5.461  44.379 0.0000000000
118666  -16.304  -6.220  45.242 0.0000000000
49660  -17.145  -6.539  44.075 0.0000000000
49646  -16.959  -6.503  44.953 0.0000000000
103339  -17.216  -6.602  46.507 0.0000000000
102357  -47.842  7.634  15.843 0.0000000000
110364  -32.335  -5.560  35.782 0.0000000000
51837  -32.865  -5.092  35.665 0.0000000000
108369  -31.373  -5.735  33.722 0.0000000000
50867  -30.838  -5.637  33.047 0.0000000000
52871  -30.310  -4.523  31.982 0.0000000000
53774  -29.149  -2.661  33.563 0.0000000000
111419  -29.317  -3.252  32.597 0.0000000000
54728  -29.059  -1.764  32.759 0.0000000000
55680  -29.077  -0.827  32.818 0.0000000000
48663  -19.838  -7.137  40.915 0.0000000000
47662  -20.680  -8.114  41.689 0.0000000000
48664  -20.568  -7.384  40.654 0.0000000000
48665  -21.329  -7.636  40.370 0.0000000000
48676  -22.273  -7.343  39.452 0.0000000000
51764  -21.890  -4.416  39.114 0.0000000000
50803  -22.479  -5.839  38.761 0.0000000000
49744  -22.962  -7.286  38.988 0.0000000000
49755  -23.661  -6.976  38.649 0.0000000000
49756  -24.324  -6.405  38.332 0.0000000000
49768  -25.022  -5.699  37.952 0.0000000000
53736  -23.629  -2.461  36.855 0.0000000000
51818  -24.398  -4.194  36.515 0.0000000000
50816  -25.284  -5.333  37.252 0.0000000000
49769  -25.883  -5.549  37.723 0.0000000000
49770  -26.596  -5.956  37.249 0.0000000000
49772  -28.070  -6.799  37.915 0.0000000000
49773  -28.760  -6.908  37.485 0.0000000000
116277  -27.312  -6.358  34.946 0.0000000000
49791  -27.878  -6.599  35.207 0.0000000000
116848  -29.506  -6.859  37.178 0.0000000000
49774  -30.391  -6.691  36.923 0.0000000000
49786  -31.151  -6.391  36.206 0.0000000000
50777  -19.356  -5.523  40.827 0.0000000000
59496  -37.198  3.175  22.372 0.0000000000
62443  -38.949  6.406  21.105 0.0000000000
61456  -39.081  5.146  20.461 0.0000000000
59513  -39.469  3.720  20.547 0.0000000000
60470  -41.214  4.305  19.782 0.0000000000
59521  -40.867  3.655  20.091 0.0000000000
58520  -40.397  2.548  21.159 0.0000000000
103867  -41.644  1.885  22.597 0.0000000000
115617  -51.121  3.515  16.173 0.0000000000
102654  -50.500  5.203  16.832 0.0000000000
62492  -48.985  6.583  17.115 0.0000000000
51664  -8.786  -5.221  50.822 0.0000000000
50663  -8.018  -6.466  50.781 0.0000000000
48496  -9.019  -7.884  50.071 0.0000000000
108403  -8.086  -7.656  50.836 0.0000000000
48477  -7.675  -7.477  51.325 0.0000000000
47495  -7.688  -8.050  52.823 0.0000000000
51853  -32.968  -4.953  34.926 0.0000000000
51854  -33.358  -4.470  34.528 0.0000000000
52857  -33.823  -3.792  34.076 0.0000000000
52888  -31.461  -3.301  30.769 0.0000000000
101986  -32.869  -3.583  31.724 0.0000000000
52872  -33.527  -3.250  32.401 0.0000000000
53783  -33.559  -2.504  31.981 0.0000000000
54729  -33.660  -1.652  31.913 0.0000000000
54743  -33.071  -0.985  31.327 0.0000000000
58366  -27.667  2.175  30.588 0.0000000000
56582  -28.172  0.562  30.143 0.0000000000
113795  -27.869  2.601  28.447 0.0000000000
56602  -28.679  0.546  28.572 0.0000000000
120772  -29.276  -0.172  29.465 0.0000000000
55695  -30.868  0.003  29.407 0.0000000000
54758  -32.435  -0.079  30.791 0.0000000000
55740  -32.283  -0.634  26.651 0.0000000000
115354  -33.014  -0.890  27.083 0.0000000000
122286  -35.412  1.113  25.535 0.0000000000
58458  -34.756  2.406  24.223 0.0000000000
59485  -34.112  3.716  23.161 0.0000000000
59484  -33.299  4.072  23.306 0.0000000000
112566  -33.257  5.036  22.937 0.0000000000
60450  -34.618  4.728  22.341 0.0000000000
110073  -35.131  6.334  21.973 0.0000000000
63387  -35.534  7.431  22.535 0.0000000000
117122  -21.250  -8.388  42.179 0.0000000000
47639  -22.694  -8.390  43.447 0.0000000000
108576  -24.341  -8.123  42.843 0.0000000000
50694  -10.452  -5.565  47.938 0.0000000000
51695  -11.323  -4.527  47.021 0.0000000000
120669  -10.649  -5.709  47.393 0.0000000000
48547  -10.681  -6.958  47.547 0.0000000000
48529  -11.436  -7.655  47.832 0.0000000000
50726  -13.677  -5.194  44.676 0.0000000000
50716  -13.338  -5.666  45.229 0.0000000000
49625  -13.355  -6.562  46.433 0.0000000000
48423  -6.241  -7.862  56.598 0.0000000000
49487  -4.943  -6.787  55.732 0.0000000000
117215  -4.753  -5.786  55.265 0.0000000000
51800  -33.561  -4.603  37.340 0.0000000000
47650  -19.713  -7.867  42.640 0.0000000000
48651  -19.467  -7.277  41.474 0.0000000000
48637  -19.230  -7.479  42.233 0.0000000000
63389  -37.317  7.451  22.340 0.0000000000
60483  -45.575  4.186  18.580 0.0000000000
59533  -45.524  3.278  18.351 0.0000000000
60403  -31.583  4.150  26.518 0.0000000000
49729  -26.056  -6.289  40.269 0.0000000000
101627  -26.600  -5.983  39.911 0.0000000000
110661  -13.683  -2.430  44.745 0.0000000000
53623  -13.506  -2.969  44.501 0.0000000000
62493  -49.690  6.388  16.736 0.0000000000
62502  -50.015  7.034  15.974 0.0000000000
63450  -49.251  7.132  16.180 0.0000000000
52858  -34.351  -3.200  34.091 0.0000000000
49761  -29.503  -6.956  39.058 0.0000000000
50764  -16.734  -5.104  42.215 0.0000000000
50752  -15.908  -5.130  43.067 0.0000000000
49809  -29.918  -6.049  33.486 0.0000000000
53723  -22.611  -2.812  38.132 0.0000000000
51797  -22.666  -3.959  37.976 0.0000000000
52819  -22.809  -3.372  37.729 0.0000000000
52820  -23.374  -3.304  37.096 0.0000000000
114329  -26.002  -3.335  35.051 0.0000000000
53753  -25.573  -2.771  35.446 0.0000000000
51836  -25.839  -4.692  35.263 0.0000000000
109267  -26.436  -5.881  35.627 0.0000000000
49800  -28.593  -6.234  34.114 0.0000000000
59486  -34.899  3.504  23.169 0.0000000000
116211  -39.740  2.533  21.528 0.0000000000
57562  -44.087  2.149  20.613 0.0000000000
58533  -42.714  2.560  20.393 0.0000000000
101482  -43.287  2.191  20.871 0.0000000000
102045  -43.187  2.046  21.722 0.0000000000
50693  -9.531  -6.026  49.028 0.0000000000
49595  -9.496  -6.708  48.936 0.0000000000
51896  -30.992  -4.685  31.725 0.0000000000
52879  -30.640  -4.166  31.424 0.0000000000
54755  -30.166  -1.183  30.313 0.0000000000
56606  -29.582  0.567  26.955 0.0000000000
119228  -29.008  0.984  27.286 0.0000000000
56607  -30.083  -0.037  27.255 0.0000000000
55715  -30.746  -0.204  27.546 0.0000000000
55727  -30.846  -0.223  26.794 0.0000000000
57510  -32.986  0.812  24.907 0.0000000000
57522  -33.404  1.595  24.468 0.0000000000
58456  -32.968  2.480  24.173 0.0000000000
47674  -22.669  -8.292  40.292 0.0000000000
47665  -23.213  -8.476  41.035 0.0000000000
48549  -12.080  -7.341  47.228 0.0000000000
48567  -12.663  -6.951  46.814 0.0000000000
49645  -15.733  -6.160  45.831 0.0000000000
50650  -8.325  -5.341  51.386 0.0000000000
50633  -8.017  -5.177  52.083 0.0000000000
52833  -34.406  -3.764  36.355 0.0000000000
109728  -19.915  -7.886  45.056 0.0000000000
103607  -20.265  -7.745  45.859 0.0000000000
47623  -21.752  -8.167  45.012 0.0000000000
47611  -22.279  -7.909  45.583 0.0000000000
49764  -31.690  -6.233  38.916 0.0000000000
49709  -18.399  -6.398  41.592 0.0000000000
49708  -17.716  -6.049  41.883 0.0000000000
49694  -17.474  -6.312  42.509 0.0000000000
48624  -18.355  -7.226  43.244 0.0000000000
114009  -19.084  -7.556  44.978 0.0000000000
52862  -28.795  -3.856  33.877 0.0000000000
61446  -37.529  5.668  20.980 0.0000000000
60462  -37.807  4.527  20.775 0.0000000000
61455  -38.364  4.856  20.564 0.0000000000
59525  -44.149  3.219  19.000 0.0000000000
102143  -43.840  2.720  19.566 0.0000000000
57600  -46.260  1.830  18.718 0.0000000000
105940  -47.128  1.625  18.744 0.0000000000
59535  -47.173  3.936  17.898 0.0000000000
59546  -47.714  3.483  17.543 0.0000000000
56564  -28.169  1.088  31.969 0.0000000000
56573  -28.144  0.545  31.204 0.0000000000
59406  -29.904  3.619  27.032 0.0000000000
58427  -29.679  2.402  26.389 0.0000000000
118743  -30.307  2.306  25.986 0.0000000000
58428  -30.931  2.589  25.702 0.0000000000
59436  -32.092  3.532  24.902 0.0000000000
62413  -32.649  6.077  25.319 0.0000000000
48679  -24.535  -7.501  39.519 0.0000000000
48667  -24.724  -7.717  40.281 0.0000000000
48655  -26.020  -6.763  41.855 0.0000000000
52722  -12.819  -4.147  44.709 0.0000000000
51706  -12.516  -4.811  45.068 0.0000000000
114369  -7.154  -7.471  52.634 0.0000000000
115441  -6.916  -6.996  52.608 0.0000000000
48455  -6.768  -7.128  53.427 0.0000000000
48445  -6.344  -7.079  54.668 0.0000000000
53768  -35.323  -2.158  34.468 0.0000000000
53776  -35.070  -1.800  33.815 0.0000000000
49759  -27.391  -6.368  38.498 0.0000000000
49760  -28.497  -6.828  39.279 0.0000000000
53641  -15.298  -2.795  43.124 0.0000000000
53625  -14.870  -2.156  43.828 0.0000000000
49659  -15.774  -5.920  44.900 0.0000000000
48587  -17.468  -6.772  45.529 0.0000000000
104637  -16.641  -6.427  45.811 0.0000000000
50835  -31.737  -5.979  35.521 0.0000000000
50846  -31.428  -5.964  34.565 0.0000000000
50866  -30.159  -5.561  32.863 0.0000000000
51882  -30.590  -5.149  32.357 0.0000000000
52870  -29.667  -4.185  32.449 0.0000000000
53766  -29.466  -2.120  34.443 0.0000000000
52863  -29.150  -3.612  33.235 0.0000000000
54718  -29.546  -1.054  33.636 0.0000000000
116434  -29.118  -2.440  32.963 0.0000000000
50791  -21.336  -5.905  39.872 0.0000000000
117739  -21.663  -7.338  39.872 0.0000000000
48666  -22.042  -7.884  39.966 0.0000000000
111230  -22.357  -4.996  38.518 0.0000000000
49754  -23.034  -6.520  38.569 0.0000000000
105095  -25.167  -6.277  38.655 0.0000000000
53738  -25.077  -2.100  35.887 0.0000000000
54671  -25.507  -1.482  36.414 0.0000000000
53737  -24.320  -2.316  36.298 0.0000000000
54669  -23.963  -1.777  36.760 0.0000000000
52832  -24.096  -3.280  36.435 0.0000000000
50825  -25.508  -5.236  36.466 0.0000000000
50824  -24.796  -4.874  36.818 0.0000000000
49758  -26.547  -5.861  38.209 0.0000000000
102799  -27.270  -6.483  36.644 0.0000000000
107500  -28.013  -6.818  37.041 0.0000000000
49782  -27.942  -6.744  36.098 0.0000000000
51851  -27.027  -4.997  34.429 0.0000000000
50842  -26.816  -5.601  34.687 0.0000000000
49799  -27.180  -6.097  34.658 0.0000000000
49792  -28.571  -6.523  34.691 0.0000000000
107894  -28.712  -6.748  35.597 0.0000000000
49783  -28.790  -6.859  36.551 0.0000000000
49784  -29.590  -6.803  36.415 0.0000000000
49795  -30.941  -6.375  35.326 0.0000000000
50827  -31.972  -5.933  36.362 0.0000000000
51751  -20.324  -5.133  40.675 0.0000000000
50778  -19.944  -5.976  40.513 0.0000000000
49726  -19.456  -6.488  40.841 0.0000000000
58438  -35.576  1.687  25.214 0.0000000000
102410  -36.880  2.836  24.050 0.0000000000
63410  -39.457  7.003  21.504 0.0000000000
63409  -38.556  6.979  21.652 0.0000000000
61457  -40.360  5.189  20.215 0.0000000000
113004  -39.753  5.365  20.432 0.0000000000
60464  -39.747  4.606  20.313 0.0000000000
112688  -40.157  3.916  20.245 0.0000000000
60471  -41.940  4.169  19.593 0.0000000000
61473  -41.573  4.979  19.751 0.0000000000
58532  -41.810  2.607  20.630 0.0000000000
58531  -40.992  2.940  20.581 0.0000000000
58521  -41.165  2.417  21.110 0.0000000000
102063  -40.945  2.024  21.850 0.0000000000
115960  -42.458  1.981  22.834 0.0000000000
115358  -45.953  1.608  21.229 0.0000000000
57613  -49.451  1.748  17.580 0.0000000000
61493  -50.351  5.035  17.530 0.0000000000
60499  -50.684  4.328  16.520 0.0000000000
109587  -50.091  5.699  17.032 0.0000000000
50681  -9.175  -5.799  49.628 0.0000000000
50665  -9.227  -5.216  50.120 0.0000000000
50664  -8.602  -5.965  50.203 0.0000000000
107106  -9.917  -8.491  50.238 0.0000000000
47569  -9.561  -8.202  49.956 0.0000000000
48495  -8.626  -8.058  50.688 0.0000000000
47531  -8.171  -8.082  51.351 0.0000000000
47510  -7.595  -7.871  52.001 0.0000000000
47480  -8.473  -8.454  54.240 0.0000000000
50856  -31.965  -5.538  34.078 0.0000000000
51869  -32.649  -5.017  34.059 0.0000000000
108870  -32.172  -4.759  32.436 0.0000000000
51870  -33.195  -4.372  33.597 0.0000000000
51885  -32.966  -4.191  32.584 0.0000000000
52887  -30.664  -3.511  31.022 0.0000000000
53797  -30.828  -2.715  30.614 0.0000000000
52889  -32.115  -2.801  30.714 0.0000000000
52881  -32.138  -3.729  31.154 0.0000000000
52882  -33.214  -2.927  31.658 0.0000000000
53789  -33.189  -2.209  31.387 0.0000000000
110724  -27.627  3.157  30.429 0.0000000000
57448  -27.773  1.508  29.837 0.0000000000
59391  -28.202  3.376  28.125 0.0000000000
56601  -28.259  1.185  28.531 0.0000000000
56593  -28.710  0.227  29.347 0.0000000000
55703  -30.038  -0.208  29.204 0.0000000000
55705  -31.440  0.408  28.926 0.0000000000
55696  -31.453  0.378  29.747 0.0000000000
55697  -32.090  0.669  30.132 0.0000000000
115963  -32.646  0.885  30.437 0.0000000000
104028  -32.730  0.470  28.959 0.0000000000
55739  -31.593  -0.321  26.358 0.0000000000
56649  -31.762  0.131  25.692 0.0000000000
55748  -33.049  -0.561  26.086 0.0000000000
55730  -33.704  -0.936  27.674 0.0000000000
56624  -35.361  0.447  25.955 0.0000000000
57511  -34.818  1.093  25.175 0.0000000000
58457  -33.817  2.418  24.019 0.0000000000
58486  -34.428  3.053  23.662 0.0000000000
60441  -32.446  4.698  24.243 0.0000000000
59483  -32.685  3.996  23.838 0.0000000000
60445  -32.759  4.823  23.514 0.0000000000
61437  -33.328  5.778  22.880 0.0000000000
60446  -33.929  4.504  22.780 0.0000000000
61438  -33.982  5.462  22.531 0.0000000000
61439  -34.819  5.594  22.043 0.0000000000
62430  -34.438  6.463  22.379 0.0000000000
47672  -20.978  -7.928  40.985 0.0000000000
47652  -22.915  -8.486  42.163 0.0000000000
47625  -23.060  -8.160  44.454 0.0000000000
47666  -24.990  -7.803  41.841 0.0000000000
47653  -24.437  -8.147  42.137 0.0000000000
47654  -24.991  -7.827  42.576 0.0000000000
101637  -27.675  -6.233  40.868 0.0000000000
51686  -10.725  -4.642  48.413 0.0000000000
52707  -11.776  -3.958  46.638 0.0000000000
49623  -11.374  -6.333  46.564 0.0000000000
50702  -10.892  -5.877  46.869 0.0000000000
49612  -10.927  -6.459  47.087 0.0000000000
106437  -10.558  -6.202  47.469 0.0000000000
51713  -14.007  -4.553  44.114 0.0000000000
49644  -14.777  -6.100  46.013 0.0000000000
49643  -13.781  -6.071  45.821 0.0000000000
63459  -47.360  7.861  15.315 0.0000000000
110980  -4.647  -7.460  56.147 0.0000000000
49497  -5.204  -6.217  55.295 0.0000000000
49496  -4.471  -6.338  55.365 0.0000000000
47637  -20.804  -8.311  43.508 0.0000000000
49775  -31.408  -6.337  37.095 0.0000000000
49725  -18.757  -6.106  41.094 0.0000000000
50767  -18.634  -5.428  41.133 0.0000000000
48625  -19.086  -7.623  43.173 0.0000000000
53743  -29.587  -2.090  35.810 0.0000000000
115461  -36.404  6.323  21.555 0.0000000000
62441  -37.160  6.352  21.393 0.0000000000
62442  -38.030  6.389  21.236 0.0000000000
114752  -43.956  4.707  19.285 0.0000000000
122277  -44.674  2.901  18.780 0.0000000000
58551  -45.160  2.722  18.631 0.0000000000
58552  -45.976  2.523  18.294 0.0000000000
58559  -46.647  2.725  17.854 0.0000000000
57431  -28.864  1.005  32.766 0.0000000000
57430  -28.403  1.869  32.391 0.0000000000
57436  -27.894  1.836  31.555 0.0000000000
59407  -30.846  3.802  26.798 0.0000000000
115399  -25.077  -6.789  39.246 0.0000000000
49711  -26.576  -6.271  41.486 0.0000000000
52716  -12.938  -3.441  44.818 0.0000000000
61500  -50.894  5.228  16.377 0.0000000000
61510  -51.092  5.981  15.933 0.0000000000
48447  -7.731  -7.961  54.731 0.0000000000
48436  -6.939  -7.687  55.205 0.0000000000
48435  -6.253  -7.428  55.716 0.0000000000
101827  -29.892  -6.959  40.060 0.0000000000
52761  -17.586  -4.211  41.698 0.0000000000
52745  -17.044  -3.548  42.086 0.0000000000
114789  -17.292  -2.829  42.389 0.0000000000
53660  -16.620  -2.909  42.519 0.0000000000
53659  -15.963  -3.065  42.695 0.0000000000
52732  -15.581  -3.733  42.803 0.0000000000
51722  -15.304  -4.544  43.248 0.0000000000
48588  -18.285  -7.167  45.138 0.0000000000
48604  -17.702  -6.894  44.575 0.0000000000
50779  -20.662  -5.954  40.263 0.0000000000
52801  -22.409  -3.393  38.387 0.0000000000
120691  -23.612  -6.317  38.266 0.0000000000
50814  -23.606  -5.009  37.677 0.0000000000
51799  -24.019  -4.576  37.134 0.0000000000
53739  -25.987  -2.072  35.848 0.0000000000
51834  -24.754  -3.746  36.006 0.0000000000
120503  -26.063  -5.642  36.175 0.0000000000
51852  -27.785  -5.001  34.135 0.0000000000
49793  -29.321  -6.613  34.891 0.0000000000
58488  -36.105  2.944  24.016 0.0000000000
59488  -36.598  3.123  23.253 0.0000000000
59503  -37.586  3.527  21.549 0.0000000000
62444  -39.835  6.471  20.982 0.0000000000
61472  -40.927  4.949  19.920 0.0000000000
121651  -43.088  2.830  19.859 0.0000000000
118649  -48.786  2.822  17.026 0.0000000000
58562  -49.065  2.145  17.253 0.0000000000
58571  -49.542  2.718  16.761 0.0000000000
59547  -50.201  3.346  16.534 0.0000000000
49573  -9.000  -6.540  49.520 0.0000000000
103028  -9.104  -8.776  52.911 0.0000000000
53796  -30.295  -2.087  30.536 0.0000000000
53798  -31.875  -2.010  30.493 0.0000000000
57468  -28.637  1.756  27.337 0.0000000000
56603  -29.998  -0.128  28.145 0.0000000000
55729  -32.242  -0.546  27.538 0.0000000000
56650  -32.591  0.091  25.458 0.0000000000
55749  -33.883  -0.359  25.921 0.0000000000
62420  -32.698  6.190  23.791 0.0000000000
62421  -33.206  6.496  23.318 0.0000000000
62422  -33.908  7.041  22.950 0.0000000000
47673  -21.765  -8.132  40.664 0.0000000000
47640  -23.593  -8.315  43.040 0.0000000000
50714  -11.965  -5.367  45.617 0.0000000000
120676  -14.818  -6.243  46.658 0.0000000000
52846  -34.526  -3.489  35.509 0.0000000000
48569  -19.770  -7.389  46.499 0.0000000000
48570  -20.511  -7.539  46.549 0.0000000000
48571  -21.194  -7.562  46.762 0.0000000000
47609  -20.870  -8.041  45.189 0.0000000000
120286  -30.078  -6.815  37.665 0.0000000000
49762  -30.246  -6.828  38.395 0.0000000000
51741  -18.146  -4.900  41.361 0.0000000000
49693  -16.817  -6.024  42.887 0.0000000000
50853  -28.993  -5.503  33.511 0.0000000000
52856  -29.085  -2.903  34.197 0.0000000000
51850  -26.426  -4.889  34.802 0.0000000000
52854  -27.406  -4.238  34.526 0.0000000000
60452  -36.010  4.291  21.792 0.0000000000
60457  -36.622  4.595  21.302 0.0000000000
60458  -37.308  4.182  21.149 0.0000000000
59511  -37.973  3.861  20.961 0.0000000000
59512  -38.663  3.765  20.776 0.0000000000
61459  -42.038  5.733  20.082 0.0000000000
60472  -42.751  4.048  19.393 0.0000000000
60473  -43.591  4.000  19.151 0.0000000000
57574  -44.815  1.933  20.453 0.0000000000
103710  -45.544  1.682  20.464 0.0000000000
57586  -45.838  1.755  19.246 0.0000000000
57602  -48.488  1.567  18.351 0.0000000000
57611  -48.310  2.229  17.499 0.0000000000
58560  -47.440  2.538  17.631 0.0000000000
106246  -48.612  3.505  17.288 0.0000000000
48528  -10.490  -7.532  48.249 0.0000000000
48527  -9.760  -7.285  48.765 0.0000000000
53782  -29.337  -2.696  32.046 0.0000000000
54742  -29.192  -1.973  31.618 0.0000000000
55687  -28.924  -1.141  31.256 0.0000000000
55694  -28.845  -0.577  30.625 0.0000000000
56583  -28.790  -0.150  30.014 0.0000000000
60369  -29.120  4.522  28.468 0.0000000000
116952  -28.742  3.926  28.069 0.0000000000
59405  -28.926  3.375  27.357 0.0000000000
58411  -28.941  2.525  26.880 0.0000000000
56620  -29.891  0.933  26.423 0.0000000000
57490  -30.488  0.890  26.016 0.0000000000
58436  -31.587  1.886  25.180 0.0000000000
110994  -32.350  3.990  24.436 0.0000000000
61424  -32.446  5.385  24.782 0.0000000000
62416  -32.583  6.206  24.474 0.0000000000
63356  -33.331  7.509  24.664 0.0000000000
47676  -24.112  -8.262  40.784 0.0000000000
48668  -25.407  -7.120  40.680 0.0000000000
48654  -25.473  -7.265  41.476 0.0000000000
52715  -11.936  -4.156  45.881 0.0000000000
49615  -16.659  -6.334  47.273 0.0000000000
49517  -7.171  -6.589  52.165 0.0000000000
50614  -6.295  -5.868  54.261 0.0000000000
50601  -5.441  -5.385  55.085 0.0000000000
63392  -39.964  7.508  21.962 0.0000000000
63412  -41.209  7.197  21.239 0.0000000000
62446  -42.114  7.073  21.085 0.0000000000
54730  -34.179  -1.120  32.454 0.0000000000
49746  -27.993  -6.507  40.077 0.0000000000
53639  -13.869  -3.254  43.967 0.0000000000
50739  -14.835  -4.901  43.910 0.0000000000
49677  -16.648  -6.129  43.643 0.0000000000
118011  -16.475  -6.177  44.477 0.0000000000
50828  -32.643  -5.331  36.436 0.0000000000
50836  -32.322  -5.473  34.935 0.0000000000
55672  -29.558  -0.211  33.447 0.0000000000
48652  -20.226  -7.656  41.261 0.0000000000
48677  -22.801  -7.926  39.529 0.0000000000
51752  -21.640  -3.901  39.923 0.0000000000
50792  -21.931  -5.873  39.347 0.0000000000
119449  -21.996  -5.202  39.071 0.0000000000
49743  -22.421  -6.629  39.073 0.0000000000
47682  -23.321  -8.179  39.798 0.0000000000
48678  -23.669  -7.735  39.221 0.0000000000
48686  -24.413  -7.038  38.881 0.0000000000
49757  -25.930  -5.743  38.510 0.0000000000
51817  -23.780  -3.922  36.884 0.0000000000
49771  -27.318  -6.408  37.595 0.0000000000
49790  -26.794  -6.091  35.035 0.0000000000
49785  -30.281  -6.660  35.970 0.0000000000
112584  -19.760  -4.693  41.022 0.0000000000
121016  -19.407  -6.952  41.086 0.0000000000
118724  -36.084  2.249  25.073 0.0000000000
62458  -38.426  5.653  20.741 0.0000000000
62459  -39.369  5.841  20.684 0.0000000000
60463  -38.921  4.382  20.508 0.0000000000
59522  -41.549  3.698  19.828 0.0000000000
58530  -40.245  3.280  20.538 0.0000000000
58519  -39.647  2.976  20.952 0.0000000000
60500  -51.147  4.494  16.115 0.0000000000
63443  -48.104  6.828  17.467 0.0000000000
103285  -8.277  -5.797  50.928 0.0000000000
48509  -9.505  -7.761  49.435 0.0000000000
48508  -8.850  -7.274  49.718 0.0000000000
47551  -9.360  -8.357  50.500 0.0000000000
111481  -8.430  -7.470  50.332 0.0000000000
48494  -7.908  -7.127  50.729 0.0000000000
49533  -7.525  -6.835  51.359 0.0000000000
47496  -8.435  -8.479  53.261 0.0000000000
47479  -7.703  -8.096  53.707 0.0000000000
52880  -31.299  -4.072  31.176 0.0000000000
52864  -33.552  -3.793  33.190 0.0000000000
52865  -34.073  -3.183  33.336 0.0000000000
52873  -34.116  -2.296  32.677 0.0000000000
59355  -27.712  3.728  31.142 0.0000000000
113569  -27.745  2.812  31.347 0.0000000000
57443  -27.837  1.271  30.800 0.0000000000
122114  -27.788  3.331  28.808 0.0000000000
57455  -27.841  1.744  28.899 0.0000000000
57467  -28.174  1.821  28.084 0.0000000000
56592  -28.180  0.918  29.212 0.0000000000
118633  -30.353  -0.453  29.878 0.0000000000
54744  -33.613  -0.369  31.810 0.0000000000
108360  -32.694  1.023  29.739 0.0000000000
57524  -35.000  1.811  24.710 0.0000000000
59463  -33.055  3.288  23.792 0.0000000000
59493  -34.557  4.073  22.746 0.0000000000
106443  -35.087  6.915  22.226 0.0000000000
62431  -35.813  6.792  21.927 0.0000000000
63388  -36.422  7.448  22.405 0.0000000000
117887  -21.206  -8.409  42.901 0.0000000000
47638  -21.671  -8.416  43.547 0.0000000000
122571  -21.935  -8.474  42.695 0.0000000000
47624  -22.148  -8.324  44.314 0.0000000000
102910  -23.845  -8.371  41.655 0.0000000000
47641  -24.193  -8.083  43.565 0.0000000000
47642  -24.898  -7.854  43.318 0.0000000000
47626  -23.983  -8.019  44.308 0.0000000000
49712  -27.271  -6.059  41.540 0.0000000000
50703  -11.151  -5.259  46.658 0.0000000000
51694  -10.862  -5.133  47.417 0.0000000000
47583  -11.220  -8.168  48.674 0.0000000000
47584  -12.034  -8.151  48.492 0.0000000000
51712  -13.204  -4.617  44.572 0.0000000000
49642  -12.838  -6.178  45.708 0.0000000000
119094  -15.972  -6.289  47.229 0.0000000000
119237  -14.060  -6.565  47.210 0.0000000000
121953  -13.377  -6.912  47.134 0.0000000000
116223  -48.859  7.734  15.544 0.0000000000
48434  -5.500  -7.323  56.116 0.0000000000
121074  -3.735  -6.600  55.118 0.0000000000
104503  -45.867  1.633  19.834 0.0000000000
122227  -29.125  -6.818  36.075 0.0000000000
