#!ascii label  , from subject sub-v2s16x51234_ses-1 vox2ras=TkReg
579
49497  22.629  -2.899  54.853 0.0000000000
59026  40.310  7.765  37.999 0.0000000000
61861  43.844  11.600  34.886 0.0000000000
57031  40.127  5.828  47.169 0.0000000000
48557  28.186  -3.966  49.688 0.0000000000
46400  26.304  -5.579  54.491 0.0000000000
62723  43.177  12.859  37.780 0.0000000000
60864  44.418  10.545  41.975 0.0000000000
56090  35.373  4.872  49.149 0.0000000000
49547  31.740  -2.107  51.794 0.0000000000
63755  48.573  14.010  31.734 0.0000000000
64672  42.571  14.890  33.528 0.0000000000
57072  36.687  5.337  43.455 0.0000000000
58944  40.401  8.292  43.593 0.0000000000
49529  25.222  -4.106  53.427 0.0000000000
100656  24.768  -4.073  54.979 0.0000000000
60916  41.638  9.682  37.540 0.0000000000
62687  44.415  11.923  40.640 0.0000000000
111641  42.613  9.731  40.616 0.0000000000
52191  36.137  0.100  49.317 0.0000000000
47475  29.030  -4.926  53.342 0.0000000000
48555  29.914  -3.386  50.175 0.0000000000
47473  31.011  -5.076  53.537 0.0000000000
65604  46.968  15.667  31.114 0.0000000000
63758  45.868  13.289  31.323 0.0000000000
64688  45.778  15.026  32.188 0.0000000000
63714  41.646  13.909  34.182 0.0000000000
114074  40.902  13.915  32.951 0.0000000000
63723  42.780  14.572  34.093 0.0000000000
62790  42.895  12.679  32.984 0.0000000000
108113  42.821  10.214  34.013 0.0000000000
57022  37.474  5.943  48.499 0.0000000000
56112  36.148  5.121  45.868 0.0000000000
57988  38.474  7.318  46.472 0.0000000000
58009  38.333  6.599  43.457 0.0000000000
58909  40.623  8.025  45.988 0.0000000000
58928  42.192  8.062  45.331 0.0000000000
56118  41.334  5.347  45.214 0.0000000000
48498  26.870  -4.549  53.073 0.0000000000
62751  40.517  12.085  34.815 0.0000000000
64635  43.631  14.760  35.725 0.0000000000
62712  46.084  12.540  38.597 0.0000000000
60876  46.298  9.328  40.036 0.0000000000
102713  32.136  1.984  50.276 0.0000000000
54066  34.970  3.178  51.044 0.0000000000
109750  37.563  2.528  49.558 0.0000000000
54093  38.656  3.307  47.922 0.0000000000
55176  39.714  4.005  45.998 0.0000000000
119510  30.106  0.756  49.785 0.0000000000
51346  32.041  -1.148  51.934 0.0000000000
103624  48.046  12.237  28.512 0.0000000000
118026  43.533  16.101  31.482 0.0000000000
63743  43.666  13.867  32.513 0.0000000000
61892  41.853  10.725  31.180 0.0000000000
58993  40.691  7.749  40.561 0.0000000000
60854  42.742  10.212  43.354 0.0000000000
58006  43.903  7.082  43.401 0.0000000000
47426  22.473  -3.725  56.084 0.0000000000
49511  23.678  -3.397  54.644 0.0000000000
47434  24.009  -4.103  55.518 0.0000000000
59984  41.396  8.878  37.972 0.0000000000
59983  42.545  9.813  38.922 0.0000000000
105205  41.871  8.787  38.861 0.0000000000
47474  30.144  -4.669  53.507 0.0000000000
65605  45.782  15.395  30.869 0.0000000000
65589  46.518  15.713  31.722 0.0000000000
65590  45.288  15.758  31.664 0.0000000000
62762  43.030  14.208  34.267 0.0000000000
103276  41.639  14.008  33.899 0.0000000000
62763  42.984  13.745  33.971 0.0000000000
112257  43.099  11.668  33.858 0.0000000000
57021  38.461  5.869  48.192 0.0000000000
57956  37.685  6.835  47.522 0.0000000000
58879  39.067  7.381  47.026 0.0000000000
58911  39.146  7.768  46.093 0.0000000000
57971  39.858  7.298  46.844 0.0000000000
57987  41.539  6.608  45.795 0.0000000000
57044  40.632  5.636  46.531 0.0000000000
48499  25.971  -4.408  53.253 0.0000000000
47457  26.773  -5.091  53.853 0.0000000000
100933  28.065  -5.572  54.029 0.0000000000
61853  41.303  11.074  36.329 0.0000000000
60952  39.885  10.434  34.988 0.0000000000
62737  41.427  12.497  35.556 0.0000000000
62736  42.303  13.821  35.525 0.0000000000
114322  43.218  14.096  37.009 0.0000000000
64621  45.358  14.536  37.326 0.0000000000
63668  44.523  14.156  38.602 0.0000000000
62674  44.754  11.320  41.111 0.0000000000
62685  45.245  11.369  40.687 0.0000000000
59966  45.712  9.257  40.758 0.0000000000
108052  45.965  8.167  40.727 0.0000000000
58974  45.436  7.588  41.652 0.0000000000
107497  33.042  0.792  50.733 0.0000000000
54050  33.409  2.546  50.766 0.0000000000
105889  34.085  1.233  50.717 0.0000000000
53094  36.756  1.407  50.075 0.0000000000
54079  38.009  2.717  48.985 0.0000000000
49574  30.522  -2.332  50.779 0.0000000000
50512  30.228  -1.531  50.488 0.0000000000
110424  30.791  -0.396  51.172 0.0000000000
52169  31.282  -0.016  50.971 0.0000000000
50483  31.833  -1.364  51.676 0.0000000000
99372  49.472  14.726  31.162 0.0000000000
113253  48.534  12.783  29.887 0.0000000000
99792  44.803  12.680  30.798 0.0000000000
64690  40.976  14.158  32.266 0.0000000000
64712  40.779  13.882  30.842 0.0000000000
64711  41.500  14.683  31.673 0.0000000000
65607  42.048  15.222  31.132 0.0000000000
65573  42.471  15.471  32.485 0.0000000000
65560  43.446  15.676  33.273 0.0000000000
64671  43.142  14.949  33.528 0.0000000000
61885  42.476  11.137  32.754 0.0000000000
62800  42.683  11.776  32.019 0.0000000000
55142  34.244  3.753  48.369 0.0000000000
56102  34.834  4.286  47.837 0.0000000000
56120  36.217  4.936  44.865 0.0000000000
56128  35.714  4.297  44.418 0.0000000000
58945  39.713  7.763  43.836 0.0000000000
58027  38.546  6.533  41.594 0.0000000000
58976  39.820  7.424  41.889 0.0000000000
110897  40.026  7.402  41.066 0.0000000000
59953  41.149  8.680  42.528 0.0000000000
59952  41.738  9.195  42.085 0.0000000000
59920  41.698  9.507  44.102 0.0000000000
57061  42.564  5.981  44.639 0.0000000000
58943  43.434  7.724  44.220 0.0000000000
57068  43.382  5.844  43.602 0.0000000000
112021  43.715  5.456  42.860 0.0000000000
48480  25.121  -4.088  53.958 0.0000000000
46390  25.181  -4.683  54.910 0.0000000000
45275  24.680  -6.210  54.711 0.0000000000
46401  24.308  -5.584  55.193 0.0000000000
61843  41.877  10.686  37.075 0.0000000000
62713  43.899  13.057  38.957 0.0000000000
61830  42.969  10.920  38.603 0.0000000000
60878  43.393  10.852  40.744 0.0000000000
60865  43.865  10.766  42.138 0.0000000000
47493  28.771  -4.465  52.487 0.0000000000
101022  29.389  -3.852  50.640 0.0000000000
47492  29.606  -4.255  52.626 0.0000000000
48518  30.489  -3.968  52.763 0.0000000000
48496  31.327  -3.819  52.663 0.0000000000
110279  32.045  -3.151  52.089 0.0000000000
47472  31.703  -4.822  53.075 0.0000000000
99536  48.524  14.806  31.488 0.0000000000
63770  47.524  13.418  31.151 0.0000000000
64707  47.236  14.707  32.139 0.0000000000
64708  46.409  14.400  32.164 0.0000000000
64709  45.193  13.895  32.047 0.0000000000
61879  40.685  13.094  34.031 0.0000000000
62778  40.529  13.088  33.465 0.0000000000
63735  41.369  13.969  33.482 0.0000000000
63734  42.527  14.442  33.865 0.0000000000
63733  42.719  14.583  33.800 0.0000000000
62777  43.092  13.234  33.508 0.0000000000
61878  42.830  11.539  33.328 0.0000000000
57024  35.992  5.499  48.707 0.0000000000
104495  35.463  4.792  47.352 0.0000000000
57033  36.589  6.056  47.435 0.0000000000
57045  37.247  6.347  46.172 0.0000000000
57063  37.121  5.929  44.739 0.0000000000
58010  37.677  6.146  43.413 0.0000000000
58000  38.469  7.117  45.522 0.0000000000
106172  39.713  7.985  45.614 0.0000000000
59900  40.879  8.740  45.034 0.0000000000
102796  41.710  9.005  44.826 0.0000000000
58908  41.398  7.805  45.742 0.0000000000
57053  42.104  6.240  45.181 0.0000000000
57062  41.953  5.656  44.863 0.0000000000
48520  25.710  -4.108  51.735 0.0000000000
103173  26.430  -4.049  51.269 0.0000000000
47494  28.166  -4.258  51.732 0.0000000000
113929  28.225  -5.179  53.631 0.0000000000
46413  28.691  -5.842  54.210 0.0000000000
62764  40.798  12.925  34.439 0.0000000000
63706  42.707  14.355  34.792 0.0000000000
63705  43.262  14.433  34.909 0.0000000000
62735  44.817  12.922  35.828 0.0000000000
62722  46.119  12.686  37.513 0.0000000000
61827  46.501  10.246  38.546 0.0000000000
62698  45.336  13.083  39.391 0.0000000000
61815  46.358  10.640  39.007 0.0000000000
106642  31.263  1.656  49.324 0.0000000000
55131  32.336  2.313  49.663 0.0000000000
118980  33.691  3.325  50.133 0.0000000000
56060  34.946  4.065  50.236 0.0000000000
53095  35.884  1.646  50.622 0.0000000000
109114  36.289  3.050  50.587 0.0000000000
56073  36.282  4.516  49.803 0.0000000000
105091  37.205  4.402  49.524 0.0000000000
56088  38.692  4.096  48.500 0.0000000000
101490  39.446  4.509  47.685 0.0000000000
56111  39.755  4.451  47.055 0.0000000000
54116  38.802  3.342  47.244 0.0000000000
53097  31.140  1.100  50.176 0.0000000000
52175  31.758  0.137  51.036 0.0000000000
51356  32.636  -0.825  51.148 0.0000000000
49545  32.167  -2.570  51.880 0.0000000000
117033  33.045  -2.161  51.385 0.0000000000
62839  49.911  11.963  28.017 0.0000000000
114566  43.603  15.423  30.469 0.0000000000
66346  44.476  16.147  32.189 0.0000000000
103911  44.715  15.129  32.421 0.0000000000
63760  43.337  12.621  31.601 0.0000000000
63744  43.252  13.710  32.793 0.0000000000
62799  42.960  12.332  31.863 0.0000000000
62807  42.758  11.682  30.708 0.0000000000
55178  35.156  3.698  45.828 0.0000000000
59005  39.878  7.228  39.226 0.0000000000
59015  40.530  7.622  38.816 0.0000000000
59967  41.987  8.902  40.904 0.0000000000
59951  42.476  9.984  41.815 0.0000000000
60852  43.872  10.226  42.851 0.0000000000
59919  42.455  9.442  44.386 0.0000000000
59917  43.900  8.447  43.668 0.0000000000
59937  44.265  9.124  43.032 0.0000000000
58015  45.059  6.838  42.245 0.0000000000
55175  40.256  4.577  46.067 0.0000000000
56126  40.950  4.865  44.976 0.0000000000
48440  22.513  -3.234  55.784 0.0000000000
49498  22.422  -2.957  55.319 0.0000000000
48439  23.125  -3.295  55.096 0.0000000000
48454  23.233  -3.707  55.664 0.0000000000
59994  40.716  8.418  37.591 0.0000000000
59985  41.046  8.185  38.417 0.0000000000
65606  44.633  15.364  30.586 0.0000000000
62748  43.506  13.257  34.545 0.0000000000
61869  43.346  12.499  34.242 0.0000000000
57032  39.410  5.653  47.700 0.0000000000
57955  38.606  6.723  47.597 0.0000000000
57954  39.591  6.646  47.281 0.0000000000
57970  40.358  6.483  46.882 0.0000000000
48465  26.191  -4.822  54.031 0.0000000000
47443  26.615  -5.288  54.145 0.0000000000
61863  40.765  11.189  35.736 0.0000000000
61852  41.948  12.108  36.456 0.0000000000
62724  42.574  13.154  36.713 0.0000000000
105606  43.790  13.841  38.001 0.0000000000
61794  44.901  10.895  41.306 0.0000000000
60863  45.132  10.049  41.517 0.0000000000
59949  45.275  8.867  41.560 0.0000000000
53083  33.198  1.756  50.777 0.0000000000
52173  33.966  0.313  50.555 0.0000000000
49562  31.086  -2.289  51.671 0.0000000000
50499  30.616  -1.245  51.257 0.0000000000
50513  30.120  -0.573  50.504 0.0000000000
50484  31.174  -1.206  51.637 0.0000000000
119047  31.039  -0.424  51.259 0.0000000000
113254  49.119  14.249  31.446 0.0000000000
99571  49.033  13.603  31.126 0.0000000000
99459  49.375  13.232  30.501 0.0000000000
64689  42.003  14.969  33.063 0.0000000000
65561  42.918  15.376  33.323 0.0000000000
60967  41.640  9.726  32.421 0.0000000000
61886  41.732  10.189  32.035 0.0000000000
56091  34.767  4.409  48.842 0.0000000000
57064  36.707  5.424  44.360 0.0000000000
56135  36.109  4.852  42.988 0.0000000000
58960  39.777  7.565  42.812 0.0000000000
58959  40.477  8.045  42.476 0.0000000000
59940  41.056  8.874  43.401 0.0000000000
57069  42.863  5.660  43.965 0.0000000000
57079  43.097  5.335  43.202 0.0000000000
48452  24.307  -3.657  54.555 0.0000000000
49518  24.450  -3.647  54.108 0.0000000000
48467  24.988  -4.068  54.409 0.0000000000
113890  25.341  -4.398  54.577 0.0000000000
46391  24.665  -4.681  55.215 0.0000000000
59993  41.024  9.175  37.222 0.0000000000
60004  40.747  9.500  36.639 0.0000000000
60929  41.272  9.989  36.810 0.0000000000
61831  42.287  10.257  37.964 0.0000000000
60892  42.839  10.017  39.859 0.0000000000
61804  43.906  11.171  41.521 0.0000000000
60879  43.266  10.647  41.720 0.0000000000
47510  29.121  -4.157  51.539 0.0000000000
48497  30.886  -4.339  53.282 0.0000000000
112263  31.343  -4.428  53.133 0.0000000000
48495  31.830  -3.997  52.597 0.0000000000
65616  47.098  15.119  30.067 0.0000000000
65603  47.934  15.485  31.086 0.0000000000
63756  47.909  14.465  32.047 0.0000000000
65588  47.452  15.211  31.721 0.0000000000
104686  45.983  15.499  31.881 0.0000000000
64687  46.715  15.197  32.066 0.0000000000
64673  41.912  14.505  33.401 0.0000000000
61870  42.521  10.274  33.541 0.0000000000
60966  42.135  10.096  33.019 0.0000000000
111925  36.652  5.570  48.891 0.0000000000
57023  36.650  6.103  48.214 0.0000000000
57973  37.800  6.944  46.804 0.0000000000
57974  37.163  6.543  47.121 0.0000000000
57056  37.324  6.210  45.369 0.0000000000
57989  37.848  6.737  45.874 0.0000000000
58001  37.764  6.403  44.831 0.0000000000
58910  39.959  8.085  45.873 0.0000000000
59878  40.277  8.304  45.326 0.0000000000
59877  40.721  8.333  45.522 0.0000000000
57043  41.191  5.886  45.969 0.0000000000
57054  41.579  5.799  45.455 0.0000000000
48500  25.340  -4.113  52.590 0.0000000000
48521  25.038  -4.112  51.674 0.0000000000
107019  26.242  -4.207  52.357 0.0000000000
48519  27.188  -4.190  52.047 0.0000000000
47476  27.922  -4.688  52.943 0.0000000000
117514  40.118  11.253  34.709 0.0000000000
61871  40.204  12.001  34.322 0.0000000000
64636  43.043  14.593  35.380 0.0000000000
62749  42.033  13.842  34.956 0.0000000000
63704  44.115  14.331  35.550 0.0000000000
64634  44.231  14.824  36.163 0.0000000000
63680  45.814  13.769  37.922 0.0000000000
63692  45.747  13.665  37.195 0.0000000000
61840  46.394  11.476  37.777 0.0000000000
61828  46.454  11.122  38.513 0.0000000000
62700  44.277  12.505  39.971 0.0000000000
63648  44.760  13.360  39.404 0.0000000000
62699  44.860  12.521  40.107 0.0000000000
60877  45.664  10.353  40.554 0.0000000000
103483  45.830  11.055  39.808 0.0000000000
60890  46.279  10.040  39.522 0.0000000000
60903  46.560  9.713  38.860 0.0000000000
59974  46.632  9.075  39.267 0.0000000000
54081  31.683  1.863  49.646 0.0000000000
54097  31.771  1.970  49.111 0.0000000000
55116  32.020  2.106  49.938 0.0000000000
55097  33.668  3.103  50.602 0.0000000000
105515  33.358  3.023  50.258 0.0000000000
112360  33.911  3.458  50.339 0.0000000000
56061  34.349  3.830  50.225 0.0000000000
55114  34.440  3.562  50.690 0.0000000000
52183  35.154  0.676  50.448 0.0000000000
52181  36.168  0.699  49.998 0.0000000000
54063  37.256  1.980  49.935 0.0000000000
54064  36.621  2.221  50.459 0.0000000000
55111  37.026  2.929  50.082 0.0000000000
55112  36.283  3.718  50.253 0.0000000000
55129  36.934  3.815  49.879 0.0000000000
55128  37.693  3.393  49.484 0.0000000000
54094  38.169  2.667  48.349 0.0000000000
55127  38.287  3.488  48.917 0.0000000000
55141  38.487  3.326  48.432 0.0000000000
117433  39.090  4.257  48.059 0.0000000000
55140  38.967  3.872  48.009 0.0000000000
55153  39.190  3.907  47.501 0.0000000000
109705  29.605  -3.383  49.202 0.0000000000
52192  29.664  0.618  49.061 0.0000000000
53110  30.169  1.098  49.472 0.0000000000
53109  30.741  1.225  49.742 0.0000000000
53098  30.521  0.900  50.006 0.0000000000
52168  31.680  -0.415  51.211 0.0000000000
52176  31.521  0.281  50.818 0.0000000000
52167  32.184  -0.586  51.294 0.0000000000
52174  32.116  -0.047  51.204 0.0000000000
49559  33.735  -2.331  50.886 0.0000000000
99366  49.197  12.533  29.166 0.0000000000
62840  48.605  11.801  27.724 0.0000000000
63757  46.992  13.792  31.845 0.0000000000
63745  40.374  13.171  31.919 0.0000000000
117418  42.728  15.379  30.675 0.0000000000
119208  41.962  14.810  30.030 0.0000000000
65591  44.296  16.145  31.628 0.0000000000
66347  43.871  16.382  32.373 0.0000000000
64670  43.867  15.219  33.009 0.0000000000
65571  44.152  16.077  32.898 0.0000000000
64710  44.288  14.166  32.356 0.0000000000
62789  43.072  13.326  32.902 0.0000000000
62808  42.296  11.275  30.975 0.0000000000
57047  36.060  5.336  46.893 0.0000000000
56113  35.586  4.525  46.340 0.0000000000
58994  39.939  7.297  40.087 0.0000000000
59004  40.641  7.618  39.660 0.0000000000
59003  41.318  8.168  40.177 0.0000000000
60855  42.146  9.976  43.106 0.0000000000
60867  42.449  10.122  42.707 0.0000000000
60866  43.157  10.483  42.716 0.0000000000
60853  43.237  10.202  43.372 0.0000000000
59898  42.530  8.667  44.918 0.0000000000
58007  43.507  6.566  43.759 0.0000000000
58958  44.498  7.682  42.832 0.0000000000
58016  44.436  6.448  42.725 0.0000000000
57087  44.204  5.133  42.121 0.0000000000
55163  39.934  4.401  46.541 0.0000000000
48453  23.913  -3.686  55.073 0.0000000000
102494  23.161  -4.207  55.883 0.0000000000
60005  40.405  8.754  36.738 0.0000000000
113620  41.934  9.428  38.251 0.0000000000
59975  42.395  9.311  39.575 0.0000000000
47454  29.565  -5.211  53.913 0.0000000000
46411  30.234  -5.535  53.953 0.0000000000
63713  42.483  14.017  34.283 0.0000000000
62776  43.103  13.161  33.753 0.0000000000
57942  37.280  6.535  48.006 0.0000000000
57941  37.869  6.523  48.042 0.0000000000
57972  38.390  7.261  47.061 0.0000000000
58895  38.874  7.517  46.650 0.0000000000
58894  39.411  7.672  46.387 0.0000000000
58893  40.187  7.697  46.343 0.0000000000
58892  40.935  7.333  46.230 0.0000000000
112901  40.510  7.078  46.594 0.0000000000
57969  40.935  6.431  46.349 0.0000000000
57055  40.967  5.427  45.826 0.0000000000
48478  26.475  -4.776  53.714 0.0000000000
47456  27.376  -5.080  53.641 0.0000000000
47442  27.331  -5.519  54.060 0.0000000000
60941  40.314  10.276  35.620 0.0000000000
61864  40.381  11.155  35.195 0.0000000000
107624  40.791  12.033  35.255 0.0000000000
63695  42.826  14.361  36.043 0.0000000000
63694  43.483  14.799  36.182 0.0000000000
64623  44.153  14.930  36.473 0.0000000000
64610  44.205  14.735  37.391 0.0000000000
64596  44.837  14.694  38.179 0.0000000000
63667  45.072  14.180  38.873 0.0000000000
62675  44.412  11.430  41.128 0.0000000000
62686  44.880  11.807  40.705 0.0000000000
120525  46.189  8.762  40.340 0.0000000000
54051  32.179  1.705  50.544 0.0000000000
54067  32.864  2.404  50.415 0.0000000000
107380  32.659  2.028  50.660 0.0000000000
114017  34.140  2.164  50.932 0.0000000000
53108  36.626  0.847  49.470 0.0000000000
54080  37.459  2.038  49.243 0.0000000000
54095  37.681  2.105  48.687 0.0000000000
48535  30.477  -3.102  51.029 0.0000000000
118915  30.298  -2.952  50.194 0.0000000000
50525  29.900  -1.376  49.748 0.0000000000
117451  29.701  -0.531  49.591 0.0000000000
51368  29.955  0.238  49.859 0.0000000000
51362  30.521  0.206  50.552 0.0000000000
52184  30.779  0.589  50.409 0.0000000000
111520  30.983  0.125  50.914 0.0000000000
51348  31.535  -0.769  51.423 0.0000000000
51347  31.891  -0.943  51.658 0.0000000000
117658  49.984  13.142  30.353 0.0000000000
63761  40.412  13.359  31.135 0.0000000000
65592  42.994  16.105  31.970 0.0000000000
65572  43.389  16.093  32.964 0.0000000000
110170  42.236  10.987  32.048 0.0000000000
55143  33.529  3.221  48.868 0.0000000000
56121  35.689  4.355  45.361 0.0000000000
56136  35.654  4.302  43.489 0.0000000000
58961  39.046  7.127  43.112 0.0000000000
58018  38.463  6.567  42.474 0.0000000000
58017  39.153  7.009  42.166 0.0000000000
58026  39.235  6.962  41.285 0.0000000000
116185  39.318  6.933  40.477 0.0000000000
118696  40.278  7.700  41.723 0.0000000000
58975  40.816  8.095  41.603 0.0000000000
58992  41.310  8.357  41.023 0.0000000000
59939  41.634  9.452  43.188 0.0000000000
60840  42.289  10.009  43.778 0.0000000000
57999  42.540  6.905  44.982 0.0000000000
58927  42.916  7.771  44.876 0.0000000000
58008  43.063  6.577  44.317 0.0000000000
57078  43.882  6.052  43.192 0.0000000000
49530  24.540  -3.732  53.607 0.0000000000
48466  25.570  -4.497  54.198 0.0000000000
47444  25.842  -4.905  54.459 0.0000000000
45274  25.676  -6.151  54.478 0.0000000000
107828  25.333  -5.384  54.878 0.0000000000
46392  23.763  -4.841  55.493 0.0000000000
60940  40.752  10.230  36.238 0.0000000000
61842  42.565  11.593  37.571 0.0000000000
61841  43.205  11.991  38.471 0.0000000000
61829  43.549  11.881  39.415 0.0000000000
60891  43.230  10.775  39.616 0.0000000000
61816  43.784  11.690  40.374 0.0000000000
116746  43.963  11.541  41.022 0.0000000000
61795  44.376  11.036  41.572 0.0000000000
51361  34.716  -0.335  50.238 0.0000000000
48536  28.605  -4.075  50.614 0.0000000000
48556  29.173  -3.833  49.801 0.0000000000
47509  29.983  -3.693  51.518 0.0000000000
48517  30.860  -3.340  52.085 0.0000000000
109561  31.542  -3.002  52.029 0.0000000000
101900  31.873  -3.101  52.110 0.0000000000
47471  32.134  -4.454  52.535 0.0000000000
63759  44.048  12.910  31.388 0.0000000000
62792  39.802  12.049  32.723 0.0000000000
62791  40.391  13.062  32.739 0.0000000000
56101  35.407  4.970  48.359 0.0000000000
57034  35.999  5.548  47.881 0.0000000000
57957  37.066  6.546  47.768 0.0000000000
57046  36.655  5.865  46.481 0.0000000000
57057  36.753  5.692  45.377 0.0000000000
57071  37.269  5.897  43.952 0.0000000000
57080  37.216  5.754  43.039 0.0000000000
112211  37.870  6.365  44.000 0.0000000000
104949  38.413  6.871  44.495 0.0000000000
58931  39.088  7.522  45.147 0.0000000000
58946  39.021  7.300  44.124 0.0000000000
58930  39.716  7.897  44.817 0.0000000000
58929  40.369  8.425  44.598 0.0000000000
59921  41.011  8.999  44.392 0.0000000000
59899  41.390  8.494  45.323 0.0000000000
58907  42.015  7.091  45.421 0.0000000000
101854  27.465  -4.082  50.695 0.0000000000
47455  28.850  -5.426  53.969 0.0000000000
62750  41.312  13.224  34.768 0.0000000000
62747  44.058  13.036  35.089 0.0000000000
109963  45.323  11.878  36.143 0.0000000000
63693  45.034  14.144  36.430 0.0000000000
62734  45.592  12.791  36.637 0.0000000000
104613  45.474  12.106  40.031 0.0000000000
120536  45.760  12.371  39.373 0.0000000000
101498  46.059  11.651  39.205 0.0000000000
55144  32.688  2.607  49.146 0.0000000000
55115  32.655  2.493  50.031 0.0000000000
55130  33.305  3.080  49.777 0.0000000000
56092  34.088  3.802  49.364 0.0000000000
56075  34.693  4.218  49.679 0.0000000000
53082  34.901  1.615  50.796 0.0000000000
54048  35.012  2.426  50.988 0.0000000000
54065  35.760  2.712  50.862 0.0000000000
55113  35.456  3.576  50.678 0.0000000000
56059  35.649  4.148  50.163 0.0000000000
56074  35.452  4.563  49.735 0.0000000000
57014  36.026  5.133  49.315 0.0000000000
116611  36.688  5.050  49.378 0.0000000000
57013  37.391  5.123  49.087 0.0000000000
56072  38.005  4.244  49.085 0.0000000000
56089  38.224  5.041  48.646 0.0000000000
56087  39.000  4.866  48.193 0.0000000000
56100  40.080  5.057  47.135 0.0000000000
55164  39.448  3.924  46.856 0.0000000000
55165  38.971  3.378  46.380 0.0000000000
54117  38.311  2.582  46.764 0.0000000000
48554  30.161  -2.990  49.457 0.0000000000
53122  30.620  1.409  49.168 0.0000000000
54082  31.197  1.523  49.700 0.0000000000
53096  31.734  1.369  50.343 0.0000000000
52177  31.196  0.487  50.646 0.0000000000
53086  31.458  0.830  50.497 0.0000000000
53085  31.769  0.926  50.621 0.0000000000
53084  32.233  1.132  50.762 0.0000000000
114373  33.019  -0.033  50.811 0.0000000000
51355  33.665  -0.566  50.587 0.0000000000
49546  32.072  -2.238  51.813 0.0000000000
50482  32.196  -1.582  51.754 0.0000000000
50498  32.085  -1.826  51.847 0.0000000000
49561  32.435  -2.387  51.791 0.0000000000
50497  32.434  -1.644  51.632 0.0000000000
50444  22.199  -2.530  54.832 0.0000000000
65570  45.053  15.616  32.151 0.0000000000
62818  42.186  10.974  30.006 0.0000000000
59027  39.630  7.382  37.572 0.0000000000
56114  34.978  3.955  46.805 0.0000000000
58038  39.195  6.799  39.671 0.0000000000
59016  39.773  7.275  38.399 0.0000000000
59014  41.302  8.061  39.262 0.0000000000
59976  41.937  8.743  39.857 0.0000000000
60839  42.923  10.023  43.882 0.0000000000
59897  42.984  8.588  44.641 0.0000000000
59918  43.238  9.104  44.150 0.0000000000
59938  43.544  9.695  43.584 0.0000000000
59950  44.607  9.639  42.262 0.0000000000
59936  44.848  8.416  42.289 0.0000000000
58957  44.982  7.589  42.279 0.0000000000
58025  45.078  5.880  42.103 0.0000000000
57077  44.355  5.628  42.493 0.0000000000
56110  40.382  4.917  46.440 0.0000000000
56119  40.743  4.963  45.684 0.0000000000
55189  40.316  4.459  45.417 0.0000000000
56125  41.613  5.207  44.579 0.0000000000
49560  33.153  -2.820  51.480 0.0000000000
52185  30.399  0.591  50.168 0.0000000000
54049  34.228  2.992  51.023 0.0000000000
54068  31.610  1.684  50.007 0.0000000000
56076  34.003  3.671  49.992 0.0000000000
63666  45.546  13.797  38.666 0.0000000000
64595  45.271  14.624  38.065 0.0000000000
64609  44.860  14.935  37.603 0.0000000000
64622  44.698  14.932  36.828 0.0000000000
65511  44.971  14.998  37.398 0.0000000000
65514  44.654  15.003  37.095 0.0000000000
115980  23.198  -3.117  54.582 0.0000000000
