#!ascii label  , from subject sub-v2s16x51234_ses-1 vox2ras=TkReg
2182
40610  5.964  -11.807  51.770 0.1111110002
39669  6.222  -12.271  51.123 0.1111110002
38598  5.130  -13.502  51.473 0.2222220004
111354  5.213  -13.807  50.453 0.4444440007
43279  7.347  -8.550  52.153 0.1111110002
41484  6.324  -10.328  52.257 0.1111110002
41490  6.717  -10.656  51.587 0.1111110002
42378  7.338  -9.658  51.442 0.1111110002
40609  6.506  -11.421  51.335 0.1111110002
44207  8.362  -7.492  51.198 0.2222220004
43286  8.229  -8.376  50.879 0.2222220004
42374  7.136  -9.301  51.993 0.1111110002
42379  6.913  -9.967  51.825 0.1111110002
39676  6.390  -12.633  50.272 0.3333329856
38599  4.681  -14.016  51.265 0.4444440007
37609  4.829  -14.032  49.955 0.4444440007
119148  3.857  -14.509  50.593 0.4444440007
38605  3.179  -14.696  50.742 0.2222220004
40614  6.771  -11.845  50.581 0.1111110002
44219  8.621  -7.779  50.433 0.2222220004
42381  7.666  -9.767  50.819 0.2222220004
40608  7.087  -11.020  50.902 0.1111110002
44218  8.908  -7.270  50.045 0.2222220004
43296  8.551  -8.579  50.064 0.2222220004
114113  8.131  -9.197  50.467 0.2222220004
38614  5.895  -13.270  49.838 0.4444440007
44238  9.574  -7.342  48.482 0.2222220004
38616  4.623  -13.598  49.493 0.4444440007
37610  4.157  -14.095  50.080 0.4444440007
38617  3.194  -14.061  50.292 0.3333329856
38606  2.424  -14.143  50.151 0.2222220004
37611  1.885  -14.604  50.086 0.3333329856
105276  1.615  -15.217  49.588 0.2222220004
40617  6.882  -12.205  49.716 0.4444440007
44228  8.905  -7.949  49.693 0.2222220004
41496  8.359  -10.262  49.040 0.2222220004
41493  7.584  -10.549  50.446 0.2222220004
39683  6.735  -12.491  48.903 0.4444440007
118270  10.434  -6.477  47.372 0.2222220004
43307  9.224  -8.065  48.926 0.2222220004
42396  8.805  -9.530  48.514 0.3333329856
41505  8.053  -11.114  48.547 0.3333329856
111857  6.012  -13.078  48.911 0.5555559993
38627  5.196  -13.183  48.832 0.5555559993
45381  10.478  -6.910  46.688 0.2222220004
44250  9.897  -7.861  46.855 0.2222220004
101791  9.433  -8.280  48.133 0.2222220004
43320  9.215  -9.075  47.799 0.3333329856
39695  5.763  -12.592  48.325 0.5555559993
39685  4.347  -12.926  49.173 0.4444440007
45391  10.650  -6.967  45.626 0.4444440007
106415  3.517  -13.377  49.761 0.4444440007
45400  11.200  -6.342  45.281 0.2222220004
115013  1.885  -13.885  49.736 0.4444440007
36734  1.498  -16.103  48.874 0.1111110002
40616  7.453  -11.818  49.007 0.4444440007
39693  7.063  -12.198  48.320 0.5555559993
41504  8.476  -10.492  48.036 0.3333329856
40629  7.339  -11.439  47.378 0.5555559993
39702  6.204  -12.128  47.743 0.5555559993
44251  9.696  -7.798  47.690 0.3333329856
43334  9.507  -8.510  47.330 0.2222220004
42408  8.807  -9.873  47.366 0.3333329856
41519  7.755  -10.451  46.652 0.5555559993
41520  7.114  -10.877  46.852 0.5555559993
40625  5.506  -11.991  47.979 0.6666669846
39696  4.930  -12.474  48.492 0.5555559993
43356  9.331  -8.825  45.887 0.3333329856
42430  8.789  -9.305  45.887 0.5555559993
42421  8.048  -9.777  46.112 0.6666669846
40626  4.749  -11.379  48.499 0.6666669846
40618  4.057  -12.029  49.091 0.6666669846
106822  2.585  -11.936  49.726 0.5555559993
46530  11.756  -5.794  44.906 0.3333329856
45401  10.747  -6.887  44.774 0.4444440007
40619  3.180  -11.568  49.720 0.5555559993
37629  1.625  -14.629  47.755 0.1111110002
115865  11.701  -5.773  44.064 0.6666669846
45410  11.259  -6.303  44.478 0.3333329856
38618  1.661  -13.287  49.180 0.2222220004
37618  1.597  -13.966  48.528 0.2222220004
41512  5.782  -10.876  47.489 0.5555559993
114262  7.072  -9.969  46.474 0.5555559993
42409  6.187  -9.402  47.026 0.5555559993
44288  9.632  -7.742  44.513 0.5555559993
43369  9.026  -8.238  44.758 0.6666669846
43358  8.331  -8.405  45.087 0.6666669846
113407  6.731  -9.104  46.446 0.5555559993
41506  5.078  -10.392  48.172 0.7777780294
42398  4.670  -9.721  48.750 0.6666669846
44289  8.906  -7.572  44.163 0.7777780294
44290  8.062  -7.298  44.447 0.8888890147
41507  4.355  -10.359  48.962 0.6666669846
110266  2.037  -13.304  49.699 0.4444440007
46548  12.101  -5.168  43.620 0.6666669846
45423  10.620  -6.283  43.417 0.7777780294
45424  9.859  -6.421  43.277 0.7777780294
104333  7.471  -7.073  44.923 0.8888890147
44278  7.060  -7.377  45.636 0.7777780294
43348  6.746  -8.243  46.209 0.8888890147
46551  8.758  -5.547  43.387 0.8888890147
45413  7.716  -6.416  44.534 0.8888890147
46515  7.102  -5.742  45.983 0.8888890147
44266  6.523  -7.231  46.508 0.8888890147
46549  11.302  -5.597  43.156 0.6666669846
46574  9.873  -5.045  42.763 0.7777780294
45402  7.193  -6.485  45.386 0.8888890147
47625  12.574  -4.566  43.231 0.6666669846
46571  11.999  -4.935  42.930 0.6666669846
46572  11.418  -4.933  42.641 0.7777780294
47606  8.128  -4.588  44.206 0.8888890147
110517  8.251  -5.248  43.848 0.8888890147
46532  7.774  -5.370  44.533 0.8888890147
46504  7.247  -5.015  46.163 0.7777780294
47645  10.293  -4.338  42.633 0.7777780294
47626  9.175  -4.983  43.059 0.8888890147
110221  7.368  -5.820  45.161 0.8888890147
48667  13.835  -3.293  43.150 0.7777780294
47643  12.389  -4.348  42.646 0.7777780294
48666  14.713  -2.754  43.654 0.7777780294
47642  13.093  -3.961  42.825 0.7777780294
47607  7.735  -4.490  45.014 0.8888890147
47646  9.562  -4.353  42.946 0.8888890147
48669  8.567  -3.926  43.868 0.8888890147
48649  8.457  -3.306  44.422 0.7777780294
48632  7.734  -3.729  45.466 0.6666669846
48690  11.477  -3.390  42.185 0.7777780294
48691  10.632  -3.540  42.486 0.8888890147
105828  16.415  -3.708  44.855 0.5555559993
108056  15.659  -3.013  45.148 0.5555559993
117646  15.168  -2.727  43.793 0.7777780294
49643  15.099  -2.745  43.066 0.7777780294
49651  14.073  -2.655  41.881 0.7777780294
48689  12.735  -3.669  42.261 0.7777780294
48644  16.063  -3.441  44.224 0.6666669846
48665  15.631  -3.163  43.420 0.7777780294
49650  14.893  -2.576  42.138 0.7777780294
101355  20.586  -4.557  47.793 0.3333329856
106089  21.039  -4.647  46.989 0.4444440007
49653  10.299  -2.155  42.846 0.8888890147
49644  9.793  -2.223  43.348 0.8888890147
49635  9.270  -2.371  44.008 0.8888890147
47587  17.054  -4.132  45.091 0.4444440007
48629  16.535  -3.513  45.609 0.3333329856
48714  12.244  -3.161  41.952 0.7777780294
50579  10.707  -1.689  42.640 0.8888890147
49663  13.451  -2.015  41.294 0.8888890147
47603  16.762  -4.231  44.192 0.7777780294
48664  16.346  -4.003  43.498 0.7777780294
48685  16.122  -3.838  42.639 0.7777780294
114388  20.318  -4.572  46.957 0.3333329856
47544  19.709  -4.332  48.313 0.2222220004
47545  18.929  -4.081  47.820 0.3333329856
47556  19.690  -4.441  47.385 0.3333329856
47582  21.677  -4.660  45.306 0.4444440007
47583  21.033  -4.799  45.587 0.4444440007
47572  18.150  -4.197  46.325 0.3333329856
47585  18.516  -4.535  45.610 0.4444440007
51405  10.380  -0.568  44.362 0.7777780294
51406  9.829  -1.016  44.611 0.7777780294
49630  9.181  -1.719  44.857 0.6666669846
47598  21.563  -4.801  44.571 0.5555559993
47586  17.844  -4.401  45.387 0.5555559993
49665  11.703  -2.466  41.895 0.8888890147
102025  11.275  -1.778  42.057 0.8888890147
50571  10.644  -1.081  42.993 0.7777780294
50562  10.073  -1.056  43.967 0.7777780294
46543  21.397  -4.978  43.843 0.5555559993
47602  17.575  -4.623  44.481 0.6666669846
50591  12.669  -1.348  41.203 0.8888890147
50592  11.887  -1.486  41.605 0.8888890147
48686  15.432  -3.031  42.299 0.7777780294
49661  15.125  -2.487  41.445 0.8888890147
49662  14.489  -2.212  41.292 0.7777780294
50590  13.385  -1.115  40.808 0.8888890147
120481  16.789  -4.420  43.556 0.7777780294
47623  16.801  -4.564  42.931 0.7777780294
48712  15.597  -3.066  41.361 0.7777780294
47570  19.691  -4.563  46.532 0.5555559993
47569  20.534  -4.714  46.167 0.5555559993
47584  19.688  -4.744  45.723 0.5555559993
102541  19.000  -4.530  46.092 0.4444440007
52272  11.366  0.203  43.444 0.7777780294
46525  20.828  -5.037  44.450 0.5555559993
116094  19.046  -4.713  45.435 0.5555559993
51440  12.258  -0.571  41.318 0.8888890147
114221  11.461  -0.136  42.515 0.7777780294
51417  10.936  -0.477  43.128 0.7777780294
47621  22.082  -4.801  43.237 0.5555559993
46544  20.607  -5.213  43.674 0.5555559993
46545  19.747  -5.338  43.480 0.5555559993
46527  19.109  -5.166  44.096 0.5555559993
47601  18.518  -4.817  44.823 0.5555559993
51441  11.621  -0.658  41.794 0.8888890147
47639  22.550  -4.606  42.217 0.5555559993
47640  21.839  -4.970  42.382 0.6666669846
100045  20.968  -5.327  42.254 0.6666669846
100779  20.079  -5.544  42.064 0.6666669846
46546  18.847  -5.369  43.229 0.7777780294
46528  18.105  -5.101  43.764 0.7777780294
49676  14.988  -1.941  40.699 0.8888890147
50589  14.157  -1.538  40.757 0.8888890147
114089  22.554  -4.679  40.796 0.6666669846
46604  21.893  -5.041  40.520 0.6666669846
46589  21.409  -5.213  41.705 0.6666669846
46590  20.632  -5.478  41.342 0.6666669846
46569  18.581  -5.418  42.324 0.7777780294
46570  17.858  -5.205  42.462 0.7777780294
108073  16.596  -4.433  41.956 0.7777780294
48711  16.082  -3.397  40.665 0.7777780294
49675  15.514  -2.599  40.652 0.7777780294
50610  25.001  -1.239  39.448 0.5555559993
50624  24.584  -1.346  38.756 0.5555559993
49701  24.485  -2.313  38.414 0.7777780294
108396  24.297  -3.189  38.597 0.6666669846
101279  23.647  -3.768  38.006 0.6666669846
115232  23.275  -4.274  38.580 0.6666669846
47668  22.485  -4.735  40.034 0.6666669846
46619  21.746  -5.115  39.623 0.6666669846
46605  21.035  -5.391  40.131 0.7777780294
48763  23.986  -2.982  37.639 0.7777780294
47719  23.176  -3.927  37.170 0.6666669846
47702  22.881  -4.398  37.846 0.7777780294
47703  21.993  -4.752  37.894 0.7777780294
53219  12.613  1.152  42.466 0.8888890147
52283  12.139  0.301  41.829 0.8888890147
52271  11.957  0.622  42.904 0.7777780294
51439  13.436  -0.238  40.649 0.8888890147
52296  12.806  0.168  41.067 0.8888890147
46568  19.491  -5.486  42.661 0.6666669846
102533  19.295  -5.538  41.911 0.7777780294
50602  14.874  -1.192  40.256 0.8888890147
50603  14.086  -0.728  40.413 0.8888890147
52316  24.626  0.493  39.268 0.5555559993
112463  24.264  0.290  38.782 0.5555559993
119878  20.777  -5.461  40.709 0.6666669846
46606  20.182  -5.523  40.444 0.7777780294
46592  18.708  -5.420  41.250 0.7777780294
46609  17.899  -5.035  40.828 0.7777780294
47654  16.561  -4.190  41.023 0.7777780294
49674  15.991  -2.750  40.033 0.8888890147
49691  15.665  -1.898  40.005 0.8888890147
51466  24.197  -0.491  38.430 0.5555559993
51475  23.730  -0.519  37.634 0.8888890147
50632  24.221  -1.444  38.042 0.8888890147
49710  23.641  -2.317  37.091 0.8888890147
47684  22.363  -4.851  39.276 0.6666669846
47704  21.029  -4.844  38.278 0.7777780294
46621  20.370  -5.354  39.670 0.8888890147
101500  19.662  -5.314  39.769 0.8888890147
46608  18.574  -5.217  40.356 0.8888890147
48732  17.107  -3.667  39.861 0.8888890147
48733  16.534  -3.195  39.958 0.8888890147
50643  23.258  -1.303  36.804 0.8888890147
48775  23.386  -3.212  36.755 0.8888890147
48776  22.689  -3.734  36.527 0.8888890147
47739  21.951  -3.965  36.500 0.8888890147
47722  20.701  -4.375  37.767 0.8888890147
49718  23.055  -2.381  36.314 0.8888890147
49719  22.423  -2.433  35.763 0.8888890147
48788  22.270  -3.473  36.060 0.8888890147
52282  13.008  0.960  41.608 0.8888890147
117548  14.566  0.355  40.405 0.8888890147
53232  13.713  1.397  41.641 0.8888890147
51450  15.597  -0.926  39.853 0.8888890147
51451  14.870  -0.286  40.067 0.8888890147
52326  24.415  1.048  38.664 0.6666669846
46607  19.278  -5.436  40.460 0.8888890147
48749  16.978  -3.062  39.689 0.8888890147
50616  16.260  -1.468  39.739 0.8888890147
53266  25.039  1.598  38.376 0.8888890147
113434  24.259  1.542  37.849 0.8888890147
52340  23.588  0.780  37.444 0.8888890147
47705  20.192  -4.496  38.330 0.8888890147
47706  19.599  -4.530  38.816 0.8888890147
99993  18.986  -4.183  39.029 0.8888890147
48747  18.333  -3.770  39.367 0.7777780294
47687  17.746  -4.105  39.694 0.8888890147
51476  23.273  -0.115  36.949 0.8888890147
51484  22.281  -0.040  35.731 0.8888890147
50656  21.324  -1.697  35.722 0.7777780294
49720  21.152  -2.437  36.026 0.7777780294
49721  20.916  -3.120  36.560 0.8888890147
48778  20.659  -3.804  37.227 0.8888890147
50644  22.569  -1.564  36.021 0.8888890147
50655  22.013  -1.703  35.564 0.7777780294
49734  21.817  -2.489  35.634 0.8888890147
53230  15.269  1.333  41.500 0.7777780294
53217  14.082  1.973  42.153 0.4444440007
52294  14.827  0.889  40.822 0.8888890147
53231  14.426  1.428  41.497 0.7777780294
110985  15.762  -0.208  39.887 0.7777780294
52305  15.302  0.369  40.270 0.8888890147
53254  27.115  1.510  39.501 0.4444440007
99916  25.732  1.488  39.019 0.5555559993
51460  16.195  -0.756  39.777 0.8888890147
99717  26.548  1.466  38.914 0.5555559993
49689  17.334  -2.623  39.748 0.7777780294
50614  17.335  -1.959  39.890 0.7777780294
50615  16.818  -1.880  39.753 0.7777780294
53265  26.042  1.590  38.305 0.7777780294
118285  24.905  1.818  37.751 0.8888890147
48765  20.068  -3.381  37.847 0.8888890147
49703  19.674  -3.113  38.501 0.8888890147
48746  19.076  -3.531  39.032 0.7777780294
49688  18.389  -3.084  39.577 0.7777780294
50613  18.133  -2.405  39.966 0.7777780294
53276  24.933  1.902  37.032 0.8888890147
53285  24.480  1.782  36.199 0.8888890147
53286  22.856  1.306  35.916 0.8888890147
52356  22.632  0.524  35.999 0.7777780294
51494  21.689  -0.131  35.556 0.7777780294
53301  20.762  1.309  35.707 0.7777780294
51485  20.572  -0.163  36.239 0.7777780294
50645  20.804  -1.576  36.210 0.7777780294
50634  20.405  -1.863  37.631 0.7777780294
49702  20.108  -2.509  38.088 0.8888890147
114843  22.167  -0.821  35.692 0.8888890147
106456  21.506  -0.920  35.623 0.7777780294
52293  15.662  0.771  40.900 0.5555559993
52314  28.569  1.165  39.436 0.2222220004
110106  27.907  1.389  39.713 0.3333329856
52304  16.087  0.265  40.329 0.5555559993
53263  27.905  1.185  39.043 0.2222220004
53264  27.286  1.278  38.798 0.5555559993
51448  17.225  -0.823  40.374 0.4444440007
51449  16.481  -0.377  40.018 0.6666669846
52323  27.755  0.952  38.320 0.6666669846
52324  26.969  1.269  38.236 0.6666669846
51459  16.865  -1.183  39.832 0.7777780294
53274  26.546  1.314  37.545 0.7777780294
109984  26.060  1.393  36.729 0.8888890147
49686  19.926  -2.353  38.870 0.7777780294
49687  19.381  -2.880  39.206 0.7777780294
49673  19.129  -2.517  39.874 0.6666669846
53284  25.384  1.444  36.072 0.8888890147
53297  24.026  1.997  35.511 0.8888890147
54239  22.640  2.377  35.096 0.7777780294
54240  21.757  2.185  35.137 0.7777780294
53288  20.419  1.267  36.384 0.7777780294
52357  20.294  0.608  36.790 0.7777780294
104809  20.516  -1.275  37.001 0.7777780294
51467  20.340  -0.831  37.973 0.7777780294
54172  21.774  2.143  42.439 0.3333329856
52280  21.100  0.273  42.492 0.2222220004
51425  20.364  -0.560  43.086 0.1111110002
117807  19.165  -1.274  42.941 0.1111110002
51416  17.915  -0.451  43.214 0.1111110002
52269  17.273  0.219  42.712 0.2222220004
56159  22.679  4.302  41.540 0.1111110002
54183  21.596  2.425  41.519 0.3333329856
53228  21.174  1.011  41.821 0.3333329856
52291  21.154  -0.027  41.679 0.2222220004
100128  20.825  -0.711  42.291 0.2222220004
50586  19.839  -2.029  41.805 0.2222220004
50578  19.033  -1.777  42.388 0.1111110002
51437  18.105  -1.490  41.972 0.2222220004
52281  16.995  0.185  41.687 0.2222220004
111011  16.359  0.524  41.133 0.3333329856
53229  16.079  1.060  41.728 0.2222220004
53253  29.811  1.223  39.717 0.2222220004
57092  22.848  5.121  41.357 0.1111110002
56160  22.156  3.837  40.936 0.2222220004
54184  21.175  1.795  40.989 0.3333329856
100027  20.998  -0.841  41.491 0.2222220004
51436  20.637  -1.532  41.690 0.2222220004
50587  18.886  -2.003  41.548 0.2222220004
51438  17.454  -0.641  41.233 0.3333329856
52292  16.772  -0.072  40.713 0.3333329856
52312  29.918  1.087  38.973 0.3333329856
52322  28.598  0.875  38.571 0.4444440007
58046  23.131  6.888  39.929 0.1111110002
57103  22.580  5.546  40.533 0.2222220004
55237  21.585  3.427  40.355 0.2222220004
54193  20.945  2.250  40.137 0.3333329856
119628  20.773  0.472  40.262 0.2222220004
51447  20.802  -1.244  40.788 0.2222220004
50598  20.334  -1.987  41.059 0.2222220004
101318  19.613  -2.143  41.135 0.2222220004
50588  17.965  -1.565  40.970 0.3333329856
52321  29.349  0.873  38.546 0.4444440007
52337  28.195  0.679  37.711 0.5555559993
52338  27.410  0.891  37.589 0.6666669846
58094  23.759  6.576  36.484 0.5555559993
58083  23.472  6.975  37.246 0.4444440007
57145  21.948  5.991  37.882 0.4444440007
57116  21.784  5.094  39.273 0.4444440007
55248  21.365  3.813  39.599 0.4444440007
54199  20.627  2.140  39.342 0.5555559993
102169  20.454  0.550  39.419 0.4444440007
108822  20.511  -1.136  39.878 0.4444440007
106244  20.328  -1.796  40.274 0.3333329856
50599  19.817  -2.217  40.473 0.5555559993
50600  18.806  -2.185  40.638 0.5555559993
50601  17.682  -1.745  40.301 0.6666669846
104099  27.800  0.606  36.933 0.6666669846
56229  23.145  4.898  34.724 0.7777780294
57163  22.255  5.799  36.243 0.6666669846
57146  21.708  5.635  37.028 0.6666669846
56196  21.179  4.663  37.950 0.5555559993
55262  20.648  3.240  38.140 0.6666669846
102396  20.317  1.863  38.361 0.6666669846
52327  20.190  -0.016  38.684 0.5555559993
51458  20.348  -0.975  39.004 0.5555559993
50611  20.218  -1.716  39.395 0.4444440007
104964  28.499  0.531  37.082 0.7777780294
52352  26.679  0.741  36.202 0.8888890147
53296  24.967  1.518  35.202 0.8888890147
53313  24.422  2.123  34.658 0.8888890147
54259  23.026  2.988  34.699 0.7777780294
56252  22.172  4.089  34.683 0.7777780294
56216  21.165  4.459  36.014 0.7777780294
56206  20.810  4.136  36.800 0.6666669846
54217  20.371  2.541  37.687 0.6666669846
53267  20.203  1.269  37.566 0.7777780294
52368  26.743  0.425  35.405 0.8888890147
53238  30.396  1.308  40.278 0.1111110002
53252  30.526  1.312  39.500 0.3333329856
52336  29.089  0.622  37.752 0.5555559993
52349  29.133  0.457  36.776 0.5555559993
57191  23.871  4.884  34.639 0.7777780294
52367  27.690  0.144  35.347 0.7777780294
52351  27.357  0.460  36.163 0.8888890147
54258  24.003  2.840  34.301 0.7777780294
55317  24.211  3.579  34.177 0.7777780294
52384  25.615  1.057  34.626 0.8888890147
53312  25.184  1.571  34.276 0.8888890147
54286  24.866  2.859  33.873 0.7777780294
53251  31.287  1.543  39.226 0.2222220004
119956  31.353  1.580  38.663 0.4444440007
53262  30.717  1.279  38.623 0.4444440007
52335  29.939  0.885  38.164 0.4444440007
57160  24.836  5.645  35.859 0.3333329856
53273  30.677  1.123  37.663 0.4444440007
57171  25.491  5.118  35.621 0.5555559993
52348  29.919  0.710  37.253 0.5555559993
56227  25.242  4.816  34.894 0.6666669846
55316  25.154  3.467  33.966 0.5555559993
52365  29.167  0.351  35.846 0.6666669846
52366  28.508  0.189  35.364 0.6666669846
52381  28.233  -0.039  34.515 0.8888890147
52382  27.222  -0.022  34.384 0.8888890147
53311  25.835  1.013  33.934 0.8888890147
54285  25.409  2.310  33.549 0.7777780294
55336  25.741  2.810  33.407 1.0000000000
51520  27.823  -0.178  33.937 0.8888890147
102014  27.522  -0.027  33.330 1.0000000000
52400  26.580  0.415  33.662 1.0000000000
53329  26.128  1.159  33.154 1.0000000000
57143  26.751  4.964  37.576 0.2222220004
54198  32.574  2.244  39.290 0.2222220004
57158  26.489  4.844  36.718 0.3333329856
53250  31.920  1.898  38.766 0.2222220004
57144  25.988  5.471  37.149 0.3333329856
56215  26.155  4.829  36.035 0.4444440007
53261  31.446  1.629  38.015 0.3333329856
57159  25.544  5.500  36.457 0.3333329856
111301  26.297  4.353  35.275 0.4444440007
53272  31.290  1.493  37.107 0.4444440007
56248  25.727  4.026  34.392 0.5555559993
53283  30.648  0.989  36.759 0.5555559993
54284  25.963  2.074  32.958 0.8888890147
104253  26.262  2.740  32.785 1.0000000000
112256  29.948  0.592  35.393 0.7777780294
53346  26.531  1.476  32.426 1.0000000000
54306  26.528  2.458  32.168 1.0000000000
112056  29.645  0.472  34.251 1.0000000000
114320  28.921  0.161  34.141 1.0000000000
52398  29.217  0.288  33.450 1.0000000000
112946  27.617  0.303  32.484 1.0000000000
52413  26.876  0.575  32.798 1.0000000000
57126  27.877  4.880  38.972 0.1111110002
58055  26.939  5.476  39.171 0.2222220004
57127  27.306  4.920  38.372 0.2222220004
58065  26.409  5.665  38.313 0.2222220004
56214  26.986  4.305  36.068 0.4444440007
56247  26.790  3.747  34.590 0.6666669846
54205  32.577  2.470  38.475 0.2222220004
112428  27.143  3.612  34.065 0.6666669846
54206  32.142  2.212  37.958 0.3333329856
106686  32.616  2.641  37.832 0.3333329856
55315  26.247  3.469  33.764 0.6666669846
55335  26.425  3.253  33.010 0.6666669846
55347  26.565  3.253  32.313 0.8888890147
54228  31.707  1.927  36.629 0.5555559993
53282  31.228  1.451  36.277 0.8888890147
55357  26.683  3.282  31.574 1.0000000000
53295  30.619  0.952  35.902 0.8888890147
52379  30.220  0.744  34.703 1.0000000000
53364  26.887  1.791  31.685 1.0000000000
114003  29.760  0.519  34.820 0.7777780294
52412  28.431  0.133  32.688 1.0000000000
52423  27.222  0.924  32.041 1.0000000000
110029  28.201  4.782  38.324 0.1111110002
57142  28.005  4.621  37.664 0.1111110002
57157  27.721  4.456  36.768 0.3333329856
56226  27.326  3.952  35.314 0.6666669846
56266  26.999  3.690  33.368 0.6666669846
55261  33.059  2.962  38.115 0.2222220004
110104  26.822  3.830  32.549 0.6666669846
55276  32.849  3.007  37.269 0.2222220004
54227  32.269  2.522  36.653 0.3333329856
106040  32.377  2.770  35.862 0.7777780294
107114  26.673  3.968  31.784 1.0000000000
54238  31.806  2.120  35.811 0.8888890147
53309  31.569  1.996  34.838 1.0000000000
53294  31.142  1.449  35.428 1.0000000000
53328  30.736  1.372  33.567 1.0000000000
54322  26.821  2.608  31.332 1.0000000000
52397  30.282  0.807  33.992 1.0000000000
52410  29.992  0.758  33.174 1.0000000000
52421  29.006  0.499  31.928 1.0000000000
52422  28.117  0.598  31.769 1.0000000000
53363  27.570  1.352  31.382 1.0000000000
54321  27.203  2.060  30.993 1.0000000000
57125  28.636  5.084  38.700 0.1111110002
57141  28.804  4.949  37.880 0.2222220004
117671  28.995  4.724  36.980 0.2222220004
57169  28.913  4.733  35.473 0.1111110002
110241  28.717  4.548  36.223 0.2222220004
57189  28.808  5.089  34.654 0.2222220004
57170  28.024  4.230  35.862 0.4444440007
56246  27.675  3.823  34.554 0.6666669846
57190  28.355  4.516  34.166 0.5555559993
56265  27.771  4.027  33.723 0.5555559993
56278  27.479  4.342  32.891 0.6666669846
55289  32.795  3.176  36.353 0.3333329856
54237  32.243  2.671  34.996 0.6666669846
54256  31.879  2.405  34.290 0.6666669846
56291  26.432  4.752  31.337 1.0000000000
53327  31.356  1.961  33.975 0.7777780294
53343  31.207  2.052  33.024 0.8888890147
54305  30.815  1.918  32.283 1.0000000000
53360  30.275  1.451  31.881 1.0000000000
53361  29.538  1.090  31.509 1.0000000000
106200  26.548  4.071  30.999 1.0000000000
53344  30.499  1.376  32.685 1.0000000000
53345  29.797  0.836  32.252 1.0000000000
53362  28.793  0.990  31.287 1.0000000000
53382  28.582  1.574  30.734 1.0000000000
53383  27.867  1.741  30.759 1.0000000000
54339  27.537  2.430  30.431 1.0000000000
55372  26.792  3.338  30.827 1.0000000000
56304  26.204  4.816  30.530 1.0000000000
57219  26.160  5.544  30.971 1.0000000000
55371  27.127  3.153  30.201 1.0000000000
55387  26.605  4.035  30.122 1.0000000000
55299  32.747  3.277  35.502 0.5555559993
56279  26.906  4.606  32.120 1.0000000000
57210  26.706  5.456  31.740 0.8888890147
54255  32.315  2.889  34.070 0.5555559993
54283  31.805  2.498  33.581 0.6666669846
54320  30.693  2.131  31.642 0.8888890147
53381  29.284  1.552  30.864 1.0000000000
54337  29.035  2.099  30.250 1.0000000000
54338  28.261  2.191  30.241 1.0000000000
54353  27.839  2.854  29.812 1.0000000000
56321  26.294  4.888  29.690 1.0000000000
57198  28.524  5.390  33.982 0.4444440007
57199  28.144  5.050  33.292 0.4444440007
58121  28.212  6.254  33.585 0.4444440007
57209  27.411  5.288  32.490 0.4444440007
55314  32.722  3.375  34.643 0.5555559993
102088  33.261  4.046  33.766 0.2222220004
55313  33.208  3.894  34.391 0.3333329856
54282  32.228  3.018  33.241 0.5555559993
55333  33.100  3.978  33.106 0.3333329856
55346  32.556  3.547  32.788 0.3333329856
54303  32.010  3.083  32.425 0.4444440007
54304  31.346  2.531  32.176 0.7777780294
53380  30.028  1.771  31.174 1.0000000000
56289  33.504  4.406  31.741 0.3333329856
56277  32.968  3.997  32.278 0.3333329856
101455  32.372  3.604  31.918 0.3333329856
54335  31.068  3.032  30.810 0.7777780294
55370  30.413  2.879  30.255 1.0000000000
102884  29.795  2.235  30.518 1.0000000000
54352  28.679  2.715  29.711 1.0000000000
57228  26.053  5.590  30.122 0.8888890147
56290  32.846  4.080  31.394 0.3333329856
55355  32.211  3.702  30.995 0.3333329856
55385  29.105  3.259  29.214 1.0000000000
55401  27.907  3.812  28.784 1.0000000000
113660  26.747  4.373  29.319 1.0000000000
56339  26.589  4.978  28.878 1.0000000000
56303  32.728  4.206  30.442 0.3333329856
55369  31.076  3.416  29.951 1.0000000000
55384  30.341  3.317  29.600 1.0000000000
105534  29.799  3.381  29.251 1.0000000000
55400  28.689  3.718  28.676 1.0000000000
56338  27.280  4.394  28.604 1.0000000000
57238  26.277  5.633  29.267 1.0000000000
58152  26.248  6.372  29.687 0.8888890147
55383  31.265  3.920  29.109 1.0000000000
55399  29.525  3.715  28.692 1.0000000000
56337  29.093  4.153  28.088 1.0000000000
56353  27.688  4.856  27.816 1.0000000000
120759  26.834  5.685  28.068 1.0000000000
57249  26.765  6.285  28.087 1.0000000000
56318  32.668  4.362  29.470 0.8888890147
56319  32.045  4.236  29.068 0.8888890147
56335  30.865  4.229  28.251 1.0000000000
56336  29.981  4.156  28.130 1.0000000000
56352  28.607  4.707  27.588 1.0000000000
57260  27.271  5.670  27.626 1.0000000000
58122  27.741  6.178  32.825 0.4444440007
58129  27.142  6.214  32.099 0.7777780294
58139  26.564  6.270  31.373 0.8888890147
57218  34.806  5.161  31.536 0.2222220004
56288  34.111  4.816  32.090 0.2222220004
56264  33.618  4.376  33.391 0.2222220004
58147  26.259  6.344  30.569 0.8888890147
56276  33.550  4.377  32.611 0.2222220004
57227  34.828  5.164  30.599 0.2222220004
56301  34.182  4.766  31.148 0.3333329856
56316  34.164  4.799  30.199 0.3333329856
56302  33.465  4.456  30.813 0.3333329856
58157  26.672  6.879  28.519 1.0000000000
59096  26.550  7.028  29.234 0.8888890147
56317  33.403  4.560  29.856 0.4444440007
56332  33.275  4.679  29.050 0.6666669846
56333  32.609  4.624  28.529 0.7777780294
56334  31.724  4.395  28.363 1.0000000000
56350  30.439  4.630  27.543 1.0000000000
57258  29.044  5.212  26.998 1.0000000000
57259  28.135  5.375  27.227 1.0000000000
58167  27.301  6.523  27.430 1.0000000000
58156  27.001  7.103  27.927 1.0000000000
56349  31.330  4.686  27.649 1.0000000000
57257  29.981  5.090  26.920 1.0000000000
57269  28.539  5.978  26.610 1.0000000000
58166  27.766  6.029  27.035 1.0000000000
59080  28.028  7.892  31.950 0.5555559993
107612  27.010  6.849  31.688 0.7777780294
106860  35.286  5.486  31.937 0.1111110002
58138  26.717  6.992  31.002 0.8888890147
57217  35.481  5.582  31.090 0.2222220004
58146  27.244  7.544  30.581 0.7777780294
59088  26.563  7.052  30.129 0.8888890147
104371  34.719  5.236  29.720 0.3333329856
59095  27.138  7.563  29.677 0.8888890147
57237  34.037  5.006  29.241 0.6666669846
59101  27.143  7.513  28.698 0.8888890147
59110  27.851  7.760  26.962 1.0000000000
59111  27.467  7.229  27.364 1.0000000000
60079  27.756  8.064  28.573 1.0000000000
57246  33.469  5.138  28.348 0.6666669846
57247  32.769  5.070  27.895 0.6666669846
56348  32.144  4.791  27.779 0.8888890147
104945  31.781  5.177  27.188 1.0000000000
57256  30.907  5.130  27.039 1.0000000000
107690  28.615  6.716  26.333 1.0000000000
58182  27.890  6.819  26.781 1.0000000000
57266  31.404  5.668  26.626 1.0000000000
57267  30.460  5.669  26.495 1.0000000000
57268  29.520  5.740  26.494 1.0000000000
102450  29.159  6.359  26.244 1.0000000000
58128  35.761  5.915  31.916 0.1111110002
59081  27.374  7.439  31.457 0.7777780294
59094  27.886  8.021  30.145 0.7777780294
57226  35.369  5.568  30.081 0.2222220004
60074  27.771  8.040  29.304 0.7777780294
112835  28.193  8.425  28.113 0.7777780294
60073  28.374  8.395  28.943 0.6666669846
119357  34.582  5.362  29.165 0.2222220004
59126  28.396  7.464  26.362 1.0000000000
60087  27.602  7.778  27.820 1.0000000000
57245  34.385  5.559  28.572 0.4444440007
57254  33.127  5.576  27.489 0.5555559993
59125  29.146  7.093  25.911 1.0000000000
57265  32.369  5.749  26.848 0.8888890147
58180  30.973  6.264  26.127 1.0000000000
60060  28.864  8.368  31.421 0.4444440007
113725  29.410  8.552  30.745 0.3333329856
60066  28.709  8.335  30.509 0.3333329856
58127  36.311  6.485  31.943 0.1111110002
100662  28.571  8.347  29.710 0.3333329856
58137  35.980  6.138  31.276 0.1111110002
58145  35.909  6.094  30.499 0.2222220004
60078  28.963  8.808  28.553 0.4444440007
60994  29.696  8.974  29.102 0.3333329856
60072  29.052  8.618  29.284 0.3333329856
57236  35.081  5.708  29.193 0.3333329856
61011  28.619  9.203  26.863 0.7777780294
61002  28.753  9.012  27.680 0.5555559993
57253  33.850  5.724  27.905 0.3333329856
59143  28.782  7.889  25.937 1.0000000000
60096  28.423  8.412  26.454 0.8888890147
58196  30.661  6.950  25.702 1.0000000000
60111  28.893  8.511  25.823 1.0000000000
58136  36.405  6.702  31.013 0.1111110002
60993  31.185  9.853  30.206 0.2222220004
60987  30.422  9.240  29.788 0.3333329856
60065  29.477  8.645  29.962 0.3333329856
61913  30.970  10.208  29.289 0.3333329856
61000  30.212  9.591  28.962 0.3333329856
57244  34.956  6.071  28.517 0.3333329856
61001  29.524  9.532  28.233 0.4444440007
58177  33.693  6.248  27.366 0.5555559993
61010  29.125  9.780  27.299 0.6666669846
61921  29.697  10.391  27.695 0.5555559993
57264  33.070  6.207  26.974 0.7777780294
58179  31.856  6.312  26.286 0.8888890147
58197  29.917  7.181  25.650 1.0000000000
61020  29.056  9.934  26.546 0.7777780294
109711  31.860  7.416  25.599 0.8888890147
59140  31.216  7.531  25.444 0.8888890147
60110  30.127  8.532  25.134 1.0000000000
106192  29.419  8.905  25.428 1.0000000000
61021  28.840  9.324  26.037 0.8888890147
61920  30.273  10.280  28.468 0.4444440007
61928  29.391  10.569  26.943 0.5555559993
43287  7.672  -8.995  51.343 0.2222220004
41489  7.239  -10.259  51.186 0.2222220004
39684  6.394  -12.780  49.490 0.4444440007
38615  5.303  -13.540  49.504 0.4444440007
37600  4.453  -14.342  50.705 0.4444440007
108784  2.625  -13.496  49.916 0.4444440007
43308  8.842  -8.708  49.222 0.2222220004
114002  8.073  -10.019  50.013 0.2222220004
40613  7.362  -11.415  50.070 0.2222220004
44227  9.238  -7.270  49.402 0.2222220004
42386  8.478  -9.386  49.568 0.2222220004
39694  6.455  -12.430  48.279 0.5555559993
37601  2.512  -14.972  50.600 0.2222220004
103258  1.656  -14.303  49.342 0.2222220004
111541  1.491  -14.968  48.680 0.1111110002
36717  1.694  -16.101  49.907 0.2222220004
43321  9.123  -8.748  48.519 0.2222220004
41497  7.882  -10.883  49.537 0.3333329856
45369  10.027  -6.982  47.643 0.2222220004
40623  7.995  -11.165  47.657 0.5555559993
40624  7.540  -11.724  48.054 0.5555559993
44264  10.164  -7.712  45.925 0.2222220004
42407  9.267  -9.240  46.984 0.3333329856
44275  10.242  -7.589  45.006 0.4444440007
39686  3.302  -12.455  49.608 0.5555559993
39687  2.387  -12.689  49.676 0.5555559993
114494  11.026  -6.235  46.172 0.2222220004
39688  1.757  -12.477  49.353 0.4444440007
36745  1.524  -15.675  47.835 0.1111110002
39701  6.913  -12.033  47.733 0.5555559993
41511  8.261  -10.613  47.187 0.4444440007
40631  5.895  -11.614  47.593 0.5555559993
44265  9.748  -8.316  46.101 0.3333329856
42420  8.794  -9.658  46.514 0.5555559993
41518  8.376  -10.137  46.703 0.4444440007
40635  7.730  -10.989  47.068 0.4444440007
107089  5.402  -11.267  47.883 0.6666669846
44276  9.589  -8.242  45.313 0.4444440007
113924  9.172  -9.185  46.345 0.4444440007
43357  8.903  -8.750  45.372 0.6666669846
42431  8.201  -9.061  45.562 0.6666669846
43347  7.373  -9.161  45.938 0.5555559993
43359  7.542  -8.372  45.495 0.7777780294
41498  3.871  -11.047  49.352 0.5555559993
45411  10.782  -6.689  44.057 0.5555559993
44300  10.261  -6.833  43.716 0.5555559993
44287  10.264  -7.249  44.256 0.5555559993
46529  12.221  -5.243  44.455 0.5555559993
45422  11.195  -6.190  43.811 0.6666669846
109916  1.572  -11.774  49.161 0.5555559993
38628  1.603  -13.079  48.427 0.2222220004
107581  6.401  -10.476  47.045 0.5555559993
40630  6.540  -11.420  47.322 0.5555559993
105221  5.641  -9.946  47.565 0.5555559993
43335  6.275  -8.592  46.821 0.6666669846
42397  5.113  -9.455  48.216 0.7777780294
43370  8.419  -7.915  44.625 0.7777780294
44277  7.750  -7.755  44.983 0.7777780294
102969  3.723  -10.284  49.615 0.4444440007
44301  9.590  -7.153  43.787 0.7777780294
113908  8.998  -7.080  43.761 0.7777780294
45412  8.456  -6.843  43.958 0.8888890147
108097  1.928  -11.829  49.570 0.5555559993
47605  12.703  -4.678  43.996 0.4444440007
45436  10.260  -5.710  42.921 0.7777780294
46550  9.472  -5.718  43.064 0.7777780294
45425  9.032  -6.457  43.464 0.7777780294
44252  6.128  -7.816  46.973 0.7777780294
46531  8.253  -5.995  43.854 0.8888890147
46573  10.685  -5.021  42.611 0.7777780294
46514  7.420  -5.137  45.466 0.7777780294
112079  11.820  -4.548  42.532 0.7777780294
48650  8.100  -3.836  44.662 0.7777780294
47627  8.601  -4.764  43.551 0.8888890147
48692  9.856  -3.623  42.857 0.8888890147
115281  9.003  -4.336  43.322 0.8888890147
102972  11.995  -4.002  42.175 0.7777780294
47644  11.181  -4.291  42.403 0.7777780294
48688  13.577  -3.225  42.414 0.7777780294
48687  14.522  -2.799  42.719 0.7777780294
48668  9.205  -3.706  43.352 0.8888890147
103407  9.482  -2.962  43.343 0.8888890147
48648  8.896  -3.123  43.905 0.8888890147
103114  8.454  -2.266  45.596 0.6666669846
49636  8.682  -2.615  44.621 0.7777780294
109608  8.135  -3.083  45.091 0.6666669846
49652  10.906  -2.585  42.389 0.8888890147
49654  10.118  -2.843  42.810 0.8888890147
48645  15.439  -2.896  44.218 0.6666669846
49664  12.491  -2.244  41.610 0.8888890147
48713  13.101  -2.906  41.815 0.7777780294
50563  9.693  -1.631  44.006 0.8888890147
50572  10.214  -1.496  43.335 0.7777780294
47571  18.917  -4.320  46.921 0.3333329856
99840  21.072  -4.895  45.033 0.4444440007
51418  10.495  -0.794  43.628 0.7777780294
50550  8.999  -1.428  45.852 0.6666669846
119271  11.435  -1.243  41.870 0.8888890147
51429  11.071  -0.994  42.347 0.7777780294
100814  22.083  -4.712  44.024 0.5555559993
46566  21.243  -5.151  43.049 0.6666669846
102045  17.247  -4.710  43.648 0.6666669846
47622  17.544  -5.021  43.008 0.7777780294
106011  16.041  -3.696  41.657 0.7777780294
47599  20.375  -4.924  45.178 0.5555559993
47600  19.462  -4.937  44.930 0.5555559993
52257  11.817  0.856  43.853 0.5555559993
46526  20.022  -5.135  44.308 0.5555559993
117506  22.310  -4.713  42.687 0.5555559993
46567  20.371  -5.392  42.877 0.6666669846
114975  12.854  -0.609  40.943 0.8888890147
46588  22.110  -4.890  41.456 0.5555559993
46547  18.155  -5.282  42.970 0.7777780294
47683  23.118  -4.404  39.436 0.6666669846
104908  21.322  -5.311  40.978 0.6666669846
47653  17.200  -4.753  41.347 0.7777780294
46593  17.880  -5.189  41.737 0.7777780294
47641  17.274  -4.911  42.239 0.7777780294
116917  24.909  -1.991  39.105 0.6666669846
49709  24.076  -2.179  37.724 0.8888890147
50633  23.797  -1.586  37.470 0.8888890147
48764  23.834  -3.837  39.013 0.6666669846
120405  23.580  -3.483  37.356 0.7777780294
102452  22.585  -4.682  38.609 0.6666669846
47685  21.754  -5.022  38.740 0.6666669846
46620  20.977  -5.219  39.178 0.6666669846
47720  22.356  -4.313  37.124 0.8888890147
53218  13.340  1.655  42.262 0.7777780294
53202  12.370  1.316  43.377 0.5555559993
52306  14.106  0.010  40.359 0.8888890147
52295  13.799  0.698  40.891 0.8888890147
46591  19.678  -5.575  41.236 0.7777780294
52339  23.932  0.557  38.215 0.7777780294
47669  17.264  -4.396  40.392 0.8888890147
109089  18.072  -4.744  40.070 0.8888890147
47670  16.667  -3.823  40.330 0.7777780294
47721  21.451  -4.362  37.304 0.8888890147
46636  20.136  -5.055  39.017 0.8888890147
46623  18.641  -5.003  39.814 0.8888890147
48748  17.631  -3.377  39.636 0.7777780294
51483  22.713  -0.366  36.254 0.8888890147
48802  22.226  -3.035  35.699 0.8888890147
48777  21.340  -3.781  36.674 0.8888890147
48789  21.661  -3.268  36.021 0.8888890147
101492  20.191  -4.023  37.851 0.8888890147
52325  25.028  1.203  39.177 0.7777780294
103317  19.186  -4.912  39.371 0.8888890147
46622  19.028  -5.266  39.908 0.8888890147
49690  16.487  -2.412  39.788 0.8888890147
48766  19.623  -3.894  38.412 0.8888890147
47686  18.464  -4.477  39.523 0.7777780294
52354  23.954  1.626  36.946 0.8888890147
52355  23.176  0.879  36.604 0.8888890147
53287  22.061  0.730  35.530 0.8888890147
50657  20.882  -0.913  35.900 0.7777780294
101338  20.662  -2.198  36.738 0.8888890147
49711  20.403  -2.824  37.297 0.7777780294
53255  26.303  1.478  39.474 0.4444440007
53275  25.563  1.713  37.636 0.8888890147
100850  23.628  1.679  36.197 0.8888890147
53298  23.174  1.973  35.567 0.8888890147
53299  22.314  1.662  35.380 0.7777780294
53300  21.461  1.413  35.380 0.7777780294
52370  21.177  0.591  35.526 0.7777780294
54242  20.500  2.001  36.086 0.7777780294
52371  20.610  0.563  35.967 0.7777780294
51495  20.981  -0.169  35.710 0.7777780294
103145  20.615  -0.832  36.443 0.7777780294
51477  20.336  -0.341  36.993 0.7777780294
52353  26.164  0.939  35.913 0.8888890147
50612  19.867  -2.255  39.679 0.6666669846
53314  23.535  2.401  34.946 0.7777780294
54260  22.112  2.893  34.777 0.7777780294
54261  21.348  2.821  35.105 0.7777780294
55320  21.768  3.532  34.828 0.7777780294
55290  20.667  3.558  36.279 0.7777780294
55301  20.708  2.796  35.748 0.7777780294
54241  21.002  2.078  35.444 0.7777780294
55277  20.577  3.488  37.298 0.7777780294
54229  20.396  2.717  36.645 0.7777780294
53277  20.283  1.851  36.989 0.7777780294
118538  20.279  1.264  36.930 0.7777780294
52341  20.175  0.312  37.744 0.7777780294
50625  20.269  -1.701  38.524 0.5555559993
53227  21.399  1.759  41.911 0.3333329856
54171  22.277  2.644  42.959 0.2222220004
53214  21.423  1.231  42.745 0.2222220004
109491  20.801  -0.111  42.959 0.1111110002
51426  20.024  -1.404  42.567 0.1111110002
51427  18.375  -1.177  42.784 0.1111110002
51428  17.648  -0.609  42.316 0.1111110002
55227  22.381  3.560  41.744 0.1111110002
55228  21.859  3.129  41.184 0.3333329856
57083  23.456  5.609  42.605 0.1111110002
55218  22.063  2.879  42.059 0.2222220004
52303  20.976  -0.234  40.883 0.2222220004
118902  16.526  0.657  41.704 0.2222220004
56171  22.410  4.619  40.749 0.2222220004
57102  22.967  6.004  41.228 0.1111110002
54192  21.351  2.688  40.634 0.3333329856
53244  20.959  0.784  40.954 0.2222220004
58059  22.597  6.395  39.338 0.3333329856
57115  22.285  5.666  39.691 0.3333329856
58058  23.126  7.022  38.950 0.3333329856
56172  21.912  4.146  40.185 0.2222220004
115886  21.677  4.452  39.595 0.2222220004
115618  20.991  2.974  39.688 0.3333329856
106562  20.771  1.391  40.013 0.3333329856
53256  20.450  1.415  39.106 0.3333329856
115032  20.698  -0.321  40.089 0.4444440007
115892  27.001  0.857  36.851 0.7777780294
57162  22.882  6.479  36.701 0.4444440007
57161  24.066  6.041  35.830 0.4444440007
57174  22.696  5.417  35.353 0.5555559993
58084  22.678  6.605  37.563 0.4444440007
102711  22.234  6.167  37.077 0.6666669846
57128  22.086  5.847  38.867 0.5555559993
58069  22.572  6.531  38.458 0.3333329856
112654  21.491  5.310  37.668 0.5555559993
56184  21.293  4.389  38.866 0.5555559993
57129  21.573  5.236  38.443 0.5555559993
54207  20.621  2.719  38.693 0.6666669846
55249  20.944  3.512  38.877 0.5555559993
110261  20.226  0.938  38.470 0.5555559993
52317  20.405  -0.345  39.406 0.4444440007
56251  22.835  4.222  34.529 0.7777780294
57173  23.657  5.485  35.203 0.7777780294
57175  21.857  5.076  35.580 0.7777780294
113674  21.581  5.223  36.341 0.7777780294
120566  20.896  4.209  37.445 0.6666669846
118551  20.259  1.886  37.661 0.6666669846
52350  28.291  0.350  36.227 0.7777780294
52369  25.859  0.919  35.287 0.8888890147
55318  23.351  3.593  34.398 0.7777780294
55319  22.521  3.560  34.596 0.7777780294
56230  22.350  4.709  34.921 0.7777780294
55300  21.101  3.594  35.409 0.7777780294
56231  21.661  4.287  35.142 0.7777780294
52383  26.285  0.553  34.548 0.8888890147
112566  24.367  5.562  35.409 0.4444440007
57172  24.880  5.310  35.301 0.5555559993
56228  24.428  5.144  34.887 0.7777780294
56250  23.639  4.296  34.402 0.7777780294
56249  24.562  4.356  34.405 0.6666669846
53330  25.540  1.708  33.578 0.7777780294
54257  24.901  2.252  33.988 0.7777780294
52364  29.923  0.615  36.332 0.6666669846
52380  29.174  0.299  34.905 0.8888890147
52399  28.336  -0.062  33.639 1.0000000000
54215  32.367  2.502  37.392 0.3333329856
120452  30.598  0.969  35.198 1.0000000000
118264  29.808  0.573  33.720 1.0000000000
52411  29.292  0.424  32.657 1.0000000000
53310  30.868  1.323  34.534 1.0000000000
54340  27.043  2.713  30.744 1.0000000000
107093  28.197  1.200  31.167 1.0000000000
58092  29.218  5.225  36.100 0.1111110002
56225  28.304  4.230  35.018 0.4444440007
107541  31.739  2.641  32.891 0.6666669846
54336  30.533  2.430  30.931 1.0000000000
56320  27.337  3.677  29.422 1.0000000000
55334  32.744  3.562  33.722 0.3333329856
55356  31.666  3.186  31.520 0.5555559993
54319  31.097  2.660  31.417 0.8888890147
54351  29.598  2.840  29.817 1.0000000000
55386  28.240  3.296  29.230 1.0000000000
105071  31.595  3.448  30.667 0.6666669846
102629  28.194  4.222  28.199 1.0000000000
55368  31.949  3.883  29.944 0.6666669846
55398  30.378  3.730  28.895 1.0000000000
57248  26.953  5.157  28.174 1.0000000000
113504  26.578  5.672  28.518 1.0000000000
108517  26.421  6.342  28.853 1.0000000000
56351  29.526  4.636  27.508 1.0000000000
59074  27.529  7.113  32.338 0.7777780294
59087  27.974  8.023  31.026 0.7777780294
60086  28.174  8.439  27.276 1.0000000000
58181  29.965  6.402  26.011 1.0000000000
58151  35.739  6.156  29.624 0.3333329856
58178  32.657  6.573  26.478 0.8888890147
59141  30.396  7.711  25.386 1.0000000000
59142  29.476  7.970  25.557 1.0000000000
58194  32.215  7.000  25.970 0.8888890147
58195  31.472  6.872  25.823 0.8888890147
62834  30.935  11.017  28.701 0.4444440007
41499  2.959  -10.665  50.013 0.4444440007
40620  2.313  -11.268  49.833 0.4444440007
42389  2.478  -9.873  50.175 0.2222220004
41500  2.005  -10.545  49.898 0.2222220004
42388  3.290  -9.908  50.015 0.2222220004
42387  4.056  -9.568  49.491 0.3333329856
44240  4.820  -8.220  48.907 0.6666669846
42410  5.539  -9.157  47.699 0.6666669846
44253  5.736  -8.425  47.512 0.6666669846
43310  3.221  -9.174  50.301 0.2222220004
43323  4.683  -9.021  48.876 0.3333329856
43309  4.215  -8.663  49.626 0.3333329856
43322  5.192  -8.668  48.238 0.6666669846
45383  5.775  -7.557  47.701 0.6666669846
45382  6.163  -6.901  47.368 0.7777780294
44231  3.697  -8.255  50.381 0.2222220004
44230  4.520  -7.744  49.697 0.3333329856
44229  5.040  -7.506  48.921 0.6666669846
45371  5.608  -6.841  48.441 0.6666669846
45403  6.810  -6.545  46.167 0.7777780294
109235  6.490  -6.212  47.266 0.6666669846
46486  6.032  -5.860  48.767 0.6666669846
45370  6.246  -6.110  47.936 0.5555559993
112064  6.771  -5.967  46.744 0.6666669846
46505  7.038  -5.282  46.733 0.4444440007
47576  7.060  -4.912  47.274 0.5555559993
46485  6.509  -5.352  48.314 0.3333329856
46494  6.725  -5.521  47.462 0.5555559993
48601  7.152  -4.157  48.246 0.3333329856
47560  7.211  -4.316  47.472 0.2222220004
47561  6.971  -4.848  47.924 0.3333329856
99767  7.670  -3.084  46.953 0.3333329856
105242  7.405  -3.591  47.689 0.3333329856
49621  7.819  -2.995  45.960 0.4444440007
48618  7.461  -3.741  46.313 0.4444440007
50545  7.936  -2.023  47.724 0.2222220004
101414  7.652  -2.702  47.911 0.2222220004
50544  8.298  -1.738  47.128 0.2222220004
49620  8.103  -2.378  46.539 0.3333329856
50551  8.505  -1.788  46.344 0.2222220004
51397  9.617  -0.913  45.437 0.5555559993
103281  9.161  -0.437  47.663 0.1111110002
51382  8.691  -0.963  47.434 0.2222220004
51388  9.907  -0.130  46.735 0.1111110002
51389  9.451  -0.740  46.267 0.1111110002
50543  8.836  -1.190  46.660 0.2222220004
103472  10.235  -0.433  45.129 0.4444440007
49684  25.267  -2.104  39.814 0.2222220004
49685  24.800  -2.675  39.228 0.5555559993
52245  10.626  0.199  45.574 0.2222220004
52244  11.184  0.627  45.183 0.3333329856
52259  10.740  0.043  44.767 0.5555559993
50597  25.680  -1.237  40.893 0.3333329856
116641  25.609  -1.865  40.462 0.2222220004
50609  25.398  -1.194  40.156 0.4444440007
53187  11.701  1.071  44.723 0.3333329856
56130  23.767  4.386  44.592 0.1111110002
55208  22.740  3.232  43.426 0.1111110002
55207  23.264  3.921  43.892 0.1111110002
56138  23.036  3.750  43.033 0.1111110002
55217  22.578  3.330  42.569 0.1111110002
108305  12.199  1.660  45.070 0.2222220004
53186  12.233  1.492  44.219 0.3333329856
53201  12.944  1.880  43.023 0.5555559993
51457  24.540  -0.400  39.128 0.4444440007
54140  12.741  2.313  45.367 0.2222220004
53171  12.227  1.760  45.981 0.2222220004
54151  13.402  2.807  44.662 0.3333329856
54152  12.716  2.151  44.452 0.3333329856
54164  13.285  2.473  43.712 0.3333329856
54165  12.687  1.900  43.744 0.4444440007
54176  13.675  2.312  42.856 0.3333329856
113953  26.558  6.330  39.583 0.1111110002
58056  26.156  7.197  39.579 0.2222220004
58057  25.477  7.433  39.097 0.1111110002
106017  26.114  6.645  38.845 0.2222220004
120406  25.430  7.155  38.423 0.2222220004
105574  25.688  6.498  38.048 0.2222220004
58093  24.650  6.218  36.484 0.2222220004
58080  25.989  5.761  37.687 0.2222220004
58081  25.321  6.280  37.232 0.2222220004
59010  24.661  7.683  39.572 0.2222220004
59019  24.604  7.466  38.622 0.3333329856
59020  23.736  7.357  38.549 0.3333329856
58066  24.941  7.105  37.816 0.2222220004
58067  24.048  7.321  37.852 0.3333329856
58082  24.372  6.901  37.125 0.2222220004
61054  30.526  9.777  24.605 0.7777780294
58113  28.615  6.213  34.368 0.3333329856
61978  30.366  10.512  24.575 0.7777780294
61055  30.013  9.930  24.826 0.7777780294
103916  30.215  12.674  25.138 0.7777780294
62891  29.919  11.029  24.988 0.6666669846
61956  29.521  10.555  25.508 0.6666669846
64819  31.312  13.551  24.176 0.6666669846
64820  30.679  13.145  24.611 0.6666669846
61031  29.507  9.774  25.347 0.7777780294
65646  32.636  14.295  23.640 0.7777780294
63839  30.516  12.331  24.493 0.7777780294
64826  33.221  13.886  23.090 0.7777780294
59065  28.477  7.414  33.803 0.3333329856
59066  27.920  7.021  33.129 0.3333329856
59073  28.158  7.674  32.834 0.4444440007
66397  32.353  15.813  26.067 0.3333329856
66392  31.838  15.292  26.607 0.4444440007
65637  30.944  14.100  25.773 0.4444440007
63825  30.177  12.799  25.872 0.7777780294
61938  29.359  10.658  26.229 0.5555559993
104755  29.130  10.086  25.931 0.7777780294
66403  33.306  15.919  24.644 0.4444440007
107403  32.456  15.617  25.047 0.5555559993
65642  31.003  13.884  24.884 0.5555559993
64808  30.522  13.387  25.389 0.6666669846
66412  32.774  15.088  24.190 0.5555559993
65640  32.165  14.524  24.133 0.6666669846
65653  34.021  14.291  22.898 0.7777780294
65645  33.411  14.676  23.493 0.7777780294
64832  35.398  13.532  22.139 0.7777780294
64833  34.725  13.926  22.483 0.7777780294
60051  28.729  8.227  32.390 0.4444440007
67104  32.811  16.495  27.439 0.1111110002
62865  29.645  11.341  26.594 0.4444440007
66391  32.118  15.645  27.142 0.3333329856
66386  31.843  15.105  27.628 0.2222220004
64779  30.851  13.374  27.262 0.3333329856
63803  30.007  12.035  27.054 0.3333329856
68534  37.212  18.918  27.251 0.1111110002
67827  35.705  18.220  26.581 0.1111110002
116279  34.329  17.438  26.395 0.5555559993
67110  33.214  16.650  26.398 0.3333329856
65632  31.431  14.765  26.166 0.4444440007
64795  30.589  13.474  26.278 0.5555559993
63813  29.865  12.116  26.267 0.5555559993
67826  36.529  18.082  26.214 0.1111110002
67843  35.756  17.628  25.789 0.2222220004
67116  34.450  16.809  25.250 0.4444440007
67117  33.523  16.507  25.447 0.5555559993
66396  32.857  16.105  25.402 0.4444440007
68572  37.284  17.928  25.997 0.1111110002
67126  35.793  16.500  24.573 0.3333329856
114893  34.575  16.038  24.305 0.6666669846
66402  34.033  15.871  24.275 0.6666669846
66410  35.806  15.432  23.483 0.7777780294
105307  35.016  15.265  23.446 0.7777780294
66411  34.473  15.601  23.880 0.7777780294
65652  35.594  14.345  22.480 0.7777780294
65644  34.831  14.634  22.921 0.7777780294
102236  30.310  8.804  31.738 0.2222220004
67105  32.317  15.889  27.593 0.1111110002
62848  30.369  11.842  27.777 0.3333329856
62849  29.842  11.215  27.334 0.4444440007
66385  32.131  15.315  28.112 0.2222220004
112918  31.348  13.879  28.036 0.2222220004
63802  30.597  12.618  27.546 0.3333329856
60059  29.795  8.642  31.258 0.2222220004
109399  30.098  8.805  30.576 0.2222220004
66377  32.423  14.906  28.885 0.1111110002
65627  31.619  14.538  27.882 0.2222220004
63801  31.181  13.134  28.183 0.2222220004
65626  32.082  14.722  28.535 0.1111110002
62835  30.272  11.058  28.049 0.3333329856
64758  31.924  14.141  28.715 0.1111110002
114419  31.622  13.586  28.760 0.1111110002
114412  30.748  11.636  28.374 0.2222220004
62833  31.290  11.947  28.978 0.2222220004
63789  30.952  12.370  28.346 0.2222220004
62822  31.604  11.282  29.405 0.2222220004
117195  31.577  12.936  29.104 0.1111110002
45392  6.539  -6.568  46.811 0.7777780294
47589  7.412  -4.416  45.853 0.5555559993
51404  10.853  -0.180  43.960 0.6666669846
51456  24.970  -0.205  39.864 0.4444440007
53216  14.967  2.003  42.186 0.3333329856
52258  11.282  0.439  44.342 0.2222220004
44239  5.332  -7.849  48.260 0.6666669846
47575  7.234  -4.499  46.690 0.4444440007
116361  7.353  -3.843  47.015 0.4444440007
49611  7.922  -2.388  47.249 0.2222220004
60126  29.991  9.316  24.925 0.7777780294
61979  29.836  10.345  24.988 0.7777780294
62890  30.491  11.429  24.408 0.7777780294
63826  30.028  11.880  25.029 0.7777780294
116876  29.946  12.182  25.630 0.6666669846
62881  29.670  11.421  25.761 0.6666669846
65641  31.597  14.268  24.448 0.5555559993
63873  33.018  13.063  22.865 0.7777780294
60043  28.696  8.101  33.150 0.3333329856
66398  31.880  15.231  25.610 0.4444440007
67111  32.560  16.185  26.776 0.3333329856
65636  31.412  14.577  25.220 0.4444440007
64778  31.159  14.185  26.903 0.4444440007
66404  31.972  14.955  24.711 0.5555559993
67118  32.877  16.295  26.006 0.3333329856
100671  33.684  15.397  23.939 0.7777780294
113957  34.236  14.987  23.411 0.7777780294
115153  31.558  14.830  27.041 0.3333329856
63812  30.303  12.767  26.682 0.4444440007
101217  36.455  18.587  26.953 0.1111110002
104208  34.975  17.800  26.412 0.5555559993
67109  33.967  17.052  25.972 0.5555559993
67844  34.798  17.341  25.781 0.5555559993
67829  33.625  17.141  26.812 0.3333329856
67115  35.334  16.984  25.170 0.2222220004
67128  34.116  16.329  24.701 0.5555559993
67127  34.925  16.451  24.654 0.5555559993
67139  35.268  15.905  24.049 0.6666669846
66419  35.480  14.925  23.044 0.7777780294
65651  36.534  14.442  22.320 0.7777780294
115951  1.964  -16.146  50.730 0.1111110002
37602  1.941  -15.379  50.388 0.1111110002
35817  1.677  -16.982  49.444 0.1111110002
109796  3.787  -14.785  51.148 0.3333329856
38638  1.781  -13.587  47.613 0.1111110002
39697  1.497  -12.259  48.708 0.2222220004
40627  1.465  -11.374  48.587 0.2222220004
40621  1.671  -11.108  49.336 0.3333329856
44208  7.885  -8.062  51.671 0.1111110002
44195  8.006  -7.051  51.988 0.1111110002
46443  9.210  -5.322  51.265 0.1111110002
46431  8.362  -5.643  52.563 0.1111110002
45311  8.327  -6.286  52.086 0.1111110002
46444  8.677  -5.815  51.728 0.1111110002
45323  8.919  -6.123  50.956 0.1111110002
111391  8.505  -6.601  51.447 0.1111110002
46459  9.331  -5.739  50.519 0.1111110002
45324  8.750  -6.953  50.690 0.1111110002
107240  5.472  -6.171  49.354 0.4444440007
45336  9.205  -6.495  50.079 0.1111110002
47519  9.645  -5.129  50.551 0.1111110002
47536  5.963  -4.916  49.787 0.2222220004
46475  5.842  -5.518  49.409 0.3333329856
46473  9.682  -5.673  49.771 0.1111110002
45352  9.588  -6.518  49.174 0.1111110002
114255  9.885  -6.533  48.432 0.1111110002
48529  10.380  -4.079  51.107 0.1111110002
47501  9.728  -4.663  51.206 0.1111110002
117741  10.064  -4.625  50.595 0.1111110002
48548  11.045  -3.752  50.588 0.1111110002
47534  10.060  -4.902  49.940 0.1111110002
48566  11.148  -3.958  49.796 0.1111110002
47533  10.648  -4.650  49.341 0.1111110002
46472  10.150  -5.261  49.321 0.1111110002
46493  10.850  -5.340  47.902 0.1111110002
46483  10.482  -5.311  48.663 0.1111110002
46503  10.822  -5.950  47.136 0.1111110002
48564  12.692  -3.062  49.765 0.1111110002
48565  11.972  -3.594  49.543 0.1111110002
48582  12.662  -3.319  48.979 0.1111110002
47532  11.385  -4.183  49.001 0.1111110002
102172  12.730  -3.499  48.150 0.1111110002
48583  12.052  -3.808  48.617 0.1111110002
47547  10.999  -4.758  48.490 0.1111110002
48599  12.790  -3.738  47.388 0.1111110002
47546  11.594  -4.374  48.224 0.1111110002
46492  11.328  -5.207  47.299 0.1111110002
47557  12.279  -4.285  47.087 0.1111110002
47574  11.874  -4.920  46.820 0.1111110002
46502  11.441  -5.549  46.561 0.1111110002
47573  12.472  -4.532  46.260 0.1111110002
46501  11.957  -5.200  46.165 0.2222220004
46513  11.613  -5.717  45.746 0.2222220004
46512  12.275  -5.125  45.392 0.1111110002
49592  13.197  -2.912  49.273 0.1111110002
118574  19.139  -4.057  48.378 0.2222220004
49591  13.851  -2.622  49.128 0.1111110002
48581  13.423  -2.985  48.481 0.1111110002
48643  23.922  -3.952  43.837 0.2222220004
100015  14.095  -2.819  47.789 0.1111110002
48598  13.408  -3.252  47.617 0.1111110002
47596  23.434  -4.150  44.482 0.3333329856
49610  14.027  -2.998  47.003 0.1111110002
104691  12.788  -3.927  46.753 0.1111110002
47597  22.472  -4.488  44.725 0.4444440007
48631  13.627  -3.556  45.451 0.2222220004
48617  13.163  -3.808  46.145 0.2222220004
47588  12.912  -4.292  45.415 0.1111110002
47620  22.818  -4.429  43.771 0.4444440007
47604  13.314  -3.983  44.539 0.4444440007
102661  12.691  -4.709  44.745 0.4444440007
48563  18.203  -3.095  49.007 0.2222220004
49588  17.609  -2.532  49.326 0.1111110002
50526  16.379  -1.867  49.302 0.1111110002
48580  18.034  -3.261  48.346 0.2222220004
49599  16.935  -2.234  48.911 0.1111110002
49589  15.762  -1.873  48.904 0.1111110002
48595  18.273  -3.604  47.934 0.2222220004
48596  17.573  -3.176  47.732 0.2222220004
117846  16.312  -2.051  48.628 0.1111110002
99804  15.229  -2.075  48.609 0.1111110002
106778  14.601  -2.317  48.859 0.1111110002
48642  25.210  -3.621  44.535 0.1111110002
48626  24.762  -3.714  45.432 0.2222220004
48597  16.797  -2.872  47.174 0.2222220004
49607  16.161  -2.457  47.402 0.1111110002
49600  15.778  -2.166  48.076 0.1111110002
49609  14.645  -2.671  47.225 0.1111110002
49619  14.712  -2.777  46.353 0.1111110002
102540  14.068  -3.127  44.790 0.2222220004
48641  26.067  -3.453  44.460 0.1111110002
106709  26.718  -3.375  45.028 0.1111110002
48625  25.690  -3.541  45.197 0.1111110002
48661  25.748  -3.476  43.785 0.1111110002
111426  24.328  -3.834  44.566 0.2222220004
48613  17.469  -3.503  46.809 0.2222220004
48614  16.701  -3.248  46.400 0.1111110002
49617  16.109  -2.712  46.698 0.1111110002
48630  14.351  -2.949  45.524 0.2222220004
48662  24.806  -3.737  43.658 0.2222220004
48663  24.155  -3.886  43.207 0.3333329856
49618  15.436  -2.747  46.129 0.4444440007
49629  14.960  -2.675  45.402 0.2222220004
47619  23.464  -4.172  43.212 0.4444440007
49634  15.035  -2.643  44.485 0.5555559993
48646  14.539  -2.846  44.368 0.6666669846
106692  22.751  -4.510  42.912 0.4444440007
47638  23.254  -4.254  42.367 0.4444440007
47624  13.238  -4.033  43.565 0.5555559993
102563  26.396  -3.324  43.908 0.1111110002
101339  25.091  -3.507  42.092 0.2222220004
48683  24.677  -3.733  42.749 0.4444440007
111444  24.418  -3.749  42.125 0.4444440007
47652  23.037  -4.375  41.454 0.4444440007
48639  27.388  -3.025  44.450 0.1111110002
49628  27.781  -3.156  45.300 0.1111110002
48659  27.040  -2.963  43.709 0.1111110002
48660  26.407  -3.226  43.295 0.1111110002
48709  24.585  -3.575  41.406 0.4444440007
48731  23.795  -3.907  40.952 0.4444440007
47667  23.149  -4.348  40.459 0.5555559993
50556  28.089  -1.808  45.066 0.1111110002
49641  27.495  -2.267  44.034 0.1111110002
117283  26.816  -2.718  43.102 0.1111110002
48681  26.446  -2.949  42.562 0.1111110002
117262  25.316  -3.264  41.509 0.1111110002
48730  24.489  -3.472  40.464 0.4444440007
48745  23.791  -3.844  40.002 0.5555559993
50549  28.467  -1.193  46.424 0.1111110002
51394  27.919  -0.582  45.878 0.1111110002
104061  28.278  -1.597  45.665 0.1111110002
49633  27.905  -2.421  44.734 0.1111110002
49649  26.734  -2.194  42.701 0.1111110002
49659  26.320  -2.353  41.862 0.1111110002
52270  16.674  0.774  42.271 0.1111110002
49660  25.728  -2.798  41.277 0.1111110002
48708  25.170  -3.156  40.853 0.3333329856
48729  25.051  -2.940  40.029 0.4444440007
48744  24.438  -3.335  39.530 0.4444440007
53165  29.130  1.357  45.972 0.1111110002
53166  28.437  0.941  45.630 0.1111110002
109014  28.452  0.345  46.935 0.1111110002
51380  28.556  -0.036  47.538 0.1111110002
55185  13.917  3.192  45.200 0.2222220004
53180  29.029  1.377  45.097 0.1111110002
52225  28.005  0.255  46.126 0.1111110002
54150  14.359  3.240  44.320 0.2222220004
119287  13.731  2.944  43.998 0.2222220004
106842  29.408  1.387  44.350 0.1111110002
53181  28.288  0.968  44.926 0.1111110002
118311  27.677  -0.037  45.637 0.1111110002
51395  27.555  -0.383  45.103 0.1111110002
50557  27.615  -1.389  44.587 0.1111110002
54173  16.020  2.308  43.163 0.1111110002
54163  14.833  3.074  43.431 0.2222220004
109256  14.023  2.881  43.459 0.2222220004
53211  29.416  1.348  42.620 0.1111110002
53212  28.536  1.416  43.249 0.1111110002
52263  27.765  1.132  43.639 0.1111110002
108792  27.151  0.394  43.846 0.1111110002
51412  27.210  -0.487  44.271 0.1111110002
104894  16.252  1.508  42.641 0.1111110002
117517  15.656  2.079  42.574 0.1111110002
100233  29.882  1.277  41.757 0.1111110002
119658  28.552  1.460  42.476 0.1111110002
53213  27.818  1.440  42.797 0.1111110002
52264  27.122  1.002  43.035 0.1111110002
51413  26.835  -0.477  43.531 0.1111110002
50570  26.786  -1.353  43.115 0.1111110002
53215  15.669  1.616  42.106 0.1111110002
53223  30.205  1.260  41.015 0.1111110002
53224  29.401  1.293  41.094 0.1111110002
99711  28.072  1.566  41.943 0.1111110002
51424  26.499  -0.535  42.820 0.1111110002
50577  26.472  -1.411  42.366 0.1111110002
49671  25.922  -2.070  41.057 0.1111110002
100174  29.048  1.275  40.549 0.1111110002
53225  28.497  1.459  41.087 0.1111110002
53241  27.421  1.574  40.367 0.1111110002
51446  25.394  -0.322  40.656 0.1111110002
53239  29.679  1.275  40.422 0.1111110002
99829  29.149  1.214  39.920 0.1111110002
53240  28.397  1.391  40.252 0.1111110002
49672  25.479  -2.506  40.563 0.2222220004
100052  27.478  1.581  41.273 0.1111110002
52278  27.243  1.385  42.192 0.1111110002
52279  26.632  0.805  42.385 0.1111110002
117340  26.326  0.129  42.489 0.1111110002
53226  26.653  1.477  40.890 0.2222220004
119266  26.137  1.054  41.235 0.1111110002
52290  25.679  0.489  41.057 0.1111110002
51435  25.748  -0.399  41.402 0.1111110002
52313  29.242  1.049  39.195 0.1111110002
52302  25.374  0.561  40.326 0.1111110002
52315  25.082  0.703  39.717 0.3333329856
56244  34.271  4.842  34.163 0.1111110002
104351  34.662  5.188  33.483 0.1111110002
59124  32.911  7.324  26.158 0.6666669846
60107  32.765  8.402  25.415 0.6666669846
59139  32.459  7.688  25.690 0.7777780294
60122  33.189  9.127  25.027 0.6666669846
60108  31.879  8.141  25.254 0.6666669846
60125  30.699  9.053  24.774 0.6666669846
61051  33.540  9.713  24.441 0.6666669846
112873  32.313  10.016  24.185 0.6666669846
61053  31.212  9.597  24.469 0.6666669846
61976  31.686  10.140  24.171 0.6666669846
61977  30.987  10.257  24.250 0.6666669846
61990  33.048  10.686  23.544 0.6666669846
61991  32.268  10.638  23.775 0.6666669846
104756  31.450  11.993  23.658 0.6666669846
104508  30.899  11.978  24.027 0.6666669846
61992  31.442  10.762  23.933 0.6666669846
61972  37.760  9.768  24.988 0.5555559993
61028  36.943  9.673  25.469 0.5555559993
61049  35.320  9.762  24.178 0.6666669846
65647  31.933  13.946  23.816 0.6666669846
61072  35.978  9.879  23.874 0.6666669846
61974  33.795  10.292  23.752 0.6666669846
62900  32.736  11.379  23.274 0.6666669846
63855  31.742  12.538  23.515 0.6666669846
63856  31.136  12.702  23.952 0.5555559993
61987  36.234  10.252  23.234 0.5555559993
61988  35.388  10.256  23.407 0.6666669846
61989  34.343  10.647  23.242 0.6666669846
62899  33.598  11.005  23.174 0.6666669846
61971  38.469  10.108  24.542 0.5555559993
61071  36.717  9.838  23.881 0.5555559993
103722  37.084  10.235  23.113 0.5555559993
62916  33.522  11.732  22.839 0.6666669846
101969  32.304  12.768  23.213 0.6666669846
64834  33.928  13.376  22.580 0.6666669846
102933  35.021  11.288  22.488 0.6666669846
63872  33.618  12.492  22.634 0.6666669846
63871  34.377  12.598  22.343 0.6666669846
101261  34.744  11.900  22.301 0.6666669846
114032  34.090  11.990  22.501 0.6666669846
61970  39.229  10.521  24.141 0.4444440007
61984  39.396  10.569  23.134 0.4444440007
61985  38.582  10.273  23.486 0.5555559993
101505  37.943  10.347  22.864 0.5555559993
62004  36.562  10.700  22.514 0.6666669846
62005  35.671  10.826  22.603 0.6666669846
62914  35.578  11.696  22.080 0.6666669846
63870  35.235  12.634  22.036 0.6666669846
67828  34.257  17.700  27.113 0.3333329856
61969  40.074  10.947  23.793 0.3333329856
100336  34.714  13.231  22.254 0.6666669846
62002  38.757  10.532  22.562 0.5555559993
108522  37.648  11.224  21.675 0.6666669846
62913  36.867  11.218  21.914 0.6666669846
112453  36.201  11.236  22.131 0.6666669846
100127  41.302  11.482  23.964 0.3333329856
62898  40.826  11.113  23.294 0.3333329856
104969  41.600  11.390  23.099 0.3333329856
62001  39.526  10.721  22.259 0.4444440007
62014  38.956  10.815  21.804 0.6666669846
62939  35.977  12.372  21.812 0.6666669846
63889  36.002  13.090  21.793 0.6666669846
62937  38.433  11.275  21.427 0.6666669846
63886  37.900  11.914  21.197 0.6666669846
110649  37.139  11.850  21.465 0.6666669846
67138  36.240  15.950  24.040 0.5555559993
66409  36.661  15.484  23.437 0.6666669846
65650  37.375  14.525  22.183 0.5555559993
66418  36.180  14.943  22.920 0.6666669846
63903  38.971  12.647  20.570 0.6666669846
64838  37.389  13.334  21.356 0.6666669846
114236  43.161  11.785  22.462 0.2222220004
62911  41.882  11.400  22.419 0.4444440007
62935  40.950  11.280  21.221 0.5555559993
62960  39.526  11.979  20.593 0.6666669846
63904  38.149  12.767  20.903 0.6666669846
64831  36.170  13.816  21.984 0.6666669846
62897  42.014  11.743  23.661 0.2222220004
62912  41.079  11.084  22.299 0.3333329856
120163  39.600  10.947  21.635 0.6666669846
62961  38.680  11.949  20.892 0.6666669846
63887  37.454  12.506  21.261 0.6666669846
64839  36.633  13.395  21.657 0.6666669846
63888  36.700  12.631  21.531 0.6666669846
66416  37.966  15.068  22.644 0.5555559993
65649  38.047  14.583  22.034 0.4444440007
107578  45.946  12.430  23.553 0.2222220004
63852  44.228  12.206  23.401 0.2222220004
64849  38.704  13.339  20.695 0.6666669846
64837  38.209  13.708  21.089 0.5555559993
65657  38.529  14.394  21.529 0.5555559993
62909  43.918  11.888  22.704 0.2222220004
100977  42.490  11.528  22.090 0.4444440007
116882  39.491  12.630  20.401 0.6666669846
64848  39.410  13.341  20.402 0.6666669846
114199  44.335  11.707  22.231 0.2222220004
99761  43.699  11.672  21.974 0.3333329856
62933  42.551  11.527  21.277 0.4444440007
62958  41.822  11.576  20.789 0.5555559993
62959  40.440  11.817  20.560 0.5555559993
118295  38.925  14.779  21.808 0.5555559993
63849  47.647  12.048  23.323 0.1111110002
63850  46.858  12.432  23.605 0.1111110002
63865  48.249  11.821  22.720 0.1111110002
63867  46.377  11.813  23.095 0.1111110002
62908  45.074  11.562  22.055 0.1111110002
63869  44.718  11.871  22.847 0.2222220004
63902  40.097  12.635  20.197 0.5555559993
65669  39.725  14.188  20.629 0.5555559993
62927  48.802  11.565  21.342 0.2222220004
63885  48.087  11.575  21.878 0.1111110002
62906  46.809  11.559  22.369 0.1111110002
62931  44.265  11.555  21.517 0.4444440007
62932  43.429  11.550  21.086 0.5555559993
63900  41.805  12.075  19.939 0.5555559993
63901  40.951  12.343  20.102 0.5555559993
64847  40.240  13.586  20.150 0.5555559993
62926  49.822  11.670  21.257 0.2222220004
62929  46.482  11.331  21.514 0.2222220004
101038  44.875  11.395  21.061 0.2222220004
100180  44.159  11.574  20.615 0.4444440007
119521  43.105  11.941  19.914 0.5555559993
64854  40.823  13.045  19.792 0.5555559993
62976  42.743  12.321  19.612 0.5555559993
65656  39.319  14.665  21.362 0.4444440007
62951  50.325  11.371  20.500 0.1111110002
62952  49.221  11.289  20.408 0.2222220004
62953  47.311  11.136  20.069 0.2222220004
62954  46.073  11.219  20.600 0.2222220004
62955  45.329  11.347  20.458 0.3333329856
100439  44.209  11.812  19.743 0.5555559993
62975  43.476  12.108  19.603 0.5555559993
63910  42.081  12.788  19.478 0.5555559993
63911  41.423  12.689  19.725 0.5555559993
65676  41.004  13.867  19.868 0.4444440007
62967  52.648  11.290  19.707 0.1111110002
62968  50.894  11.100  19.705 0.1111110002
62969  49.901  11.058  19.671 0.1111110002
113362  48.182  11.119  19.894 0.2222220004
62973  46.454  11.239  19.665 0.3333329856
104043  45.022  11.637  19.668 0.4444440007
63909  42.856  12.989  19.168 0.5555559993
64853  41.546  13.332  19.577 0.4444440007
62026  51.718  11.013  19.174 0.1111110002
62970  49.004  11.000  19.375 0.2222220004
62972  47.303  11.118  19.129 0.2222220004
62986  45.650  11.692  18.966 0.3333329856
62025  52.452  10.872  18.674 0.1111110002
66421  41.253  15.728  21.262 0.3333329856
66422  40.483  15.418  21.530 0.3333329856
103949  39.824  15.170  21.676 0.3333329856
65667  41.317  14.673  20.212 0.4444440007
66434  40.873  15.096  20.836 0.4444440007
65655  40.122  14.831  21.065 0.4444440007
66444  42.120  15.094  19.989 0.4444440007
65675  41.781  14.174  19.646 0.4444440007
65668  40.532  14.399  20.418 0.4444440007
65674  42.603  14.441  19.436 0.5555559993
63915  45.333  12.426  18.474 0.5555559993
63916  44.539  12.705  18.634 0.5555559993
64851  43.121  13.772  19.055 0.5555559993
64852  42.310  13.561  19.337 0.5555559993
62042  53.703  10.427  17.423 0.1111110002
100868  53.092  10.643  18.092 0.1111110002
62034  51.628  10.611  18.199 0.1111110002
62035  50.115  10.614  18.230 0.2222220004
62971  48.183  10.932  18.717 0.2222220004
62041  54.687  10.612  17.720 0.1111110002
67157  40.828  16.008  22.005 0.3333329856
67175  42.046  16.085  20.858 0.3333329856
109647  42.965  15.321  19.669 0.4444440007
65685  44.832  14.228  18.543 0.4444440007
65686  43.954  14.009  18.720 0.5555559993
64857  44.567  13.437  18.507 0.5555559993
64858  43.720  13.089  18.807 0.5555559993
100372  52.645  10.379  17.147 0.1111110002
102407  50.844  10.547  17.968 0.2222220004
62036  49.260  10.694  18.163 0.2222220004
63914  46.158  12.094  18.183 0.4444440007
64865  45.889  12.906  17.924 0.5555559993
102433  54.859  10.269  15.897 0.1111110002
62053  53.352  10.315  16.406 0.1111110002
102408  51.915  10.457  17.458 0.2222220004
100609  50.382  10.577  17.303 0.2222220004
62044  49.566  10.720  17.436 0.2222220004
62995  48.346  11.393  17.192 0.3333329856
62997  46.923  11.769  17.865 0.4444440007
104100  54.919  10.494  15.058 0.2222220004
62055  51.772  10.421  16.700 0.2222220004
62043  51.223  10.500  17.333 0.2222220004
62057  49.875  10.834  16.640 0.2222220004
62045  48.810  10.901  17.596 0.2222220004
63034  53.488  11.471  14.176 0.4444440007
62085  53.661  10.795  14.450 0.3333329856
62067  54.143  10.486  15.122 0.3333329856
117444  53.192  10.546  15.385 0.4444440007
65696  46.186  13.717  18.014 0.4444440007
64856  45.380  13.611  18.271 0.4444440007
62996  47.648  11.595  17.543 0.4444440007
63917  47.364  12.699  17.312 0.4444440007
63918  46.699  12.460  17.646 0.4444440007
62056  50.876  10.692  16.476 0.3333329856
62994  49.080  11.091  16.876 0.3333329856
62086  52.826  10.928  14.639 0.4444440007
63019  52.139  11.242  14.888 0.4444440007
100093  51.679  10.622  15.939 0.3333329856
63005  50.301  11.280  15.988 0.3333329856
63006  49.501  11.544  16.290 0.4444440007
63007  48.730  11.821  16.626 0.4444440007
63035  52.832  11.777  14.502 0.4444440007
65694  47.849  13.983  17.661 0.4444440007
65695  46.987  13.870  17.750 0.4444440007
64873  48.799  12.999  16.713 0.4444440007
64874  48.027  12.851  16.949 0.4444440007
63020  51.486  11.566  15.174 0.4444440007
63022  49.997  12.011  15.793 0.4444440007
63036  52.170  12.180  14.808 0.4444440007
63957  53.062  12.878  14.571 0.4444440007
63939  52.608  13.231  15.109 0.4444440007
67183  49.230  15.796  20.154 0.1111110002
65680  49.399  14.472  18.360 0.2222220004
66449  48.977  14.846  19.003 0.3333329856
65681  48.392  14.458  18.322 0.4444440007
66450  47.973  14.930  18.945 0.4444440007
64861  49.256  13.558  17.137 0.4444440007
65693  48.810  14.024  17.700 0.4444440007
65682  47.433  14.463  18.291 0.4444440007
64862  48.317  13.461  17.194 0.4444440007
63941  50.677  12.377  15.669 0.4444440007
63021  50.764  11.778  15.495 0.4444440007
63927  49.320  12.406  16.332 0.4444440007
65707  53.654  14.930  15.021 0.3333329856
64881  53.140  14.055  15.399 0.4444440007
63940  51.533  12.572  15.351 0.4444440007
67182  50.413  15.705  20.009 0.1111110002
66448  49.977  14.919  18.921 0.1111110002
106470  51.026  15.050  18.832 0.1111110002
65679  50.473  14.566  18.325 0.2222220004
65691  51.047  14.227  17.680 0.2222220004
65692  49.863  14.068  17.756 0.3333329856
65705  51.605  13.907  17.009 0.2222220004
64860  50.349  13.673  17.133 0.2222220004
64872  49.722  13.107  16.579 0.4444440007
64870  52.016  13.716  16.294 0.2222220004
64871  50.797  13.316  16.480 0.3333329856
111523  53.714  15.348  15.292 0.1111110002
65708  53.203  14.445  15.804 0.2222220004
64883  51.201  13.005  15.903 0.4444440007
63926  50.209  12.678  16.045 0.4444440007
118646  50.463  15.301  19.347 0.1111110002
108291  51.371  15.527  19.398 0.1111110002
66456  51.751  14.822  18.116 0.1111110002
65689  53.491  15.445  16.498 0.2222220004
65704  52.869  14.515  16.529 0.2222220004
67166  51.508  16.652  20.670 0.1111110002
113038  50.788  16.241  20.539 0.1111110002
67165  52.364  16.623  20.094 0.1111110002
67181  51.511  16.037  20.061 0.1111110002
67180  52.610  16.103  19.227 0.1111110002
66446  53.361  16.343  17.956 0.1111110002
66447  52.274  15.440  18.562 0.1111110002
67192  53.656  16.695  16.914 0.1111110002
67193  53.161  17.116  16.419 0.1111110002
110153  53.761  16.426  16.270 0.1111110002
66455  53.179  15.623  17.391 0.1111110002
65690  52.416  14.646  17.310 0.2222220004
67198  53.142  16.613  15.773 0.1111110002
65703  53.716  15.350  15.807 0.2222220004
67179  53.586  16.994  18.524 0.1111110002
63004  56.578  12.045  16.622 0.1111110002
62992  56.952  12.721  17.407 0.1111110002
63018  56.734  12.246  15.815 0.1111110002
62084  54.633  10.708  14.206 0.3333329856
62065  56.206  11.233  15.883 0.1111110002
45368  10.326  -6.043  47.996 0.1111110002
48647  13.958  -3.293  43.983 0.5555559993
48628  17.283  -3.873  45.964 0.2222220004
48612  18.207  -3.835  47.267 0.2222220004
54175  14.470  2.551  42.787 0.2222220004
53242  26.507  1.502  40.109 0.2222220004
53243  25.709  1.268  39.774 0.2222220004
56245  33.727  4.401  34.180 0.1111110002
57208  34.742  5.209  32.460 0.1111110002
56275  34.110  4.769  32.962 0.1111110002
60109  30.969  8.258  25.032 0.6666669846
45353  5.030  -6.955  49.418 0.4444440007
50585  26.095  -1.363  41.606 0.1111110002
64827  32.464  13.535  23.350 0.6666669846
61993  30.855  10.854  24.149 0.6666669846
63788  32.337  13.123  29.574 0.1111110002
54174  15.285  2.602  42.888 0.1111110002
42390  1.664  -9.852  49.834 0.2222220004
63854  32.874  12.234  22.982 0.6666669846
67821  33.410  17.118  27.742 0.1111110002
46460  5.365  -5.564  50.143 0.2222220004
46474  6.279  -5.120  49.066 0.2222220004
46484  10.000  -5.870  48.892 0.1111110002
47518  10.550  -4.334  50.225 0.1111110002
48600  12.160  -4.002  47.817 0.1111110002
47559  11.277  -4.848  47.876 0.1111110002
47558  11.736  -4.609  47.514 0.1111110002
48579  18.661  -3.678  48.510 0.2222220004
102119  14.165  -2.634  48.447 0.1111110002
100314  13.368  -3.498  46.864 0.1111110002
118623  23.410  -4.175  43.830 0.4444440007
48616  13.883  -3.230  46.234 0.1111110002
49587  18.229  -2.871  49.711 0.2222220004
49598  17.521  -2.753  48.549 0.2222220004
49606  16.726  -2.481  48.055 0.1111110002
49601  14.850  -2.389  47.995 0.1111110002
49608  15.386  -2.476  47.101 0.1111110002
48684  23.938  -3.922  42.574 0.4444440007
48682  25.613  -3.447  42.853 0.2222220004
48615  16.055  -3.053  46.038 0.3333329856
104961  14.650  -2.772  44.908 0.5555559993
48710  23.823  -3.952  41.819 0.4444440007
48707  25.882  -3.177  41.966 0.1111110002
49642  27.093  -2.164  43.373 0.1111110002
51387  28.200  -0.290  46.738 0.1111110002
109428  27.815  -1.102  45.274 0.1111110002
50569  27.176  -1.343  43.810 0.1111110002
52238  27.792  0.373  45.247 0.1111110002
53197  28.561  1.245  44.200 0.1111110002
53196  29.371  1.378  43.600 0.1111110002
52250  27.758  0.742  44.445 0.1111110002
52251  27.382  0.159  44.622 0.1111110002
115407  15.645  2.897  43.601 0.1111110002
100060  28.981  1.368  41.811 0.1111110002
52265  26.666  0.262  43.074 0.1111110002
119766  27.953  1.559  40.748 0.1111110002
51434  26.169  -0.534  42.114 0.1111110002
110033  26.651  1.247  41.653 0.1111110002
52289  26.092  0.464  41.810 0.1111110002
52301  25.960  1.189  40.593 0.1111110002
59138  33.074  7.946  25.833 0.7777780294
60123  32.331  8.936  24.925 0.6666669846
106454  32.716  9.582  24.496 0.6666669846
61052  31.957  9.523  24.484 0.6666669846
60124  31.504  8.896  24.805 0.6666669846
61975  32.944  10.159  24.015 0.6666669846
61030  34.082  9.308  25.095 0.6666669846
62901  31.846  11.357  23.604 0.6666669846
112145  32.123  12.027  23.288 0.6666669846
61955  37.739  10.102  25.934 0.5555559993
61048  36.176  9.600  24.665 0.6666669846
61047  37.072  9.668  24.564 0.5555559993
102709  36.002  9.495  25.645 0.6666669846
64828  31.776  13.198  23.615 0.5555559993
61986  37.684  9.876  23.890 0.5555559993
61973  34.690  10.141  23.694 0.6666669846
108778  34.851  10.424  23.316 0.6666669846
62006  34.903  10.745  22.895 0.6666669846
62915  34.296  11.323  22.730 0.6666669846
62003  37.382  10.685  22.323 0.6666669846
62015  38.189  10.703  22.047 0.5555559993
62938  36.392  11.808  21.743 0.6666669846
61983  40.185  10.847  22.745 0.3333329856
62000  40.236  10.919  21.845 0.4444440007
66417  37.040  15.006  22.806 0.6666669846
65658  37.729  14.114  21.605 0.5555559993
65659  36.952  13.959  21.800 0.5555559993
63853  43.361  12.032  23.254 0.2222220004
62910  42.457  11.741  22.985 0.2222220004
62934  41.794  11.357  21.667 0.4444440007
62936  39.999  11.300  21.134 0.5555559993
117721  39.204  11.333  21.203 0.6666669846
63868  45.549  11.816  22.969 0.2222220004
63851  45.094  12.376  23.473 0.2222220004
65670  38.914  14.045  20.794 0.6666669846
100176  43.068  11.608  21.775 0.4444440007
115373  41.188  11.761  20.493 0.5555559993
63848  48.419  12.292  23.428 0.1111110002
63866  47.539  11.651  22.526 0.1111110002
64824  47.743  12.671  23.885 0.1111110002
114457  47.059  11.792  23.105 0.1111110002
62907  46.010  11.526  22.245 0.1111110002
100349  47.875  11.360  20.921 0.2222220004
120194  48.506  11.359  20.679 0.2222220004
62928  47.303  11.433  21.660 0.1111110002
62956  43.512  11.758  20.197 0.5555559993
62957  42.704  11.758  20.369 0.5555559993
102724  46.914  11.148  20.777 0.2222220004
62930  45.657  11.332  21.345 0.2222220004
115403  44.697  11.516  20.267 0.3333329856
117772  43.344  12.587  19.229 0.5555559993
62974  45.673  11.377  19.829 0.3333329856
62982  53.382  11.137  18.987 0.1111110002
62027  50.296  10.886  19.050 0.1111110002
62985  46.615  11.508  18.603 0.3333329856
62987  44.757  12.074  19.048 0.5555559993
63908  43.984  12.374  19.120 0.5555559993
111293  50.922  10.778  18.737 0.1111110002
62029  48.935  10.833  18.653 0.2222220004
62028  49.592  10.833  18.865 0.2222220004
113549  52.337  10.561  17.915 0.1111110002
66433  41.600  15.412  20.574 0.4444440007
116254  45.102  12.991  18.285 0.5555559993
101367  54.406  10.306  16.753 0.1111110002
62033  54.156  10.893  18.385 0.1111110002
62037  48.644  10.834  18.172 0.2222220004
62984  47.435  11.288  18.242 0.2222220004
65672  44.321  14.842  18.950 0.4444440007
65673  43.446  14.656  19.187 0.3333329856
62983  48.138  11.068  17.872 0.3333329856
115509  55.107  10.375  16.597 0.1111110002
100224  53.943  10.314  15.886 0.1111110002
62052  55.749  10.792  16.461 0.1111110002
62066  55.650  10.633  15.509 0.1111110002
116438  47.292  12.123  17.416 0.4444440007
62083  55.558  10.696  14.589 0.1111110002
62068  52.298  10.735  15.372 0.3333329856
62054  52.455  10.417  16.115 0.2222220004
64864  46.719  13.182  17.550 0.4444440007
65683  46.545  14.421  18.320 0.4444440007
63008  47.919  12.107  16.966 0.4444440007
119810  51.694  10.904  15.379 0.4444440007
62069  51.080  10.986  15.689 0.4444440007
63928  48.552  12.449  16.710 0.4444440007
64863  47.509  13.346  17.355 0.4444440007
66437  49.597  15.321  19.511 0.1111110002
64882  52.294  13.509  15.698 0.4444440007
66462  53.707  16.141  15.716 0.1111110002
62082  56.259  11.173  15.080 0.1111110002
102321  55.330  10.655  17.205 0.1111110002
45354  4.612  -7.074  50.068 0.1111110002
45337  4.976  -6.431  50.093 0.1111110002
55170  15.893  3.368  46.283 0.1111110002
55171  14.918  3.591  46.342 0.1111110002
55172  13.994  3.336  46.016 0.1111110002
102556  14.033  3.454  46.875 0.1111110002
55183  15.549  3.398  45.563 0.1111110002
55184  14.654  3.409  45.357 0.1111110002
54162  15.244  3.282  44.041 0.1111110002
47568  21.613  -4.609  46.220 0.3333329856
47581  22.523  -4.431  45.688 0.3333329856
55134  14.745  4.175  49.056 0.1111110002
55149  14.514  3.952  48.241 0.1111110002
55158  15.577  3.648  47.061 0.1111110002
54112  12.750  2.638  47.340 0.1111110002
55196  16.006  3.250  45.019 0.1111110002
55135  13.948  3.914  49.128 0.1111110002
55136  13.163  3.458  49.290 0.1111110002
54088  12.797  3.057  48.762 0.1111110002
53155  12.174  1.930  46.924 0.1111110002
52231  11.113  0.767  46.026 0.1111110002
51396  10.080  -0.278  45.940 0.1111110002
53172  11.655  1.216  45.580 0.1111110002
53156  11.610  1.353  46.460 0.1111110002
59099  36.294  7.514  28.902 0.3333329856
59100  35.810  7.089  28.519 0.3333329856
59108  35.463  7.504  27.830 0.3333329856
59109  34.771  7.123  27.496 0.4444440007
58176  34.122  6.855  27.272 0.5555559993
107355  33.475  6.950  26.750 0.5555559993
59107  36.144  8.024  28.287 0.3333329856
60084  36.374  8.907  27.857 0.2222220004
60085  35.709  8.432  27.520 0.4444440007
59121  35.034  8.003  27.161 0.5555559993
59122  34.248  7.663  26.828 0.5555559993
59123  33.570  7.807  26.266 0.5555559993
60095  34.120  8.322  26.250 0.5555559993
60106  33.622  8.570  25.691 0.5555559993
61927  37.282  10.305  27.194 0.2222220004
61018  36.629  9.785  26.804 0.3333329856
61019  35.968  9.425  26.440 0.3333329856
60093  35.406  8.861  26.830 0.4444440007
60105  34.479  8.949  25.816 0.5555559993
61937  37.168  10.042  26.374 0.2222220004
107652  36.549  9.687  26.141 0.4444440007
60104  35.252  9.226  26.081 0.5555559993
117212  38.250  10.560  26.280 0.3333329856
61029  35.118  9.443  25.123 0.5555559993
61050  34.439  9.744  24.361 0.5555559993
61954  38.362  10.288  25.548 0.2222220004
61953  39.023  10.599  25.179 0.4444440007
62889  39.715  11.002  24.815 0.3333329856
62877  41.342  11.892  24.817 0.1111110002
62886  42.511  12.178  24.616 0.1111110002
62887  41.985  11.959  24.324 0.2222220004
112378  43.113  12.356  24.683 0.1111110002
62896  42.740  12.031  23.948 0.1111110002
63836  45.477  12.744  24.120 0.1111110002
66408  37.545  15.553  23.347 0.4444440007
66423  39.231  15.192  22.130 0.2222220004
66424  38.581  14.874  22.154 0.3333329856
114492  42.082  15.639  20.398 0.3333329856
37591  4.107  -14.449  51.583 0.2222220004
58165  34.454  6.274  27.870 0.5555559993
37593  2.897  -15.250  51.353 0.1111110002
36716  2.370  -15.543  50.941 0.1111110002
54128  12.741  2.442  46.330 0.1111110002
54127  13.338  3.030  46.603 0.1111110002
54139  13.320  2.907  45.704 0.1111110002
119321  40.696  11.197  23.914 0.2222220004
62888  40.545  11.408  24.615 0.2222220004
46461  4.725  -6.057  50.858 0.1111110002
55159  14.715  3.785  47.308 0.1111110002
117409  13.397  3.177  47.293 0.1111110002
55160  13.887  3.556  47.682 0.1111110002
55150  13.559  3.550  48.491 0.1111110002
54111  13.104  3.131  47.967 0.1111110002
60092  36.091  9.256  27.164 0.2222220004
60094  34.734  8.524  26.508 0.5555559993
61009  36.744  9.650  27.537 0.2222220004
61936  37.810  10.520  26.653 0.2222220004
62880  38.867  10.845  26.164 0.1111110002
119822  39.426  11.028  25.635 0.2222220004
63837  43.665  12.298  24.048 0.1111110002
48457  15.967  -3.053  54.848 0.1111110002
48594  24.382  -3.967  46.932 0.1111110002
119980  23.922  -4.093  47.122 0.1111110002
47525  22.956  -4.356  49.098 0.1111110002
51314  19.375  -0.952  55.593 0.1111110002
48627  23.878  -3.995  45.319 0.1111110002
47553  23.441  -4.219  47.304 0.2222220004
47526  22.076  -4.471  49.241 0.2222220004
47512  20.992  -4.327  50.345 0.1111110002
112320  20.946  -3.760  51.870 0.1111110002
101806  20.190  -2.738  52.975 0.1111110002
100031  20.071  -1.547  54.685 0.1111110002
47580  23.390  -4.186  45.961 0.2222220004
47567  22.766  -4.347  46.660 0.2222220004
47542  21.442  -4.545  48.468 0.2222220004
47527  21.211  -4.481  49.468 0.1111110002
48543  20.741  -3.957  51.157 0.1111110002
108287  21.891  -4.547  47.160 0.2222220004
47548  6.755  -4.654  48.680 0.1111110002
49502  16.189  -1.915  56.133 0.1111110002
104408  17.079  -1.885  56.119 0.1111110002
50435  17.839  -1.572  56.156 0.1111110002
51315  18.717  -0.664  55.771 0.1111110002
115080  19.724  -3.264  51.875 0.1111110002
50485  19.230  -2.162  53.133 0.1111110002
47543  20.531  -4.482  48.807 0.1111110002
48561  20.141  -3.977  50.444 0.1111110002
48527  19.139  -3.104  51.286 0.1111110002
48562  19.520  -3.895  49.681 0.1111110002
119421  16.156  -0.691  55.255 0.1111110002
51318  15.869  -0.808  55.599 0.1111110002
51310  16.264  -0.889  55.958 0.1111110002
51309  17.270  -0.894  56.079 0.1111110002
51329  17.467  -0.608  55.200 0.1111110002
107638  18.183  -0.590  55.492 0.1111110002
106475  17.808  -1.224  53.649 0.1111110002
51337  18.157  -0.890  54.562 0.1111110002
101252  17.942  -1.594  52.854 0.1111110002
50486  18.691  -2.177  52.534 0.1111110002
48578  19.287  -4.022  48.870 0.1111110002
51330  16.685  -0.705  54.840 0.1111110002
50473  17.147  -1.186  53.115 0.1111110002
50487  17.409  -1.545  52.241 0.1111110002
50500  18.033  -1.861  52.106 0.1111110002
49564  18.407  -2.419  51.547 0.1111110002
48584  7.316  -3.361  48.527 0.1111110002
59011  23.815  7.411  39.307 0.2222220004
58144  36.260  6.756  30.062 0.2222220004
58150  36.071  6.847  29.236 0.2222220004
58155  35.518  6.352  28.845 0.2222220004
58164  35.202  6.668  28.152 0.2222220004
60999  36.899  9.321  28.274 0.1111110002
60077  36.620  8.656  28.463 0.1111110002
58102  28.991  5.967  35.268 0.1111110002
67856  36.260  17.055  25.093 0.1111110002
47555  21.372  -4.582  47.650 0.2222220004
47529  19.884  -4.325  49.082 0.1111110002
104522  27.100  5.658  40.028 0.1111110002
120307  18.506  -3.216  49.451 0.1111110002
103643  18.820  -3.561  49.234 0.1111110002
112225  23.155  -4.242  45.243 0.2222220004
114855  21.966  -4.509  47.868 0.2222220004
48611  24.161  -3.933  46.117 0.1111110002
47566  23.695  -4.115  46.683 0.1111110002
107104  24.073  -4.150  47.597 0.1111110002
47554  22.667  -4.372  47.603 0.2222220004
47540  23.403  -4.306  48.209 0.1111110002
51307  19.166  -0.886  55.950 0.1111110002
50433  19.638  -1.498  55.982 0.1111110002
51327  19.383  -0.902  55.375 0.1111110002
47541  22.437  -4.435  48.421 0.2222220004
113872  22.578  -4.357  49.790 0.1111110002
47511  21.851  -4.392  50.100 0.1111110002
48542  21.653  -4.160  51.008 0.1111110002
118527  21.264  -3.960  51.476 0.1111110002
48505  20.399  -3.286  52.383 0.1111110002
48526  20.323  -3.650  51.715 0.1111110002
48506  19.591  -2.709  52.574 0.1111110002
49535  19.761  -2.399  53.244 0.1111110002
50471  19.524  -1.836  53.808 0.1111110002
47528  20.390  -4.320  49.666 0.1111110002
100994  19.876  -3.648  51.194 0.1111110002
50436  16.619  -1.391  56.083 0.1111110002
48456  17.761  -2.477  56.032 0.1111110002
49512  16.768  -2.421  55.928 0.1111110002
100909  17.253  -2.983  55.498 0.1111110002
120280  17.233  -1.371  56.177 0.1111110002
51328  18.712  -0.742  55.254 0.1111110002
51308  18.226  -0.908  56.055 0.1111110002
113467  19.126  -2.725  51.948 0.1111110002
50472  18.615  -1.599  53.579 0.1111110002
48544  19.297  -3.531  50.529 0.1111110002
49575  18.489  -2.844  50.562 0.1111110002
48545  18.793  -3.347  49.869 0.1111110002
51317  16.782  -0.605  55.707 0.1111110002
51316  17.792  -0.522  55.863 0.1111110002
51338  17.289  -0.819  54.186 0.1111110002
50459  19.070  -1.220  54.584 0.1111110002
50501  17.631  -1.876  51.499 0.1111110002
49565  17.866  -2.274  50.884 0.1111110002
55260  33.577  3.382  38.558 0.1111110002
55275  33.475  3.495  37.719 0.1111110002
55288  33.379  3.583  36.848 0.1111110002
101951  33.235  3.755  35.153 0.2222220004
68536  35.599  18.563  27.489 0.1111110002
105305  38.688  15.328  22.633 0.2222220004
66407  38.395  15.666  23.229 0.2222220004
66432  42.567  15.860  20.225 0.2222220004
67174  42.925  16.400  20.692 0.2222220004
67188  44.276  16.099  19.903 0.2222220004
67187  45.184  16.073  19.894 0.2222220004
66442  44.731  15.545  19.343 0.2222220004
65684  45.692  14.338  18.426 0.2222220004
66453  45.205  14.944  18.851 0.2222220004
67186  46.075  16.007  19.956 0.1111110002
66441  45.632  15.547  19.339 0.2222220004
66452  46.091  15.004  18.805 0.2222220004
62097  55.557  10.982  13.778 0.2222220004
62099  54.187  11.261  13.830 0.2222220004
67150  47.007  16.808  21.194 0.1111110002
67185  46.978  15.908  20.075 0.1111110002
66451  47.008  15.000  18.853 0.2222220004
63048  54.697  11.871  13.405 0.2222220004
120413  54.687  12.738  13.327 0.3333329856
63969  55.125  13.984  12.853 0.3333329856
63970  54.346  13.498  13.528 0.3333329856
66439  47.508  15.463  19.509 0.1111110002
63971  54.135  12.094  13.675 0.2222220004
110918  53.586  12.482  14.103 0.3333329856
63956  53.696  13.741  14.126 0.3333329856
64907  54.618  14.981  12.671 0.2222220004
66438  48.541  15.388  19.566 0.3333329856
64896  53.411  14.109  14.781 0.3333329856
64908  53.918  14.789  13.346 0.3333329856
64895  53.621  14.605  14.071 0.3333329856
65719  53.425  15.098  14.182 0.2222220004
66489  53.060  15.559  14.179 0.1111110002
66473  53.105  15.863  14.587 0.1111110002
66474  51.803  16.253  14.142 0.1111110002
66491  50.998  15.750  13.554 0.1111110002
66492  49.851  15.393  13.721 0.1111110002
66490  52.183  15.916  13.700 0.1111110002
66466  51.360  16.499  14.672 0.1111110002
66465  52.598  16.311  14.832 0.1111110002
66467  50.109  16.383  14.718 0.1111110002
66475  50.531  16.111  14.085 0.1111110002
66476  49.417  15.817  14.280 0.1111110002
66414  40.023  15.656  22.311 0.1111110002
104604  43.826  15.482  19.454 0.3333329856
67173  43.846  16.483  20.588 0.2222220004
66443  43.358  16.069  19.996 0.2222220004
66440  46.547  15.516  19.398 0.2222220004
67170  46.499  16.421  20.562 0.1111110002
39653  4.058  -12.332  53.651 0.1111110002
39654  4.049  -12.545  53.884 0.1111110002
40605  4.300  -11.996  53.128 0.1111110002
109968  4.125  -12.971  52.982 0.1111110002
39662  4.748  -12.511  52.547 0.1111110002
38589  4.762  -13.133  52.198 0.1111110002
39663  3.943  -13.203  53.552 0.1111110002
38591  3.818  -13.828  53.025 0.1111110002
38582  3.748  -13.953  53.437 0.1111110002
111269  3.463  -14.430  53.175 0.1111110002
38590  4.331  -13.831  52.144 0.1111110002
37592  3.248  -14.968  51.946 0.1111110002
37584  3.554  -14.464  52.495 0.1111110002
57156  29.248  5.364  37.462 0.1111110002
55298  33.299  3.680  35.976 0.1111110002
60979  31.476  9.527  31.807 0.1111110002
60978  32.120  9.830  32.190 0.1111110002
60986  30.775  9.212  30.671 0.1111110002
62821  32.169  11.714  29.863 0.1111110002
61912  31.613  10.659  29.894 0.1111110002
67855  37.217  17.035  25.010 0.1111110002
67124  37.647  16.526  24.458 0.1111110002
67137  37.162  15.966  24.000 0.2222220004
67854  38.139  17.011  24.971 0.1111110002
67136  38.049  16.016  23.919 0.1111110002
67135  38.888  16.098  23.826 0.1111110002
63968  57.149  13.411  13.160 0.1111110002
106996  55.518  11.771  13.317 0.1111110002
64933  56.989  13.415  11.980 0.1111110002
63984  56.199  14.199  12.498 0.1111110002
111536  55.362  12.897  13.072 0.1111110002
39677  5.775  -13.072  50.819 0.1111110002
57140  29.106  5.653  38.202 0.1111110002
58091  29.386  5.771  36.790 0.1111110002
60058  30.412  8.880  31.111 0.1111110002
60985  31.366  9.689  31.023 0.1111110002
60980  30.896  9.181  31.415 0.1111110002
61897  31.951  10.116  31.411 0.1111110002
64906  57.377  13.408  12.831 0.1111110002
64922  56.411  14.098  12.203 0.1111110002
64934  56.568  13.923  11.331 0.1111110002
41501  1.567  -10.391  49.339 0.1111110002
114562  2.790  -7.416  51.402 0.1111110002
43297  2.634  -8.481  50.741 0.1111110002
44221  2.081  -7.814  51.043 0.1111110002
43298  1.804  -8.383  50.534 0.1111110002
43311  1.952  -9.142  50.376 0.1111110002
59058  28.834  7.092  34.799 0.1111110002
59057  29.261  7.683  35.219 0.1111110002
59046  29.129  6.908  35.468 0.1111110002
59064  29.063  7.982  34.484 0.1111110002
60042  29.170  8.254  33.675 0.1111110002
59093  36.578  7.600  29.606 0.1111110002
60071  36.636  8.146  28.937 0.1111110002
59092  37.038  8.169  30.164 0.1111110002
44209  3.194  -7.828  50.991 0.1111110002
62879  39.492  11.354  26.287 0.1111110002
62150  50.779  9.142  7.476 0.1111110002
62143  51.068  9.691  8.013 0.1111110002
62144  49.973  9.847  7.967 0.1111110002
64936  55.390  14.893  11.058 0.1111110002
65763  54.762  15.523  11.664 0.1111110002
63081  53.886  10.973  10.262 0.1111110002
64938  53.428  14.516  11.468 0.1111110002
65776  53.766  15.420  11.828 0.1111110002
63069  52.865  11.417  11.195 0.1111110002
62129  52.943  10.680  10.209 0.1111110002
62142  51.955  9.551  8.176 0.1111110002
102537  49.608  9.251  7.267 0.1111110002
120527  48.899  9.515  6.683 0.1111110002
62117  52.259  10.786  10.724 0.1111110002
62131  51.307  10.267  9.225 0.1111110002
62132  50.308  10.395  9.193 0.1111110002
64923  55.667  15.124  12.092 0.1111110002
65739  54.943  15.524  11.892 0.1111110002
65740  54.000  15.514  12.251 0.1111110002
63068  53.817  12.145  11.085 0.1111110002
64000  53.162  12.914  11.503 0.1111110002
64924  52.760  14.989  11.953 0.1111110002
65764  52.973  15.368  12.424 0.1111110002
65718  53.292  15.298  13.259 0.1111110002
61248  48.163  9.523  6.652 0.1111110002
116137  52.491  15.051  12.295 0.1111110002
62145  49.389  9.985  7.331 0.1111110002
62118  51.508  10.687  10.627 0.1111110002
62119  50.554  10.700  10.506 0.1111110002
63070  51.809  11.138  11.581 0.1111110002
63071  50.832  11.025  11.603 0.1111110002
63057  52.197  12.177  11.966 0.1111110002
63985  52.451  13.705  11.875 0.1111110002
63058  51.187  11.686  12.284 0.1111110002
67819  35.031  18.148  27.026 0.1111110002
61233  50.609  8.968  7.463 0.1111110002
64937  54.590  15.082  11.287 0.1111110002
63998  54.907  14.503  10.951 0.1111110002
65775  55.236  15.347  11.365 0.1111110002
62130  52.332  10.269  9.400 0.1111110002
62151  49.036  9.986  6.710 0.1111110002
65762  55.356  15.343  11.544 0.1111110002
65741  52.555  15.504  13.308 0.1111110002
65765  52.108  15.119  12.649 0.1111110002
64925  51.873  14.366  12.297 0.1111110002
63986  51.521  12.914  12.368 0.1111110002
43346  9.496  -8.676  46.576 0.2222220004
48640  26.720  -3.273  44.307 0.1111110002
48787  22.740  -3.108  36.038 0.8888890147
54216  31.883  2.053  37.290 0.3333329856
55197  15.318  3.361  44.755 0.1111110002
56197  20.908  3.912  38.109 0.6666669846
56205  21.213  4.852  37.021 0.6666669846
56263  34.062  4.707  33.650 0.1111110002
57104  22.111  4.914  40.010 0.2222220004
57255  32.447  5.260  27.423 0.7777780294
58068  23.225  7.103  38.078 0.4444440007
62098  54.856  11.190  13.598 0.2222220004
62902  31.135  11.386  23.905 0.6666669846
63938  57.257  12.881  15.719 0.1111110002
100149  23.182  6.084  35.898 0.5555559993
118617  30.773  3.589  29.383 1.0000000000
