#!ascii label  , from subject sub-v2s16x51234_ses-1 vox2ras=TkReg
1568
21157  38.365  -35.775  -12.720 0.6000000238
21142  38.240  -35.877  -12.020 0.5000000000
22754  36.814  -33.693  -14.079 0.6999999881
23559  36.586  -32.853  -14.475 0.6000000238
22767  37.083  -33.457  -14.922 0.6000000238
23572  37.002  -32.497  -15.285 0.6000000238
104617  36.735  -33.838  -13.155 0.6999999881
22018  37.266  -34.435  -13.598 0.6000000238
22017  37.854  -34.972  -14.124 0.5000000000
22028  37.367  -34.236  -14.529 0.5000000000
22027  37.978  -34.676  -15.055 0.5000000000
22776  37.595  -33.313  -15.655 0.6000000238
24458  37.240  -31.635  -15.764 0.6000000238
22003  37.328  -34.540  -12.512 0.5000000000
20319  38.654  -36.530  -12.277 0.5000000000
21171  38.406  -35.660  -13.654 0.6000000238
23571  37.663  -32.458  -16.055 0.6000000238
19482  37.801  -37.769  -11.341 0.5000000000
18664  37.546  -38.614  -11.340 0.5000000000
25837  36.168  -30.053  -14.343 0.6000000238
25848  36.501  -30.211  -14.992 0.6999999881
114655  36.028  -32.528  -13.266 0.6000000238
24435  35.810  -31.800  -13.256 0.6999999881
25218  36.198  -30.723  -14.439 0.6000000238
25230  36.477  -30.973  -14.948 0.6000000238
25229  36.872  -30.868  -15.476 0.6000000238
22743  36.278  -33.154  -12.698 0.6000000238
22755  36.361  -33.071  -13.638 0.6999999881
25228  37.477  -30.790  -16.114 0.6000000238
21994  37.614  -34.896  -11.717 0.5000000000
22742  36.793  -33.854  -12.326 0.5000000000
20305  38.152  -36.317  -11.603 0.5000000000
25241  38.221  -30.789  -16.641 0.6000000238
20306  37.773  -36.852  -11.208 0.5000000000
25240  38.935  -30.877  -17.158 0.6000000238
109314  39.372  -30.171  -17.394 0.6999999881
25239  39.748  -30.970  -17.511 0.6000000238
25858  40.058  -29.566  -17.678 0.6999999881
105229  40.632  -31.001  -18.003 0.6000000238
25256  42.344  -30.705  -19.307 0.6000000238
104553  41.645  -30.985  -18.603 0.6000000238
25264  38.862  -30.427  -19.516 0.5000000000
105974  36.574  -29.541  -18.684 0.6999999881
25265  37.974  -30.245  -19.125 0.6000000238
25258  36.632  -30.439  -18.531 0.6999999881
26610  36.213  -28.395  -13.560 0.6000000238
26620  36.518  -28.707  -14.456 0.6999999881
25208  35.664  -30.910  -13.124 0.6999999881
24434  35.968  -31.246  -13.884 0.6999999881
25207  35.901  -30.381  -13.790 0.6000000238
26627  36.759  -29.314  -15.149 0.6999999881
109793  37.057  -28.450  -15.130 0.6999999881
23537  35.836  -32.347  -12.604 0.6000000238
25198  35.475  -30.605  -12.259 0.6000000238
102613  37.372  -29.069  -15.787 0.8000000119
24417  35.751  -31.889  -10.821 0.5000000000
23528  35.697  -32.129  -11.783 0.5000000000
26626  38.100  -28.738  -16.273 0.8000000119
25846  37.847  -29.817  -16.386 0.6000000238
106372  36.758  -33.588  -10.786 0.5000000000
22737  36.536  -33.412  -11.762 0.5000000000
25860  38.499  -29.269  -16.706 0.8000000119
109211  38.622  -30.028  -16.968 0.6000000238
20297  37.275  -36.497  -10.760 0.5000000000
25859  39.234  -29.186  -17.184 0.8000000119
26637  39.666  -28.130  -16.991 0.8000000119
25873  40.965  -28.937  -18.104 0.6999999881
110727  40.181  -28.597  -17.520 0.6999999881
26658  42.729  -28.514  -19.432 0.6999999881
26649  41.965  -28.085  -18.481 0.6999999881
25251  40.958  -30.041  -18.274 0.6999999881
26669  42.729  -28.846  -20.248 0.6000000238
25871  42.619  -29.664  -19.251 0.6000000238
25250  42.047  -30.175  -18.792 0.6000000238
25888  41.341  -29.193  -20.545 0.6999999881
25266  42.574  -29.888  -20.234 0.6999999881
25886  42.981  -29.547  -19.998 0.6000000238
103642  39.253  -28.871  -19.950 0.6999999881
25263  39.877  -30.581  -19.849 0.6000000238
25885  37.652  -29.328  -19.164 0.8000000119
25884  38.573  -29.570  -19.542 0.8000000119
26668  36.997  -28.623  -19.125 0.8999999762
26660  35.471  -28.761  -18.295 0.6999999881
27468  36.529  -27.937  -19.169 0.8000000119
25881  35.686  -29.420  -18.318 0.6999999881
27414  36.465  -27.576  -13.365 0.6000000238
119145  36.857  -28.112  -14.666 0.6999999881
28237  37.525  -26.352  -13.617 0.6999999881
104540  36.125  -28.067  -12.863 0.6000000238
28250  37.732  -26.609  -14.393 0.6000000238
26588  36.183  -28.255  -11.285 0.4000000060
25817  35.486  -29.674  -12.008 0.6000000238
26600  35.747  -28.878  -12.721 0.6000000238
27425  37.367  -27.483  -14.826 0.6999999881
25806  35.555  -29.586  -11.087 0.6000000238
27438  37.756  -28.078  -15.671 0.8000000119
24406  35.768  -31.136  -10.168 0.4000000060
24407  35.484  -31.008  -10.880 0.5000000000
25190  35.435  -30.394  -11.380 0.6000000238
23516  36.359  -32.754  -10.350 0.5000000000
27437  38.604  -27.789  -16.156 0.8000000119
22726  37.161  -34.353  -10.709 0.4000000060
21987  37.050  -34.958  -10.323 0.5000000000
26636  41.337  -27.337  -17.761 0.8000000119
27467  41.592  -27.100  -18.498 0.8000000119
27457  41.687  -27.363  -18.349 0.6999999881
102860  40.557  -27.648  -17.293 0.8000000119
26665  41.406  -27.968  -20.128 0.8000000119
27466  42.346  -27.728  -18.964 0.6999999881
27475  39.928  -27.305  -19.747 0.8999999762
120476  40.068  -28.034  -20.232 0.8999999762
27474  41.719  -27.522  -19.341 0.6999999881
26670  41.970  -28.605  -20.416 0.6999999881
25889  40.282  -28.987  -20.355 0.6000000238
102954  37.443  -27.856  -19.617 0.8999999762
26667  37.911  -28.421  -19.553 0.8999999762
27470  34.946  -27.431  -18.012 0.8000000119
27459  34.634  -28.022  -17.112 0.8000000119
27469  35.628  -27.959  -18.600 0.8000000119
26661  35.030  -28.411  -17.888 0.8000000119
26659  36.097  -28.713  -18.704 0.6999999881
28222  37.526  -26.213  -12.735 0.6999999881
29095  38.189  -25.520  -13.393 0.6000000238
28238  36.806  -26.833  -13.101 0.5000000000
29103  38.240  -25.859  -14.174 0.6999999881
27378  36.780  -27.808  -10.971 0.4000000060
27392  36.520  -27.579  -11.772 0.5000000000
27405  36.417  -27.474  -12.587 0.6000000238
119499  37.995  -26.814  -14.901 0.6999999881
26576  36.498  -28.415  -10.490 0.5000000000
109323  38.432  -27.001  -15.477 0.6999999881
26558  37.764  -28.495  -9.489 0.5000000000
25168  36.340  -30.301  -9.012 0.4000000060
25788  36.388  -29.503  -9.408 0.4000000060
28263  40.062  -25.843  -16.118 0.8000000119
27436  39.502  -26.839  -16.124 0.8000000119
24396  36.235  -31.204  -9.226 0.4000000060
27447  40.896  -26.823  -17.114 0.8000000119
27448  40.140  -27.203  -16.685 0.8000000119
27449  39.327  -27.681  -16.513 0.8000000119
22727  36.973  -34.071  -10.091 0.3000000119
29146  39.539  -25.911  -18.162 0.8000000119
29145  40.370  -25.983  -17.711 0.8000000119
28288  40.854  -26.314  -17.148 0.8000000119
28299  40.125  -26.353  -18.515 0.8000000119
28298  40.951  -26.425  -17.883 0.8000000119
109941  38.664  -26.549  -19.892 0.8999999762
111838  40.804  -27.479  -19.760 0.8999999762
28310  38.290  -26.650  -20.340 0.8999999762
27476  39.169  -27.511  -20.003 0.8999999762
105373  38.336  -27.698  -19.921 0.8999999762
27477  37.990  -27.183  -20.138 0.8999999762
28289  34.749  -26.579  -17.734 0.8000000119
105770  34.692  -27.135  -17.202 0.8000000119
27478  37.086  -27.241  -19.847 0.8999999762
110640  35.470  -27.166  -18.756 0.8000000119
27479  36.163  -27.230  -19.292 0.8000000119
29082  38.472  -25.271  -12.141 0.6000000238
29083  38.110  -25.573  -12.673 0.6000000238
29094  38.508  -24.930  -12.917 0.6000000238
29069  38.784  -25.376  -11.465 0.6000000238
27377  37.853  -27.321  -10.653 0.4000000060
28189  38.441  -26.575  -10.824 0.4000000060
28205  37.806  -26.663  -11.239 0.4000000060
111448  37.513  -26.425  -11.904 0.5000000000
115667  38.775  -25.595  -14.529 0.6999999881
119134  37.272  -27.589  -10.804 0.4000000060
100830  39.216  -25.389  -14.905 0.6999999881
26574  38.305  -28.020  -10.066 0.5000000000
26575  37.297  -28.035  -10.281 0.4000000060
28264  39.487  -26.023  -15.530 0.6999999881
26557  38.873  -28.502  -9.430 0.5000000000
120380  39.051  -24.579  -15.360 0.8000000119
118721  39.962  -26.173  -16.040 0.8000000119
29941  38.470  -24.896  -17.250 0.8000000119
117185  39.992  -25.574  -16.397 0.8000000119
29147  38.578  -25.931  -18.998 0.8000000119
29156  38.403  -26.245  -20.392 0.8999999762
28300  39.203  -26.423  -19.166 0.8999999762
100808  38.338  -25.848  -21.176 0.8999999762
28311  37.729  -26.638  -20.640 0.8999999762
28318  37.594  -26.227  -21.363 1.0000000000
29150  34.748  -25.898  -18.300 0.8000000119
28312  36.657  -26.595  -20.326 1.0000000000
28302  35.072  -26.613  -18.563 0.8000000119
28301  35.673  -26.578  -19.380 0.8000000119
29149  35.101  -26.013  -19.189 0.8000000119
29887  38.772  -24.390  -12.435 0.6000000238
101962  38.727  -23.494  -12.560 0.6000000238
29872  39.391  -24.293  -11.308 0.6000000238
118956  38.484  -22.961  -12.843 0.6999999881
28188  39.212  -26.452  -10.590 0.4000000060
115757  39.580  -25.738  -10.654 0.4000000060
28204  38.231  -25.997  -11.534 0.4000000060
27376  38.905  -27.358  -10.375 0.4000000060
29910  38.664  -24.434  -14.100 0.6999999881
26573  39.329  -28.173  -10.128 0.5000000000
109506  41.285  -26.910  -10.451 0.4000000060
29917  39.135  -24.790  -14.808 0.8000000119
29930  38.889  -24.679  -16.201 0.8000000119
30722  37.333  -23.890  -17.374 0.8000000119
29126  39.457  -25.173  -16.653 0.8000000119
29955  37.469  -24.410  -19.067 0.8000000119
29137  38.225  -25.232  -18.262 0.8000000119
29148  38.016  -25.347  -19.458 0.8999999762
28317  38.160  -26.243  -21.177 0.8999999762
29964  37.930  -24.972  -20.460 0.8999999762
29163  38.084  -25.886  -21.812 1.0000000000
28319  36.695  -26.105  -21.171 1.0000000000
118483  34.781  -25.626  -18.943 0.8000000119
104473  34.657  -25.941  -17.404 0.8000000119
29165  36.241  -25.517  -21.436 1.0000000000
29166  35.313  -25.293  -20.594 0.8000000119
29157  35.720  -25.959  -20.276 0.8000000119
30646  40.348  -23.625  -10.708 0.6000000238
29873  38.962  -24.697  -11.703 0.6000000238
30671  39.135  -23.052  -11.839 0.6000000238
30681  38.397  -23.252  -13.274 0.6999999881
31510  38.306  -22.409  -13.141 0.6999999881
29051  40.782  -25.221  -10.373 0.4000000060
29052  40.019  -25.069  -10.560 0.5000000000
29068  39.352  -25.039  -11.041 0.5000000000
30690  38.360  -23.651  -13.979 0.8000000119
30682  38.009  -22.805  -13.897 0.8000000119
28187  40.407  -26.705  -10.392 0.4000000060
30699  38.554  -24.041  -14.797 0.8000000119
27373  42.174  -27.073  -10.641 0.4000000060
28185  41.871  -26.228  -10.547 0.4000000060
30711  37.483  -23.686  -16.426 0.8000000119
29918  38.252  -24.127  -15.833 0.8000000119
29931  37.915  -24.345  -16.842 0.8000000119
29942  37.704  -24.577  -18.042 0.8000000119
30744  37.181  -23.094  -19.487 0.8000000119
29969  38.191  -25.389  -21.847 1.0000000000
114949  37.933  -24.684  -22.196 1.0000000000
30753  37.994  -23.991  -21.883 1.0000000000
29168  37.834  -25.398  -22.104 1.0000000000
30763  35.515  -24.143  -21.768 1.0000000000
29965  34.776  -24.672  -20.229 0.8999999762
29138  34.618  -25.278  -17.608 0.8000000119
100185  34.591  -24.504  -19.086 0.8999999762
29970  35.407  -24.806  -21.240 1.0000000000
30754  34.774  -24.032  -20.833 1.0000000000
30745  34.529  -23.814  -19.745 1.0000000000
110546  35.668  -23.244  -22.143 1.0000000000
101499  36.264  -22.474  -22.583 1.0000000000
113413  34.852  -22.624  -21.632 1.0000000000
32457  35.772  -21.548  -22.789 1.0000000000
32458  35.178  -22.165  -22.208 1.0000000000
31502  38.715  -22.648  -12.451 0.6999999881
32358  39.420  -21.332  -12.122 0.6999999881
30658  40.196  -22.945  -10.894 0.6000000238
31490  39.733  -22.594  -11.345 0.6000000238
29856  39.843  -24.305  -10.805 0.6000000238
29854  41.360  -24.611  -10.492 0.5000000000
32377  37.972  -21.073  -14.012 0.8000000119
29049  42.393  -25.641  -10.742 0.4000000060
31519  37.568  -22.345  -14.535 0.8000000119
31537  37.048  -22.929  -16.076 0.8000000119
30723  37.005  -23.364  -17.865 0.8000000119
30712  37.010  -23.177  -16.982 0.8000000119
30732  37.145  -23.606  -18.774 0.6999999881
29943  37.280  -23.965  -18.187 0.8000000119
104978  37.662  -23.572  -20.797 0.8999999762
31570  37.564  -22.538  -20.295 0.8000000119
100423  38.001  -24.533  -21.430 0.8999999762
31581  38.080  -23.033  -21.681 1.0000000000
30760  37.810  -23.692  -22.229 1.0000000000
32447  38.560  -22.246  -22.126 1.0000000000
30761  37.498  -24.076  -22.344 1.0000000000
31589  38.413  -22.199  -22.824 1.0000000000
30767  37.752  -23.228  -22.573 1.0000000000
31596  37.467  -22.669  -22.860 1.0000000000
100374  34.518  -23.139  -20.377 1.0000000000
30733  34.605  -23.598  -18.558 1.0000000000
32456  36.830  -21.787  -23.045 1.0000000000
100981  34.833  -23.326  -21.329 1.0000000000
31582  34.461  -22.481  -20.966 1.0000000000
32448  34.481  -21.780  -21.573 1.0000000000
33274  35.588  -20.680  -23.430 1.0000000000
33275  34.732  -21.198  -22.570 1.0000000000
32348  39.968  -21.782  -11.572 0.6999999881
33160  38.903  -20.939  -12.752 0.6999999881
31487  42.278  -22.659  -11.386 0.5000000000
32347  40.827  -21.604  -11.525 0.6999999881
32368  38.344  -21.443  -13.268 0.6999999881
31477  40.875  -22.952  -10.761 0.6000000238
30644  41.961  -24.009  -10.755 0.5000000000
30645  41.135  -23.766  -10.596 0.5000000000
32378  37.516  -21.523  -14.564 0.8000000119
32387  37.130  -21.252  -15.249 0.8000000119
31528  36.841  -21.970  -15.796 0.6999999881
32396  36.725  -21.618  -16.536 0.8000000119
108991  36.765  -22.068  -18.068 0.8000000119
32410  36.704  -21.796  -17.296 0.8000000119
114119  36.975  -22.001  -19.031 0.6999999881
31561  36.888  -22.788  -18.448 0.6999999881
32430  37.591  -21.508  -19.843 0.8999999762
33237  37.709  -20.649  -19.465 0.8000000119
33236  38.225  -20.065  -19.883 0.8000000119
34037  38.638  -19.297  -20.345 0.8000000119
32441  38.194  -21.970  -21.018 0.8999999762
33254  38.154  -20.959  -20.460 0.8000000119
32440  38.547  -21.335  -21.579 1.0000000000
33253  38.567  -20.244  -21.092 0.8999999762
34906  38.919  -18.362  -20.905 0.8000000119
33265  38.689  -20.797  -22.050 0.8999999762
32446  38.648  -21.530  -22.507 1.0000000000
107643  37.961  -21.893  -23.216 1.0000000000
32461  37.266  -20.985  -23.618 1.0000000000
117495  36.366  -21.080  -23.390 1.0000000000
119596  34.136  -21.355  -21.226 1.0000000000
33279  37.392  -20.066  -24.135 1.0000000000
33266  34.000  -21.123  -21.796 1.0000000000
34062  36.683  -19.383  -24.541 1.0000000000
100921  35.701  -19.614  -24.297 1.0000000000
33281  34.708  -20.244  -23.547 1.0000000000
32346  41.579  -21.615  -11.674 0.6999999881
32356  41.294  -20.910  -12.077 0.6999999881
32357  40.268  -20.995  -11.906 0.6999999881
33159  39.692  -20.573  -12.491 0.6999999881
33170  39.224  -20.241  -13.149 0.6999999881
32345  42.076  -21.997  -11.610 0.6000000238
33171  38.541  -20.628  -13.510 0.6999999881
31486  43.107  -22.961  -11.671 0.5000000000
33181  38.194  -20.316  -14.264 0.6999999881
30656  42.541  -23.479  -11.218 0.5000000000
33182  37.601  -20.734  -14.740 0.8000000119
33189  37.332  -20.478  -15.532 0.6999999881
33198  36.788  -21.001  -16.934 0.6999999881
32395  36.894  -21.060  -16.045 0.6999999881
33211  37.174  -20.360  -17.375 0.6999999881
33212  36.905  -21.209  -17.997 0.6999999881
32421  37.261  -21.028  -18.921 0.6999999881
34017  38.436  -19.297  -19.274 0.8000000119
34869  38.815  -18.620  -18.751 0.8000000119
34886  39.358  -17.909  -19.345 0.8000000119
34887  38.898  -18.547  -19.798 0.8000000119
34905  39.296  -17.642  -20.443 0.8000000119
34053  38.717  -19.963  -22.115 1.0000000000
111435  38.732  -19.176  -21.457 0.8999999762
35699  39.078  -17.323  -21.460 0.8000000119
34056  38.608  -19.048  -22.457 1.0000000000
34919  38.695  -18.168  -21.957 0.8000000119
32455  38.402  -21.370  -23.136 1.0000000000
112292  38.575  -19.740  -22.857 1.0000000000
32460  37.973  -20.818  -23.623 1.0000000000
33278  38.015  -19.980  -23.990 1.0000000000
34931  36.871  -18.843  -24.436 1.0000000000
33267  33.472  -20.487  -21.793 1.0000000000
33255  33.963  -20.801  -20.930 1.0000000000
34932  35.714  -18.872  -24.551 1.0000000000
33276  33.893  -20.581  -22.687 1.0000000000
35727  35.108  -18.285  -24.238 1.0000000000
33156  42.043  -20.738  -12.610 0.6999999881
33158  40.561  -20.378  -12.508 0.6999999881
33945  39.625  -19.766  -13.678 0.6000000238
33180  38.865  -19.974  -13.870 0.6000000238
33955  38.636  -19.716  -14.632 0.6000000238
33188  37.899  -20.011  -15.044 0.6999999881
33197  37.169  -20.336  -16.424 0.6999999881
33966  37.727  -19.816  -15.923 0.6999999881
33978  37.647  -19.737  -16.857 0.6999999881
33990  37.702  -19.786  -17.816 0.6999999881
33226  37.360  -20.452  -18.293 0.6999999881
34002  37.845  -19.975  -18.829 0.8000000119
35686  39.828  -16.999  -20.014 0.8000000119
35698  39.519  -16.618  -20.944 0.8000000119
35712  39.072  -16.457  -21.483 0.8000000119
35713  38.557  -17.277  -22.105 0.8000000119
36623  38.541  -16.561  -21.582 0.8000000119
34929  38.101  -18.673  -23.615 1.0000000000
35719  38.071  -17.659  -22.715 1.0000000000
35714  37.904  -17.134  -22.141 0.6999999881
34924  37.865  -18.175  -23.384 1.0000000000
34925  37.115  -18.264  -23.694 1.0000000000
35721  36.387  -17.845  -22.797 1.0000000000
35716  35.714  -17.485  -21.820 1.0000000000
33256  33.642  -20.076  -20.960 1.0000000000
34926  36.126  -18.394  -23.926 1.0000000000
33282  33.894  -19.970  -23.563 1.0000000000
34057  33.045  -20.028  -22.862 1.0000000000
34063  34.616  -19.189  -24.456 1.0000000000
33169  40.019  -19.989  -13.003 0.6999999881
33965  38.469  -19.453  -15.470 0.6000000238
33977  38.333  -19.302  -16.381 0.6999999881
33989  38.269  -19.238  -17.311 0.6999999881
34001  38.293  -19.259  -18.275 0.6999999881
34852  38.827  -18.678  -17.767 0.8000000119
36603  39.492  -15.867  -20.931 0.6999999881
36604  39.039  -15.886  -21.210 0.6999999881
36624  37.559  -16.721  -21.258 0.8000000119
109891  38.398  -16.136  -21.135 0.6999999881
35715  36.750  -17.349  -21.761 0.8999999762
34054  33.031  -19.678  -21.591 1.0000000000
35722  35.438  -17.833  -23.044 1.0000000000
34064  33.464  -19.342  -23.970 1.0000000000
34933  34.529  -18.467  -24.514 1.0000000000
33944  40.428  -19.700  -13.629 0.6000000238
33954  40.033  -19.406  -14.301 0.6000000238
116528  39.293  -19.583  -14.289 0.6000000238
33963  40.423  -19.127  -15.023 0.6000000238
33964  39.387  -19.217  -15.021 0.6000000238
34824  39.966  -18.788  -15.691 0.6000000238
33976  39.108  -18.938  -15.946 0.6000000238
34837  38.929  -18.773  -16.840 0.6000000238
34851  39.518  -18.262  -17.333 0.6999999881
35675  39.998  -17.337  -18.919 0.6999999881
35674  40.419  -16.331  -19.567 0.6999999881
35685  40.008  -16.021  -20.455 0.6999999881
36602  39.833  -15.413  -20.338 0.6999999881
37494  39.487  -15.522  -20.620 0.6999999881
115291  39.417  -15.257  -20.247 0.6999999881
42205  44.013  -10.904  -16.730 0.3000000119
36605  37.602  -16.267  -20.393 0.6999999881
37495  38.684  -15.660  -20.542 0.6999999881
102653  43.781  -10.272  -17.046 0.3000000119
36591  36.763  -16.287  -19.566 0.8000000119
33992  32.678  -19.293  -17.561 0.8999999762
35700  35.982  -17.192  -20.881 1.0000000000
34870  33.386  -18.511  -18.809 1.0000000000
34039  33.593  -19.345  -20.460 1.0000000000
34907  33.426  -18.531  -19.875 1.0000000000
35717  34.898  -17.280  -22.054 1.0000000000
35728  34.188  -17.909  -24.443 1.0000000000
35723  34.547  -17.558  -23.294 1.0000000000
34066  33.831  -18.563  -24.591 1.0000000000
34936  33.728  -18.037  -24.723 1.0000000000
33953  41.045  -19.498  -14.309 0.6000000238
34822  41.212  -18.756  -15.868 0.6000000238
34823  40.714  -18.836  -15.591 0.6000000238
34835  40.614  -18.412  -16.246 0.6000000238
35636  41.086  -17.770  -16.821 0.6999999881
34850  40.310  -17.983  -16.997 0.6999999881
34836  39.716  -18.500  -16.485 0.6000000238
35655  40.123  -17.617  -17.843 0.6999999881
101323  44.292  -16.440  -18.440 0.3000000119
36560  44.312  -16.150  -18.275 0.3000000119
36590  40.396  -15.389  -19.864 0.6999999881
105952  43.455  -11.523  -16.495 0.3000000119
118829  42.779  -11.356  -16.475 0.4000000060
42206  43.155  -10.636  -16.724 0.4000000060
42224  42.441  -10.041  -16.936 0.4000000060
33993  32.046  -19.548  -17.438 0.6999999881
33994  31.153  -19.611  -17.749 0.6999999881
44067  41.604  -7.979  -19.402 0.3000000119
42223  43.212  -9.843  -17.188 0.3000000119
37485  37.579  -15.899  -19.466 0.6999999881
34871  32.571  -18.275  -18.472 0.8999999762
44066  42.505  -8.044  -19.340 0.3000000119
43133  42.541  -9.407  -17.471 0.3000000119
36606  36.517  -16.697  -20.316 0.8000000119
34888  32.923  -17.919  -19.274 0.8999999762
44053  41.960  -8.433  -18.580 0.3000000119
43151  41.883  -8.987  -17.797 0.3000000119
36607  35.535  -16.683  -20.174 0.8000000119
36608  34.829  -16.351  -20.439 1.0000000000
102439  32.631  -19.023  -21.755 1.0000000000
36634  34.214  -16.868  -22.399 1.0000000000
34058  32.515  -19.183  -23.506 1.0000000000
34055  32.419  -19.388  -22.508 1.0000000000
34065  33.081  -18.803  -24.306 1.0000000000
35729  33.426  -17.554  -24.688 1.0000000000
35732  33.135  -17.740  -24.844 1.0000000000
116825  33.222  -16.923  -24.441 1.0000000000
35653  41.651  -17.145  -17.401 0.6999999881
120333  43.728  -17.340  -17.836 0.3000000119
35673  43.907  -16.638  -18.326 0.4000000060
35654  40.901  -17.291  -17.518 0.6999999881
107052  40.761  -16.786  -18.538 0.6999999881
36576  43.687  -15.961  -18.445 0.4000000060
37462  43.805  -15.686  -18.012 0.3000000119
37463  43.217  -15.360  -18.507 0.5000000000
110056  40.902  -14.795  -19.461 0.6999999881
38494  40.482  -14.783  -19.587 0.6999999881
38458  43.388  -15.171  -17.750 0.5000000000
37483  39.899  -15.098  -20.144 0.6999999881
39506  43.170  -13.632  -16.484 0.4000000060
39507  42.263  -13.471  -16.528 0.6000000238
40451  41.940  -12.590  -16.371 0.5000000000
37465  39.650  -14.934  -19.646 0.6999999881
113664  43.235  -12.859  -16.400 0.3000000119
37484  38.548  -15.405  -19.312 0.6999999881
43165  39.219  -9.166  -18.974 0.4000000060
41346  41.335  -11.837  -16.415 0.4000000060
34007  30.466  -19.299  -18.356 0.6999999881
120700  40.334  -8.348  -19.282 0.4000000060
42207  42.279  -10.804  -16.611 0.4000000060
42208  41.516  -11.055  -16.549 0.4000000060
33217  30.675  -20.550  -17.489 0.6000000238
117291  40.995  -8.329  -18.909 0.3000000119
43134  41.772  -9.631  -17.292 0.4000000060
42226  40.881  -10.654  -16.772 0.4000000060
37486  36.522  -15.810  -18.755 0.6999999881
37468  36.715  -15.193  -17.976 0.6999999881
34006  32.072  -18.876  -17.872 0.6999999881
44055  40.199  -8.851  -18.681 0.4000000060
43135  40.891  -9.922  -17.247 0.4000000060
101970  40.287  -10.435  -17.031 0.4000000060
36592  35.913  -16.327  -19.394 0.8000000119
110836  41.232  -9.312  -17.662 0.3000000119
37496  35.135  -16.043  -19.616 0.8000000119
34921  32.583  -18.291  -21.388 1.0000000000
36626  34.573  -16.616  -21.392 1.0000000000
34934  32.480  -18.521  -24.305 1.0000000000
36638  33.294  -16.298  -23.600 1.0000000000
35724  33.738  -17.091  -23.609 1.0000000000
36635  33.716  -16.269  -22.638 1.0000000000
36641  32.728  -17.206  -24.898 1.0000000000
34935  31.844  -18.176  -24.237 1.0000000000
36639  32.767  -16.400  -24.505 1.0000000000
109846  32.005  -17.124  -24.884 1.0000000000
35635  41.891  -17.750  -16.841 0.6000000238
35652  42.427  -17.097  -17.426 0.6000000238
35651  43.239  -17.197  -17.597 0.5000000000
36561  43.171  -16.308  -18.219 0.6000000238
36563  41.592  -16.456  -18.292 0.6999999881
36577  43.056  -15.511  -18.687 0.4000000060
36579  41.254  -15.478  -19.243 0.6999999881
112303  41.917  -14.735  -19.276 0.6999999881
117590  42.970  -14.753  -17.285 0.6000000238
38459  42.399  -14.571  -17.455 0.6000000238
38477  40.796  -14.574  -18.817 0.6999999881
38478  39.837  -14.735  -18.704 0.6999999881
38445  42.662  -14.236  -16.738 0.5000000000
39508  41.376  -13.345  -16.494 0.6000000238
38447  40.972  -14.054  -16.794 0.6000000238
43166  38.343  -9.413  -19.268 0.4000000060
41345  42.122  -11.644  -16.414 0.4000000060
40452  40.970  -12.567  -16.393 0.4000000060
39509  40.379  -13.268  -16.492 0.5000000000
38448  40.044  -14.060  -16.765 0.6000000238
37466  38.901  -15.051  -18.513 0.6999999881
107425  38.800  -8.822  -19.691 0.4000000060
106645  38.092  -15.290  -18.247 0.6999999881
42209  40.874  -11.278  -16.548 0.4000000060
42210  40.151  -11.128  -16.695 0.4000000060
37467  37.447  -15.520  -18.496 0.6999999881
34872  31.659  -18.287  -18.399 0.8999999762
34873  30.781  -18.504  -18.560 0.6999999881
44054  41.118  -8.808  -18.196 0.4000000060
43136  39.995  -9.999  -17.551 0.4000000060
37487  35.523  -15.486  -18.890 0.6999999881
37469  36.057  -15.173  -18.293 0.6999999881
43152  40.494  -9.357  -17.884 0.4000000060
35687  32.410  -17.384  -19.693 0.8999999762
37497  34.607  -15.455  -20.085 0.8999999762
35701  32.429  -17.435  -20.790 0.8999999762
112871  31.982  -18.675  -23.677 1.0000000000
36627  34.075  -16.195  -21.829 1.0000000000
114417  31.688  -18.418  -22.726 1.0000000000
34928  31.568  -18.343  -23.380 1.0000000000
111231  31.332  -17.844  -22.903 1.0000000000
37520  33.437  -15.494  -22.842 1.0000000000
39582  32.870  -14.048  -24.308 0.8999999762
38526  32.841  -14.851  -24.074 1.0000000000
37522  32.994  -15.578  -23.791 1.0000000000
36642  32.158  -16.504  -24.985 1.0000000000
35734  31.768  -17.599  -24.606 1.0000000000
37523  32.422  -15.717  -24.666 1.0000000000
37525  31.857  -15.793  -25.125 1.0000000000
104960  31.473  -16.379  -24.857 0.8999999762
38527  32.270  -14.901  -24.954 1.0000000000
105394  31.626  -15.207  -25.224 0.8999999762
36562  42.358  -16.345  -18.175 0.6000000238
36578  42.416  -15.307  -19.085 0.6999999881
37464  42.827  -14.938  -19.041 0.6999999881
38475  42.992  -14.852  -18.372 0.6000000238
38476  42.402  -14.670  -18.710 0.6000000238
103229  41.632  -14.525  -18.865 0.6999999881
38460  41.654  -14.479  -17.587 0.6999999881
38461  40.801  -14.476  -17.588 0.6000000238
38462  39.739  -14.527  -17.481 0.6000000238
44070  37.912  -8.961  -19.893 0.3000000119
38446  41.840  -14.098  -16.779 0.6000000238
38479  39.042  -14.784  -17.794 0.6000000238
43183  37.086  -9.187  -20.170 0.4000000060
38449  39.148  -13.991  -16.735 0.6000000238
40454  39.643  -12.748  -16.503 0.5000000000
38463  38.632  -14.413  -17.210 0.6000000238
41348  39.787  -11.936  -16.543 0.4000000060
38464  37.766  -14.428  -17.298 0.6000000238
43155  37.901  -10.057  -18.875 0.5000000000
42227  39.580  -10.644  -17.183 0.4000000060
41363  39.266  -11.400  -16.882 0.4000000060
38465  36.967  -14.468  -17.546 0.6000000238
43154  38.739  -9.794  -18.550 0.5000000000
42237  39.138  -10.192  -17.823 0.4000000060
38481  35.662  -14.483  -18.525 0.6000000238
42228  38.750  -10.915  -17.456 0.4000000060
35676  32.112  -17.669  -18.861 0.8999999762
38496  34.636  -14.537  -19.796 0.8999999762
37488  34.929  -15.265  -19.442 0.8000000119
35702  31.941  -16.858  -20.068 0.8999999762
35718  31.959  -16.832  -21.139 0.8999999762
108640  31.587  -16.990  -22.186 0.8999999762
34922  31.982  -17.806  -21.960 0.8999999762
37510  33.765  -15.484  -21.927 1.0000000000
38519  33.250  -14.715  -23.136 1.0000000000
35730  31.288  -17.682  -23.906 1.0000000000
35731  31.385  -17.100  -24.519 0.8999999762
39589  32.457  -13.855  -25.202 1.0000000000
38530  31.737  -14.533  -25.428 1.0000000000
37526  31.308  -15.651  -25.051 0.8999999762
39593  31.874  -13.919  -25.730 0.8999999762
44087  38.417  -8.430  -20.356 0.3000000119
44088  37.545  -8.558  -20.553 0.3000000119
43167  37.508  -9.646  -19.554 0.5000000000
43168  36.692  -9.896  -19.859 0.4000000060
40455  38.948  -13.190  -16.604 0.5000000000
40470  38.267  -12.664  -16.890 0.5000000000
39524  37.351  -13.721  -17.294 0.5000000000
41364  38.424  -11.726  -17.110 0.5000000000
41365  37.558  -12.142  -17.440 0.5000000000
42252  37.101  -10.329  -19.204 0.5000000000
42229  37.899  -11.215  -17.758 0.5000000000
38480  36.267  -14.456  -17.978 0.6000000238
42239  37.475  -10.743  -18.483 0.5000000000
42238  38.297  -10.461  -18.147 0.5000000000
42240  36.706  -11.052  -18.864 0.5000000000
41378  37.091  -11.510  -18.131 0.5000000000
38495  35.111  -14.497  -19.143 0.6000000238
38504  34.234  -14.626  -20.527 0.8999999762
38509  33.838  -14.652  -21.324 0.8999999762
37509  34.216  -15.648  -21.024 0.8999999762
39581  33.261  -13.354  -23.537 0.8999999762
110868  33.157  -14.119  -23.504 0.8999999762
38510  33.529  -14.628  -22.204 1.0000000000
35726  30.985  -17.063  -24.002 0.8999999762
35725  31.085  -17.132  -23.225 0.8999999762
36640  30.974  -16.481  -24.310 0.8999999762
39588  33.108  -13.175  -24.482 0.8000000119
36637  30.864  -16.460  -23.509 0.8999999762
38531  30.967  -14.964  -25.213 0.8999999762
36643  30.797  -15.656  -24.636 0.8999999762
44108  38.078  -8.055  -21.046 0.3000000119
44109  37.157  -8.098  -21.149 0.4000000060
44110  36.293  -8.292  -21.408 0.3000000119
44089  36.687  -8.739  -20.781 0.3000000119
43203  35.891  -9.022  -21.117 0.4000000060
43184  36.284  -9.454  -20.482 0.4000000060
39523  38.217  -13.706  -16.895 0.6000000238
42253  36.319  -10.606  -19.547 0.5000000000
42272  35.901  -10.196  -20.196 0.4000000060
40472  37.076  -12.920  -17.612 0.5000000000
41395  35.995  -11.330  -19.289 0.5000000000
39536  36.647  -13.669  -17.762 0.5000000000
41379  36.330  -11.930  -18.590 0.5000000000
39537  35.994  -13.618  -18.311 0.5000000000
41380  35.639  -12.065  -19.232 0.5000000000
40484  35.815  -12.779  -18.752 0.5000000000
40495  34.718  -12.902  -19.985 0.6000000238
39549  34.879  -13.656  -19.549 0.6000000238
107750  34.255  -12.993  -20.655 0.6999999881
108584  33.886  -13.144  -21.241 0.6999999881
39569  33.662  -13.792  -21.654 0.8000000119
39568  33.978  -13.803  -20.890 0.8000000119
36636  31.195  -16.308  -22.401 0.8999999762
39573  33.393  -13.722  -22.629 0.8999999762
37524  30.621  -15.711  -23.774 0.8999999762
110954  30.358  -15.076  -24.033 0.8999999762
40533  32.294  -13.336  -25.834 1.0000000000
44130  35.882  -7.820  -22.111 0.3000000119
44111  35.502  -8.633  -21.800 0.3000000119
43204  35.176  -9.384  -21.578 0.4000000060
42254  35.644  -10.954  -19.927 0.4000000060
43185  35.532  -9.798  -20.902 0.4000000060
42285  34.805  -10.117  -21.453 0.4000000060
42273  35.125  -10.665  -20.691 0.4000000060
41408  35.079  -11.484  -20.235 0.5000000000
40506  35.108  -12.152  -19.808 0.5000000000
106473  34.111  -12.293  -21.282 0.6000000238
40517  33.682  -12.930  -21.930 0.8000000119
40523  33.498  -12.705  -22.807 0.6999999881
115312  30.582  -14.272  -25.061 0.8999999762
103928  31.651  -13.485  -25.939 0.8999999762
39594  31.185  -12.963  -26.027 0.8000000119
40546  31.207  -12.107  -26.475 0.8000000119
45176  35.903  -7.197  -22.674 0.3000000119
44131  35.100  -8.350  -22.560 0.3000000119
43217  34.809  -9.092  -22.309 0.3000000119
43205  34.575  -9.715  -22.061 0.4000000060
41409  34.548  -11.449  -20.929 0.5000000000
41416  34.146  -11.390  -21.747 0.5000000000
42289  34.152  -10.502  -22.321 0.5000000000
42274  34.509  -10.800  -21.391 0.5000000000
110493  33.871  -11.334  -22.505 0.5000000000
40522  33.804  -12.062  -22.199 0.6000000238
41423  33.647  -11.857  -23.058 0.6999999881
41428  33.604  -11.649  -23.969 0.6999999881
101552  33.380  -12.299  -24.692 0.6999999881
40532  32.928  -12.907  -25.384 0.6999999881
41434  33.371  -12.002  -25.729 0.6999999881
40539  32.713  -12.604  -26.144 0.8000000119
118267  33.608  -11.450  -26.388 0.6999999881
45175  36.497  -7.252  -22.249 0.3000000119
46322  35.880  -6.687  -23.224 0.3000000119
112705  35.390  -7.330  -23.332 0.4000000060
114725  35.396  -7.729  -22.787 0.3000000119
114353  34.862  -8.111  -23.480 0.4000000060
44132  34.486  -8.907  -23.174 0.4000000060
43218  34.275  -9.655  -22.853 0.4000000060
41422  33.761  -11.044  -23.272 0.6000000238
43224  34.100  -9.564  -23.865 0.3000000119
42292  33.903  -10.280  -23.531 0.5000000000
42297  33.934  -10.242  -24.618 0.4000000060
42293  33.746  -10.920  -24.302 0.6000000238
40526  33.444  -12.488  -23.725 0.6999999881
112085  33.589  -11.550  -24.850 0.6000000238
45191  35.026  -7.554  -24.141 0.3000000119
44145  34.370  -8.832  -24.168 0.3000000119
45192  34.638  -8.193  -24.405 0.3000000119
44152  34.484  -8.718  -25.270 0.3000000119
43228  34.200  -9.573  -24.914 0.4000000060
116519  34.070  -10.211  -25.487 0.5000000000
42298  33.843  -10.986  -25.555 0.6000000238
46333  36.122  -5.795  -24.095 0.4000000060
46334  35.615  -6.387  -24.534 0.3000000119
102964  35.453  -6.871  -23.931 0.3000000119
45206  35.222  -7.111  -24.800 0.3000000119
45207  34.765  -7.802  -25.016 0.3000000119
112711  35.075  -7.407  -25.571 0.3000000119
45220  34.814  -8.063  -25.956 0.3000000119
44154  34.577  -8.863  -26.480 0.4000000060
43231  34.308  -9.690  -26.065 0.4000000060
42304  34.063  -10.449  -26.212 0.5000000000
41442  32.368  -11.334  -27.173 0.6999999881
40547  30.296  -12.062  -26.220 0.8000000119
47353  36.623  -5.253  -24.555 0.4000000060
47354  35.953  -5.804  -25.095 0.3000000119
46345  35.475  -6.656  -25.653 0.3000000119
45219  35.189  -7.409  -26.461 0.3000000119
45229  34.889  -8.182  -27.113 0.4000000060
44156  34.521  -8.943  -27.741 0.4000000060
43236  34.412  -9.553  -27.081 0.4000000060
42308  34.158  -10.247  -27.096 0.5000000000
43240  34.130  -9.636  -27.961 0.4000000060
112916  33.894  -10.904  -26.690 0.6000000238
41441  33.322  -11.206  -27.058 0.6999999881
42309  33.587  -10.566  -27.471 0.4000000060
42315  32.910  -9.932  -28.284 0.4000000060
42310  32.349  -10.436  -27.799 0.6000000238
41443  31.097  -11.225  -27.097 0.6999999881
42311  31.006  -10.302  -27.732 0.6999999881
47364  36.504  -5.218  -25.648 0.3000000119
47365  35.982  -5.916  -26.261 0.3000000119
46354  35.590  -6.680  -26.942 0.3000000119
45228  35.208  -7.468  -27.775 0.4000000060
45237  34.716  -7.308  -29.339 0.3000000119
111837  34.526  -8.169  -28.620 0.3000000119
42314  33.801  -10.069  -27.872 0.4000000060
43244  33.636  -8.735  -28.987 0.3000000119
43241  33.329  -9.435  -28.625 0.3000000119
43245  32.716  -8.724  -29.336 0.3000000119
43242  31.946  -8.822  -28.981 0.4000000060
42316  31.512  -9.350  -28.496 0.5000000000
42317  30.941  -9.554  -28.203 0.5000000000
42312  29.473  -9.904  -27.557 0.5000000000
47376  36.514  -5.229  -26.836 0.3000000119
47377  36.016  -5.905  -27.506 0.3000000119
45246  33.476  -7.577  -30.064 0.3000000119
44160  32.549  -7.968  -29.832 0.3000000119
104080  30.861  -8.468  -28.725 0.4000000060
43243  30.385  -8.757  -28.382 0.5000000000
42318  29.837  -9.096  -28.121 0.5000000000
48374  36.993  -4.575  -26.197 0.3000000119
46360  35.542  -6.641  -28.336 0.3000000119
47387  35.807  -5.686  -28.882 0.3000000119
45245  34.001  -6.763  -30.482 0.3000000119
44161  31.890  -8.124  -29.515 0.4000000060
44159  30.994  -7.916  -29.053 0.4000000060
44158  30.564  -8.449  -28.336 0.4000000060
44157  31.162  -8.016  -27.934 0.4000000060
43238  29.749  -8.826  -27.896 0.5000000000
43237  30.572  -8.570  -27.544 0.4000000060
48373  37.599  -4.164  -25.637 0.3000000119
47386  36.370  -5.044  -28.092 0.3000000119
46364  35.027  -6.324  -29.693 0.3000000119
46369  34.238  -5.846  -30.604 0.3000000119
45254  33.176  -6.749  -30.788 0.3000000119
46365  33.033  -6.381  -30.771 0.3000000119
45247  32.482  -7.046  -30.341 0.3000000119
45248  31.700  -7.585  -29.694 0.4000000060
45239  31.578  -7.572  -28.795 0.3000000119
108527  37.329  -3.789  -26.715 0.3000000119
48386  36.831  -4.430  -27.375 0.3000000119
108864  36.882  -3.671  -27.819 0.3000000119
48394  36.510  -4.072  -28.579 0.3000000119
47396  35.884  -4.590  -29.446 0.3000000119
48404  35.769  -3.492  -29.588 0.3000000119
47397  35.091  -5.224  -30.151 0.3000000119
48405  34.839  -4.007  -30.481 0.3000000119
46370  33.496  -6.206  -30.836 0.3000000119
49435  36.960  -2.811  -27.552 0.3000000119
49444  36.411  -3.076  -28.703 0.3000000119
47403  33.770  -5.569  -30.749 0.3000000119
47404  33.490  -5.841  -30.748 0.3000000119
49454  35.669  -2.550  -29.326 0.3000000119
49455  34.880  -3.079  -29.944 0.3000000119
50363  36.226  -2.007  -28.662 0.4000000060
50355  36.608  -1.731  -27.645 0.3000000119
118817  36.125  -1.408  -28.348 0.4000000060
29976  36.386  -24.892  -22.059 1.0000000000
30762  36.621  -24.198  -22.335 1.0000000000
41438  33.096  -11.919  -26.633 0.8000000119
40545  32.210  -12.115  -26.643 0.8000000119
23545  36.182  -32.162  -13.992 0.6000000238
23573  36.532  -32.116  -14.703 0.6000000238
25847  37.082  -30.012  -15.704 0.6000000238
21986  37.522  -34.913  -11.022 0.5000000000
21136  37.441  -35.655  -10.821 0.5000000000
111045  35.650  -29.950  -12.961 0.6000000238
26666  38.833  -28.203  -19.935 0.8999999762
26599  36.039  -28.151  -12.142 0.5000000000
25798  35.845  -29.568  -10.241 0.5000000000
102779  36.152  -32.001  -9.852 0.4000000060
28308  40.819  -26.897  -19.007 0.8999999762
99871  38.610  -24.794  -13.570 0.6999999881
115445  36.235  -28.974  -10.086 0.5000000000
25787  37.205  -29.097  -8.938 0.5000000000
114899  36.455  -32.084  -9.137 0.4000000060
29134  40.684  -25.979  -17.235 0.8000000119
29102  38.808  -25.091  -14.205 0.6999999881
107914  39.792  -27.761  -10.392 0.4000000060
29956  34.624  -25.182  -18.575 0.8000000119
30659  39.625  -23.509  -11.169 0.6000000238
28186  41.034  -26.037  -10.353 0.4000000060
27375  40.608  -27.696  -10.526 0.4000000060
31527  37.277  -22.651  -15.249 0.8000000119
29169  37.118  -25.366  -22.135 1.0000000000
29050  41.585  -25.423  -10.491 0.5000000000
29855  40.562  -24.431  -10.522 0.5000000000
31488  41.407  -22.293  -11.214 0.6999999881
31590  38.163  -22.853  -22.523 1.0000000000
109759  37.520  -20.515  -18.867 0.8000000119
34930  37.673  -18.718  -24.078 1.0000000000
34059  38.401  -19.108  -23.308 1.0000000000
33277  38.361  -19.891  -23.467 1.0000000000
34868  39.395  -18.069  -18.280 0.6999999881
118004  36.627  -17.030  -20.994 0.8000000119
36625  35.204  -17.053  -20.996 1.0000000000
105943  44.072  -14.061  -16.405 0.4000000060
34005  33.050  -18.809  -17.990 1.0000000000
34908  32.935  -17.977  -20.346 1.0000000000
40450  42.842  -12.190  -16.370 0.4000000060
37435  43.498  -14.619  -16.765 0.4000000060
102855  42.681  -12.959  -16.406 0.5000000000
43153  39.614  -9.537  -18.224 0.4000000060
40453  40.246  -12.458  -16.440 0.5000000000
39590  31.067  -13.921  -25.633 0.8000000119
41366  36.859  -12.227  -17.941 0.5000000000
40494  35.233  -12.828  -19.358 0.5000000000
39561  34.415  -13.733  -20.213 0.6999999881
25261  42.394  -30.524  -19.798 0.5000000000
108589  42.058  -30.834  -20.102 0.5000000000
25262  41.063  -30.927  -20.135 0.5000000000
22792  41.763  -33.952  -19.063 0.5000000000
23600  41.703  -32.317  -19.621 0.5000000000
109564  41.625  -33.352  -18.673 0.5000000000
24477  41.836  -31.847  -18.960 0.5000000000
23596  41.696  -32.480  -19.546 0.5000000000
22779  40.997  -33.561  -18.036 0.5000000000
22780  39.733  -33.331  -17.276 0.4000000060
23582  40.038  -32.559  -17.536 0.5000000000
22781  38.901  -33.066  -16.739 0.4000000060
24471  39.418  -31.686  -17.283 0.5000000000
24472  38.648  -31.618  -16.822 0.5000000000
118874  32.993  -22.942  -15.357 0.6999999881
103860  32.925  -23.543  -15.092 0.6999999881
30713  34.322  -23.157  -16.414 0.8000000119
30724  34.559  -23.396  -17.426 0.8000000119
101019  34.505  -24.000  -16.710 0.8000000119
31530  33.009  -22.466  -15.621 0.6999999881
101018  34.441  -22.567  -17.043 0.8999999762
113570  34.251  -21.922  -16.814 0.8999999762
100262  34.567  -22.717  -18.035 0.8999999762
100261  34.583  -22.769  -19.197 0.8999999762
32399  32.572  -21.343  -16.268 0.6000000238
109281  33.114  -21.790  -15.979 0.8000000119
100067  34.464  -21.964  -17.537 0.8999999762
31562  34.557  -21.994  -18.428 0.8999999762
100170  34.563  -21.899  -19.198 0.8999999762
32442  34.326  -21.557  -20.644 0.8999999762
33186  43.639  -20.348  -15.389 0.5000000000
33178  42.611  -20.196  -14.164 0.5000000000
33952  42.024  -19.723  -14.708 0.5000000000
33166  43.146  -20.659  -13.627 0.6000000238
33167  42.321  -20.418  -13.303 0.5000000000
33179  41.776  -19.929  -13.800 0.5000000000
33201  32.089  -20.770  -16.678 0.6000000238
108450  33.264  -21.224  -16.346 0.8999999762
32397  34.252  -21.230  -17.121 0.8999999762
32398  33.798  -21.632  -16.400 0.8999999762
32422  34.526  -21.178  -18.671 0.8999999762
33238  34.434  -20.564  -19.293 0.8999999762
99895  34.353  -20.832  -20.115 0.8999999762
33974  42.666  -19.270  -16.270 0.5000000000
33975  41.865  -19.045  -16.033 0.5000000000
33960  43.129  -19.859  -15.860 0.5000000000
33961  42.332  -19.555  -15.566 0.5000000000
33962  41.387  -19.234  -15.306 0.5000000000
33187  42.866  -20.045  -15.054 0.5000000000
33991  33.372  -19.473  -17.578 0.8999999762
33215  32.659  -19.934  -17.061 0.6999999881
33213  34.080  -20.496  -17.231 0.8999999762
112673  34.379  -20.390  -18.445 0.8999999762
34038  34.115  -20.032  -20.002 0.8999999762
34832  43.078  -18.742  -16.808 0.5000000000
34834  41.465  -18.363  -16.356 0.5000000000
33973  43.405  -19.567  -16.579 0.5000000000
34004  33.771  -19.168  -18.317 0.8999999762
34019  33.915  -19.117  -19.368 0.8999999762
34833  42.275  -18.523  -16.532 0.5000000000
34849  42.737  -17.867  -17.002 0.5000000000
34848  43.611  -18.038  -17.396 0.5000000000
34874  29.945  -18.852  -18.838 0.6000000238
34890  29.420  -18.310  -19.272 0.6000000238
34889  30.313  -17.975  -18.975 0.8000000119
35690  29.838  -17.323  -19.465 0.6999999881
36596  29.184  -16.937  -20.027 0.6999999881
35703  28.258  -17.238  -20.244 0.6999999881
102723  27.872  -16.564  -20.608 0.6999999881
36594  30.573  -16.686  -19.678 0.8000000119
35688  31.627  -17.221  -19.300 0.8000000119
36595  29.907  -16.572  -19.842 0.6999999881
36612  28.678  -16.539  -20.350 0.6999999881
37501  28.536  -15.847  -20.654 0.6999999881
37513  28.221  -15.067  -21.158 0.6999999881
37498  30.988  -15.872  -20.721 0.8000000119
37499  30.348  -15.479  -20.674 0.8000000119
36628  31.468  -16.265  -21.387 0.8000000119
38512  28.936  -14.295  -21.399 0.6999999881
37500  29.403  -15.066  -20.856 0.6999999881
37512  30.466  -14.972  -21.536 0.8000000119
38511  29.835  -14.396  -21.493 0.6999999881
38520  30.330  -14.580  -22.708 0.8000000119
39574  29.141  -13.302  -22.585 0.6000000238
37521  30.799  -15.583  -22.583 0.8000000119
103662  29.562  -13.193  -23.448 0.6000000238
100776  28.829  -12.924  -23.176 0.6000000238
40527  28.754  -12.767  -24.021 0.6000000238
38528  30.160  -14.120  -23.659 0.8000000119
39592  29.535  -12.886  -24.476 0.6000000238
40534  29.566  -12.491  -25.288 0.6000000238
40535  28.401  -12.203  -25.159 0.6000000238
39583  30.166  -13.735  -24.394 0.6999999881
114514  30.461  -12.795  -25.607 0.6000000238
41444  30.030  -11.162  -26.876 0.6999999881
41439  28.926  -11.001  -26.619 0.6000000238
40541  29.615  -12.049  -25.911 0.6000000238
104286  29.116  -10.428  -27.176 0.6000000238
39591  30.320  -13.333  -25.049 0.6999999881
22032  38.268  -34.172  -15.890 0.4000000060
22775  38.271  -33.243  -16.291 0.5000000000
23584  38.389  -32.393  -16.544 0.5000000000
23588  40.986  -32.634  -18.183 0.5000000000
24478  41.232  -31.841  -18.387 0.5000000000
100567  34.504  -22.203  -20.012 0.8999999762
36609  31.301  -16.361  -20.296 0.8000000119
22785  42.049  -33.482  -18.902 0.5000000000
99755  34.075  -22.380  -16.289 0.8000000119
33177  43.435  -20.484  -14.501 0.5000000000
36610  30.425  -16.105  -20.132 0.8000000119
36611  29.504  -16.031  -20.284 0.6999999881
37511  31.016  -15.642  -21.519 0.8000000119
39570  28.615  -13.656  -22.019 0.6999999881
38529  29.806  -13.691  -22.776 0.6999999881
29067  42.958  -25.153  -11.062 0.4000000060
29869  44.277  -25.012  -11.909 0.4000000060
30655  43.369  -23.802  -11.540 0.4000000060
29870  43.559  -24.670  -11.488 0.4000000060
29885  45.304  -24.749  -12.772 0.4000000060
29080  45.715  -25.410  -13.136 0.4000000060
31509  43.977  -21.956  -12.853 0.5000000000
32354  43.164  -21.682  -12.511 0.5000000000
31498  44.328  -22.753  -12.587 0.5000000000
30680  45.034  -23.089  -12.971 0.4000000060
30670  43.890  -23.276  -12.009 0.4000000060
29899  45.749  -24.390  -13.255 0.4000000060
30668  45.227  -23.961  -12.805 0.4000000060
30669  44.580  -23.614  -12.423 0.4000000060
29898  46.362  -24.805  -13.650 0.4000000060
32366  43.575  -21.258  -13.201 0.5000000000
31499  43.557  -22.458  -12.237 0.5000000000
30689  46.111  -23.012  -13.992 0.4000000060
30678  46.270  -23.866  -13.756 0.4000000060
29929  49.074  -23.961  -16.509 0.4000000060
29112  48.143  -24.486  -15.255 0.4000000060
29909  46.820  -24.223  -14.212 0.4000000060
29916  48.861  -24.590  -15.761 0.4000000060
32365  44.320  -21.559  -13.577 0.5000000000
31508  44.712  -22.273  -13.273 0.4000000060
108833  49.671  -23.633  -22.383 0.3000000119
31507  45.417  -22.623  -13.672 0.4000000060
111305  49.855  -23.929  -21.766 0.3000000119
30698  47.143  -23.032  -14.926 0.4000000060
29974  50.736  -24.354  -21.444 0.3000000119
29968  50.230  -24.237  -20.674 0.3000000119
29963  49.916  -23.928  -19.630 0.3000000119
30730  49.434  -23.571  -18.226 0.3000000119
117243  48.856  -23.384  -17.041 0.4000000060
30710  48.446  -23.275  -16.484 0.4000000060
30697  47.715  -23.615  -15.272 0.4000000060
29962  50.493  -24.425  -19.465 0.3000000119
29940  49.954  -24.106  -17.847 0.3000000119
30720  49.367  -23.732  -17.365 0.4000000060
32376  43.927  -20.944  -13.963 0.4000000060
100935  44.996  -21.321  -14.784 0.4000000060
31518  45.846  -22.258  -14.358 0.4000000060
32385  45.595  -21.674  -14.805 0.4000000060
30765  49.221  -23.082  -22.943 0.3000000119
31587  47.313  -22.579  -22.372 0.3000000119
119009  48.704  -23.552  -21.773 0.3000000119
30751  48.503  -23.347  -20.972 0.3000000119
30742  48.679  -23.157  -19.688 0.3000000119
31558  48.232  -22.730  -18.065 0.4000000060
31548  48.335  -22.876  -17.203 0.4000000060
100441  48.030  -23.158  -15.913 0.4000000060
104948  49.358  -23.649  -20.221 0.3000000119
30741  49.401  -23.520  -19.162 0.3000000119
30731  48.809  -23.125  -18.633 0.3000000119
31569  46.480  -21.805  -19.929 0.3000000119
32428  46.239  -21.516  -19.084 0.3000000119
32408  46.356  -21.633  -17.395 0.4000000060
32409  45.746  -21.267  -17.801 0.4000000060
32393  46.279  -21.687  -16.450 0.4000000060
104127  45.776  -21.550  -15.591 0.4000000060
31588  46.620  -22.046  -22.403 0.3000000119
111570  46.979  -22.294  -20.425 0.3000000119
31560  46.792  -21.911  -18.813 0.3000000119
31550  46.990  -21.916  -17.867 0.4000000060
31536  47.017  -22.072  -16.956 0.4000000060
120199  46.447  -21.941  -15.685 0.4000000060
31579  47.090  -22.470  -21.364 0.3000000119
31568  47.245  -22.320  -19.450 0.3000000119
31559  47.509  -22.314  -18.429 0.4000000060
31525  46.993  -22.211  -16.086 0.4000000060
30752  47.734  -22.911  -21.432 0.3000000119
31567  48.077  -22.675  -19.057 0.3000000119
31535  47.735  -22.636  -16.524 0.4000000060
31524  47.450  -22.782  -15.657 0.4000000060
33972  44.046  -20.027  -17.009 0.4000000060
33210  44.702  -20.398  -17.487 0.4000000060
33196  43.822  -20.228  -16.221 0.4000000060
33224  45.310  -20.705  -18.114 0.3000000119
33209  45.208  -20.986  -17.263 0.4000000060
32386  44.963  -21.084  -15.601 0.4000000060
33176  44.301  -20.801  -14.863 0.4000000060
32420  45.780  -21.175  -18.676 0.4000000060
32394  45.418  -21.233  -16.438 0.4000000060
38513  27.906  -14.300  -21.736 0.6000000238
37514  26.953  -15.035  -21.637 0.6000000238
39571  27.722  -13.719  -22.338 0.5000000000
39584  28.152  -12.781  -23.725 0.5000000000
40528  27.649  -12.338  -24.713 0.5000000000
40542  28.618  -11.685  -25.942 0.5000000000
48395  33.918  -3.648  -29.490 0.3000000119
47378  33.740  -4.532  -28.356 0.3000000119
49456  34.332  -3.291  -29.994 0.3000000119
101186  34.220  -3.649  -27.874 0.3000000119
48387  34.083  -4.455  -26.814 0.3000000119
108941  34.361  -3.655  -26.423 0.3000000119
50375  35.601  -1.876  -28.966 0.3000000119
50376  35.180  -2.301  -29.209 0.3000000119
109637  34.786  -2.756  -29.436 0.3000000119
49445  34.525  -2.804  -28.871 0.3000000119
106012  34.490  -2.807  -27.323 0.3000000119
49427  34.470  -2.825  -26.022 0.3000000119
107196  34.539  -2.613  -24.868 0.3000000119
51254  35.641  -1.267  -28.451 0.3000000119
51261  35.275  -1.554  -28.642 0.3000000119
50377  34.913  -2.037  -28.854 0.3000000119
51255  34.979  -1.346  -28.338 0.3000000119
50364  34.684  -1.909  -28.048 0.3000000119
50356  34.528  -2.008  -26.810 0.3000000119
102601  35.330  -0.535  -28.069 0.3000000119
52083  35.116  -0.009  -27.981 0.3000000119
52084  35.124  -0.726  -28.179 0.3000000119
51247  34.711  -1.059  -27.521 0.3000000119
51236  34.554  -1.358  -26.295 0.3000000119
52047  34.665  -0.746  -25.811 0.3000000119
52972  35.141  0.501  -27.809 0.3000000119
52075  34.771  -0.037  -27.649 0.3000000119
52952  34.765  0.641  -27.413 0.3000000119
117941  35.248  0.279  -27.860 0.3000000119
52951  34.673  0.860  -26.615 0.3000000119
100182  34.901  1.352  -27.524 0.3000000119
53904  34.980  2.169  -27.328 0.3000000119
118114  47.374  -25.185  -14.479 0.4000000060
29066  43.680  -25.602  -11.494 0.4000000060
29081  44.931  -25.442  -12.461 0.4000000060
105338  46.511  -25.857  -13.665 0.4000000060
29110  49.174  -25.444  -15.743 0.4000000060
29111  48.444  -25.322  -15.291 0.4000000060
116400  47.788  -25.238  -14.792 0.4000000060
104225  51.221  -24.314  -21.717 0.3000000119
115846  51.131  -24.752  -20.878 0.3000000119
29953  50.537  -24.539  -18.426 0.3000000119
104527  49.745  -24.378  -17.019 0.3000000119
30758  50.415  -23.913  -22.066 0.3000000119
30766  48.351  -22.846  -22.916 0.3000000119
31580  46.464  -21.915  -21.233 0.3000000119
104131  47.747  -22.149  -23.307 0.3000000119
33987  44.404  -19.610  -17.690 0.4000000060
33225  44.913  -20.051  -18.208 0.4000000060
120058  45.236  -20.319  -18.557 0.4000000060
33235  45.520  -20.103  -19.957 0.3000000119
32429  45.798  -21.103  -19.799 0.3000000119
33988  43.770  -19.132  -17.227 0.4000000060
37502  27.533  -15.857  -21.053 0.6000000238
51246  36.041  -0.809  -27.934 0.3000000119
52082  35.422  0.005  -27.865 0.3000000119
52971  35.533  0.802  -27.525 0.3000000119
101837  35.326  1.804  -27.492 0.3000000119
31592  49.795  -22.262  -23.270 0.3000000119
29871  42.761  -24.333  -11.136 0.4000000060
31500  42.759  -22.175  -11.897 0.5000000000
31517  46.501  -22.666  -14.652 0.4000000060
30759  48.136  -23.149  -22.189 0.3000000119
33195  44.606  -20.679  -16.561 0.4000000060
50347  34.528  -2.104  -25.778 0.3000000119
120150  34.523  -0.568  -26.854 0.3000000119
52060  34.569  0.085  -26.689 0.3000000119
28202  43.362  -26.410  -11.295 0.3000000119
28201  44.069  -26.397  -11.759 0.3000000119
25875  34.755  -29.790  -17.380 0.6000000238
26651  34.703  -28.981  -17.289 0.6999999881
25861  34.464  -29.560  -16.735 0.6999999881
28219  45.365  -26.246  -12.746 0.3000000119
25157  36.706  -30.734  -8.443 0.3000000119
25775  37.634  -29.515  -8.192 0.3000000119
27439  34.335  -27.679  -15.465 0.6999999881
27390  42.357  -27.929  -11.102 0.3000000119
26628  34.349  -28.559  -15.732 0.6999999881
25849  34.341  -29.302  -15.972 0.6999999881
27389  43.693  -27.172  -11.594 0.3000000119
27388  44.398  -27.107  -12.096 0.3000000119
26639  34.487  -28.775  -16.555 0.6999999881
104305  44.696  -27.688  -12.439 0.3000000119
27424  46.552  -27.495  -13.720 0.3000000119
26596  45.347  -27.834  -12.911 0.3000000119
28236  45.683  -26.943  -13.011 0.3000000119
27422  47.749  -27.500  -14.632 0.3000000119
28248  47.527  -26.749  -14.500 0.3000000119
28235  46.269  -26.793  -13.470 0.3000000119
112682  38.171  -28.879  -8.726 0.3000000119
26572  40.281  -28.441  -10.284 0.4000000060
28266  34.439  -26.319  -15.730 0.6999999881
26585  43.165  -27.962  -11.534 0.3000000119
26571  41.088  -28.504  -10.628 0.3000000119
118149  34.367  -27.011  -15.586 0.6999999881
110012  34.485  -28.078  -16.252 0.6999999881
27404  44.010  -28.025  -11.998 0.3000000119
26597  44.591  -28.483  -12.576 0.3000000119
26608  46.034  -28.332  -13.500 0.3000000119
116364  45.891  -26.259  -13.230 0.3000000119
26618  47.915  -28.252  -14.736 0.3000000119
26556  39.748  -28.598  -9.764 0.4000000060
28267  34.077  -25.957  -14.868 0.6999999881
25805  41.991  -29.244  -11.253 0.3000000119
26587  41.768  -28.657  -11.065 0.3000000119
104504  43.787  -29.023  -12.340 0.3000000119
26586  42.519  -28.840  -11.601 0.3000000119
29127  34.581  -25.512  -16.546 0.6999999881
26609  45.189  -28.908  -13.060 0.3000000119
28278  34.616  -26.444  -16.812 0.6999999881
29100  47.961  -26.042  -14.911 0.3000000119
29101  47.304  -25.856  -14.321 0.3000000119
27435  48.357  -27.618  -15.075 0.3000000119
28247  48.192  -26.852  -14.934 0.3000000119
29932  34.466  -24.614  -16.051 0.6999999881
25816  42.528  -29.650  -11.682 0.3000000119
29944  34.588  -24.748  -16.934 0.6999999881
25196  43.630  -30.553  -12.375 0.3000000119
114745  43.557  -29.908  -12.492 0.3000000119
28261  49.448  -26.364  -15.848 0.3000000119
25197  42.973  -30.134  -12.143 0.3000000119
116323  34.603  -24.384  -17.845 0.6999999881
28262  48.668  -26.164  -15.358 0.3000000119
34000  44.840  -19.131  -18.422 0.3000000119
25252  35.505  -30.833  -17.851 0.5000000000
25243  34.333  -30.975  -16.324 0.6999999881
25253  34.865  -30.549  -17.433 0.6000000238
24473  34.439  -31.757  -16.587 0.6000000238
25874  35.277  -30.008  -17.864 0.6000000238
109343  33.677  -28.555  -14.380 0.6999999881
27440  34.138  -26.867  -14.926 0.6999999881
108012  39.006  -28.812  -8.620 0.3000000119
28251  33.630  -26.419  -14.493 0.6999999881
25786  39.698  -28.806  -9.061 0.4000000060
29115  33.786  -25.145  -14.826 0.6999999881
25784  41.408  -29.306  -9.942 0.4000000060
25797  41.045  -28.926  -10.424 0.4000000060
30702  33.730  -23.806  -15.252 0.6999999881
25804  42.263  -29.761  -11.096 0.3000000119
25178  42.925  -30.215  -10.595 0.3000000119
29919  34.101  -24.475  -15.284 0.6999999881
25242  34.472  -30.355  -16.881 0.6000000238
25188  43.247  -30.585  -11.984 0.3000000119
25783  42.173  -29.713  -10.197 0.3000000119
23598  40.597  -32.556  -19.663 0.5000000000
24490  38.246  -31.177  -19.078 0.5000000000
24482  38.137  -31.964  -18.825 0.5000000000
24487  40.782  -31.836  -19.858 0.4000000060
20320  33.711  -36.867  -12.138 0.4000000060
18666  32.842  -37.924  -10.780 0.5000000000
106154  39.235  -31.225  -19.521 0.4000000060
113054  40.113  -31.303  -19.785 0.5000000000
24483  37.452  -31.603  -18.617 0.5000000000
18657  31.031  -38.818  -10.382 0.4000000060
17870  30.403  -39.471  -10.507 0.4000000060
19483  33.505  -37.478  -11.525 0.5000000000
109860  36.139  -30.815  -18.247 0.4000000060
17871  29.496  -39.385  -10.773 0.4000000060
108560  29.385  -40.750  -11.133 0.4000000060
106793  32.814  -37.080  -11.057 0.5000000000
19473  32.103  -37.258  -10.652 0.4000000060
21173  33.637  -35.338  -13.229 0.5000000000
120676  33.702  -34.093  -14.441 0.4000000060
120469  34.998  -31.185  -17.425 0.5000000000
23586  34.271  -32.477  -16.126 0.4000000060
22784  34.115  -33.193  -15.644 0.4000000060
24480  34.874  -31.792  -17.153 0.4000000060
103344  29.139  -40.052  -11.000 0.4000000060
18669  26.945  -38.635  -11.550 0.4000000060
19474  31.225  -37.422  -10.448 0.4000000060
19485  27.308  -37.213  -11.443 0.4000000060
20308  32.252  -36.407  -11.047 0.5000000000
20299  31.451  -36.699  -10.637 0.4000000060
20312  28.177  -36.465  -11.281 0.4000000060
21160  32.990  -35.393  -11.985 0.5000000000
21161  29.013  -34.809  -11.911 0.4000000060
21162  28.191  -34.870  -12.010 0.4000000060
22004  33.252  -35.135  -12.528 0.5000000000
22756  33.414  -33.861  -13.704 0.5000000000
22747  29.359  -33.844  -12.876 0.4000000060
22759  29.012  -33.472  -13.665 0.4000000060
22768  33.613  -33.411  -14.345 0.6000000238
23574  33.838  -32.364  -15.235 0.6000000238
24474  34.096  -31.653  -15.822 0.5000000000
17879  26.938  -39.495  -11.591 0.4000000060
102898  27.566  -38.138  -11.386 0.4000000060
18667  29.088  -38.602  -10.873 0.4000000060
19484  28.177  -37.561  -11.162 0.4000000060
21145  31.894  -35.650  -11.269 0.5000000000
20310  30.798  -36.258  -10.696 0.4000000060
21995  32.277  -35.146  -11.709 0.5000000000
21147  29.504  -35.324  -11.363 0.4000000060
21148  28.617  -35.494  -11.492 0.4000000060
22005  32.696  -34.676  -12.220 0.5000000000
23546  33.207  -32.958  -13.519 0.5000000000
23550  29.298  -32.733  -14.058 0.4000000060
24460  33.778  -31.469  -14.914 0.6000000238
17878  27.706  -39.008  -11.450 0.4000000060
19475  30.286  -37.527  -10.469 0.4000000060
18668  28.308  -38.451  -11.183 0.4000000060
108862  29.037  -37.122  -10.850 0.4000000060
112065  30.277  -35.196  -11.317 0.4000000060
22744  32.415  -33.783  -12.513 0.5000000000
21998  29.925  -34.642  -11.797 0.4000000060
22008  29.353  -34.353  -12.322 0.4000000060
22757  33.048  -33.585  -13.056 0.5000000000
22758  29.807  -33.118  -13.214 0.4000000060
25231  34.288  -30.095  -16.001 0.6000000238
25232  34.048  -30.816  -15.429 0.6000000238
111629  33.675  -30.701  -14.515 0.6000000238
17877  28.580  -39.418  -11.211 0.4000000060
118660  28.778  -37.924  -10.922 0.4000000060
20311  29.973  -36.687  -10.601 0.4000000060
105643  29.209  -36.121  -11.001 0.4000000060
22006  31.720  -34.418  -11.915 0.5000000000
21146  31.012  -35.522  -11.107 0.5000000000
21997  30.878  -34.797  -11.557 0.5000000000
22745  31.312  -33.600  -12.351 0.5000000000
22007  30.667  -34.160  -12.047 0.5000000000
110131  32.642  -33.085  -12.918 0.5000000000
23538  31.874  -32.937  -12.654 0.5000000000
22746  30.290  -33.589  -12.556 0.4000000060
103596  33.221  -32.063  -13.714 0.6000000238
23549  30.260  -32.244  -13.389 0.5000000000
24439  30.363  -31.296  -13.706 0.4000000060
119727  34.207  -29.625  -15.521 0.6000000238
24437  32.721  -31.377  -13.319 0.6000000238
23547  32.481  -32.268  -13.029 0.5000000000
23539  30.803  -32.926  -12.795 0.5000000000
119552  33.392  -30.645  -13.943 0.6000000238
25211  32.028  -30.637  -13.235 0.6000000238
24438  31.805  -31.505  -13.028 0.5000000000
25838  33.685  -29.349  -14.407 0.6000000238
25850  34.135  -29.107  -15.106 0.6000000238
29117  31.790  -25.266  -14.818 0.5000000000
29105  32.324  -25.866  -14.411 0.6000000238
27429  31.470  -27.418  -14.190 0.5000000000
28252  32.896  -26.469  -14.137 0.6000000238
27416  31.950  -28.047  -13.811 0.6000000238
26613  31.682  -28.825  -13.749 0.5000000000
25839  30.829  -29.221  -14.118 0.5000000000
25210  33.018  -30.621  -13.535 0.6000000238
107825  31.203  -31.090  -13.249 0.5000000000
25212  30.963  -30.507  -13.549 0.5000000000
25220  30.125  -30.559  -14.233 0.5000000000
29116  32.868  -25.099  -14.553 0.5000000000
29920  33.384  -24.374  -14.862 0.6000000238
29104  33.338  -25.800  -14.448 0.6000000238
25830  32.344  -29.213  -13.581 0.6000000238
25831  31.589  -29.713  -13.547 0.5000000000
27427  33.311  -27.833  -14.034 0.6000000238
27415  32.702  -28.024  -13.797 0.6000000238
107396  36.758  -31.918  -18.231 0.4000000060
24479  35.471  -31.651  -17.598 0.4000000060
25880  37.243  -30.078  -18.803 0.5000000000
24484  36.712  -31.170  -18.422 0.4000000060
25829  33.132  -29.135  -13.822 0.6000000238
23599  39.582  -32.643  -19.410 0.5000000000
23594  37.551  -32.577  -18.507 0.5000000000
23593  38.595  -32.598  -18.967 0.5000000000
21159  33.543  -35.997  -12.428 0.5000000000
112217  30.878  -38.093  -10.402 0.4000000060
18658  30.072  -38.539  -10.526 0.4000000060
21149  27.790  -35.539  -11.681 0.4000000060
22009  28.631  -34.363  -12.628 0.4000000060
19476  29.464  -37.835  -10.666 0.4000000060
108805  30.108  -35.807  -10.915 0.4000000060
109570  32.651  -29.877  -13.514 0.6000000238
119620  26.910  -37.926  -11.515 0.3000000119
20313  27.247  -36.206  -11.569 0.3000000119
22020  28.135  -34.165  -13.198 0.3000000119
21163  27.536  -34.957  -12.054 0.3000000119
22010  27.715  -34.544  -12.660 0.3000000119
107499  26.940  -34.829  -12.384 0.3000000119
17083  29.865  -40.160  -10.727 0.4000000060
19471  37.183  -37.393  -10.818 0.5000000000
20300  30.750  -36.893  -10.481 0.4000000060
20307  33.143  -36.469  -11.603 0.5000000000
20309  31.491  -36.088  -10.915 0.5000000000
20325  38.877  -36.331  -13.193 0.6000000238
21143  37.854  -35.570  -11.478 0.5000000000
21144  32.642  -35.804  -11.558 0.5000000000
21158  37.919  -35.277  -12.236 0.5000000000
21172  37.855  -35.110  -13.129 0.6000000238
21996  31.570  -35.089  -11.492 0.5000000000
22019  33.245  -34.402  -12.961 0.5000000000
22736  37.139  -34.237  -11.510 0.5000000000
22748  28.656  -33.927  -13.277 0.4000000060
22791  41.712  -33.145  -19.315 0.5000000000
22797  41.643  -32.811  -19.503 0.5000000000
23527  36.154  -32.776  -11.253 0.5000000000
23548  31.356  -32.208  -12.878 0.5000000000
23560  33.568  -32.638  -14.359 0.6000000238
23583  39.145  -32.426  -17.006 0.5000000000
23587  41.768  -32.704  -18.834 0.5000000000
23592  41.890  -32.607  -19.051 0.5000000000
23595  36.703  -32.565  -18.040 0.4000000060
23597  41.271  -32.248  -19.820 0.5000000000
24418  35.476  -31.270  -11.583 0.6000000238
24428  43.743  -30.950  -12.220 0.3000000119
24429  35.586  -31.528  -12.460 0.6000000238
24436  33.400  -31.260  -13.977 0.6000000238
24447  36.324  -31.469  -14.534 0.6000000238
24457  37.894  -31.614  -16.370 0.6000000238
24459  36.710  -31.592  -15.138 0.6000000238
24470  40.314  -31.769  -17.746 0.5000000000
24481  41.953  -31.715  -19.465 0.5000000000
24485  36.091  -31.430  -18.045 0.4000000060
24486  41.862  -31.675  -19.717 0.5000000000
24488  39.800  -31.922  -19.611 0.5000000000
24489  38.875  -31.920  -19.246 0.4000000060
24491  41.534  -31.640  -19.951 0.5000000000
25167  36.825  -29.856  -8.552 0.3000000119
25177  43.756  -30.692  -10.667 0.3000000119
25179  35.929  -30.331  -9.733 0.4000000060
25180  35.572  -30.326  -10.560 0.5000000000
25189  42.773  -30.170  -11.600 0.3000000119
25195  44.146  -30.416  -12.833 0.3000000119
25209  33.438  -30.030  -13.980 0.6000000238
25219  33.986  -29.964  -14.957 0.6000000238
25257  37.369  -30.797  -18.746 0.4000000060
25259  35.915  -30.187  -18.289 0.5000000000
25260  42.802  -29.889  -19.629 0.6000000238
25267  41.766  -30.027  -20.432 0.6999999881
25785  40.505  -28.945  -9.652 0.4000000060
25796  41.682  -29.324  -10.738 0.3000000119
25814  44.369  -29.461  -12.749 0.3000000119
25815  43.025  -29.463  -12.080 0.3000000119
25828  36.019  -29.394  -13.790 0.6000000238
25872  41.981  -29.272  -18.621 0.6000000238
25879  42.960  -29.187  -19.645 0.6999999881
25882  40.624  -29.900  -20.289 0.6000000238
25883  39.546  -29.711  -19.913 0.6000000238
25887  42.349  -29.284  -20.457 0.6999999881
26559  36.845  -28.706  -9.730 0.5000000000
26577  35.920  -28.900  -10.779 0.5000000000
26589  35.699  -28.860  -11.663 0.4000000060
26598  43.304  -28.676  -11.917 0.3000000119
26611  33.125  -28.418  -13.882 0.6000000238
26612  32.520  -28.600  -13.707 0.6000000238
26629  34.183  -28.330  -15.007 0.6999999881
26638  38.852  -28.466  -16.652 0.8000000119
26648  42.659  -28.752  -19.071 0.6999999881
26650  35.127  -29.239  -17.856 0.6999999881
26663  43.084  -28.906  -20.008 0.6000000238
26664  42.461  -28.274  -19.822 0.6000000238
27374  41.533  -27.837  -10.719 0.3000000119
27391  37.189  -27.153  -11.367 0.5000000000
27403  45.073  -27.027  -12.549 0.3000000119
27412  45.988  -27.476  -13.320 0.3000000119
27413  36.972  -27.060  -13.928 0.6999999881
27423  47.150  -27.454  -14.211 0.3000000119
27426  36.662  -27.855  -14.156 0.6999999881
27428  32.519  -27.309  -13.903 0.6000000238
27450  34.522  -27.234  -16.306 0.6999999881
27458  41.264  -26.834  -17.733 0.8000000119
28203  42.657  -26.378  -10.851 0.3000000119
28206  36.875  -26.877  -12.271 0.5000000000
28220  44.708  -26.334  -12.276 0.3000000119
28221  37.938  -25.900  -12.203 0.6000000238
28249  46.909  -26.708  -13.944 0.3000000119
28253  31.899  -26.633  -14.221 0.5000000000
28265  38.617  -26.150  -14.819 0.6999999881
28277  40.362  -26.337  -16.545 0.8000000119
28309  39.796  -26.798  -19.308 0.8999999762
29053  38.900  -25.842  -10.962 0.4000000060
29065  44.342  -25.761  -11.986 0.4000000060
29113  39.528  -25.266  -15.680 0.8000000119
29114  34.320  -25.313  -15.472 0.6999999881
29125  40.437  -25.910  -16.728 0.8000000119
29135  40.065  -25.599  -17.150 0.8000000119
29136  38.989  -25.433  -17.705 0.8000000119
29158  34.841  -25.368  -19.597 0.8000000119
29164  37.381  -25.817  -21.872 1.0000000000
29853  42.175  -24.853  -10.685 0.5000000000
29886  44.758  -24.497  -12.360 0.4000000060
29900  38.645  -24.129  -13.276 0.6999999881
29908  47.454  -24.497  -14.659 0.4000000060
29928  49.499  -24.799  -16.304 0.4000000060
29954  50.008  -23.940  -18.763 0.3000000119
29975  37.366  -24.862  -22.281 1.0000000000
30654  44.150  -24.132  -11.865 0.4000000060
30657  41.701  -23.159  -10.906 0.6000000238
30660  39.107  -23.912  -11.850 0.6000000238
30679  45.638  -23.481  -13.399 0.4000000060
30687  47.181  -23.736  -14.684 0.4000000060
30688  46.671  -23.407  -14.384 0.4000000060
30691  37.824  -23.187  -14.633 0.8000000119
30696  48.445  -23.796  -15.822 0.4000000060
30700  37.687  -23.461  -15.486 0.8000000119
30701  34.215  -23.806  -15.802 0.8000000119
30721  48.863  -23.224  -17.739 0.3000000119
30743  37.420  -24.058  -19.930 0.8000000119
31489  40.491  -22.322  -11.147 0.6000000238
31501  39.232  -22.178  -11.921 0.6999999881
31511  37.908  -21.934  -13.886 0.8000000119
31526  46.219  -22.016  -15.033 0.4000000060
31529  33.650  -22.998  -15.616 0.8000000119
31538  36.771  -22.367  -16.686 0.8000000119
31539  33.546  -22.236  -15.928 0.8000000119
31549  47.650  -22.408  -17.488 0.4000000060
31551  36.793  -22.606  -17.546 0.8000000119
31578  47.765  -22.749  -20.300 0.3000000119
31586  47.667  -22.549  -22.892 0.3000000119
31594  46.998  -22.103  -23.168 0.3000000119
31595  38.080  -22.656  -22.855 1.0000000000
31597  36.956  -23.397  -22.559 1.0000000000
32355  42.265  -21.402  -12.131 0.6999999881
32359  38.740  -21.794  -12.546 0.6999999881
32367  42.787  -20.974  -12.854 0.6000000238
32374  45.118  -21.789  -14.050 0.4000000060
32375  44.546  -21.272  -14.235 0.4000000060
32419  46.314  -21.559  -18.263 0.4000000060
32431  34.492  -21.355  -19.661 0.8999999762
32439  46.002  -21.361  -20.898 0.3000000119
32459  38.312  -20.576  -23.446 1.0000000000
33157  41.421  -20.233  -12.927 0.6999999881
33168  41.094  -19.801  -13.515 0.5000000000
33199  33.712  -20.837  -16.713 0.8999999762
33200  33.009  -20.641  -16.591 0.6999999881
33214  33.563  -20.145  -17.088 0.8999999762
33216  31.618  -20.223  -17.196 0.6999999881
33227  34.359  -20.718  -17.804 0.8999999762
33273  38.592  -20.625  -22.838 1.0000000000
33280  36.505  -20.294  -23.984 1.0000000000
34003  34.106  -19.911  -17.800 0.8999999762
34018  34.237  -19.782  -18.829 0.8999999762
34060  38.104  -19.245  -23.976 1.0000000000
34061  37.518  -19.313  -24.372 1.0000000000
34920  33.111  -18.773  -20.921 1.0000000000
34923  38.310  -18.247  -22.848 1.0000000000
34927  31.881  -18.940  -23.006 1.0000000000
34937  33.178  -18.193  -24.756 1.0000000000
35650  44.230  -17.472  -18.170 0.3000000119
35677  31.216  -17.753  -18.807 0.8999999762
35689  30.789  -17.256  -19.239 0.8000000119
35720  37.388  -17.722  -22.780 1.0000000000
35733  32.481  -17.767  -24.787 1.0000000000
36593  31.257  -16.806  -19.632 0.8000000119
37449  38.257  -14.902  -17.694 0.6000000238
37450  37.487  -15.074  -17.738 0.6999999881
37482  40.166  -14.961  -19.841 0.6999999881
38521  29.552  -13.820  -22.007 0.6999999881
38532  30.454  -14.754  -24.600 0.8999999762
39510  39.600  -13.483  -16.570 0.6000000238
39548  35.426  -13.612  -18.931 0.5000000000
39575  28.134  -13.122  -22.892 0.5000000000
40471  37.666  -13.029  -17.162 0.5000000000
40483  36.438  -12.831  -18.152 0.5000000000
40507  34.614  -12.196  -20.461 0.5000000000
40540  31.927  -12.875  -26.236 0.8999999762
41347  40.545  -11.845  -16.459 0.5000000000
41349  39.033  -12.256  -16.695 0.5000000000
41396  35.495  -11.579  -19.695 0.4000000060
42225  41.628  -10.310  -16.846 0.4000000060
43131  43.995  -9.702  -17.562 0.3000000119
44069  39.641  -8.589  -19.425 0.4000000060
47402  34.212  -4.885  -30.696 0.3000000119
48407  33.849  -4.959  -30.619 0.3000000119
100429  44.275  -20.618  -15.735 0.4000000060
100957  32.333  -24.423  -14.882 0.5000000000
101206  29.895  -34.093  -12.305 0.4000000060
101662  39.080  -26.970  -19.942 0.8999999762
101777  37.204  -21.934  -15.064 0.8000000119
102229  30.960  -31.633  -13.144 0.5000000000
102317  40.708  -19.958  -13.071 0.6999999881
102664  43.678  -12.332  -16.392 0.3000000119
102730  42.932  -27.140  -11.120 0.3000000119
103234  36.711  -33.396  -9.999 0.3000000119
103442  36.373  -29.542  -14.565 0.6999999881
105068  43.254  -30.519  -11.325 0.3000000119
105609  36.542  -32.819  -9.453 0.4000000060
106174  40.258  -25.828  -10.425 0.4000000060
106555  45.485  -20.589  -18.987 0.3000000119
106781  45.767  -21.378  -17.081 0.4000000060
107046  39.687  -26.975  -10.413 0.4000000060
107362  36.053  -32.788  -12.030 0.5000000000
107522  27.054  -35.400  -11.874 0.3000000119
108044  30.664  -29.932  -13.986 0.5000000000
108701  43.036  -25.831  -11.054 0.4000000060
108727  48.806  -26.994  -15.435 0.3000000119
108869  38.408  -28.867  -19.605 0.8000000119
109200  34.569  -31.111  -17.031 0.6000000238
109226  50.363  -24.783  -17.488 0.3000000119
110254  33.926  -27.725  -14.635 0.6999999881
110299  33.560  -31.962  -14.444 0.5000000000
110324  37.750  -36.157  -11.145 0.5000000000
110677  33.466  -27.079  -14.271 0.6000000238
110872  33.772  -33.098  -14.983 0.6000000238
111379  40.956  -33.007  -19.778 0.5000000000
111451  48.963  -23.577  -22.286 0.3000000119
112558  32.146  -18.727  -22.273 1.0000000000
113557  49.261  -23.782  -21.352 0.3000000119
113920  41.005  -28.530  -20.395 0.6999999881
114202  34.481  -21.404  -17.892 0.8999999762
114343  41.230  -14.648  -19.334 0.6999999881
114799  41.460  -28.986  -10.910 0.3000000119
115492  47.381  -28.053  -14.409 0.3000000119
115849  46.892  -25.098  -14.241 0.4000000060
116976  42.891  -29.252  -20.218 0.6000000238
117113  31.212  -18.906  -18.170 0.6999999881
117536  38.622  -27.132  -20.109 0.8999999762
117612  46.816  -22.434  -15.320 0.4000000060
118846  40.094  -30.358  -17.729 0.6999999881
119214  41.025  -28.069  -17.817 0.8000000119
119465  39.824  -26.316  -10.470 0.4000000060
119660  45.350  -21.395  -15.191 0.4000000060
119720  29.674  -37.288  -10.599 0.4000000060
120103  42.603  -28.181  -18.980 0.6999999881
120279  33.120  -35.888  -11.858 0.5000000000
120399  37.590  -33.997  -15.259 0.5000000000
120701  40.116  -27.295  -10.409 0.4000000060
