#!ascii label  , from subject sub-v2s16x51235_ses-1 vox2ras=TkReg
322
17022  30.954  -60.667  1.486 0.0000000000
12528  25.674  -65.498  -7.633 0.0000000000
15162  37.040  -63.251  -2.780 0.0000000000
133400  27.855  -62.960  -3.010 0.0000000000
10224  32.495  -69.304  -6.171 0.0000000000
11686  34.441  -66.422  -5.202 0.0000000000
10160  31.052  -68.764  -3.329 0.0000000000
12512  26.700  -65.339  -4.679 0.0000000000
17085  25.135  -59.609  -4.272 0.0000000000
16085  33.748  -62.086  -0.052 0.0000000000
15189  32.580  -63.004  -3.575 0.0000000000
12508  30.729  -65.783  -4.489 0.0000000000
10999  28.293  -68.317  -6.164 0.0000000000
8586  29.627  -72.507  -7.429 0.0000000000
18856  31.556  -58.684  3.890 0.0000000000
17017  35.171  -61.085  2.249 0.0000000000
15102  38.828  -62.631  0.427 0.0000000000
18018  26.025  -59.130  -2.035 0.0000000000
11682  32.383  -65.981  -2.302 0.0000000000
12519  25.666  -65.049  -6.031 0.0000000000
15216  25.492  -62.764  -5.746 0.0000000000
15143  34.962  -62.576  -1.898 0.0000000000
15188  34.347  -62.931  -3.550 0.0000000000
10975  33.502  -67.875  -5.570 0.0000000000
11692  32.858  -66.395  -5.530 0.0000000000
10977  32.166  -67.885  -5.955 0.0000000000
130312  29.089  -67.316  -5.205 0.0000000000
10205  30.446  -68.603  -6.014 0.0000000000
9392  27.593  -70.742  -8.155 0.0000000000
134966  36.569  -61.467  2.773 0.0000000000
120586  36.110  -61.524  1.725 0.0000000000
16038  38.693  -62.343  2.018 0.0000000000
15168  29.906  -61.981  -2.874 0.0000000000
16122  27.012  -60.875  -2.463 0.0000000000
19882  25.394  -57.423  -5.364 0.0000000000
19874  25.101  -57.444  -4.594 0.0000000000
13354  37.039  -64.405  -3.237 0.0000000000
14264  35.840  -64.388  -4.468 0.0000000000
12494  34.701  -65.395  -3.442 0.0000000000
11687  33.992  -67.158  -4.934 0.0000000000
10181  32.630  -69.240  -5.372 0.0000000000
13365  27.697  -64.291  -3.509 0.0000000000
141361  26.401  -62.139  -3.100 0.0000000000
15206  25.490  -62.808  -4.788 0.0000000000
17097  25.437  -60.535  -5.595 0.0000000000
13417  26.757  -64.850  -9.227 0.0000000000
16067  32.207  -61.428  0.687 0.0000000000
15167  31.462  -62.160  -2.748 0.0000000000
15191  30.160  -62.710  -3.157 0.0000000000
14284  34.272  -64.199  -4.689 0.0000000000
124199  31.355  -64.298  -3.864 0.0000000000
13363  29.665  -64.419  -3.507 0.0000000000
12510  28.532  -65.793  -4.252 0.0000000000
11704  27.449  -66.819  -5.347 0.0000000000
11001  26.176  -67.069  -6.763 0.0000000000
133990  30.618  -71.307  -6.671 0.0000000000
10227  28.864  -69.415  -6.584 0.0000000000
140886  27.169  -68.401  -6.913 0.0000000000
11019  25.706  -67.122  -8.139 0.0000000000
18875  29.493  -58.987  3.067 0.0000000000
17952  30.896  -59.624  2.697 0.0000000000
17949  33.330  -59.946  3.217 0.0000000000
17020  32.942  -60.612  1.901 0.0000000000
16065  34.928  -61.610  0.888 0.0000000000
15121  35.790  -62.176  0.209 0.0000000000
15125  38.457  -62.951  -1.172 0.0000000000
15123  39.206  -63.558  -0.622 0.0000000000
13352  38.532  -63.956  -2.150 0.0000000000
139134  25.231  -59.699  -3.534 0.0000000000
17973  29.468  -60.092  1.786 0.0000000000
17974  28.614  -59.826  1.492 0.0000000000
17023  29.955  -60.627  1.205 0.0000000000
12524  25.593  -65.245  -6.846 0.0000000000
122710  25.685  -63.996  -7.118 0.0000000000
124837  35.982  -62.883  -2.672 0.0000000000
15164  35.271  -62.887  -3.127 0.0000000000
15163  36.404  -63.403  -3.479 0.0000000000
10202  33.178  -68.602  -5.876 0.0000000000
10976  33.251  -67.918  -5.860 0.0000000000
10203  32.907  -68.677  -6.095 0.0000000000
10978  30.799  -67.842  -5.685 0.0000000000
10225  31.390  -69.446  -6.326 0.0000000000
8594  27.539  -72.618  -8.923 0.0000000000
121560  37.600  -61.899  2.808 0.0000000000
15192  29.446  -62.534  -3.025 0.0000000000
16121  27.839  -61.217  -2.458 0.0000000000
15170  28.032  -62.114  -2.749 0.0000000000
20822  25.585  -56.543  -5.447 0.0000000000
124524  35.526  -64.972  -3.203 0.0000000000
11683  31.841  -66.784  -2.902 0.0000000000
124501  33.131  -66.410  -3.572 0.0000000000
10965  32.159  -67.917  -3.963 0.0000000000
10166  32.954  -68.526  -4.938 0.0000000000
10167  31.933  -69.032  -4.412 0.0000000000
13376  27.184  -64.875  -4.007 0.0000000000
14285  26.084  -63.861  -4.130 0.0000000000
14286  25.671  -63.506  -4.635 0.0000000000
129349  25.513  -61.979  -6.013 0.0000000000
17099  25.814  -60.404  -6.443 0.0000000000
18967  25.786  -58.549  -6.236 0.0000000000
121575  32.891  -61.829  0.181 0.0000000000
124671  31.977  -61.773  -0.047 0.0000000000
15129  33.181  -62.281  -0.765 0.0000000000
134272  30.789  -62.106  -2.939 0.0000000000
14267  31.676  -63.381  -3.581 0.0000000000
12498  35.328  -65.250  -4.994 0.0000000000
14283  35.271  -64.602  -4.854 0.0000000000
13372  35.051  -65.241  -5.155 0.0000000000
12507  31.897  -65.659  -4.932 0.0000000000
13374  32.199  -64.913  -4.587 0.0000000000
13362  31.085  -65.073  -4.186 0.0000000000
140971  30.502  -64.557  -3.695 0.0000000000
12501  30.090  -65.193  -3.881 0.0000000000
12502  29.083  -65.147  -3.765 0.0000000000
12509  29.608  -65.863  -4.263 0.0000000000
10979  28.688  -67.785  -5.599 0.0000000000
11703  28.316  -67.082  -5.201 0.0000000000
124349  27.816  -67.547  -5.749 0.0000000000
10980  26.885  -67.227  -6.023 0.0000000000
11000  27.444  -68.011  -6.377 0.0000000000
7809  27.368  -72.099  -6.127 0.0000000000
7120  28.784  -73.408  -7.722 0.0000000000
7105  28.856  -73.316  -6.618 0.0000000000
7113  29.575  -73.016  -7.329 0.0000000000
8576  29.808  -71.586  -7.192 0.0000000000
9382  29.906  -70.499  -6.738 0.0000000000
9383  28.978  -70.674  -7.195 0.0000000000
9393  26.815  -69.786  -8.318 0.0000000000
10235  27.200  -69.148  -7.495 0.0000000000
10236  26.377  -68.607  -7.988 0.0000000000
11018  26.143  -67.674  -7.481 0.0000000000
10237  25.865  -67.863  -8.257 0.0000000000
18858  30.064  -58.387  3.631 0.0000000000
18874  30.432  -59.077  3.194 0.0000000000
17938  31.286  -59.146  3.342 0.0000000000
17001  35.176  -60.859  2.772 0.0000000000
16992  33.998  -60.225  3.258 0.0000000000
17002  34.468  -60.592  2.650 0.0000000000
17004  33.170  -60.223  2.610 0.0000000000
17018  34.546  -60.908  2.075 0.0000000000
16057  34.143  -61.176  1.556 0.0000000000
16056  35.126  -61.320  1.628 0.0000000000
16055  37.427  -62.180  0.946 0.0000000000
127612  36.020  -61.768  0.985 0.0000000000
15120  36.883  -62.296  0.294 0.0000000000
15126  37.019  -62.523  -0.790 0.0000000000
15119  38.305  -62.610  -0.234 0.0000000000
14230  38.194  -64.144  -0.226 0.0000000000
14229  39.094  -63.884  -0.437 0.0000000000
14241  39.071  -63.834  -1.105 0.0000000000
126281  25.351  -61.233  -4.095 0.0000000000
17083  25.644  -60.977  -3.372 0.0000000000
17084  25.271  -60.401  -3.840 0.0000000000
19875  24.854  -57.459  -3.899 0.0000000000
12518  26.246  -65.756  -5.502 0.0000000000
14296  25.519  -63.507  -5.372 0.0000000000
15128  34.227  -62.395  -0.792 0.0000000000
15144  33.698  -62.496  -1.699 0.0000000000
135241  33.243  -62.758  -3.347 0.0000000000
11698  34.205  -66.770  -5.334 0.0000000000
12516  33.907  -66.521  -5.470 0.0000000000
11699  33.721  -67.229  -5.528 0.0000000000
11700  32.500  -67.119  -5.693 0.0000000000
11701  31.147  -67.099  -5.419 0.0000000000
11694  30.314  -66.499  -4.795 0.0000000000
11702  29.965  -67.192  -5.179 0.0000000000
122841  29.652  -67.869  -5.559 0.0000000000
10206  29.269  -68.563  -5.995 0.0000000000
9391  28.333  -71.034  -7.730 0.0000000000
8588  28.135  -72.296  -8.250 0.0000000000
9397  27.084  -71.171  -8.840 0.0000000000
16040  35.927  -61.308  2.468 0.0000000000
16039  37.248  -61.792  1.977 0.0000000000
16054  38.637  -62.410  1.191 0.0000000000
143466  27.735  -60.681  -2.247 0.0000000000
123634  26.695  -60.194  -2.296 0.0000000000
18953  25.130  -58.868  -4.860 0.0000000000
18040  25.033  -58.798  -4.175 0.0000000000
137852  25.169  -58.072  -4.924 0.0000000000
21759  25.398  -56.139  -4.864 0.0000000000
13359  37.262  -64.061  -3.451 0.0000000000
14263  36.636  -63.960  -3.973 0.0000000000
13360  36.508  -64.300  -4.034 0.0000000000
12493  35.518  -65.083  -4.355 0.0000000000
12499  34.997  -65.723  -4.925 0.0000000000
12500  34.319  -66.154  -4.464 0.0000000000
10968  33.589  -67.831  -5.396 0.0000000000
10180  33.218  -68.528  -5.656 0.0000000000
14270  28.252  -63.578  -3.188 0.0000000000
15194  27.016  -62.702  -3.047 0.0000000000
14272  26.503  -63.386  -3.552 0.0000000000
15196  25.627  -62.553  -4.026 0.0000000000
141624  25.339  -61.436  -4.766 0.0000000000
16133  25.394  -62.054  -5.212 0.0000000000
125708  25.274  -59.786  -5.129 0.0000000000
18048  25.438  -59.152  -5.678 0.0000000000
19890  25.744  -57.768  -6.069 0.0000000000
13404  26.344  -64.496  -8.566 0.0000000000
17042  31.545  -61.116  1.054 0.0000000000
17043  30.501  -61.159  0.527 0.0000000000
16068  31.349  -61.502  0.198 0.0000000000
14269  29.330  -63.442  -3.205 0.0000000000
14266  33.102  -63.737  -4.244 0.0000000000
13373  33.567  -64.843  -4.917 0.0000000000
134477  32.327  -64.072  -4.181 0.0000000000
144599  32.390  -63.518  -3.856 0.0000000000
14268  30.503  -63.669  -3.409 0.0000000000
13364  28.667  -64.346  -3.435 0.0000000000
13375  28.099  -65.046  -3.814 0.0000000000
12511  27.570  -65.614  -4.384 0.0000000000
11695  29.071  -66.625  -4.722 0.0000000000
11696  27.962  -66.382  -4.746 0.0000000000
12517  27.075  -66.113  -4.970 0.0000000000
11705  26.748  -66.498  -5.556 0.0000000000
11713  26.191  -66.446  -6.140 0.0000000000
11714  25.687  -66.157  -7.014 0.0000000000
9354  32.117  -69.999  -5.579 0.0000000000
7808  28.328  -72.548  -5.824 0.0000000000
8574  31.541  -70.797  -6.123 0.0000000000
9380  31.975  -70.110  -6.174 0.0000000000
9381  31.035  -70.384  -6.478 0.0000000000
10226  30.114  -69.475  -6.381 0.0000000000
9384  28.103  -69.880  -7.289 0.0000000000
10228  27.822  -68.827  -6.759 0.0000000000
10229  26.731  -67.807  -6.762 0.0000000000
11002  25.797  -66.861  -7.461 0.0000000000
11725  25.678  -66.317  -7.894 0.0000000000
12541  26.208  -65.333  -8.773 0.0000000000
18860  28.210  -58.114  3.214 0.0000000000
18859  29.097  -58.153  3.537 0.0000000000
18876  28.562  -58.786  2.842 0.0000000000
17953  29.949  -59.596  2.520 0.0000000000
17972  30.423  -60.199  2.039 0.0000000000
135396  34.158  -60.216  3.780 0.0000000000
17937  32.068  -59.254  3.532 0.0000000000
17951  31.800  -59.645  2.874 0.0000000000
17005  32.347  -60.167  2.434 0.0000000000
17021  31.951  -60.582  1.742 0.0000000000
16058  33.144  -61.255  1.222 0.0000000000
16066  33.912  -61.635  0.684 0.0000000000
16084  34.650  -62.120  0.115 0.0000000000
15127  35.439  -62.449  -0.783 0.0000000000
15142  36.360  -62.688  -1.839 0.0000000000
15141  37.853  -63.171  -1.931 0.0000000000
15124  39.036  -63.300  -0.845 0.0000000000
15140  38.796  -63.512  -1.530 0.0000000000
14252  37.868  -63.937  -2.697 0.0000000000
16126  26.248  -61.431  -2.919 0.0000000000
17076  26.124  -60.613  -2.723 0.0000000000
18026  25.377  -59.243  -2.810 0.0000000000
18947  24.875  -58.236  -3.705 0.0000000000
18940  24.912  -58.389  -2.924 0.0000000000
7104  29.653  -73.124  -6.739 0.0000000000
7114  29.035  -73.497  -7.347 0.0000000000
7825  29.152  -73.035  -7.697 0.0000000000
8575  30.244  -72.207  -7.063 0.0000000000
8587  28.985  -72.100  -7.723 0.0000000000
9372  32.629  -69.505  -6.008 0.0000000000
10204  31.783  -68.624  -6.180 0.0000000000
10964  33.350  -67.789  -4.805 0.0000000000
10967  33.912  -67.176  -5.346 0.0000000000
11688  32.914  -67.154  -4.056 0.0000000000
11693  31.542  -66.375  -5.183 0.0000000000
11738  25.789  -66.638  -8.615 0.0000000000
12505  34.449  -66.068  -5.306 0.0000000000
12506  33.251  -65.726  -5.336 0.0000000000
12523  25.799  -65.729  -6.302 0.0000000000
12542  25.863  -65.807  -8.347 0.0000000000
13340  38.712  -64.132  -1.680 0.0000000000
13347  38.207  -64.241  -2.142 0.0000000000
13355  36.147  -64.621  -3.748 0.0000000000
13361  35.688  -64.703  -4.559 0.0000000000
13366  26.823  -64.136  -3.721 0.0000000000
13371  35.558  -64.968  -4.958 0.0000000000
13377  26.380  -64.569  -4.386 0.0000000000
13378  25.752  -64.122  -4.883 0.0000000000
13383  25.972  -64.871  -5.180 0.0000000000
13388  25.573  -64.451  -6.603 0.0000000000
13393  25.686  -64.681  -7.392 0.0000000000
13405  25.908  -64.964  -8.113 0.0000000000
14247  39.107  -63.605  -1.127 0.0000000000
14248  38.921  -63.776  -1.574 0.0000000000
14253  37.267  -63.761  -3.306 0.0000000000
14271  27.335  -63.540  -3.284 0.0000000000
14273  25.826  -63.171  -4.050 0.0000000000
15161  38.405  -63.720  -2.149 0.0000000000
15169  29.076  -61.968  -2.829 0.0000000000
15193  28.674  -62.764  -2.972 0.0000000000
15195  26.133  -62.679  -3.502 0.0000000000
16086  32.220  -62.089  -0.745 0.0000000000
16125  27.064  -61.783  -2.732 0.0000000000
16127  25.732  -61.903  -3.581 0.0000000000
16130  25.439  -62.017  -4.408 0.0000000000
16138  25.633  -61.209  -6.223 0.0000000000
17003  33.774  -60.303  2.778 0.0000000000
17019  33.820  -60.616  2.189 0.0000000000
17041  32.372  -60.990  1.355 0.0000000000
17075  27.512  -60.182  -2.007 0.0000000000
17077  25.541  -60.151  -3.123 0.0000000000
17093  25.270  -60.616  -4.707 0.0000000000
17950  32.619  -59.747  3.062 0.0000000000
17971  31.402  -60.186  2.254 0.0000000000
17990  29.067  -60.381  0.918 0.0000000000
18027  25.050  -58.998  -3.597 0.0000000000
18939  25.357  -58.479  -2.184 0.0000000000
18954  25.026  -58.169  -4.357 0.0000000000
18960  25.388  -58.325  -5.503 0.0000000000
20812  25.259  -56.838  -4.888 0.0000000000
21768  25.719  -55.871  -5.419 0.0000000000
122641  26.049  -59.825  -2.472 0.0000000000
124995  33.731  -63.297  -4.023 0.0000000000
130070  34.934  -65.786  -5.085 0.0000000000
130814  30.951  -62.808  -3.275 0.0000000000
131587  33.507  -59.803  3.857 0.0000000000
132514  25.523  -59.870  -5.858 0.0000000000
133741  25.404  -61.301  -5.410 0.0000000000
139614  32.965  -69.106  -6.026 0.0000000000
139747  26.705  -68.313  -7.287 0.0000000000
140525  37.752  -63.639  -2.598 0.0000000000
140581  38.776  -63.758  -1.858 0.0000000000
141968  33.539  -60.859  1.744 0.0000000000
144428  31.286  -70.886  -6.312 0.0000000000
