#!ascii label  , from subject sub-v2s16x51292_ses-1 vox2ras=TkReg
729
80148  -24.631  2.098  67.753 0.0000000000
83818  -10.924  -0.575  71.565 0.0000000000
40060  -17.756  -1.634  69.354 0.0000000000
87280  -33.308  11.293  46.884 0.0000000000
95232  -37.202  12.179  40.278 0.0000000000
42942  -3.752  1.783  72.679 0.0000000000
50939  -33.402  10.199  50.716 0.0000000000
44833  -25.168  4.037  65.784 0.0000000000
40065  -22.137  -0.956  68.826 0.0000000000
42949  -6.872  0.751  71.058 0.0000000000
41938  -7.048  0.420  75.908 0.0000000000
42034  -21.064  0.341  65.823 0.0000000000
43931  -20.790  2.488  63.843 0.0000000000
89003  -13.851  -0.652  70.124 0.0000000000
42021  -18.512  0.056  66.555 0.0000000000
48328  -27.532  7.472  52.522 0.0000000000
47563  -31.677  6.186  50.871 0.0000000000
48372  -35.507  6.867  47.857 0.0000000000
39121  -1.276  -2.415  75.960 0.0000000000
38115  1.941  -4.068  78.185 0.0000000000
43983  -21.632  2.672  61.213 0.0000000000
44927  -23.031  3.536  57.699 0.0000000000
46725  -24.906  5.725  55.162 0.0000000000
39994  -3.899  -1.475  75.198 0.0000000000
91266  -10.754  -0.314  73.808 0.0000000000
80460  -12.338  -0.511  73.279 0.0000000000
41998  -23.793  0.461  68.720 0.0000000000
41987  -9.120  0.883  69.735 0.0000000000
41020  -8.551  0.076  70.672 0.0000000000
80191  -8.758  -0.488  72.712 0.0000000000
42985  -19.738  1.817  66.838 0.0000000000
42023  -20.335  0.181  66.164 0.0000000000
50026  -28.100  9.490  51.528 0.0000000000
47548  -29.734  6.774  51.716 0.0000000000
50041  -30.310  9.181  50.667 0.0000000000
49201  -33.232  8.370  48.632 0.0000000000
50068  -33.995  9.126  47.226 0.0000000000
91011  -36.881  8.224  46.911 0.0000000000
50089  -35.571  9.687  45.534 0.0000000000
50995  -36.390  10.224  44.286 0.0000000000
46629  -19.317  4.997  63.275 0.0000000000
43950  -21.264  2.609  62.776 0.0000000000
46657  -19.609  5.179  61.752 0.0000000000
47453  -22.571  6.135  58.577 0.0000000000
86461  -23.374  6.713  57.221 0.0000000000
45861  -24.162  5.050  56.008 0.0000000000
48306  -23.667  7.534  54.940 0.0000000000
49148  -24.725  8.617  53.550 0.0000000000
40039  -15.781  -1.090  70.521 0.0000000000
40940  -2.309  -0.681  74.202 0.0000000000
92018  -3.680  -0.827  73.607 0.0000000000
93242  1.651  -5.559  80.531 0.0000000000
36293  3.426  -5.993  81.560 0.0000000000
50923  -32.050  10.515  51.490 0.0000000000
44866  -25.575  4.570  64.169 0.0000000000
40062  -19.709  -1.531  69.561 0.0000000000
91050  -5.200  1.213  72.043 0.0000000000
88773  -4.816  -0.635  73.121 0.0000000000
82798  -6.530  -0.462  72.915 0.0000000000
51877  -38.881  12.010  38.917 0.0000000000
42025  -23.407  0.486  66.696 0.0000000000
43008  -23.155  1.720  65.842 0.0000000000
43018  -21.377  1.605  65.144 0.0000000000
41033  -10.907  0.414  69.578 0.0000000000
83817  -12.204  -0.514  70.700 0.0000000000
41996  -12.584  0.512  68.900 0.0000000000
41058  -14.273  0.047  68.099 0.0000000000
41059  -15.599  -0.584  67.684 0.0000000000
42981  -16.776  1.315  67.006 0.0000000000
40098  -17.552  -1.242  67.441 0.0000000000
81486  -19.677  -1.243  66.701 0.0000000000
40119  -21.526  -1.157  66.601 0.0000000000
47507  -28.089  6.478  54.207 0.0000000000
49190  -31.985  8.365  49.962 0.0000000000
83041  -34.127  5.951  49.225 0.0000000000
51008  -37.368  10.482  43.051 0.0000000000
38127  0.265  -4.200  76.711 0.0000000000
37180  0.220  -5.407  78.718 0.0000000000
43934  -23.125  2.515  64.550 0.0000000000
43970  -23.212  2.893  62.675 0.0000000000
43985  -23.310  2.544  61.100 0.0000000000
46675  -20.857  5.397  59.665 0.0000000000
44911  -21.819  3.293  59.157 0.0000000000
43077  -24.188  1.950  59.507 0.0000000000
44018  -25.655  2.032  58.080 0.0000000000
44935  -25.924  3.275  56.403 0.0000000000
46715  -26.890  5.366  55.341 0.0000000000
47519  -25.878  6.811  53.977 0.0000000000
49158  -26.129  8.879  52.567 0.0000000000
40968  -14.427  -0.564  73.136 0.0000000000
40916  -0.521  -0.043  75.165 0.0000000000
39992  -2.413  -1.818  75.322 0.0000000000
85418  -5.062  -0.817  74.662 0.0000000000
35393  4.973  -6.746  81.626 0.0000000000
40987  -10.205  -0.586  72.123 0.0000000000
40967  -11.458  -0.429  73.504 0.0000000000
40988  -11.565  -0.565  72.501 0.0000000000
41999  -24.228  1.173  68.624 0.0000000000
41981  -9.313  0.284  70.172 0.0000000000
41980  -8.349  0.739  70.175 0.0000000000
41008  -9.833  -0.443  71.250 0.0000000000
40986  -9.270  -0.574  71.990 0.0000000000
91182  -28.894  9.790  51.322 0.0000000000
50027  -28.928  9.050  51.150 0.0000000000
50028  -29.648  9.595  50.995 0.0000000000
51788  -33.283  11.240  47.576 0.0000000000
50067  -33.467  9.772  47.684 0.0000000000
50965  -33.404  10.528  47.076 0.0000000000
50076  -34.469  9.396  46.546 0.0000000000
50982  -33.921  10.651  45.688 0.0000000000
93111  -34.432  10.547  45.201 0.0000000000
46643  -19.438  5.174  62.463 0.0000000000
82475  -23.638  7.467  57.621 0.0000000000
90514  -23.469  6.776  56.434 0.0000000000
87390  -23.463  8.112  56.032 0.0000000000
49132  -23.485  8.740  55.391 0.0000000000
84422  -16.934  -1.525  69.603 0.0000000000
40027  -17.303  -1.214  71.242 0.0000000000
40028  -18.175  -1.290  71.215 0.0000000000
41960  -3.105  0.450  73.152 0.0000000000
41968  -3.873  0.148  72.742 0.0000000000
51841  -38.046  11.131  41.197 0.0000000000
36303  2.185  -5.660  80.621 0.0000000000
90589  -25.858  4.575  66.963 0.0000000000
44848  -25.125  4.195  64.918 0.0000000000
40063  -20.543  -1.421  69.396 0.0000000000
89958  -21.970  -0.727  70.698 0.0000000000
42950  -7.106  1.567  70.830 0.0000000000
81193  -6.449  1.511  71.229 0.0000000000
43854  -5.734  1.978  71.624 0.0000000000
42948  -5.997  0.969  71.525 0.0000000000
40983  -6.160  -0.209  72.365 0.0000000000
91440  -6.845  -0.081  71.912 0.0000000000
40946  -9.585  0.036  74.391 0.0000000000
40945  -8.670  0.048  74.333 0.0000000000
42036  -22.421  0.382  65.818 0.0000000000
43006  -21.748  0.942  65.546 0.0000000000
43005  -20.820  1.336  65.565 0.0000000000
42963  -10.919  1.197  69.169 0.0000000000
41989  -11.823  0.642  69.177 0.0000000000
42964  -11.953  1.354  68.937 0.0000000000
42969  -13.834  1.222  68.024 0.0000000000
42006  -14.527  0.730  67.547 0.0000000000
41046  -14.964  -0.507  68.204 0.0000000000
42007  -15.389  0.497  67.053 0.0000000000
42982  -17.915  1.370  67.250 0.0000000000
42994  -17.623  0.672  66.678 0.0000000000
42019  -16.785  -0.079  66.601 0.0000000000
41072  -18.196  -0.631  66.734 0.0000000000
40100  -19.103  -1.369  67.159 0.0000000000
41073  -19.145  -0.713  66.606 0.0000000000
90563  -20.778  -0.367  66.102 0.0000000000
40131  -20.810  -0.835  66.211 0.0000000000
41086  -21.371  -0.492  66.051 0.0000000000
41087  -22.128  -0.370  66.034 0.0000000000
47521  -27.594  6.722  53.628 0.0000000000
81746  -28.791  6.429  54.103 0.0000000000
47532  -28.718  6.706  52.685 0.0000000000
47549  -30.415  6.668  51.342 0.0000000000
47534  -30.265  6.217  52.045 0.0000000000
50938  -32.639  9.941  50.893 0.0000000000
50043  -32.179  9.279  50.298 0.0000000000
50052  -32.507  8.940  49.840 0.0000000000
48371  -34.555  6.974  48.057 0.0000000000
48370  -33.688  7.257  48.494 0.0000000000
47581  -34.302  6.412  48.677 0.0000000000
46795  -35.402  5.533  49.677 0.0000000000
51007  -36.677  10.409  43.584 0.0000000000
51013  -35.693  11.108  42.656 0.0000000000
51022  -36.782  10.978  41.870 0.0000000000
39980  -0.066  -1.561  76.121 0.0000000000
39971  0.605  -1.561  76.680 0.0000000000
39102  -0.778  -3.085  76.291 0.0000000000
38116  -0.737  -4.367  78.534 0.0000000000
93632  0.124  -4.782  80.160 0.0000000000
43932  -21.506  1.995  64.434 0.0000000000
43923  -23.448  2.449  65.392 0.0000000000
43933  -22.308  2.140  64.379 0.0000000000
44880  -21.070  2.850  61.811 0.0000000000
43951  -22.343  2.537  62.751 0.0000000000
43969  -22.783  2.734  61.931 0.0000000000
79368  -23.591  2.983  61.890 0.0000000000
43984  -22.412  2.576  61.226 0.0000000000
48238  -21.763  6.881  59.950 0.0000000000
46690  -22.788  4.989  57.701 0.0000000000
45840  -21.671  4.884  58.816 0.0000000000
44920  -22.353  3.564  58.364 0.0000000000
44004  -23.361  2.110  59.179 0.0000000000
44016  -23.341  2.356  58.361 0.0000000000
43088  -24.982  1.780  58.680 0.0000000000
44039  -23.960  2.726  57.139 0.0000000000
46712  -24.644  5.223  55.598 0.0000000000
45862  -24.792  4.427  55.905 0.0000000000
46713  -25.253  5.082  55.487 0.0000000000
45864  -26.597  4.610  55.719 0.0000000000
46726  -25.568  5.588  55.143 0.0000000000
47505  -26.485  6.328  54.444 0.0000000000
47504  -25.482  6.200  54.631 0.0000000000
50005  -24.905  9.425  53.326 0.0000000000
49149  -25.442  8.772  53.024 0.0000000000
50906  -25.971  10.390  52.738 0.0000000000
41025  -13.416  -0.614  70.767 0.0000000000
40990  -13.354  -0.597  72.364 0.0000000000
40991  -14.098  -0.606  72.354 0.0000000000
40001  -2.790  -1.414  74.688 0.0000000000
40000  -1.920  -1.326  74.852 0.0000000000
39993  -3.172  -1.671  75.225 0.0000000000
40942  -5.881  -0.525  74.345 0.0000000000
40941  -4.806  -0.886  73.792 0.0000000000
40920  -6.511  -0.078  75.250 0.0000000000
40947  -10.426  -0.104  74.414 0.0000000000
79898  -11.237  -0.294  74.323 0.0000000000
79754  -12.718  -0.469  74.747 0.0000000000
79753  -13.607  -0.528  74.688 0.0000000000
41047  -22.737  -0.634  68.420 0.0000000000
41028  -23.271  -0.070  70.416 0.0000000000
43867  -8.583  2.253  70.261 0.0000000000
41019  -7.720  0.355  70.783 0.0000000000
41005  -7.519  -0.259  71.857 0.0000000000
81695  -8.355  -0.450  71.900 0.0000000000
80462  -9.689  -0.466  72.831 0.0000000000
42997  -20.332  1.035  66.141 0.0000000000
86119  -20.178  1.693  66.155 0.0000000000
42983  -18.866  1.443  67.491 0.0000000000
42022  -19.566  0.032  66.422 0.0000000000
42996  -19.792  0.984  66.537 0.0000000000
48339  -27.886  7.908  51.930 0.0000000000
48329  -28.277  7.224  52.264 0.0000000000
48340  -28.646  7.665  51.688 0.0000000000
48351  -29.850  7.868  50.991 0.0000000000
48352  -30.618  7.353  50.798 0.0000000000
50053  -32.952  9.193  49.405 0.0000000000
50060  -33.233  9.421  48.520 0.0000000000
49209  -33.639  8.814  47.889 0.0000000000
48380  -34.893  7.598  47.562 0.0000000000
48381  -35.839  7.505  47.357 0.0000000000
49212  -36.121  8.121  46.900 0.0000000000
50077  -36.029  9.165  46.009 0.0000000000
50090  -36.462  9.594  45.501 0.0000000000
50984  -35.979  9.990  44.898 0.0000000000
50993  -34.609  10.770  44.535 0.0000000000
39103  -1.518  -2.812  76.397 0.0000000000
38141  -1.174  -3.559  76.723 0.0000000000
39065  -1.664  -2.949  78.217 0.0000000000
44864  -19.915  3.207  63.687 0.0000000000
43949  -20.447  2.984  63.147 0.0000000000
81418  -19.867  3.437  62.978 0.0000000000
81989  -20.414  3.527  61.485 0.0000000000
45820  -20.310  4.322  60.633 0.0000000000
47445  -22.171  6.510  59.309 0.0000000000
47454  -23.232  6.682  58.141 0.0000000000
47463  -23.010  5.903  57.688 0.0000000000
46691  -23.208  5.268  57.179 0.0000000000
44928  -23.578  3.427  57.066 0.0000000000
47477  -23.405  5.970  56.722 0.0000000000
47488  -23.636  6.379  55.896 0.0000000000
47502  -23.845  6.755  55.153 0.0000000000
48308  -24.979  6.927  54.178 0.0000000000
82399  -23.980  7.836  54.405 0.0000000000
40038  -14.795  -0.799  70.580 0.0000000000
40014  -15.342  -0.644  72.108 0.0000000000
40015  -16.093  -0.735  72.068 0.0000000000
40959  -3.060  -0.448  73.612 0.0000000000
40002  -3.566  -1.377  74.586 0.0000000000
37191  1.543  -5.169  78.424 0.0000000000
38114  2.576  -3.809  78.993 0.0000000000
36309  2.644  -5.177  80.114 0.0000000000
36302  2.991  -5.635  80.817 0.0000000000
85821  3.753  -5.499  81.126 0.0000000000
44867  -25.866  4.488  63.305 0.0000000000
40061  -18.513  -1.654  69.333 0.0000000000
40029  -19.038  -1.284  71.244 0.0000000000
43845  -4.870  2.149  72.097 0.0000000000
42943  -4.367  1.492  72.373 0.0000000000
41969  -4.598  0.432  72.412 0.0000000000
40982  -5.181  -0.287  72.614 0.0000000000
40962  -5.673  -0.556  73.184 0.0000000000
81844  -6.627  -0.429  73.734 0.0000000000
40985  -7.852  -0.452  72.577 0.0000000000
40944  -7.612  -0.136  74.245 0.0000000000
41939  -7.910  0.539  75.807 0.0000000000
51864  -37.779  11.901  39.945 0.0000000000
42986  -23.880  1.052  67.220 0.0000000000
42999  -24.335  1.887  66.996 0.0000000000
42037  -23.050  0.791  66.056 0.0000000000
43019  -21.966  1.663  65.081 0.0000000000
83196  -20.188  2.196  65.595 0.0000000000
44846  -19.940  2.865  64.692 0.0000000000
44845  -19.464  3.741  64.222 0.0000000000
45780  -19.350  4.477  63.932 0.0000000000
41022  -10.245  0.093  70.032 0.0000000000
41010  -11.439  -0.462  70.732 0.0000000000
85154  -11.076  -0.128  70.056 0.0000000000
41035  -12.438  0.001  69.425 0.0000000000
41036  -13.336  -0.324  69.439 0.0000000000
83379  -12.932  1.453  68.601 0.0000000000
41044  -13.111  0.118  68.856 0.0000000000
80600  -14.142  -0.560  69.295 0.0000000000
90228  -14.957  -0.834  69.032 0.0000000000
40081  -15.637  -0.979  68.424 0.0000000000
40059  -16.481  -1.382  68.724 0.0000000000
43904  -15.815  1.594  67.290 0.0000000000
42018  -16.132  0.198  66.701 0.0000000000
41060  -16.748  -0.884  67.327 0.0000000000
40082  -17.439  -1.543  68.370 0.0000000000
40084  -18.926  -1.619  67.852 0.0000000000
84420  -19.880  -1.650  68.387 0.0000000000
83050  -20.545  -1.593  67.614 0.0000000000
41074  -20.134  -0.709  66.315 0.0000000000
82567  -20.934  -1.290  66.604 0.0000000000
40086  -22.222  -1.058  68.010 0.0000000000
41061  -22.634  -0.765  67.540 0.0000000000
95059  -23.610  0.396  67.389 0.0000000000
41988  -9.964  0.741  69.524 0.0000000000
47533  -29.513  6.441  52.422 0.0000000000
50936  -30.821  9.719  50.810 0.0000000000
50042  -31.219  8.943  50.421 0.0000000000
48361  -31.877  7.557  50.022 0.0000000000
49195  -32.648  8.344  49.383 0.0000000000
79973  -32.752  7.003  49.424 0.0000000000
47571  -32.865  6.400  49.778 0.0000000000
46782  -34.160  5.427  50.497 0.0000000000
51016  -38.122  10.599  42.618 0.0000000000
51840  -37.170  11.339  41.260 0.0000000000
51852  -36.785  12.003  40.747 0.0000000000
39970  1.240  -1.690  77.318 0.0000000000
38126  1.198  -3.861  77.360 0.0000000000
92515  -0.952  -4.190  76.980 0.0000000000
37192  -0.302  -5.152  77.984 0.0000000000
36317  0.644  -5.529  78.112 0.0000000000
36304  1.107  -5.419  80.045 0.0000000000
43914  -23.867  2.211  66.156 0.0000000000
43924  -24.142  2.976  65.733 0.0000000000
43935  -23.915  3.151  64.814 0.0000000000
79625  -22.890  2.573  63.593 0.0000000000
94019  -23.547  3.043  64.056 0.0000000000
43952  -24.148  3.579  64.027 0.0000000000
44865  -24.529  3.823  63.253 0.0000000000
44881  -24.735  3.633  62.357 0.0000000000
44892  -24.871  3.200  61.639 0.0000000000
46669  -20.337  5.290  60.287 0.0000000000
45821  -20.887  4.030  59.919 0.0000000000
46676  -21.463  5.460  59.156 0.0000000000
88382  -21.166  4.640  59.341 0.0000000000
44002  -21.374  3.342  59.889 0.0000000000
43995  -22.702  2.461  60.463 0.0000000000
94565  -23.889  2.425  60.743 0.0000000000
44933  -24.122  3.282  56.679 0.0000000000
44041  -25.553  2.754  56.768 0.0000000000
46728  -27.117  6.024  54.918 0.0000000000
47506  -27.321  6.437  54.335 0.0000000000
48319  -27.138  7.147  53.146 0.0000000000
93297  -25.408  7.378  53.718 0.0000000000
48326  -26.062  8.177  52.849 0.0000000000
49160  -27.192  8.177  52.263 0.0000000000
50025  -27.174  9.537  51.950 0.0000000000
50919  -27.541  10.247  51.871 0.0000000000
40989  -12.571  -0.594  72.427 0.0000000000
80459  -13.184  -0.554  73.130 0.0000000000
92710  -15.068  -0.572  73.263 0.0000000000
39990  -0.811  -1.728  75.695 0.0000000000
40939  -1.365  -0.455  74.628 0.0000000000
39991  -1.625  -1.849  75.470 0.0000000000
39122  -2.008  -2.276  75.899 0.0000000000
39104  -2.240  -2.389  76.534 0.0000000000
40961  -4.223  -0.784  73.359 0.0000000000
40010  -3.968  -1.149  73.924 0.0000000000
40918  -4.716  -0.891  75.454 0.0000000000
35395  3.547  -6.438  82.222 0.0000000000
35394  4.152  -6.593  81.957 0.0000000000
36292  4.519  -5.840  81.388 0.0000000000
90171  -10.848  -0.574  72.277 0.0000000000
42987  -24.316  1.450  67.818 0.0000000000
82931  -9.819  -0.166  70.528 0.0000000000
50921  -29.403  10.334  51.463 0.0000000000
50075  -33.849  10.174  46.366 0.0000000000
50972  -33.476  10.947  46.317 0.0000000000
50981  -33.620  11.381  45.638 0.0000000000
40041  -17.566  -1.473  70.395 0.0000000000
43843  -3.599  2.406  73.018 0.0000000000
42934  -3.090  1.636  73.124 0.0000000000
86159  -3.728  0.980  72.634 0.0000000000
51853  -37.525  11.612  40.626 0.0000000000
51854  -38.315  11.397  40.442 0.0000000000
45764  -25.526  4.522  65.488 0.0000000000
85316  -21.371  -1.241  69.154 0.0000000000
40064  -22.023  -0.821  69.798 0.0000000000
41004  -6.431  0.260  71.690 0.0000000000
41976  -7.205  0.104  71.378 0.0000000000
42035  -21.790  0.105  65.802 0.0000000000
43880  -11.460  2.038  69.283 0.0000000000
42970  -14.316  1.689  68.009 0.0000000000
42979  -14.562  1.341  67.668 0.0000000000
84289  -15.173  1.193  67.258 0.0000000000
42995  -18.461  0.904  66.859 0.0000000000
42020  -17.472  -0.076  66.562 0.0000000000
47531  -27.923  6.899  52.901 0.0000000000
47522  -28.378  6.603  53.433 0.0000000000
47562  -31.034  6.618  50.960 0.0000000000
47550  -31.054  6.075  51.546 0.0000000000
46780  -32.477  5.761  50.906 0.0000000000
50044  -32.900  9.517  50.257 0.0000000000
47582  -35.181  6.292  48.444 0.0000000000
47574  -35.755  5.794  48.972 0.0000000000
51829  -35.363  11.691  42.403 0.0000000000
88420  -0.605  -2.266  76.058 0.0000000000
39101  0.025  -2.385  76.330 0.0000000000
44890  -20.998  2.950  61.094 0.0000000000
80065  -21.923  2.615  61.961 0.0000000000
45847  -22.718  4.216  57.830 0.0000000000
44028  -22.896  2.920  58.170 0.0000000000
44029  -23.408  2.806  57.661 0.0000000000
44017  -23.931  2.210  57.784 0.0000000000
41012  -13.586  -0.627  71.541 0.0000000000
41026  -14.043  -0.642  70.925 0.0000000000
85135  -3.509  -1.611  75.752 0.0000000000
40943  -6.807  -0.193  74.564 0.0000000000
39064  1.964  -2.982  77.968 0.0000000000
44816  -25.316  3.919  66.711 0.0000000000
79448  -10.948  -0.059  75.044 0.0000000000
79750  -12.115  -0.415  74.123 0.0000000000
79749  -13.002  -0.511  73.966 0.0000000000
41048  -23.320  -0.179  68.676 0.0000000000
41990  -23.571  0.131  69.505 0.0000000000
43868  -9.365  2.340  69.976 0.0000000000
42957  -8.744  1.547  69.874 0.0000000000
41006  -8.001  -0.126  71.247 0.0000000000
41007  -8.864  -0.313  71.268 0.0000000000
40966  -10.042  -0.243  73.695 0.0000000000
42008  -19.195  0.899  66.780 0.0000000000
43906  -19.521  2.416  67.840 0.0000000000
49173  -27.565  8.744  51.843 0.0000000000
49174  -28.357  8.503  51.521 0.0000000000
49187  -29.679  8.702  50.854 0.0000000000
49188  -30.447  8.315  50.599 0.0000000000
50948  -33.275  10.122  49.183 0.0000000000
50956  -33.253  10.187  48.338 0.0000000000
49210  -34.353  8.365  47.402 0.0000000000
49211  -35.228  8.179  47.109 0.0000000000
49219  -34.681  8.757  46.963 0.0000000000
92290  -35.229  9.382  46.082 0.0000000000
50983  -35.099  10.214  45.009 0.0000000000
51800  -34.052  11.103  45.051 0.0000000000
90387  -19.393  3.935  63.277 0.0000000000
45806  -19.582  4.602  62.166 0.0000000000
45807  -19.854  4.414  61.549 0.0000000000
48290  -23.508  7.289  55.756 0.0000000000
87346  -24.223  7.203  54.523 0.0000000000
49996  -23.697  9.011  54.573 0.0000000000
82932  -15.310  -1.050  69.779 0.0000000000
40025  -15.493  -0.797  71.365 0.0000000000
88299  -17.860  -1.059  71.950 0.0000000000
40016  -17.012  -0.932  71.991 0.0000000000
40009  -3.258  -1.042  74.096 0.0000000000
36310  1.695  -5.431  79.945 0.0000000000
36316  1.981  -5.262  79.221 0.0000000000
90401  2.584  -5.844  81.193 0.0000000000
36308  3.603  -4.992  80.679 0.0000000000
45771  -25.736  4.748  64.970 0.0000000000
90362  -25.203  4.237  63.534 0.0000000000
90530  -19.047  -1.589  69.724 0.0000000000
40042  -19.434  -1.409  70.458 0.0000000000
40043  -20.269  -1.316  70.375 0.0000000000
94454  -5.377  2.720  72.101 0.0000000000
41970  -5.592  0.334  72.093 0.0000000000
40964  -8.230  -0.318  73.470 0.0000000000
40922  -8.251  0.296  75.071 0.0000000000
42998  -23.618  1.363  66.487 0.0000000000
43007  -22.496  1.257  65.619 0.0000000000
43921  -20.787  2.059  64.858 0.0000000000
43913  -19.753  2.416  66.465 0.0000000000
44831  -19.567  3.047  65.780 0.0000000000
44830  -19.429  3.769  65.169 0.0000000000
41034  -11.607  0.112  69.637 0.0000000000
42005  -13.854  0.634  68.063 0.0000000000
41997  -13.164  0.760  68.457 0.0000000000
41057  -13.620  0.272  68.440 0.0000000000
83079  -13.779  -0.200  68.771 0.0000000000
41045  -14.415  -0.445  68.665 0.0000000000
40097  -16.216  -1.042  67.856 0.0000000000
92600  -16.450  1.924  67.579 0.0000000000
42980  -15.938  0.919  66.792 0.0000000000
83856  -17.318  -0.594  66.860 0.0000000000
41071  -16.460  -0.334  66.886 0.0000000000
40083  -18.286  -1.659  68.563 0.0000000000
82958  -18.113  -1.550  67.855 0.0000000000
80817  -19.732  -1.547  67.332 0.0000000000
40118  -21.147  -1.028  66.301 0.0000000000
40102  -21.128  -1.465  67.065 0.0000000000
40103  -21.914  -1.213  67.238 0.0000000000
42024  -22.870  -0.085  66.247 0.0000000000
41077  -23.188  -0.256  67.125 0.0000000000
82238  -10.136  1.472  69.316 0.0000000000
46729  -27.862  6.271  54.842 0.0000000000
79663  -29.239  6.314  53.318 0.0000000000
47547  -28.994  6.944  51.964 0.0000000000
87405  -31.190  10.260  51.222 0.0000000000
50922  -30.315  10.247  51.237 0.0000000000
49189  -31.232  7.895  50.297 0.0000000000
47572  -33.447  6.580  49.145 0.0000000000
48363  -32.982  7.549  49.045 0.0000000000
46793  -33.581  5.812  49.826 0.0000000000
46783  -35.067  5.416  50.448 0.0000000000
48382  -36.742  7.638  47.313 0.0000000000
50996  -37.205  10.177  44.277 0.0000000000
51009  -38.158  10.432  43.464 0.0000000000
51015  -37.288  10.667  42.390 0.0000000000
51839  -36.252  11.772  41.378 0.0000000000
88682  0.051  -3.342  76.466 0.0000000000
39083  0.698  -2.455  76.830 0.0000000000
91935  0.734  -3.282  76.925 0.0000000000
39082  1.313  -2.656  77.384 0.0000000000
38129  -1.279  -3.658  77.476 0.0000000000
38128  -0.852  -4.347  77.718 0.0000000000
37181  -0.318  -4.828  78.993 0.0000000000
36311  1.027  -5.502  79.114 0.0000000000
37167  0.337  -5.165  79.588 0.0000000000
37155  0.634  -4.673  81.332 0.0000000000
80743  -21.868  2.239  63.580 0.0000000000
90094  -23.723  3.252  63.357 0.0000000000
43953  -23.993  3.359  62.577 0.0000000000
44891  -24.249  3.255  61.944 0.0000000000
47443  -20.651  5.978  60.053 0.0000000000
45833  -20.645  4.726  59.924 0.0000000000
47452  -21.903  5.986  59.064 0.0000000000
46682  -22.051  5.472  58.663 0.0000000000
44919  -21.696  4.125  58.840 0.0000000000
93640  -21.348  3.874  59.395 0.0000000000
44003  -22.070  2.724  59.881 0.0000000000
79479  -23.535  2.258  60.166 0.0000000000
43066  -24.486  2.301  60.432 0.0000000000
80187  -24.938  2.671  61.072 0.0000000000
43096  -24.683  1.933  57.927 0.0000000000
45855  -23.964  4.110  56.442 0.0000000000
44941  -25.422  3.760  56.096 0.0000000000
85132  -25.236  3.161  56.392 0.0000000000
45865  -27.448  4.943  55.828 0.0000000000
46716  -27.819  5.834  55.402 0.0000000000
47520  -26.774  6.779  53.810 0.0000000000
81702  -26.209  7.425  53.353 0.0000000000
48307  -24.644  7.767  53.931 0.0000000000
48327  -26.774  7.752  52.725 0.0000000000
95072  -26.594  8.369  52.497 0.0000000000
49159  -26.822  8.881  52.201 0.0000000000
41011  -12.055  -0.619  71.515 0.0000000000
80458  -13.808  -0.570  72.952 0.0000000000
79748  -13.923  -0.520  73.774 0.0000000000
79747  -14.810  -0.541  73.878 0.0000000000
80114  -15.699  -0.607  72.886 0.0000000000
40018  -19.445  -1.127  72.022 0.0000000000
40898  -0.273  -0.844  75.722 0.0000000000
40917  -1.045  -1.091  75.199 0.0000000000
91002  -1.687  0.076  74.193 0.0000000000
41950  -1.115  0.443  74.590 0.0000000000
40981  -4.388  -0.358  72.846 0.0000000000
40003  -4.297  -1.197  74.522 0.0000000000
52677  -38.039  12.437  39.241 0.0000000000
34369  4.470  -7.538  82.205 0.0000000000
80461  -10.660  -0.461  72.960 0.0000000000
41021  -9.260  -0.155  70.739 0.0000000000
79371  -19.630  2.761  67.339 0.0000000000
87368  -33.279  10.545  47.825 0.0000000000
82211  -33.753  9.772  46.956 0.0000000000
50088  -34.622  9.975  45.759 0.0000000000
45793  -19.419  4.465  62.703 0.0000000000
47434  -19.554  5.910  62.043 0.0000000000
89226  -19.758  5.804  61.391 0.0000000000
48276  -23.491  7.461  56.640 0.0000000000
88539  -23.494  7.983  55.355 0.0000000000
40058  -16.120  -1.327  69.696 0.0000000000
40040  -16.664  -1.336  70.462 0.0000000000
40960  -3.718  -0.387  73.156 0.0000000000
51842  -38.933  11.119  41.087 0.0000000000
89055  2.012  -5.789  81.161 0.0000000000
36294  2.758  -6.041  81.931 0.0000000000
79154  -24.827  4.065  64.085 0.0000000000
40044  -21.189  -1.102  70.270 0.0000000000
43856  -7.432  2.266  70.885 0.0000000000
43855  -6.703  2.354  71.347 0.0000000000
40984  -7.014  -0.331  72.431 0.0000000000
40965  -9.166  -0.218  73.600 0.0000000000
40923  -9.174  0.316  75.076 0.0000000000
85156  -13.749  1.899  68.425 0.0000000000
80733  -15.025  -0.023  67.487 0.0000000000
43905  -17.309  1.881  67.762 0.0000000000
42993  -16.733  0.462  66.602 0.0000000000
40115  -18.045  -1.036  66.942 0.0000000000
40099  -18.422  -1.339  67.303 0.0000000000
40116  -18.772  -1.101  66.877 0.0000000000
41075  -21.704  -0.818  66.263 0.0000000000
41076  -22.339  -0.768  66.609 0.0000000000
50937  -31.711  9.813  50.804 0.0000000000
49202  -33.973  7.862  47.917 0.0000000000
47573  -34.863  5.795  49.039 0.0000000000
94889  -36.084  10.442  43.855 0.0000000000
51006  -35.741  10.742  43.356 0.0000000000
51014  -36.487  10.734  42.672 0.0000000000
51830  -35.984  11.301  42.072 0.0000000000
43922  -22.681  2.015  65.186 0.0000000000
47444  -21.334  6.173  59.597 0.0000000000
46683  -22.525  5.463  58.188 0.0000000000
45841  -22.218  4.664  58.299 0.0000000000
44015  -22.575  2.643  58.919 0.0000000000
90237  -24.603  1.791  59.088 0.0000000000
43076  -24.112  1.874  58.615 0.0000000000
90902  -24.448  2.321  57.344 0.0000000000
45863  -25.720  4.452  55.736 0.0000000000
44942  -26.256  3.903  56.067 0.0000000000
46714  -26.045  5.147  55.420 0.0000000000
46727  -26.262  5.761  54.973 0.0000000000
50012  -25.636  9.533  52.824 0.0000000000
50013  -26.388  9.578  52.369 0.0000000000
88287  -12.817  -0.626  71.067 0.0000000000
39981  -2.843  -1.968  75.951 0.0000000000
40919  -5.641  -0.434  75.347 0.0000000000
41942  -10.627  0.278  75.736 0.0000000000
79505  -11.623  -0.101  75.743 0.0000000000
79755  -11.818  -0.334  74.908 0.0000000000
43857  -8.130  2.621  70.801 0.0000000000
43866  -7.901  1.706  70.327 0.0000000000
42956  -7.516  0.952  70.503 0.0000000000
40924  -10.070  0.196  75.078 0.0000000000
82796  -29.374  7.428  51.449 0.0000000000
49175  -29.124  8.205  51.238 0.0000000000
91077  -29.979  7.210  51.228 0.0000000000
88074  -31.540  6.950  50.408 0.0000000000
85220  -33.307  9.806  50.008 0.0000000000
48373  -36.485  6.943  47.816 0.0000000000
49220  -35.453  8.789  46.569 0.0000000000
49221  -36.499  8.672  46.482 0.0000000000
50994  -35.519  10.469  44.223 0.0000000000
51005  -34.832  11.022  43.725 0.0000000000
39084  -1.790  -2.891  77.169 0.0000000000
44879  -20.445  3.204  62.432 0.0000000000
44878  -19.748  3.895  62.370 0.0000000000
48250  -22.965  6.798  58.978 0.0000000000
45848  -23.255  4.362  57.185 0.0000000000
46700  -23.608  5.059  56.581 0.0000000000
95116  -23.755  5.649  56.094 0.0000000000
47489  -24.181  5.880  55.489 0.0000000000
47503  -24.542  6.429  54.805 0.0000000000
49141  -24.086  8.460  54.132 0.0000000000
49140  -23.644  8.259  54.751 0.0000000000
50004  -24.216  9.268  53.908 0.0000000000
50897  -24.525  10.179  53.787 0.0000000000
41013  -14.592  -0.646  71.626 0.0000000000
40026  -16.385  -1.027  71.276 0.0000000000
42933  -2.343  1.165  73.644 0.0000000000
41959  -2.298  0.222  73.747 0.0000000000
37190  2.168  -4.584  78.792 0.0000000000
37179  2.662  -4.452  79.494 0.0000000000
37178  3.366  -4.338  80.311 0.0000000000
91368  -31.861  11.132  52.064 0.0000000000
50924  -33.055  10.554  51.444 0.0000000000
84799  -18.513  -1.510  70.286 0.0000000000
41027  -22.573  -0.500  70.296 0.0000000000
44730  -4.772  2.995  72.607 0.0000000000
43844  -4.208  2.316  72.577 0.0000000000
40963  -7.302  -0.430  73.203 0.0000000000
40921  -7.361  0.177  75.151 0.0000000000
45770  -19.396  4.547  64.718 0.0000000000
41009  -10.539  -0.336  70.659 0.0000000000
41023  -11.907  -0.274  70.079 0.0000000000
41024  -12.836  -0.470  70.209 0.0000000000
43881  -12.379  2.091  69.071 0.0000000000
93228  -12.439  0.940  68.693 0.0000000000
41037  -14.593  -0.798  69.756 0.0000000000
89991  -15.688  -1.177  69.123 0.0000000000
93730  -17.133  -1.580  68.992 0.0000000000
41070  -15.745  -0.167  67.062 0.0000000000
80720  -16.142  -0.615  67.320 0.0000000000
81569  -16.866  -1.294  67.903 0.0000000000
84421  -19.045  -1.701  68.863 0.0000000000
90396  -20.759  -1.524  68.475 0.0000000000
40085  -21.454  -1.403  68.010 0.0000000000
40117  -20.534  -1.152  66.463 0.0000000000
40101  -20.408  -1.444  66.873 0.0000000000
41062  -23.135  -0.387  67.942 0.0000000000
42009  -23.537  0.084  67.967 0.0000000000
42010  -23.945  0.736  67.957 0.0000000000
91998  -9.938  2.040  69.526 0.0000000000
42962  -9.475  1.478  69.487 0.0000000000
46739  -30.143  5.902  52.896 0.0000000000
94975  -30.250  9.709  50.868 0.0000000000
48362  -32.372  7.635  49.563 0.0000000000
48353  -32.267  6.953  49.881 0.0000000000
47564  -32.294  6.324  50.333 0.0000000000
46781  -33.330  5.578  50.661 0.0000000000
46794  -34.516  5.584  49.737 0.0000000000
51024  -38.662  10.822  41.951 0.0000000000
51023  -37.680  10.846  41.857 0.0000000000
52669  -36.805  12.879  40.455 0.0000000000
37201  1.238  -4.867  77.715 0.0000000000
38140  -0.540  -3.968  76.581 0.0000000000
37212  -0.439  -4.749  76.991 0.0000000000
37202  0.437  -5.040  77.230 0.0000000000
81689  0.571  -5.012  80.447 0.0000000000
36296  1.290  -5.404  81.020 0.0000000000
82588  -24.601  3.596  65.332 0.0000000000
44847  -24.531  3.719  64.627 0.0000000000
44882  -25.333  4.084  62.796 0.0000000000
48232  -20.551  7.015  61.026 0.0000000000
47438  -20.170  6.126  60.728 0.0000000000
46658  -19.866  5.179  60.996 0.0000000000
44900  -20.840  3.432  60.570 0.0000000000
43994  -21.466  2.898  60.544 0.0000000000
95209  -22.050  2.598  60.665 0.0000000000
95350  -22.820  2.393  59.703 0.0000000000
43986  -24.196  2.723  61.275 0.0000000000
79845  -25.534  3.691  61.954 0.0000000000
43078  -25.205  2.017  59.602 0.0000000000
44040  -24.698  2.793  56.756 0.0000000000
44934  -24.667  3.546  56.321 0.0000000000
48318  -25.386  8.006  53.345 0.0000000000
50920  -28.483  10.446  51.677 0.0000000000
90620  -12.872  -0.630  71.764 0.0000000000
88633  -14.867  -0.596  72.566 0.0000000000
79899  -15.570  -0.573  73.797 0.0000000000
40017  -18.654  -1.140  71.966 0.0000000000
39972  -2.952  -1.840  76.905 0.0000000000
40901  -6.204  0.098  76.076 0.0000000000
40899  -4.694  -0.723  76.306 0.0000000000
39983  -4.120  -1.227  76.007 0.0000000000
35384  3.358  -6.526  82.846 0.0000000000
35383  3.861  -7.116  82.646 0.0000000000
36301  4.446  -5.011  80.980 0.0000000000
35392  5.889  -6.839  81.280 0.0000000000
36291  5.533  -6.002  81.189 0.0000000000
36300  5.340  -5.175  80.962 0.0000000000
