#!ascii label  , from subject sub-v2s16x51292_ses-1 vox2ras=TkReg
279
33483  -24.969  -10.219  5.686 0.0000000000
33539  -23.860  -9.927  0.116 0.0000000000
44591  -22.505  1.642  -7.589 0.0000000000
40755  -25.489  -2.067  -5.068 0.0000000000
38016  -27.154  -4.999  -2.267 0.0000000000
36201  -27.587  -6.295  3.593 0.0000000000
45475  -22.176  4.217  -8.443 0.0000000000
38960  -26.891  -3.999  -3.953 0.0000000000
84620  -24.491  -5.845  -3.436 0.0000000000
83271  -24.538  -9.844  2.748 0.0000000000
35317  -25.802  -8.060  1.422 0.0000000000
34279  -26.249  -7.969  4.807 0.0000000000
30492  -22.410  -13.456  7.430 0.0000000000
32023  -23.213  -11.604  4.373 0.0000000000
50553  -21.916  9.944  -9.445 0.0000000000
48754  -23.825  7.809  -8.602 0.0000000000
78467  -24.628  6.047  -7.416 0.0000000000
78797  -25.150  4.313  -6.285 0.0000000000
44581  -25.163  2.727  -5.565 0.0000000000
95122  -23.526  -0.201  -6.385 0.0000000000
80602  -26.966  0.987  -5.060 0.0000000000
41737  -27.622  -0.956  -4.094 0.0000000000
40725  -28.643  -1.946  -2.321 0.0000000000
38924  -28.899  -3.291  0.106 0.0000000000
36236  -25.696  -7.095  -0.938 0.0000000000
37081  -27.531  -5.798  1.082 0.0000000000
37118  -24.773  -5.386  -4.022 0.0000000000
37111  -22.590  -6.168  -3.219 0.0000000000
88328  -24.800  -9.861  4.275 0.0000000000
34289  -25.070  -9.307  3.685 0.0000000000
33508  -25.281  -9.289  4.714 0.0000000000
29732  -22.116  -14.954  11.328 0.0000000000
29745  -22.390  -14.830  10.424 0.0000000000
29759  -23.335  -14.447  9.488 0.0000000000
32779  -22.635  -10.998  3.059 0.0000000000
32022  -22.396  -11.897  4.435 0.0000000000
48744  -24.201  7.242  -7.964 0.0000000000
81093  -22.232  2.584  -8.030 0.0000000000
45469  -23.941  3.741  -6.823 0.0000000000
94218  -23.615  3.191  -6.828 0.0000000000
45453  -25.735  3.632  -5.661 0.0000000000
44580  -24.248  2.121  -6.018 0.0000000000
82197  -23.962  -0.770  -5.894 0.0000000000
42722  -24.945  0.753  -5.231 0.0000000000
41748  -26.212  -0.704  -4.565 0.0000000000
41750  -27.721  -0.212  -4.457 0.0000000000
40742  -26.861  -1.428  -4.332 0.0000000000
38952  -27.272  -3.985  -3.241 0.0000000000
39861  -27.721  -2.800  -3.020 0.0000000000
38945  -27.872  -3.706  -2.087 0.0000000000
83804  -28.766  -2.852  -0.771 0.0000000000
38007  -27.942  -4.506  -0.864 0.0000000000
34328  -23.691  -9.033  -0.841 0.0000000000
35339  -24.322  -7.666  -1.594 0.0000000000
34325  -24.961  -8.377  -0.378 0.0000000000
85693  -26.395  -7.240  2.652 0.0000000000
36215  -26.828  -6.692  1.167 0.0000000000
36216  -27.289  -6.211  1.782 0.0000000000
37983  -28.071  -5.205  1.677 0.0000000000
37073  -28.145  -5.491  2.476 0.0000000000
30493  -23.104  -13.356  7.919 0.0000000000
31242  -22.546  -12.854  6.585 0.0000000000
31243  -23.208  -12.889  7.329 0.0000000000
81872  -23.898  -11.888  6.744 0.0000000000
80716  -24.793  -3.343  -5.265 0.0000000000
39879  -25.589  -2.930  -4.980 0.0000000000
38964  -25.459  -3.802  -4.833 0.0000000000
38028  -25.604  -5.043  -4.121 0.0000000000
37114  -26.441  -5.478  -2.609 0.0000000000
34306  -24.698  -9.483  1.841 0.0000000000
34318  -24.935  -9.043  1.064 0.0000000000
34319  -25.376  -8.624  1.888 0.0000000000
35300  -25.953  -7.770  3.087 0.0000000000
35292  -26.489  -7.230  3.524 0.0000000000
30464  -23.037  -14.316  8.860 0.0000000000
33536  -23.572  -10.335  0.890 0.0000000000
32781  -23.910  -10.509  2.906 0.0000000000
92255  -23.959  -10.742  3.608 0.0000000000
32763  -24.477  -10.721  5.233 0.0000000000
51395  -23.391  10.617  -9.863 0.0000000000
49657  -21.027  8.539  -8.918 0.0000000000
49659  -23.212  8.366  -9.257 0.0000000000
49651  -24.814  7.885  -8.154 0.0000000000
78473  -25.067  7.369  -7.651 0.0000000000
78850  -25.691  6.204  -7.086 0.0000000000
78795  -23.306  5.122  -7.900 0.0000000000
89649  -24.896  4.953  -6.692 0.0000000000
89741  -26.029  5.568  -6.522 0.0000000000
79002  -26.097  4.394  -5.893 0.0000000000
45454  -26.795  3.762  -5.535 0.0000000000
45439  -27.281  2.998  -5.445 0.0000000000
43672  -22.645  0.654  -7.323 0.0000000000
43663  -24.212  1.190  -5.791 0.0000000000
43653  -26.716  1.746  -5.213 0.0000000000
43654  -27.626  1.401  -5.108 0.0000000000
43655  -28.431  1.038  -4.737 0.0000000000
41740  -29.191  -0.152  -3.239 0.0000000000
39869  -27.536  -2.336  -3.599 0.0000000000
40735  -28.568  -1.296  -2.930 0.0000000000
36245  -23.923  -6.950  -2.465 0.0000000000
36247  -25.155  -6.524  -2.203 0.0000000000
37108  -26.774  -5.710  -1.782 0.0000000000
35329  -25.844  -7.598  -0.137 0.0000000000
36237  -26.448  -6.729  -0.450 0.0000000000
83103  -27.600  -5.180  -0.618 0.0000000000
82926  -28.004  -4.898  -0.147 0.0000000000
38908  -28.760  -3.928  0.991 0.0000000000
32019  -23.243  -11.884  5.151 0.0000000000
32750  -24.064  -11.365  5.592 0.0000000000
32740  -24.885  -10.891  6.888 0.0000000000
33507  -24.866  -10.001  5.001 0.0000000000
33496  -25.499  -9.520  5.648 0.0000000000
33484  -25.380  -10.153  6.443 0.0000000000
29720  -23.669  -14.773  12.058 0.0000000000
29733  -23.158  -14.710  11.145 0.0000000000
44579  -23.368  2.508  -6.960 0.0000000000
87065  -24.168  3.006  -6.274 0.0000000000
40754  -24.648  -2.044  -5.506 0.0000000000
41760  -24.141  -1.634  -5.844 0.0000000000
41747  -25.033  -1.054  -5.017 0.0000000000
84319  -26.004  -1.504  -4.684 0.0000000000
38944  -27.436  -4.254  -2.594 0.0000000000
38017  -27.653  -4.446  -1.789 0.0000000000
38936  -28.042  -3.913  -1.387 0.0000000000
91511  -23.960  -9.468  -0.427 0.0000000000
34329  -24.253  -8.871  -0.714 0.0000000000
34324  -24.479  -9.227  0.080 0.0000000000
36200  -26.978  -6.704  3.080 0.0000000000
36207  -26.839  -6.669  2.175 0.0000000000
36208  -27.554  -6.148  2.606 0.0000000000
82735  -27.713  -5.773  1.922 0.0000000000
37061  -28.169  -5.765  3.321 0.0000000000
82485  -23.803  -12.865  8.122 0.0000000000
39877  -23.796  -3.514  -5.371 0.0000000000
38963  -24.598  -4.236  -4.950 0.0000000000
92359  -25.263  -5.691  -3.457 0.0000000000
38022  -26.079  -5.309  -3.389 0.0000000000
37113  -25.616  -5.933  -2.788 0.0000000000
89107  -25.156  -9.017  2.707 0.0000000000
34278  -25.648  -8.542  4.322 0.0000000000
34290  -25.567  -8.445  3.411 0.0000000000
35284  -26.033  -7.809  3.944 0.0000000000
84922  -26.650  -7.329  4.381 0.0000000000
29034  -21.219  -15.251  11.437 0.0000000000
29718  -21.763  -15.168  12.170 0.0000000000
30465  -23.742  -14.083  9.164 0.0000000000
33532  -23.141  -10.537  1.648 0.0000000000
32772  -22.847  -11.428  3.752 0.0000000000
32780  -23.354  -10.934  3.303 0.0000000000
32773  -23.628  -11.177  3.986 0.0000000000
32774  -24.325  -10.601  4.339 0.0000000000
32762  -23.879  -11.288  4.749 0.0000000000
51394  -22.426  10.762  -9.445 0.0000000000
50554  -22.983  9.843  -9.782 0.0000000000
50555  -23.972  9.805  -9.980 0.0000000000
48753  -22.711  7.758  -8.892 0.0000000000
49660  -24.461  8.525  -9.023 0.0000000000
80301  -24.103  6.562  -7.798 0.0000000000
79411  -24.907  6.780  -7.459 0.0000000000
80576  -25.787  7.029  -7.394 0.0000000000
94910  -24.566  4.043  -6.541 0.0000000000
78761  -24.226  4.542  -7.007 0.0000000000
79130  -25.199  5.513  -6.868 0.0000000000
78477  -25.629  4.973  -6.358 0.0000000000
79105  -26.416  5.015  -6.145 0.0000000000
44582  -26.424  2.761  -5.323 0.0000000000
42721  -23.256  -1.079  -7.055 0.0000000000
42728  -22.872  -0.168  -7.022 0.0000000000
80762  -23.514  0.567  -6.471 0.0000000000
85299  -24.125  0.293  -5.749 0.0000000000
42708  -25.572  0.077  -4.786 0.0000000000
43665  -25.961  1.097  -4.982 0.0000000000
42710  -27.687  0.595  -4.769 0.0000000000
42711  -28.439  0.263  -4.366 0.0000000000
41738  -28.302  -0.489  -4.002 0.0000000000
42697  -28.911  0.021  -3.872 0.0000000000
41739  -28.664  -0.644  -3.457 0.0000000000
38965  -26.263  -3.399  -4.497 0.0000000000
90685  -27.090  -2.166  -4.139 0.0000000000
39868  -26.955  -2.946  -4.056 0.0000000000
39851  -28.203  -2.851  -2.370 0.0000000000
40734  -28.152  -2.115  -3.006 0.0000000000
36244  -22.984  -6.985  -2.615 0.0000000000
35340  -24.948  -7.399  -1.304 0.0000000000
36240  -24.808  -7.039  -1.759 0.0000000000
36241  -25.438  -6.727  -1.594 0.0000000000
37107  -25.956  -6.121  -2.072 0.0000000000
36242  -26.276  -6.404  -1.303 0.0000000000
94316  -25.415  -8.533  1.236 0.0000000000
80808  -25.410  -8.373  0.569 0.0000000000
35318  -26.186  -7.550  0.833 0.0000000000
37092  -27.024  -6.280  0.228 0.0000000000
36229  -26.522  -7.003  0.315 0.0000000000
37103  -27.048  -5.870  -0.768 0.0000000000
37093  -27.580  -5.493  0.081 0.0000000000
37984  -28.498  -4.574  1.533 0.0000000000
37985  -29.032  -4.124  1.950 0.0000000000
32006  -23.636  -11.893  6.058 0.0000000000
32007  -24.268  -11.405  6.421 0.0000000000
38026  -24.166  -4.891  -4.438 0.0000000000
37117  -23.883  -5.448  -3.786 0.0000000000
37112  -23.667  -6.231  -3.167 0.0000000000
33521  -24.455  -10.178  3.586 0.0000000000
34267  -25.850  -8.677  5.226 0.0000000000
33497  -26.245  -8.942  5.983 0.0000000000
29719  -22.696  -14.910  12.152 0.0000000000
29758  -22.535  -14.679  9.493 0.0000000000
29746  -23.235  -14.637  10.140 0.0000000000
85242  -23.843  -14.612  10.583 0.0000000000
95483  -23.321  7.336  -8.450 0.0000000000
78472  -23.254  6.813  -8.268 0.0000000000
79096  -23.412  5.998  -8.051 0.0000000000
81617  -23.169  4.336  -7.714 0.0000000000
45468  -22.947  3.436  -7.636 0.0000000000
45452  -24.818  3.577  -6.165 0.0000000000
42707  -24.714  -0.093  -5.243 0.0000000000
42709  -26.742  0.172  -4.712 0.0000000000
41749  -27.078  -0.625  -4.422 0.0000000000
39860  -27.314  -3.272  -3.435 0.0000000000
38953  -27.626  -3.495  -2.799 0.0000000000
39852  -28.699  -2.449  -1.580 0.0000000000
38946  -28.360  -3.252  -1.500 0.0000000000
38937  -28.389  -3.666  -0.723 0.0000000000
35338  -23.696  -7.946  -1.715 0.0000000000
35333  -23.977  -8.426  -1.242 0.0000000000
35334  -24.578  -8.135  -1.051 0.0000000000
35335  -25.193  -7.734  -0.774 0.0000000000
35301  -26.310  -7.324  1.757 0.0000000000
37075  -28.607  -4.816  2.274 0.0000000000
37074  -28.740  -5.176  3.080 0.0000000000
31253  -23.364  -12.386  6.645 0.0000000000
31994  -23.877  -12.263  7.360 0.0000000000
39878  -24.287  -2.722  -5.625 0.0000000000
95376  -24.984  -2.600  -5.326 0.0000000000
38959  -26.044  -4.281  -4.366 0.0000000000
38027  -24.917  -4.837  -4.471 0.0000000000
93081  -25.341  -4.463  -4.577 0.0000000000
38023  -26.884  -4.725  -3.197 0.0000000000
33537  -24.247  -9.887  0.884 0.0000000000
34307  -25.582  -8.328  2.676 0.0000000000
85562  -25.881  -7.864  2.255 0.0000000000
35293  -27.030  -6.739  3.968 0.0000000000
34268  -26.599  -8.248  5.593 0.0000000000
80049  -20.996  -15.360  12.165 0.0000000000
30479  -21.895  -14.067  7.958 0.0000000000
30463  -22.213  -14.450  8.662 0.0000000000
30480  -22.686  -13.915  8.209 0.0000000000
30481  -23.412  -13.673  8.514 0.0000000000
33533  -23.900  -10.303  1.837 0.0000000000
32783  -23.257  -10.663  2.487 0.0000000000
52265  -22.896  11.535  -9.525 0.0000000000
50542  -20.807  9.344  -8.700 0.0000000000
50543  -21.449  9.184  -9.311 0.0000000000
49658  -21.997  8.348  -9.417 0.0000000000
50544  -22.503  9.066  -9.663 0.0000000000
50545  -23.660  9.050  -9.694 0.0000000000
49652  -25.769  7.706  -7.844 0.0000000000
78468  -26.522  6.658  -7.051 0.0000000000
89567  -24.312  5.337  -7.308 0.0000000000
89742  -26.538  6.062  -6.625 0.0000000000
78848  -26.668  5.537  -6.308 0.0000000000
78466  -26.809  4.525  -5.810 0.0000000000
43662  -23.482  1.454  -6.689 0.0000000000
43664  -25.032  1.700  -5.298 0.0000000000
81405  -25.827  2.044  -5.136 0.0000000000
44569  -27.427  2.240  -5.334 0.0000000000
42698  -29.384  0.511  -3.557 0.0000000000
40756  -26.361  -2.352  -4.566 0.0000000000
40743  -27.483  -1.669  -3.966 0.0000000000
40744  -28.087  -1.371  -3.620 0.0000000000
40709  -29.138  -1.974  -0.801 0.0000000000
86295  -24.698  -6.343  -2.808 0.0000000000
35342  -24.014  -7.448  -1.989 0.0000000000
36246  -24.483  -6.993  -2.102 0.0000000000
38006  -27.373  -5.131  -1.375 0.0000000000
37995  -28.389  -4.217  0.013 0.0000000000
84853  -28.153  -4.892  0.738 0.0000000000
32751  -24.662  -10.776  6.053 0.0000000000
38029  -26.387  -4.740  -3.897 0.0000000000
