#!ascii label  , from subject sub-v2s16x51292_ses-1 vox2ras=TkReg
1089
91727  31.854  -31.221  24.485 0.8999999762
15632  31.452  -31.789  24.738 0.8000000119
15035  32.223  -32.074  24.706 0.8000000119
14433  31.986  -33.708  25.712 0.6999999881
92789  32.668  -33.674  25.206 0.8000000119
15643  31.115  -30.780  24.448 0.8999999762
15045  32.899  -32.350  24.504 0.8999999762
82077  32.483  -32.985  25.031 0.8000000119
14449  33.022  -33.213  24.660 0.8999999762
13867  33.112  -34.106  24.770 0.8000000119
81401  33.352  -34.270  24.030 0.6999999881
92663  33.224  -34.760  24.456 0.6999999881
16283  30.696  -29.749  24.512 0.8000000119
16284  29.725  -29.427  24.457 0.8999999762
16953  29.393  -28.975  24.834 0.8999999762
84157  32.627  -31.344  24.402 1.0000000000
15044  33.360  -32.589  24.104 1.0000000000
14448  33.374  -33.475  24.108 0.8999999762
13328  33.220  -34.968  23.855 0.6999999881
16964  31.328  -29.259  24.820 0.8999999762
95371  30.166  -29.025  24.841 0.8999999762
16952  30.178  -28.877  25.414 0.8999999762
16938  29.469  -28.982  25.239 0.8999999762
16282  31.872  -30.295  24.476 0.8999999762
15642  33.296  -31.643  24.073 1.0000000000
14458  33.422  -33.822  23.408 0.8000000119
13873  33.291  -34.492  23.440 0.8000000119
13879  32.749  -34.821  22.466 0.8000000119
13333  32.389  -35.557  22.480 0.8000000119
16951  31.175  -28.669  25.517 0.8999999762
16937  30.303  -28.922  25.962 0.8999999762
16262  29.671  -29.579  25.951 0.8999999762
88996  31.925  -28.832  25.104 0.8999999762
16249  30.724  -30.247  26.843 0.8000000119
94143  29.997  -30.719  26.637 0.8000000119
16963  32.388  -29.591  24.735 0.8999999762
16248  31.408  -30.109  27.679 0.6999999881
15606  30.570  -31.373  27.394 0.6999999881
16281  33.123  -30.579  24.329 0.8999999762
15593  30.915  -31.745  28.492 0.6999999881
14995  30.465  -32.721  28.669 0.6999999881
14987  30.659  -32.308  29.464 0.6000000238
16294  33.745  -31.033  23.716 1.0000000000
15653  33.664  -31.928  23.514 1.0000000000
15053  33.570  -32.881  23.317 0.8999999762
15661  33.817  -32.105  22.737 0.8999999762
13878  33.198  -34.326  22.817 0.8000000119
14462  32.800  -34.183  21.984 0.8000000119
81493  32.094  -35.082  21.944 0.8000000119
13884  31.801  -34.584  21.349 0.8000000119
13897  30.635  -34.896  20.934 0.8000000119
93671  31.630  -28.134  26.039 0.8999999762
16936  31.086  -28.471  26.094 0.8999999762
16921  31.098  -29.312  26.696 0.8999999762
15605  31.097  -30.965  27.837 0.6999999881
16962  33.402  -29.673  24.634 0.8999999762
15582  31.314  -30.797  28.563 0.6000000238
15567  30.464  -31.681  29.987 0.5000000000
16280  33.947  -30.212  24.142 1.0000000000
89886  30.068  -31.206  30.257 0.5000000000
16293  34.270  -30.514  23.403 1.0000000000
15652  34.086  -31.331  23.023 1.0000000000
15057  33.609  -32.779  22.450 0.8999999762
14461  33.409  -33.537  22.603 0.8000000119
14468  33.250  -33.162  21.707 0.8000000119
15064  33.378  -32.563  21.184 0.8999999762
15065  32.779  -33.047  20.812 0.8000000119
97805  33.053  -32.414  20.588 0.8999999762
14469  32.410  -33.790  21.148 0.8000000119
14477  30.333  -34.134  20.578 0.8000000119
94938  32.159  -28.277  25.689 0.8999999762
86974  31.734  -29.635  28.051 0.6999999881
16237  31.592  -30.157  28.485 0.8000000119
16949  33.589  -29.047  24.989 0.8999999762
17639  33.214  -28.441  25.485 0.8999999762
16221  31.516  -30.308  29.110 0.6999999881
15583  31.030  -31.171  29.391 0.6000000238
16222  31.094  -30.184  29.681 0.6999999881
16208  30.556  -30.822  29.971 0.5000000000
16209  29.834  -30.507  30.300 0.5000000000
86666  29.336  -31.076  30.457 0.5000000000
16303  34.431  -30.681  22.411 1.0000000000
15660  34.115  -31.531  22.296 1.0000000000
15666  33.786  -32.207  21.829 0.8999999762
83310  33.599  -31.932  20.932 0.8999999762
87088  34.111  -31.230  21.502 0.8999999762
15071  32.105  -32.600  20.204 0.8999999762
14476  31.727  -33.480  20.607 0.8999999762
15070  32.928  -31.764  20.122 0.8999999762
15072  30.701  -33.190  20.241 0.8999999762
15077  31.958  -31.861  19.761 0.8999999762
16920  31.589  -28.993  27.170 0.8999999762
17604  31.806  -28.202  26.713 0.8999999762
17592  31.998  -28.831  27.919 1.0000000000
86157  32.842  -27.827  26.069 0.8999999762
16897  31.627  -29.532  29.419 0.6999999881
16885  31.083  -29.195  30.028 0.6999999881
16886  30.444  -29.933  30.137 0.5000000000
16961  34.179  -29.328  24.562 1.0000000000
16887  29.499  -29.672  30.332 0.5000000000
16210  28.906  -30.283  30.411 0.5000000000
85141  34.479  -29.732  23.840 1.0000000000
16972  34.930  -29.217  23.416 1.0000000000
16973  34.704  -29.895  23.016 1.0000000000
16980  34.767  -29.773  22.162 1.0000000000
16979  35.015  -29.243  22.670 1.0000000000
16307  34.436  -30.266  21.515 0.8999999762
15670  33.655  -31.183  20.594 0.8999999762
15676  33.127  -30.958  19.979 0.8999999762
14508  31.326  -33.189  17.764 0.6999999881
14509  30.275  -33.159  18.136 0.8000000119
15110  29.669  -32.443  17.933 0.8000000119
17620  32.163  -27.868  26.383 1.0000000000
17603  32.203  -27.846  27.312 1.0000000000
17591  32.216  -28.195  28.234 0.6999999881
16908  31.807  -29.619  28.701 0.6999999881
89986  30.150  -29.069  30.329 0.6000000238
16960  34.778  -28.990  24.133 1.0000000000
16948  34.021  -28.633  25.173 0.8999999762
16888  28.473  -29.452  30.176 0.4000000060
16989  34.640  -29.295  21.433 1.0000000000
15081  28.400  -32.142  19.002 0.8999999762
81547  33.974  -32.858  18.103 0.6000000238
14507  32.039  -32.722  17.570 0.6000000238
83230  31.896  -32.060  17.378 0.8000000119
15098  29.082  -33.015  18.676 0.8999999762
15080  28.693  -32.717  19.340 0.8999999762
17619  33.818  -27.908  25.795 0.8999999762
16896  32.081  -28.780  28.954 0.8000000119
17561  30.645  -28.497  30.292 0.6000000238
18252  28.873  -27.927  30.055 0.4000000060
17649  34.577  -28.571  24.734 0.8999999762
17668  35.238  -28.781  23.046 1.0000000000
16988  34.984  -29.098  22.061 1.0000000000
17684  34.603  -28.434  21.052 1.0000000000
15679  29.684  -31.943  19.529 0.8999999762
89495  29.044  -31.328  19.171 0.8999999762
15680  28.564  -31.960  19.221 0.8999999762
15696  28.421  -31.896  18.662 0.8999999762
15095  34.675  -32.379  18.321 0.6000000238
15108  32.646  -32.110  17.566 0.6000000238
15109  31.018  -32.436  17.493 0.8000000119
15111  28.763  -32.348  18.483 0.8999999762
18302  32.648  -27.436  26.730 0.8999999762
86650  32.434  -27.589  27.999 0.6999999881
18289  33.139  -26.879  27.055 0.8999999762
18290  32.643  -27.203  27.461 0.8999999762
88108  31.670  -28.797  29.689 0.6000000238
17638  34.413  -28.167  25.277 1.0000000000
18313  34.594  -27.626  25.632 1.0000000000
18300  34.213  -27.201  26.349 1.0000000000
17560  31.338  -28.196  30.108 0.6000000238
90263  29.839  -28.229  30.319 0.5000000000
17637  34.901  -27.933  24.962 1.0000000000
17648  35.097  -28.251  24.311 1.0000000000
17659  35.215  -28.550  23.634 1.0000000000
85961  35.483  -28.175  23.017 1.0000000000
17675  35.235  -28.592  22.431 1.0000000000
17676  35.039  -28.491  21.736 1.0000000000
90908  34.266  -29.037  20.757 1.0000000000
90909  33.665  -29.167  20.296 1.0000000000
17695  33.151  -28.649  20.052 1.0000000000
17002  32.947  -29.304  19.855 1.0000000000
17003  32.037  -29.433  19.561 1.0000000000
87134  31.435  -30.379  19.389 0.8999999762
16317  32.751  -30.198  19.760 0.8999999762
86623  30.131  -30.944  19.231 0.8999999762
15681  28.488  -31.364  18.712 0.8999999762
15711  28.872  -31.739  17.945 0.8999999762
16326  36.549  -30.610  18.553 0.6000000238
15693  35.513  -31.771  18.550 0.6000000238
15694  34.454  -31.536  18.188 0.6000000238
15096  33.634  -32.078  17.889 0.6000000238
15710  30.241  -31.715  17.422 0.8000000119
96921  33.671  -27.001  26.754 0.8999999762
18276  32.677  -26.960  28.406 0.6999999881
93502  32.176  -27.665  29.460 0.6000000238
18249  31.818  -27.449  29.875 0.6000000238
93558  31.196  -27.419  30.240 0.6000000238
18250  30.578  -27.751  30.319 0.5000000000
18328  35.370  -27.539  24.544 1.0000000000
86294  35.180  -27.303  25.257 0.8999999762
18337  35.547  -27.735  23.752 1.0000000000
18348  35.456  -27.675  22.199 1.0000000000
18356  35.015  -27.724  21.352 1.0000000000
17685  33.855  -28.314  20.427 1.0000000000
17696  32.422  -28.634  19.743 1.0000000000
17697  31.498  -28.695  19.450 1.0000000000
17005  29.727  -29.539  18.953 0.8999999762
16319  29.111  -30.475  18.859 0.8999999762
87399  28.562  -31.191  18.838 0.8999999762
16330  28.369  -30.668  18.393 0.8999999762
16327  35.682  -30.298  18.578 0.6000000238
85759  35.095  -30.920  18.439 0.6000000238
15695  33.717  -31.296  17.807 0.6000000238
16340  32.567  -30.749  17.304 0.6999999881
89061  31.746  -30.859  17.118 0.6999999881
85054  30.775  -30.975  17.136 0.6999999881
16342  29.562  -31.066  17.436 0.8000000119
16343  28.836  -30.505  17.585 0.8999999762
16325  37.230  -30.549  18.249 0.6000000238
16341  31.209  -30.292  17.071 0.6999999881
90123  30.070  -30.396  17.205 0.8999999762
89713  32.386  -27.155  29.362 0.6999999881
18954  31.984  -26.618  29.763 0.6000000238
18288  34.098  -26.560  27.038 0.8999999762
18965  33.030  -26.182  28.319 0.6999999881
18299  34.900  -27.109  25.902 0.8999999762
18991  34.903  -26.604  26.411 0.8000000119
19002  35.415  -26.644  25.627 0.8000000119
19016  35.656  -26.817  24.818 0.8999999762
89985  35.722  -27.504  23.024 1.0000000000
18347  35.838  -26.884  22.658 1.0000000000
19038  35.601  -26.812  22.019 1.0000000000
88223  35.295  -27.075  21.606 1.0000000000
18365  34.399  -27.600  20.753 1.0000000000
18366  33.573  -27.355  20.315 1.0000000000
17698  30.402  -28.773  19.165 0.8999999762
17006  28.621  -29.656  18.623 0.8999999762
17032  28.172  -29.895  18.269 0.8999999762
16329  34.170  -30.771  18.004 0.6000000238
89869  32.104  -30.178  17.103 0.6999999881
17031  28.182  -29.909  17.852 0.8999999762
17025  37.367  -29.765  17.989 0.6000000238
17013  36.300  -29.711  18.458 0.6000000238
17028  31.596  -29.622  17.067 0.6999999881
17029  30.522  -29.708  17.058 0.6999999881
18978  33.493  -26.297  27.687 0.8000000119
97702  33.002  -25.644  28.769 0.6999999881
18966  32.647  -26.257  29.157 0.6999999881
81512  35.569  -25.948  26.112 0.6999999881
19729  34.962  -25.810  26.973 0.8000000119
19001  35.997  -25.993  25.134 0.6999999881
97658  36.153  -26.308  23.591 0.8000000119
19027  36.189  -26.185  23.033 0.8000000119
19037  35.913  -26.225  22.247 0.8000000119
19046  34.888  -26.926  21.039 1.0000000000
89578  31.931  -27.923  19.619 1.0000000000
95182  32.921  -27.073  19.997 1.0000000000
18377  32.855  -27.862  20.018 1.0000000000
89655  30.961  -28.003  19.352 1.0000000000
90461  29.854  -28.140  19.020 1.0000000000
17699  29.207  -28.895  18.874 0.8999999762
95899  28.817  -28.354  18.767 0.8999999762
17713  28.290  -28.996  18.524 0.8999999762
17714  27.953  -29.099  18.225 0.8999999762
17014  35.390  -29.490  18.383 0.6000000238
16328  34.717  -30.124  18.316 0.6000000238
16338  33.821  -30.020  17.812 0.6000000238
95415  32.948  -29.941  17.286 0.6999999881
17731  27.824  -29.117  17.962 0.8999999762
17030  29.166  -29.855  17.297 0.8999999762
86169  32.020  -28.908  17.074 0.6999999881
17728  31.038  -28.953  16.968 0.6999999881
17730  28.255  -29.183  17.448 0.8999999762
19717  34.194  -25.847  27.636 0.6999999881
19708  33.550  -25.590  28.240 0.6000000238
19700  33.182  -24.896  28.827 0.6000000238
87210  32.091  -25.864  29.617 0.6000000238
82360  34.136  -25.278  27.996 0.6000000238
19739  36.299  -25.196  24.938 0.6999999881
89931  36.309  -25.577  24.361 0.6999999881
19766  36.230  -25.576  22.513 0.8000000119
19045  35.489  -26.216  21.428 0.8000000119
19056  34.164  -26.744  20.510 1.0000000000
19055  34.786  -26.145  20.669 0.8000000119
19066  32.634  -26.470  19.807 1.0000000000
18378  32.266  -27.154  19.751 1.0000000000
18380  30.350  -27.337  19.234 1.0000000000
19067  31.822  -26.448  19.585 1.0000000000
18379  31.387  -27.214  19.525 1.0000000000
18391  28.635  -27.037  18.579 1.0000000000
83403  28.073  -28.133  18.406 1.0000000000
17015  34.419  -29.343  18.092 0.6000000238
17026  36.846  -29.270  18.171 0.6000000238
17712  35.076  -28.824  18.098 0.6000000238
17027  33.557  -29.193  17.647 0.6999999881
17727  32.796  -29.004  17.296 0.6999999881
17729  29.692  -29.104  16.948 0.8999999762
20431  33.157  -23.830  28.890 0.5000000000
19716  34.756  -25.193  27.647 0.6000000238
20440  34.335  -24.525  28.095 0.5000000000
19728  35.681  -25.182  26.508 0.6999999881
19715  35.351  -24.983  27.167 0.6999999881
19740  36.019  -25.263  25.702 0.6999999881
96271  36.413  -25.090  24.413 0.6999999881
19748  36.523  -24.968  23.775 0.6999999881
84130  36.500  -24.907  22.807 0.6999999881
95503  35.978  -25.665  21.896 0.8000000119
19774  35.861  -25.320  21.372 0.8000000119
19783  35.360  -25.505  20.748 0.8000000119
19784  34.707  -25.545  20.276 0.8000000119
19785  33.901  -25.904  20.148 0.8999999762
19057  33.355  -26.566  20.112 1.0000000000
86459  33.089  -25.981  19.867 0.8999999762
19068  30.835  -26.520  19.398 1.0000000000
19083  28.319  -26.544  18.389 1.0000000000
18392  27.509  -27.207  17.952 0.8999999762
86204  27.656  -28.238  17.804 0.8999999762
18406  27.031  -27.295  17.306 0.8999999762
17742  27.559  -28.203  17.390 0.8999999762
17711  36.036  -28.838  18.176 0.6000000238
17726  34.311  -28.547  17.778 0.6000000238
18405  32.566  -27.983  17.112 0.6999999881
17740  30.396  -28.294  16.620 0.8000000119
17741  28.817  -28.465  16.766 0.8999999762
17724  36.714  -28.653  17.834 0.6000000238
17739  31.596  -28.160  16.798 0.6999999881
18426  29.683  -27.600  16.324 0.8000000119
18427  28.021  -27.701  16.550 0.8999999762
18425  31.139  -27.349  16.380 0.6999999881
20439  35.127  -24.337  27.538 0.5000000000
21256  33.924  -23.655  28.451 0.5000000000
20445  35.668  -24.240  26.725 0.6999999881
21273  34.681  -23.425  27.793 0.5000000000
20452  35.957  -24.603  26.050 0.6999999881
95069  36.404  -24.617  24.567 0.6999999881
20451  36.205  -24.564  25.342 0.6999999881
90870  36.520  -24.028  24.031 0.6999999881
20458  36.628  -24.165  23.180 0.6999999881
21311  36.570  -24.225  22.318 0.6999999881
81523  36.293  -24.982  21.946 0.6999999881
96834  36.120  -24.831  21.387 0.8000000119
20475  35.880  -24.757  20.803 0.8000000119
19794  33.325  -25.437  19.616 0.8000000119
19795  32.413  -25.733  19.511 0.8999999762
19796  31.363  -25.839  19.334 1.0000000000
19797  30.279  -25.962  19.244 1.0000000000
19069  29.729  -26.696  19.119 1.0000000000
19793  34.210  -25.229  19.796 0.8000000119
19810  32.835  -25.030  19.148 0.8000000119
88394  29.864  -25.653  18.817 1.0000000000
19082  29.180  -26.182  18.991 1.0000000000
84566  30.938  -25.441  18.899 0.8999999762
19084  27.636  -26.327  17.869 1.0000000000
19094  26.725  -26.582  17.256 1.0000000000
18428  26.943  -27.233  16.805 0.8999999762
94837  33.482  -28.233  17.432 0.6999999881
19128  26.204  -26.092  16.061 0.8999999762
17725  35.327  -28.143  17.650 0.6000000238
18404  34.342  -27.696  17.361 0.6000000238
19109  27.377  -26.860  16.145 0.8999999762
18423  33.471  -27.213  17.019 0.6999999881
90594  32.643  -27.125  16.769 0.6999999881
18424  32.039  -27.451  16.686 0.6999999881
19108  28.894  -26.918  15.996 0.8000000119
92182  31.252  -26.625  15.971 0.6999999881
19126  27.944  -26.247  15.436 0.8999999762
19107  30.299  -26.802  15.959 0.6999999881
21272  35.311  -23.599  27.165 0.5000000000
21296  35.965  -23.887  25.829 0.6999999881
21307  36.538  -23.497  23.485 0.6999999881
22102  36.423  -22.786  23.344 0.6999999881
87520  36.589  -23.390  22.659 0.6999999881
21316  36.575  -23.631  21.887 0.6999999881
20474  36.353  -24.260  21.442 0.6999999881
20483  35.182  -24.938  20.058 0.8000000119
20482  35.780  -24.346  20.133 0.8000000119
19809  33.749  -24.852  19.276 0.8000000119
20489  35.392  -24.243  19.417 0.8000000119
20502  34.463  -24.365  18.773 0.8000000119
20505  31.540  -24.859  18.324 0.8999999762
19823  29.515  -25.346  18.011 0.8999999762
19812  28.765  -25.935  18.490 1.0000000000
20503  33.380  -24.554  18.654 0.8000000119
20504  32.475  -24.685  18.498 0.8000000119
19824  26.905  -25.791  17.124 1.0000000000
87044  28.267  -25.508  17.665 1.0000000000
86943  35.139  -27.419  17.026 0.6000000238
19825  26.231  -26.030  16.521 1.0000000000
19127  26.689  -26.170  15.664 0.8999999762
19847  26.518  -25.608  15.488 1.0000000000
19106  32.093  -26.746  16.280 0.6999999881
19123  31.748  -26.204  15.450 0.8000000119
19125  29.452  -26.218  15.424 0.8000000119
87930  36.573  -22.887  21.828 0.6999999881
21324  36.483  -23.382  21.171 0.6999999881
20481  36.214  -23.958  20.611 0.6999999881
84528  36.434  -23.168  20.299 0.6999999881
21334  36.083  -23.770  19.829 0.8000000119
20501  35.375  -23.813  18.620 0.8000000119
19822  30.546  -25.073  18.223 0.8999999762
20516  32.180  -24.387  17.645 0.8000000119
20517  31.066  -24.507  17.363 0.8999999762
20519  29.068  -24.797  17.235 0.8999999762
18422  34.372  -27.098  16.851 0.6000000238
20530  30.839  -23.994  16.276 0.8999999762
20531  29.934  -24.324  16.781 0.8999999762
20520  27.693  -24.961  16.762 1.0000000000
18421  34.964  -26.919  16.259 0.6000000238
20534  26.741  -25.194  15.422 0.8999999762
91670  32.573  -26.347  15.763 0.6999999881
19858  27.169  -25.025  14.746 0.8999999762
19124  30.685  -26.195  15.428 0.8000000119
19845  28.392  -25.580  14.656 0.8999999762
19857  27.775  -24.914  13.892 0.8000000119
22112  36.452  -22.485  22.549 0.6999999881
22119  36.508  -22.388  20.898 0.6999999881
21333  36.309  -23.098  19.435 0.6999999881
20515  33.097  -24.266  17.892 0.8000000119
20528  32.866  -23.970  17.059 0.8000000119
20532  28.604  -24.284  16.268 0.8999999762
19104  33.937  -26.690  16.297 0.6000000238
20529  31.927  -24.066  16.697 0.8000000119
21367  31.651  -23.718  15.718 0.8999999762
20542  29.579  -23.822  15.758 0.8999999762
20533  27.341  -24.618  15.676 0.8999999762
19105  33.021  -26.640  16.357 0.6999999881
20544  27.476  -24.412  14.585 0.8999999762
20549  27.776  -24.399  13.870 0.8000000119
19855  30.105  -25.357  13.715 0.6999999881
19856  28.766  -25.127  13.645 0.8000000119
83654  36.422  -22.016  21.765 0.6999999881
22130  36.473  -22.338  19.876 0.6999999881
20514  33.916  -24.236  18.098 0.8000000119
21353  33.873  -23.860  17.326 0.8000000119
21365  33.421  -23.719  16.601 0.8000000119
21366  32.706  -23.726  16.123 0.8000000119
21377  30.504  -23.509  15.225 0.8999999762
19121  34.394  -26.514  15.460 0.6000000238
20543  28.250  -23.942  15.125 0.8999999762
19122  33.372  -26.297  15.452 0.6999999881
19141  32.517  -26.007  14.997 0.6999999881
86583  28.792  -23.481  13.863 0.8999999762
19854  31.264  -25.544  13.877 0.6999999881
21392  28.251  -23.981  13.210 0.8000000119
19866  30.491  -25.007  12.767 0.6999999881
19867  29.230  -24.518  12.742 0.8000000119
19868  28.427  -24.496  13.210 0.8000000119
22864  36.330  -21.476  21.051 0.6999999881
90445  36.430  -21.563  20.251 0.6000000238
21389  30.168  -23.200  14.009 0.8999999762
21378  29.208  -23.468  14.525 0.8999999762
90073  33.953  -26.279  14.552 0.6000000238
21390  29.243  -23.304  13.446 0.8999999762
19853  32.262  -25.721  13.993 0.8000000119
21391  28.528  -23.606  13.313 0.8999999762
94037  29.080  -23.846  12.034 0.8000000119
88450  31.536  -25.390  13.076 0.6999999881
19877  29.828  -24.125  11.869 0.8000000119
20563  29.641  -23.359  11.777 0.8000000119
19140  33.098  -25.986  14.399 0.6999999881
81499  31.300  -23.330  14.681 0.8000000119
19154  33.454  -25.983  13.493 0.5000000000
96694  32.837  -25.803  13.728 0.6000000238
19874  33.192  -25.576  12.267 0.6000000238
19865  32.383  -25.527  12.905 0.6999999881
81684  29.665  -23.005  12.007 0.8000000119
19875  32.151  -24.964  11.821 0.6000000238
20562  30.469  -23.453  11.361 0.8000000119
20564  29.129  -23.507  12.210 0.8000000119
20561  31.493  -23.907  10.984 0.6000000238
83188  30.911  -22.971  13.422 0.8000000119
21403  31.753  -22.825  13.075 0.8000000119
83159  30.590  -22.533  12.016 0.8999999762
96065  33.908  -25.782  12.150 0.6000000238
21413  30.456  -22.859  11.509 0.8000000119
94180  31.559  -22.982  10.373 0.6000000238
21402  32.738  -22.795  12.839 0.8000000119
91877  31.547  -22.308  11.969 0.8000000119
19888  32.620  -24.773  11.265 0.6000000238
21412  31.212  -22.258  11.069 0.8000000119
21418  31.637  -22.445  10.512 0.6999999881
21411  32.168  -22.180  11.557 0.8000000119
95825  33.138  -23.696  10.157 0.6000000238
21426  32.315  -22.277  10.272 0.6000000238
20573  33.118  -24.587  10.816 0.6000000238
22186  34.710  -22.813  13.103 0.8000000119
21410  33.204  -22.502  12.215 0.8000000119
86327  34.430  -25.511  11.201 0.6000000238
21401  33.872  -22.915  13.032 0.8000000119
19886  35.158  -25.828  11.168 0.5000000000
22194  32.925  -22.103  11.250 0.8000000119
19898  34.750  -25.179  10.583 0.6000000238
19887  33.678  -25.386  11.485 0.6000000238
22203  32.658  -21.989  10.449 0.6000000238
88680  35.569  -25.513  10.459 0.5000000000
20572  33.898  -24.850  10.715 0.6000000238
20581  34.215  -24.245  10.071 0.6000000238
21425  32.873  -22.481  9.835 0.6000000238
20592  34.624  -23.688  9.533 0.6000000238
21424  33.610  -23.006  9.524 0.6000000238
21436  33.462  -22.090  9.322 0.6000000238
22193  34.141  -22.515  12.128 0.8000000119
22192  35.265  -22.482  12.703 0.8000000119
93694  35.824  -21.819  11.644 0.6999999881
22201  34.971  -22.176  11.532 0.6999999881
20591  35.198  -24.699  9.906 0.6000000238
95419  33.142  -22.010  9.914 0.6000000238
22210  34.128  -21.719  10.197 0.6000000238
22202  33.641  -22.057  10.856 0.6999999881
96260  35.286  -24.073  9.506 0.5000000000
22211  33.824  -21.718  9.337 0.6000000238
21434  35.261  -23.329  9.080 0.5000000000
21435  34.134  -22.531  9.107 0.6000000238
22216  33.923  -21.816  8.966 0.6000000238
22951  36.405  -21.502  12.135 0.6999999881
22959  35.309  -21.677  10.771 0.6000000238
22967  34.627  -21.464  9.653 0.6000000238
22215  34.649  -21.982  8.715 0.6000000238
22979  34.854  -21.441  8.703 0.6000000238
22973  34.366  -21.557  8.986 0.6000000238
22966  35.736  -21.242  10.239 0.6000000238
22224  35.396  -21.697  8.393 0.6000000238
21446  36.014  -22.728  8.507 0.5000000000
22230  36.317  -21.070  7.650 0.4000000060
88606  35.702  -21.262  8.089 0.5000000000
22958  36.190  -21.402  11.254 0.6000000238
23818  36.532  -20.829  10.841 0.6000000238
22978  35.328  -21.148  8.465 0.6000000238
23831  35.938  -20.648  8.662 0.6000000238
90926  35.832  -20.778  8.028 0.6000000238
23843  36.444  -20.293  7.472 0.4000000060
24569  36.577  -19.784  8.635 0.6000000238
23826  36.194  -20.720  9.818 0.5000000000
23825  36.845  -20.145  10.485 0.5000000000
93676  37.105  -20.262  11.340 0.5000000000
22972  35.165  -21.162  9.114 0.6000000238
24562  36.638  -20.002  9.556 0.5000000000
23835  36.255  -20.196  7.877 0.6000000238
94561  36.637  -19.844  7.403 0.5000000000
24555  37.384  -19.460  10.992 0.4000000060
24574  36.982  -19.143  8.699 0.4000000060
24581  36.901  -19.233  7.059 0.4000000060
25391  37.320  -18.537  9.143 0.4000000060
24575  36.730  -19.441  7.823 0.4000000060
91488  37.091  -18.740  6.447 0.4000000060
25404  37.095  -18.531  7.657 0.4000000060
25381  37.711  -18.595  10.948 0.4000000060
25385  37.593  -18.329  10.075 0.4000000060
26200  37.369  -18.093  8.622 0.4000000060
26207  37.034  -18.395  6.785 0.4000000060
26206  37.236  -17.774  7.357 0.4000000060
25398  37.107  -18.756  8.376 0.4000000060
26194  37.614  -17.778  9.423 0.4000000060
26188  37.875  -17.427  10.160 0.4000000060
14496  29.471  -33.867  18.858 0.8000000119
82649  28.919  -33.485  19.475 0.8999999762
14481  28.997  -33.536  19.799 0.8999999762
15669  34.085  -30.619  20.928 0.8999999762
16995  34.137  -29.838  20.732 1.0000000000
15078  30.894  -32.318  19.843 0.8999999762
16996  33.447  -29.794  20.156 1.0000000000
15677  32.294  -31.107  19.668 0.8999999762
15678  31.132  -31.415  19.546 0.8999999762
15079  29.566  -32.936  19.917 0.8999999762
24568  37.130  -19.193  9.535 0.4000000060
24561  37.104  -19.553  10.207 0.4000000060
16950  32.811  -28.976  25.093 0.8999999762
13896  31.450  -34.169  20.880 0.8000000119
15073  29.539  -33.679  20.201 0.8000000119
17562  29.165  -28.826  30.260 0.4000000060
16309  33.585  -30.442  20.321 0.8999999762
14495  30.939  -34.061  18.278 0.6999999881
18301  33.348  -27.352  26.464 0.8999999762
84260  28.886  -32.671  19.582 0.8999999762
15097  33.037  -32.972  17.831 0.6000000238
15099  28.477  -32.608  19.009 0.8999999762
91806  32.365  -27.818  28.896 0.6999999881
15712  28.379  -31.196  18.361 0.8999999762
15707  33.013  -31.391  17.563 0.6999999881
15708  32.222  -31.450  17.321 0.6999999881
18275  32.946  -26.654  27.715 0.8000000119
17004  30.953  -29.472  19.226 0.8999999762
16318  30.302  -30.142  19.081 0.8999999762
90892  31.313  -26.037  30.038 0.5000000000
18327  35.748  -27.088  24.162 1.0000000000
17016  28.204  -29.632  18.372 0.8999999762
19015  36.070  -26.364  24.185 0.8000000119
18336  35.943  -26.874  23.482 0.8999999762
93787  32.316  -29.569  17.153 0.6999999881
19701  32.582  -25.365  29.278 0.6000000238
19707  33.795  -24.966  28.388 0.6000000238
87708  36.316  -25.822  23.681 0.6999999881
19755  36.392  -25.497  23.154 0.6999999881
18381  29.206  -27.592  18.873 1.0000000000
20430  33.658  -24.407  28.536 0.6000000238
20422  32.532  -24.425  29.331 0.5000000000
21286  35.601  -23.280  26.418 0.6000000238
21287  35.017  -22.836  26.966 0.5000000000
21295  36.247  -23.850  24.911 0.6999999881
19811  31.919  -25.227  19.027 0.8999999762
20490  34.616  -24.736  19.452 0.8000000119
19846  27.180  -25.525  14.956 0.8999999762
21303  35.833  -22.958  25.402 0.6999999881
85504  35.896  -23.629  19.168 0.8000000119
20518  30.086  -24.762  17.573 0.8999999762
19842  31.816  -25.812  14.664 0.8000000119
19844  29.808  -25.661  14.694 0.8000000119
21352  34.684  -23.889  17.975 0.8000000119
21380  27.938  -23.985  13.737 0.8999999762
19876  31.122  -24.634  11.958 0.6999999881
20575  31.063  -22.761  10.829 0.6999999881
20574  32.290  -23.790  10.534 0.6000000238
20582  32.132  -22.780  10.090 0.6000000238
22195  32.005  -22.068  10.666 0.8000000119
85227  37.406  -19.015  10.368 0.4000000060
84443  37.440  -17.578  8.138 0.4000000060
87343  29.049  -36.859  26.494 0.4000000060
83874  28.615  -36.261  26.335 0.4000000060
13309  27.986  -35.914  26.069 0.4000000060
84979  29.347  -36.147  26.496 0.4000000060
13315  28.153  -35.124  25.928 0.4000000060
12770  30.224  -36.034  26.601 0.3000000119
13308  28.749  -35.602  26.265 0.4000000060
12769  31.207  -35.903  26.583 0.4000000060
12768  32.028  -36.044  26.448 0.4000000060
12767  32.509  -36.018  26.057 0.4000000060
83657  32.651  -36.631  25.839 0.4000000060
13863  27.711  -34.622  25.598 0.4000000060
13307  29.569  -35.404  26.406 0.4000000060
13856  28.943  -34.851  26.127 0.4000000060
86056  31.171  -35.107  26.429 0.5000000000
13304  32.249  -35.474  26.199 0.4000000060
12775  32.924  -35.974  25.297 0.5000000000
12782  32.912  -36.475  24.286 0.6000000238
85888  32.577  -37.163  23.620 0.6000000238
93224  32.143  -37.346  22.817 0.4000000060
13862  28.351  -34.336  25.709 0.5000000000
14443  27.582  -33.749  25.271 0.5000000000
14444  26.494  -33.567  24.701 0.5000000000
13855  29.779  -34.651  26.256 0.6000000238
13861  29.151  -34.095  25.852 0.6000000238
13854  30.648  -34.531  26.272 0.5000000000
14434  30.925  -33.800  25.940 0.6000000238
13852  32.188  -34.764  26.064 0.5000000000
13314  32.598  -35.262  25.754 0.4000000060
13313  33.058  -34.989  25.096 0.6000000238
13324  33.131  -35.478  24.458 0.6000000238
13329  32.975  -35.727  23.657 0.6000000238
82888  32.654  -35.880  22.977 0.6000000238
12799  31.491  -36.034  21.888 0.6000000238
12786  32.618  -36.518  23.280 0.6000000238
12792  32.012  -36.561  22.423 0.6000000238
12800  31.057  -36.961  21.607 0.6000000238
14442  28.477  -33.479  25.424 0.5000000000
14451  27.063  -32.910  24.627 0.5000000000
14435  30.003  -33.911  25.970 0.6000000238
13853  31.513  -34.537  26.195 0.6000000238
13860  32.629  -34.406  25.486 0.6000000238
13874  32.998  -35.103  23.080 0.6000000238
13341  30.538  -36.384  21.199 0.6999999881
14450  27.767  -32.728  24.778 0.6000000238
95746  26.335  -32.408  24.256 0.5000000000
14440  30.214  -33.157  25.576 0.6000000238
14441  29.341  -33.301  25.523 0.6000000238
15038  28.648  -32.589  24.938 0.6000000238
82114  26.110  -30.809  23.790 0.5000000000
15648  25.486  -30.966  23.748 0.5000000000
15037  30.401  -32.376  25.150 0.6000000238
13885  31.086  -35.472  21.371 0.6999999881
15047  27.821  -31.579  24.301 0.6000000238
15048  26.811  -31.708  24.165 0.6000000238
82240  29.544  -32.471  25.091 0.6000000238
15646  28.011  -30.421  23.944 0.6000000238
15647  27.011  -30.395  23.897 0.6000000238
83859  26.317  -30.501  23.993 0.6000000238
15634  29.783  -31.561  24.634 0.6000000238
15625  25.092  -31.106  24.527 0.5000000000
15624  25.996  -30.873  25.061 0.6000000238
13352  30.036  -35.709  20.761 0.6999999881
15046  28.816  -31.586  24.457 0.6000000238
15656  27.703  -29.621  23.933 0.6000000238
15645  29.037  -30.568  24.208 0.6000000238
16287  27.377  -29.926  24.159 0.6000000238
15635  26.561  -30.332  24.442 0.6000000238
15623  26.941  -30.616  25.257 0.6000000238
15036  31.767  -32.676  25.184 0.6000000238
13898  29.506  -35.088  20.509 0.6999999881
13899  29.025  -35.190  20.146 0.6999999881
16296  28.537  -29.265  24.175 0.6999999881
92050  27.945  -29.391  24.058 0.6999999881
15633  30.664  -31.574  24.692 0.6000000238
14482  28.961  -34.465  19.941 0.6999999881
15654  29.111  -29.667  24.214 0.6999999881
15644  30.059  -30.434  24.369 0.6999999881
16285  28.854  -29.111  24.465 0.6999999881
16274  28.028  -29.330  24.498 0.6999999881
16264  27.387  -29.913  24.760 0.6000000238
16263  28.072  -29.687  25.252 0.6999999881
15621  28.952  -30.405  26.048 0.6000000238
15609  27.685  -31.520  26.137 0.5000000000
14497  29.055  -34.387  19.611 0.8000000119
16295  29.077  -29.233  24.378 0.6999999881
16273  28.765  -29.070  24.663 0.6999999881
82068  28.736  -29.284  25.246 0.6999999881
15014  28.416  -32.469  26.801 0.5000000000
15608  28.699  -31.559  26.484 0.6000000238
15013  29.427  -32.453  27.189 0.6000000238
86914  34.866  -23.493  17.202 0.6999999881
21364  34.223  -23.496  16.446 0.6999999881
82727  33.497  -23.564  16.044 0.6999999881
21375  33.147  -23.535  15.423 0.6999999881
84489  32.766  -23.420  14.742 0.6999999881
21341  36.060  -23.160  18.552 0.6000000238
91355  35.479  -23.422  17.893 0.6999999881
22890  36.523  -21.546  19.350 0.6000000238
21374  34.047  -23.414  15.537 0.6999999881
21387  33.469  -23.392  14.728 0.6999999881
85149  33.644  -23.164  13.878 0.6999999881
22139  36.401  -22.381  18.933 0.6000000238
22149  36.174  -22.582  17.333 0.6000000238
21351  35.629  -23.063  17.204 0.6999999881
96505  34.624  -23.277  15.962 0.6999999881
21386  34.345  -23.221  14.678 0.6999999881
21400  34.569  -23.009  13.849 0.6999999881
22900  36.599  -21.634  18.325 0.6000000238
91246  36.785  -21.399  17.602 0.5000000000
22161  36.421  -22.186  16.783 0.6000000238
22170  35.743  -22.704  15.855 0.5000000000
21373  35.014  -23.067  15.438 0.6999999881
86491  36.140  -22.186  14.017 0.6999999881
97887  36.765  -17.311  4.794 0.3000000119
25420  37.058  -18.295  5.789 0.3000000119
12771  28.056  -36.835  26.236 0.4000000060
12772  27.121  -37.206  25.938 0.3000000119
12776  27.235  -36.318  25.822 0.4000000060
87352  29.939  -36.787  26.686 0.3000000119
87353  30.807  -36.758  26.685 0.4000000060
13316  27.288  -35.344  25.631 0.4000000060
89522  31.641  -36.778  26.562 0.4000000060
82677  32.834  -37.015  25.213 0.4000000060
13864  26.210  -34.889  25.068 0.4000000060
12212  31.453  -37.564  22.003 0.5000000000
13868  25.277  -33.713  24.230 0.5000000000
14452  25.489  -32.422  23.922 0.5000000000
15049  25.664  -31.345  23.775 0.5000000000
15050  24.922  -31.423  23.703 0.5000000000
15039  24.820  -31.167  23.947 0.5000000000
15027  25.434  -31.509  25.413 0.4000000060
13353  29.372  -35.627  20.282 0.6999999881
15610  26.838  -31.458  25.872 0.5000000000
15015  27.387  -32.341  26.548 0.5000000000
13905  28.989  -35.229  19.931 0.8000000119
13922  29.778  -34.683  19.120 0.6999999881
14424  28.033  -33.252  27.141 0.5000000000
14997  29.083  -33.259  27.452 0.6000000238
21302  36.268  -23.076  24.263 0.6000000238
93274  36.110  -22.270  23.905 0.6000000238
23766  36.683  -20.796  18.821 0.5000000000
23779  36.875  -20.860  17.948 0.5000000000
22917  37.164  -21.141  16.466 0.5000000000
22918  36.707  -21.801  16.119 0.5000000000
22177  36.268  -22.191  14.742 0.5000000000
22937  36.668  -21.712  14.285 0.5000000000
22942  36.512  -21.648  12.957 0.5000000000
26225  36.908  -17.616  5.408 0.3000000119
26216  36.935  -18.001  6.108 0.3000000119
88007  31.084  -32.307  25.107 0.6000000238
89438  31.083  -33.018  25.499 0.6000000238
14478  29.146  -34.429  20.207 0.6999999881
93416  32.761  -23.197  13.956 0.6999999881
22184  36.017  -22.173  13.254 0.6000000238
97662  30.756  -34.918  18.742 0.6999999881
13306  30.439  -35.258  26.469 0.5000000000
85398  27.083  -34.457  25.336 0.5000000000
12195  32.694  -37.513  24.334 0.3000000119
13318  24.894  -34.989  24.508 0.5000000000
95271  35.990  -22.968  17.815 0.6999999881
88995  36.325  -22.474  18.077 0.6000000238
21363  35.173  -23.144  16.382 0.6999999881
89912  36.808  -21.583  16.964 0.5000000000
94813  36.232  -22.351  16.165 0.6000000238
21385  35.196  -22.862  14.550 0.6999999881
22185  35.439  -22.609  13.725 0.6999999881
22906  37.119  -20.975  17.219 0.5000000000
22178  35.753  -22.630  15.082 0.5000000000
92241  36.486  -21.790  13.634 0.5000000000
22929  37.126  -21.288  15.789 0.5000000000
92240  37.274  -21.081  15.275 0.5000000000
22941  37.044  -21.191  13.602 0.5000000000
13365  29.542  -35.892  20.156 0.6000000238
13381  30.110  -35.425  19.400 0.6000000238
86010  32.105  -34.169  18.195 0.5000000000
13380  31.255  -35.486  18.937 0.6000000238
14493  33.837  -33.588  18.275 0.5000000000
81619  32.914  -33.847  18.226 0.5000000000
14404  30.369  -33.102  29.385 0.5000000000
14492  34.765  -33.255  18.424 0.5000000000
15094  35.598  -32.744  18.554 0.5000000000
96266  30.435  -32.837  29.778 0.4000000060
14968  30.221  -32.540  30.170 0.4000000060
15568  29.811  -31.808  30.404 0.4000000060
83747  36.250  -32.265  18.569 0.5000000000
18948  30.607  -26.819  30.270 0.4000000060
18251  29.732  -27.377  30.222 0.4000000060
18261  29.017  -27.095  29.950 0.3000000119
21274  33.994  -22.634  28.390 0.4000000060
21275  33.268  -22.645  28.415 0.4000000060
20423  31.793  -25.061  29.640 0.4000000060
84867  30.866  -25.217  29.873 0.4000000060
22033  33.506  -22.099  27.883 0.4000000060
92653  31.174  -24.522  29.657 0.4000000060
19695  30.324  -25.892  30.139 0.4000000060
21237  30.899  -23.871  29.431 0.4000000060
18949  29.606  -26.526  30.091 0.4000000060
98005  32.584  -23.668  29.170 0.4000000060
82861  32.270  -23.372  29.054 0.4000000060
21236  31.843  -23.986  29.478 0.4000000060
22057  33.822  -21.728  27.019 0.4000000060
22034  32.611  -22.185  27.893 0.4000000060
22005  32.269  -22.869  28.435 0.4000000060
21258  31.446  -23.323  29.003 0.4000000060
21259  30.506  -23.314  28.855 0.4000000060
82965  30.072  -25.210  29.840 0.4000000060
22036  30.496  -22.356  27.592 0.4000000060
21238  29.966  -23.933  29.229 0.4000000060
89789  29.421  -25.688  29.824 0.4000000060
22775  33.336  -21.389  26.412 0.4000000060
22058  32.935  -21.740  27.111 0.4000000060
22755  32.054  -22.066  27.034 0.4000000060
22055  35.290  -22.423  26.161 0.4000000060
22056  34.548  -22.076  26.622 0.4000000060
22774  34.071  -21.478  26.370 0.4000000060
22776  32.496  -21.548  26.373 0.4000000060
22035  31.613  -22.367  27.823 0.4000000060
22006  31.089  -22.710  28.442 0.4000000060
22007  30.049  -22.814  28.263 0.4000000060
22089  35.778  -22.194  24.679 0.5000000000
22814  35.058  -21.613  24.833 0.5000000000
22075  34.653  -21.677  25.760 0.4000000060
22795  33.762  -21.291  25.743 0.4000000060
22756  31.153  -22.037  27.009 0.4000000060
22815  34.233  -21.245  24.959 0.4000000060
22796  32.916  -21.316  25.690 0.4000000060
22816  33.366  -21.192  24.928 0.4000000060
22817  32.427  -21.261  24.813 0.4000000060
23700  34.236  -20.719  23.439 0.4000000060
23712  33.984  -20.334  22.724 0.4000000060
23701  33.524  -20.707  23.407 0.4000000060
23702  32.688  -20.708  23.211 0.4000000060
22830  36.141  -21.976  23.190 0.5000000000
22848  35.636  -21.203  22.791 0.5000000000
88875  34.527  -20.552  22.848 0.4000000060
24432  33.451  -20.084  22.276 0.4000000060
23713  33.318  -20.462  22.817 0.4000000060
88288  32.051  -20.211  22.297 0.3000000119
22831  34.662  -21.119  24.120 0.5000000000
23687  33.817  -21.056  24.140 0.4000000060
23688  32.973  -21.043  24.050 0.4000000060
23689  32.033  -21.104  23.876 0.4000000060
95579  35.039  -20.609  22.562 0.5000000000
24433  32.844  -19.918  22.067 0.3000000119
23710  35.965  -21.196  21.829 0.5000000000
24412  34.559  -20.218  22.266 0.4000000060
24431  34.103  -19.859  21.972 0.4000000060
24449  33.439  -19.537  21.581 0.4000000060
24462  32.321  -19.569  21.533 0.3000000119
24434  31.320  -19.944  21.761 0.3000000119
23723  35.574  -20.482  21.520 0.5000000000
83030  35.996  -20.798  21.033 0.4000000060
22880  36.280  -20.990  20.507 0.5000000000
25216  34.694  -19.778  21.624 0.3000000119
25239  32.980  -19.077  20.920 0.3000000119
24463  31.412  -19.461  21.056 0.3000000119
24448  35.266  -19.784  21.212 0.3000000119
23736  36.093  -20.377  20.415 0.4000000060
23751  36.436  -20.726  19.765 0.4000000060
81874  34.471  -19.010  20.738 0.3000000119
25238  34.264  -19.408  21.306 0.3000000119
25259  32.154  -19.151  20.819 0.3000000119
90704  30.719  -19.417  20.514 0.3000000119
23737  29.957  -19.779  20.740 0.3000000119
25260  31.518  -19.022  20.334 0.3000000119
25279  30.831  -18.976  19.768 0.3000000119
24464  30.038  -19.407  19.969 0.3000000119
24447  35.700  -20.232  20.913 0.3000000119
24460  35.711  -19.652  20.433 0.3000000119
24475  36.254  -19.862  19.822 0.3000000119
24489  36.603  -20.012  19.107 0.4000000060
23765  36.869  -20.103  18.274 0.4000000060
23778  37.174  -20.262  17.478 0.4000000060
23785  37.365  -20.439  16.735 0.4000000060
22930  36.812  -21.669  15.176 0.4000000060
24476  29.230  -19.358  19.417 0.3000000119
24461  35.220  -19.265  20.661 0.3000000119
25237  34.825  -19.321  21.005 0.3000000119
82927  35.961  -19.227  19.799 0.3000000119
24505  37.154  -19.385  17.663 0.3000000119
94945  37.419  -19.778  17.006 0.4000000060
23795  37.441  -20.606  15.865 0.4000000060
23800  37.575  -20.526  14.960 0.4000000060
22936  37.206  -21.149  14.554 0.4000000060
89959  37.567  -19.014  16.795 0.3000000119
89547  37.791  -19.848  15.456 0.4000000060
23806  37.611  -20.475  14.062 0.4000000060
24545  37.986  -19.716  13.729 0.4000000060
23811  37.553  -20.280  13.084 0.4000000060
22950  36.972  -20.996  12.622 0.4000000060
25299  37.222  -18.482  17.425 0.3000000119
25321  37.798  -18.342  16.267 0.3000000119
25340  37.890  -19.104  15.934 0.3000000119
95770  38.124  -18.445  15.547 0.4000000060
25339  38.327  -18.457  14.747 0.4000000060
24536  38.260  -19.100  14.235 0.4000000060
24544  38.258  -18.986  13.447 0.3000000119
87012  37.967  -19.517  13.057 0.4000000060
82472  37.743  -19.621  12.406 0.3000000119
23817  37.325  -20.326  12.157 0.3000000119
22957  36.787  -20.913  11.748 0.4000000060
85319  37.506  -19.726  11.738 0.3000000119
26101  37.559  -17.598  16.499 0.3000000119
26117  37.973  -17.695  15.849 0.3000000119
91165  38.253  -17.883  15.232 0.3000000119
26138  38.381  -17.693  14.581 0.3000000119
26165  38.464  -17.449  13.707 0.3000000119
26177  38.445  -17.522  12.771 0.3000000119
25375  38.231  -18.219  12.314 0.3000000119
25376  37.837  -18.940  11.795 0.3000000119
26118  37.662  -16.806  16.021 0.3000000119
90199  38.169  -17.185  15.278 0.3000000119
88178  38.335  -16.892  14.543 0.3000000119
26985  38.497  -16.736  13.218 0.3000000119
90961  38.327  -17.604  12.071 0.3000000119
25380  38.055  -18.079  11.570 0.3000000119
26181  38.266  -17.324  11.499 0.3000000119
26182  37.941  -17.794  10.847 0.3000000119
27033  38.093  -16.735  10.234 0.3000000119
13354  29.137  -35.427  20.259 0.6000000238
13379  32.351  -35.313  18.786 0.5000000000
13363  31.910  -36.069  19.243 0.5000000000
14491  35.605  -33.666  18.503 0.5000000000
81553  34.339  -35.097  18.739 0.5000000000
13920  32.695  -34.588  18.479 0.5000000000
15607  29.735  -31.575  26.877 0.6000000238
15594  30.333  -32.279  27.744 0.6000000238
14405  30.067  -33.490  28.764 0.5000000000
14394  30.218  -33.270  29.992 0.5000000000
14387  29.784  -33.124  30.453 0.4000000060
14969  29.451  -32.498  30.645 0.4000000060
15569  28.939  -31.706  30.682 0.4000000060
83686  28.401  -30.935  30.492 0.4000000060
17563  28.319  -28.701  29.940 0.3000000119
21239  29.030  -23.972  29.015 0.4000000060
21260  29.577  -23.373  28.696 0.4000000060
22797  31.957  -21.441  25.606 0.4000000060
22779  29.476  -21.828  26.352 0.4000000060
22777  31.583  -21.689  26.355 0.4000000060
22778  30.845  -21.728  26.362 0.4000000060
86731  30.217  -21.653  25.968 0.4000000060
97946  32.313  -20.527  22.742 0.4000000060
23703  31.725  -20.768  22.984 0.4000000060
24450  30.613  -19.809  21.253 0.3000000119
23725  29.888  -20.229  21.401 0.3000000119
17564  27.984  -29.124  29.892 0.4000000060
22008  29.113  -22.907  28.215 0.4000000060
22037  29.498  -22.497  27.633 0.4000000060
22818  31.301  -21.357  24.681 0.4000000060
22798  31.001  -21.536  25.675 0.4000000060
14494  32.099  -33.513  17.873 0.5000000000
22032  34.343  -22.347  27.489 0.4000000060
22847  36.195  -21.766  22.457 0.5000000000
13921  31.717  -34.758  18.502 0.6000000238
13919  33.643  -34.400  18.497 0.5000000000
13918  34.744  -34.240  18.563 0.5000000000
20424  30.403  -24.569  29.593 0.4000000060
20425  29.391  -24.735  29.494 0.4000000060
92747  35.385  -22.124  25.408 0.5000000000
92118  30.316  -21.965  26.720 0.4000000060
22757  29.754  -22.191  27.039 0.4000000060
93290  35.571  -21.520  23.895 0.5000000000
85488  34.938  -20.920  23.281 0.5000000000
23711  35.472  -20.707  22.145 0.5000000000
24430  35.096  -20.235  21.908 0.4000000060
24519  37.602  -19.795  16.311 0.4000000060
25255  35.493  -18.955  20.076 0.3000000119
24537  37.965  -19.827  14.566 0.4000000060
85033  37.482  -18.207  16.846 0.3000000119
25370  38.390  -18.247  13.126 0.3000000119
26961  38.220  -16.250  14.439 0.3000000119
26187  38.189  -17.008  10.819 0.3000000119
15016  26.317  -32.097  26.184 0.4000000060
14425  27.043  -33.143  26.896 0.4000000060
14407  26.706  -33.750  27.251 0.4000000060
14406  27.500  -33.924  27.457 0.3000000119
82368  28.634  -34.061  27.846 0.3000000119
12221  30.470  -37.088  21.062 0.5000000000
82049  29.522  -33.676  28.170 0.5000000000
13830  29.481  -34.284  28.795 0.3000000119
12813  30.439  -37.017  20.773 0.5000000000
14996  29.979  -33.096  27.960 0.5000000000
12826  30.113  -36.293  20.605 0.5000000000
88613  31.037  -37.271  20.471 0.3000000119
12825  30.409  -36.594  20.324 0.4000000060
13364  30.661  -36.143  19.610 0.4000000060
12235  32.264  -37.463  20.062 0.3000000119
12824  31.416  -36.782  19.819 0.3000000119
12823  32.686  -36.663  19.500 0.3000000119
13361  33.945  -35.671  19.015 0.3000000119
13362  33.059  -35.846  19.136 0.3000000119
14389  29.112  -33.306  31.022 0.3000000119
13378  33.347  -35.125  18.770 0.4000000060
14970  28.524  -32.358  30.977 0.3000000119
16211  27.967  -30.165  30.271 0.3000000119
18956  28.674  -26.404  29.610 0.3000000119
19702  28.563  -25.440  29.420 0.3000000119
20426  28.378  -24.589  29.127 0.3000000119
21261  28.818  -23.455  28.570 0.3000000119
22758  28.990  -22.225  26.972 0.3000000119
22799  29.561  -21.608  25.600 0.3000000119
84508  28.972  -21.648  25.741 0.3000000119
22780  28.553  -21.870  26.293 0.3000000119
22781  27.735  -21.908  26.119 0.3000000119
82321  30.163  -21.490  25.007 0.3000000119
22820  28.995  -21.541  24.882 0.3000000119
23690  31.090  -21.174  23.646 0.3000000119
22832  30.213  -21.229  23.431 0.3000000119
86111  29.623  -21.432  24.063 0.3000000119
23705  29.937  -20.968  22.701 0.3000000119
22833  29.314  -21.305  23.194 0.3000000119
23715  31.144  -20.512  22.333 0.3000000119
23704  30.768  -20.918  22.873 0.3000000119
15570  27.940  -31.571  30.705 0.3000000119
22819  30.483  -21.362  24.158 0.3000000119
14395  30.013  -33.824  29.502 0.3000000119
14388  29.708  -33.928  30.362 0.3000000119
13870  23.316  -33.733  23.830 0.4000000060
84999  22.962  -33.235  23.792 0.3000000119
13869  24.106  -33.719  23.773 0.4000000060
14454  23.348  -32.764  23.629 0.4000000060
14453  24.384  -32.486  23.617 0.4000000060
15029  24.034  -32.377  25.413 0.3000000119
15018  24.672  -32.759  26.096 0.3000000119
83013  23.906  -31.652  23.687 0.4000000060
13846  25.177  -34.120  27.208 0.3000000119
14428  24.517  -33.607  26.637 0.3000000119
13845  26.025  -33.955  27.191 0.3000000119
15028  24.589  -31.726  25.144 0.4000000060
15017  25.434  -32.411  26.140 0.3000000119
14426  26.179  -33.161  26.771 0.3000000119
13319  24.122  -35.583  24.761 0.4000000060
13325  23.938  -34.514  24.155 0.4000000060
13833  26.761  -34.551  27.664 0.3000000119
13290  26.049  -35.154  27.860 0.3000000119
13305  31.787  -35.305  26.382 0.5000000000
13326  23.322  -34.580  24.405 0.4000000060
13834  25.815  -34.559  27.513 0.3000000119
13871  22.834  -33.763  24.254 0.3000000119
14427  25.374  -33.370  26.728 0.3000000119
14455  22.865  -32.916  23.939 0.3000000119
15030  23.396  -32.651  25.143 0.3000000119
15040  23.679  -31.936  24.382 0.4000000060
15054  25.285  -31.176  23.712 0.5000000000
15622  27.919  -30.602  25.679 0.5000000000
15636  25.652  -30.679  24.172 0.6000000238
15655  28.339  -29.664  23.963 0.6000000238
15692  36.417  -31.521  18.587 0.5000000000
15709  31.370  -31.570  17.233 0.8000000119
16286  28.314  -29.228  24.219 0.6999999881
16297  28.082  -29.293  24.022 0.6999999881
16320  28.403  -30.425  18.497 0.8999999762
16339  33.359  -30.697  17.587 0.6000000238
16344  28.212  -30.579  18.134 0.8999999762
17578  31.968  -28.145  29.565 0.6000000238
18402  36.861  -28.104  17.264 0.6000000238
18407  26.521  -26.548  16.699 0.8999999762
18955  31.410  -26.863  30.136 0.6000000238
19110  26.582  -26.567  16.301 0.8999999762
19139  34.737  -26.487  14.682 0.6000000238
19834  26.576  -25.372  16.201 1.0000000000
19835  26.241  -25.702  15.903 1.0000000000
19843  30.985  -25.737  14.735 0.8000000119
19869  28.187  -24.322  13.320 0.8000000119
20555  28.586  -23.994  12.654 0.8000000119
21257  33.027  -23.088  28.791 0.4000000060
21376  32.299  -23.510  15.192 0.8000000119
21379  28.237  -23.740  14.142 0.8999999762
21388  32.002  -23.228  14.223 0.6999999881
21404  29.115  -23.286  12.612 0.8999999762
21405  28.725  -23.690  12.729 0.8000000119
22162  35.924  -22.700  16.610 0.6000000238
22169  36.279  -22.259  15.510 0.5000000000
22191  35.898  -22.042  12.381 0.6999999881
23714  32.783  -20.343  22.553 0.4000000060
24528  38.182  -19.162  15.073 0.4000000060
24550  38.130  -18.930  12.669 0.4000000060
25359  38.415  -18.331  13.947 0.4000000060
82820  29.862  -22.983  12.751 0.8999999762
85664  33.319  -23.031  28.415 0.5000000000
87444  36.539  -21.987  17.519 0.5000000000
88664  36.223  -28.278  17.644 0.6000000238
89621  28.568  -31.054  17.855 0.8999999762
91350  35.889  -31.020  18.660 0.6000000238
92770  32.298  -36.747  26.284 0.4000000060
94448  35.797  -22.513  14.429 0.5000000000
95367  36.928  -29.954  18.384 0.6000000238
95549  22.780  -34.576  24.814 0.4000000060
97426  24.325  -31.351  24.188 0.4000000060
98162  29.383  -29.097  24.598 0.6999999881
