#!ascii label  , from subject sub-v2s16x51292_ses-1 vox2ras=TkReg
1363
1162  29.096  -69.016  35.029 0.6999999881
1156  28.182  -69.331  35.424 0.8000000119
1157  27.405  -69.160  35.539 0.8000000119
972  26.857  -69.496  35.372 0.6999999881
985  29.434  -70.309  33.671 0.6000000238
1173  28.943  -69.929  34.711 0.6000000238
971  27.479  -69.756  35.415 0.6000000238
1179  30.013  -69.864  33.285 0.6000000238
1332  27.679  -68.475  35.491 0.8000000119
1342  27.142  -68.218  35.133 0.6999999881
1352  26.849  -68.096  34.169 0.6999999881
1366  26.422  -68.743  33.511 0.6999999881
1172  29.678  -69.492  34.142 0.6000000238
1341  28.435  -68.492  35.378 0.6999999881
1353  26.491  -68.775  34.680 0.6999999881
994  29.811  -70.518  32.560 0.6000000238
92850  30.353  -70.372  31.740 0.6000000238
838  29.310  -71.172  31.948 0.6000000238
96637  30.179  -71.655  30.295 0.6000000238
844  29.003  -71.601  31.179 0.6000000238
1551  28.372  -66.771  35.116 0.8000000119
88496  28.212  -66.441  34.298 0.8000000119
1566  27.908  -66.837  33.415 0.6999999881
82086  28.222  -66.690  32.123 0.6999999881
1577  27.952  -67.394  31.124 0.6999999881
1539  28.204  -67.701  35.343 0.8000000119
85461  27.694  -66.974  34.575 0.6999999881
1567  27.547  -67.600  32.320 0.6999999881
1340  29.078  -68.104  35.164 0.6999999881
1552  27.687  -67.459  35.138 0.8000000119
83047  27.310  -67.484  33.737 0.6999999881
1351  29.823  -68.635  34.540 0.6999999881
1186  30.905  -69.675  31.615 0.6000000238
993  30.453  -69.775  32.525 0.6000000238
1004  30.258  -71.007  31.005 0.6000000238
1005  29.899  -70.951  31.687 0.6000000238
850  30.531  -72.286  29.542 0.6000000238
570  30.674  -73.409  29.931 0.6999999881
571  30.081  -72.948  29.438 0.6000000238
569  31.430  -73.796  30.580 0.5000000000
561  30.561  -73.807  30.500 0.6000000238
434  31.070  -74.278  31.299 0.5000000000
1767  28.605  -65.941  33.209 0.8999999762
1782  28.829  -65.763  31.777 0.6999999881
1745  29.450  -66.368  35.046 0.6999999881
1756  28.847  -66.003  34.482 0.8999999762
85547  28.533  -66.487  30.961 0.6999999881
1537  30.269  -67.041  34.907 0.8000000119
1538  29.115  -67.203  35.206 0.8000000119
1550  31.194  -67.636  34.026 0.8000000119
1576  32.120  -67.930  32.013 0.6999999881
1350  30.489  -68.138  34.253 0.6999999881
1363  31.567  -68.455  32.277 0.8000000119
95620  31.795  -68.401  31.524 0.8000000119
1196  31.201  -69.533  30.526 0.6999999881
1197  30.708  -70.358  30.851 0.6999999881
1013  30.605  -71.256  30.121 0.6000000238
87752  31.085  -72.962  28.946 0.6999999881
90794  31.944  -73.490  30.009 0.6999999881
1976  29.339  -65.245  33.689 0.8999999762
82987  28.939  -65.589  30.853 0.6999999881
96878  30.109  -66.315  35.050 0.8000000119
1755  29.538  -65.666  34.618 0.8000000119
1754  31.211  -66.886  34.498 0.6999999881
1563  32.438  -67.147  32.666 0.6999999881
1549  31.891  -67.100  33.780 0.6000000238
1564  31.784  -67.837  33.011 0.8000000119
1375  31.653  -68.630  30.753 0.8000000119
1384  31.463  -68.896  29.657 0.6999999881
95383  31.562  -70.233  28.260 0.8000000119
1012  30.980  -70.607  29.770 0.6999999881
1037  31.955  -71.073  27.852 0.8000000119
712  32.571  -72.864  29.105 0.6999999881
91999  31.679  -72.759  28.633 0.6999999881
1025  31.392  -70.956  28.691 0.6999999881
704  32.526  -73.192  30.043 0.6999999881
713  31.935  -73.172  29.122 0.6999999881
3415  23.397  -58.921  30.104 0.6000000238
3404  22.912  -58.670  30.599 0.6000000238
87857  21.962  -59.321  31.754 0.6000000238
3392  21.126  -59.332  32.771 0.6999999881
1753  31.735  -66.310  34.401 0.6000000238
1766  32.949  -66.265  32.672 0.6000000238
1752  32.469  -66.400  33.640 0.6000000238
1781  32.774  -66.726  31.875 0.6999999881
1583  32.661  -67.052  30.005 0.6999999881
1574  32.849  -66.752  30.911 0.6999999881
2485  28.280  -63.370  31.476 0.6999999881
89891  27.732  -63.206  30.608 0.6999999881
1383  31.866  -68.094  30.084 0.8000000119
1374  32.007  -67.939  31.055 0.8000000119
2478  27.267  -63.249  32.341 0.6000000238
2486  26.932  -63.061  31.245 0.6000000238
2494  27.792  -63.228  29.704 0.6999999881
2743  26.147  -62.647  31.460 0.5000000000
2495  26.935  -62.865  30.096 0.6999999881
1211  32.095  -70.026  27.557 0.8000000119
1208  31.572  -69.326  28.482 0.8000000119
2725  26.411  -63.150  32.996 0.5000000000
2735  25.817  -62.482  32.309 0.5000000000
867  32.550  -71.883  27.996 0.6999999881
2962  25.364  -61.981  33.110 0.5000000000
2963  24.993  -61.768  34.001 0.6000000238
2971  24.860  -60.906  32.805 0.5000000000
2970  25.187  -61.459  31.840 0.6000000238
2978  25.113  -60.809  30.431 0.6999999881
3197  24.835  -60.392  29.314 0.6999999881
90718  24.769  -60.312  31.259 0.6000000238
89224  24.560  -59.702  29.956 0.6000000238
3414  23.954  -58.971  29.977 0.6000000238
81696  24.674  -60.985  34.171 0.6000000238
3189  24.377  -59.246  30.616 0.6000000238
3402  23.866  -58.621  30.963 0.6000000238
3172  24.525  -60.013  33.250 0.5000000000
3181  24.509  -59.660  31.883 0.5000000000
3658  23.325  -58.272  31.199 0.6000000238
3660  22.480  -58.784  31.293 0.6000000238
3391  21.789  -58.998  32.285 0.6999999881
3661  18.882  -58.459  31.925 0.6000000238
3650  18.651  -59.075  31.931 0.6999999881
3390  24.215  -59.018  32.360 0.6000000238
3657  23.661  -58.431  31.828 0.6000000238
3647  22.373  -58.545  32.105 0.6000000238
3648  21.178  -58.670  33.060 0.6999999881
3917  19.289  -57.566  32.026 0.5000000000
1984  29.282  -64.998  32.389 0.8999999762
1967  31.432  -65.453  34.593 0.6000000238
1968  30.633  -65.464  34.713 0.6999999881
1994  29.187  -64.754  31.236 0.8000000119
84714  28.961  -65.992  29.899 0.6999999881
2230  29.303  -64.150  32.066 0.8000000119
1780  33.194  -66.134  31.685 0.6999999881
2477  28.353  -63.404  32.606 0.8000000119
2493  28.499  -63.521  30.445 0.6000000238
2467  27.183  -63.423  33.599 0.6999999881
2453  26.445  -63.402  34.704 0.6000000238
1398  32.063  -68.897  27.811 0.8000000119
1601  32.407  -67.945  28.367 0.8000000119
1404  32.586  -69.435  27.173 0.8000000119
2468  26.244  -63.229  33.953 0.5000000000
1043  32.879  -70.148  27.044 0.8000000119
2726  25.797  -62.817  33.557 0.5000000000
2933  24.753  -62.146  36.115 0.5000000000
2934  24.379  -61.529  35.909 0.6000000238
2713  24.870  -62.475  34.826 0.6000000238
3159  24.435  -61.252  35.259 0.6000000238
84006  24.428  -60.117  34.646 0.6000000238
4256  18.289  -57.233  29.965 0.5000000000
3378  24.323  -59.200  33.526 0.5000000000
87686  18.906  -57.145  30.937 0.5000000000
3925  18.489  -57.839  30.989 0.6000000238
3644  23.912  -58.506  32.780 0.6000000238
3646  23.033  -58.334  31.676 0.6999999881
3915  21.480  -58.191  33.329 0.6999999881
3916  20.136  -57.897  33.258 0.6999999881
3634  24.071  -58.558  33.626 0.6000000238
3906  20.520  -57.280  33.725 0.6000000238
90065  23.096  -57.443  33.823 0.6999999881
86967  21.752  -57.605  33.801 0.6000000238
1975  30.072  -65.040  34.255 0.6999999881
1983  29.575  -64.408  33.146 0.6999999881
95267  29.078  -63.574  32.847 0.6999999881
2476  29.054  -63.642  32.117 0.6999999881
4605  18.763  -55.444  29.507 0.5000000000
3351  25.063  -60.171  36.529 0.5000000000
3148  24.353  -60.656  35.762 0.6000000238
4263  18.043  -56.258  29.368 0.5000000000
3352  24.492  -60.020  36.143 0.5000000000
3611  25.271  -58.568  36.717 0.5000000000
3358  24.332  -59.588  35.542 0.6000000238
4245  19.789  -56.894  32.854 0.5000000000
3612  24.491  -58.347  36.208 0.5000000000
88216  24.360  -59.174  36.055 0.6000000238
3625  23.969  -58.191  34.215 0.6000000238
97559  24.157  -57.935  35.695 0.6000000238
2221  30.296  -64.080  33.824 0.6999999881
2229  29.504  -63.857  32.986 0.6999999881
3898  22.691  -57.141  34.308 0.5000000000
3883  25.129  -57.576  36.636 0.5000000000
4238  21.105  -56.813  34.191 0.5000000000
3889  24.146  -57.363  36.002 0.5000000000
3890  23.565  -56.910  35.257 0.5000000000
3897  23.288  -57.259  34.477 0.5000000000
3905  22.676  -57.555  33.657 0.5000000000
4222  22.536  -55.897  35.063 0.5000000000
95372  21.518  -54.756  34.849 0.5000000000
95402  24.067  -55.244  36.211 0.5000000000
88951  23.087  -55.453  35.449 0.5000000000
4231  21.918  -56.481  34.620 0.5000000000
4540  24.387  -55.822  36.313 0.5000000000
4555  23.689  -55.707  35.868 0.5000000000
4221  23.320  -56.164  35.362 0.5000000000
4211  24.706  -56.629  36.452 0.5000000000
4220  23.932  -56.440  35.931 0.5000000000
4556  23.514  -55.048  35.878 0.5000000000
4596  17.144  -55.224  29.997 0.6000000238
4597  16.685  -55.822  30.560 0.6000000238
5321  18.892  -54.237  29.304 0.5000000000
4948  17.331  -54.472  31.299 0.6999999881
4585  16.677  -55.187  31.814 0.6000000238
4586  16.347  -56.019  31.743 0.6000000238
95347  14.926  -55.388  32.770 0.6999999881
5295  17.757  -52.965  31.526 0.6000000238
5296  16.799  -53.501  31.878 0.6999999881
98369  15.876  -55.516  32.389 0.6999999881
4248  15.247  -56.892  32.570 0.6999999881
4951  14.336  -54.604  32.944 0.8000000119
5641  18.600  -52.438  31.115 0.5000000000
4950  15.294  -54.704  32.550 0.8000000119
5288  13.893  -53.950  33.331 0.6999999881
6369  19.237  -50.714  30.726 0.5000000000
6025  19.281  -51.814  30.635 0.5000000000
5298  14.451  -53.667  32.620 0.6999999881
4936  14.021  -54.713  33.591 0.6999999881
5297  15.190  -52.997  32.082 0.6999999881
6007  17.279  -51.976  31.632 0.6999999881
5274  14.552  -54.429  34.620 0.6999999881
89121  13.995  -52.613  32.502 0.6999999881
6026  18.210  -51.608  31.455 0.6000000238
5629  16.161  -52.481  31.774 0.8000000119
7389  14.608  -47.380  33.162 0.6999999881
7022  14.146  -47.958  33.923 0.8000000119
87535  20.364  -47.530  29.303 0.4000000060
5615  14.087  -52.817  34.105 0.6999999881
93903  19.844  -48.899  29.678 0.5000000000
5287  13.589  -53.167  33.246 0.6999999881
6713  19.452  -49.308  30.260 0.6000000238
86735  18.413  -50.098  31.338 0.6000000238
5630  14.658  -52.014  32.023 0.6999999881
6008  15.725  -51.494  31.708 0.8000000119
8485  17.528  -43.815  37.212 0.5000000000
8498  17.455  -43.751  36.529 0.5000000000
8944  13.471  -42.990  33.615 0.5000000000
92652  14.810  -44.157  32.623 0.6000000238
8961  14.376  -43.327  32.777 0.6000000238
9393  12.943  -42.551  34.556 0.6000000238
8927  14.186  -43.536  36.452 0.6000000238
8115  14.085  -45.209  33.290 0.6999999881
94541  13.919  -44.176  33.230 0.6999999881
7737  14.214  -45.868  33.335 0.6999999881
7738  14.094  -46.280  33.650 0.6999999881
5991  12.874  -50.942  33.661 0.6999999881
6332  13.025  -49.767  34.299 0.6999999881
6690  13.989  -48.371  33.234 0.8000000119
7051  19.716  -47.965  30.027 0.5000000000
5620  13.445  -52.145  33.447 0.6999999881
94714  19.363  -48.589  30.347 0.6000000238
5631  13.696  -51.669  32.705 0.8000000119
6354  17.722  -50.347  31.660 0.6999999881
6009  13.998  -50.920  32.187 0.8000000119
8918  18.682  -43.451  37.216 0.5000000000
8926  18.577  -43.631  36.507 0.6000000238
9377  18.860  -43.164  35.203 0.5000000000
9378  17.840  -43.125  35.193 0.6000000238
8935  17.258  -43.528  35.792 0.6000000238
8936  16.224  -43.265  35.837 0.6000000238
83931  16.962  -43.036  35.294 0.6000000238
83998  15.295  -42.812  35.898 0.5000000000
9862  13.763  -41.251  33.391 0.5000000000
9392  13.175  -41.858  34.055 0.5000000000
9400  14.900  -42.502  32.339 0.6000000238
9389  12.919  -41.473  34.892 0.6000000238
8939  13.224  -43.345  35.618 0.6999999881
93595  15.184  -43.499  36.547 0.6000000238
8960  15.403  -43.677  32.259 0.6000000238
8530  14.745  -44.895  32.794 0.6999999881
8512  13.406  -44.765  33.857 0.6999999881
8945  13.101  -43.707  34.145 0.6999999881
8500  13.102  -44.106  35.398 0.8000000119
8928  13.653  -43.602  36.137 0.6999999881
8529  15.525  -44.590  32.400 0.6999999881
7749  15.282  -46.169  32.734 0.6999999881
90805  15.962  -45.865  32.546 0.6999999881
7400  15.129  -46.944  32.865 0.8000000119
7038  15.780  -48.016  32.588 0.8000000119
7030  14.702  -48.008  32.860 0.8000000119
88593  19.148  -48.105  30.951 0.5000000000
7406  19.126  -47.544  31.890 0.6000000238
6341  13.449  -50.064  33.122 0.8000000119
6700  15.446  -48.674  32.419 0.8000000119
6708  18.419  -49.295  31.588 0.6000000238
7045  18.617  -48.394  31.957 0.6999999881
6356  15.813  -49.557  32.097 0.8000000119
6698  17.760  -49.715  31.942 0.6999999881
93108  16.048  -50.237  31.848 0.6999999881
6028  15.477  -50.688  31.816 0.8000000119
93038  19.577  -43.240  37.104 0.4000000060
8933  19.322  -43.536  35.953 0.5000000000
9387  18.130  -42.446  34.681 0.4000000060
9388  17.091  -42.434  34.822 0.5000000000
9379  15.914  -42.391  35.290 0.5000000000
9861  14.900  -41.346  32.263 0.5000000000
9857  13.474  -40.173  34.425 0.6000000238
9854  13.074  -40.823  34.992 0.6000000238
9380  14.526  -42.042  35.606 0.6000000238
8959  16.244  -43.132  31.826 0.6000000238
95809  13.090  -41.412  35.172 0.6999999881
8937  14.329  -42.801  36.056 0.6999999881
8528  16.310  -44.177  32.097 0.6000000238
7748  16.007  -46.570  32.640 0.8000000119
94725  18.487  -47.633  32.453 0.6999999881
6699  16.878  -49.280  32.257 0.6999999881
7037  16.894  -48.503  32.551 0.8000000119
7398  16.943  -47.730  32.763 0.8000000119
7036  17.833  -48.953  32.342 0.6999999881
8932  20.153  -43.308  36.322 0.4000000060
8917  20.092  -43.246  36.856 0.4000000060
9365  20.011  -42.828  37.286 0.4000000060
9386  19.275  -42.297  34.614 0.5000000000
9376  19.906  -43.098  35.488 0.4000000060
9366  19.181  -42.221  37.682 0.5000000000
9840  16.063  -41.445  34.800 0.5000000000
10348  14.779  -40.144  35.082 0.5000000000
9841  14.698  -41.232  35.212 0.5000000000
10927  15.435  -38.480  34.424 0.5000000000
9842  13.547  -41.246  35.287 0.6999999881
8128  16.321  -45.142  32.352 0.6000000238
7747  16.947  -46.923  32.790 0.8000000119
7745  19.352  -46.207  32.380 0.6000000238
7746  18.761  -46.832  32.564 0.6000000238
88560  18.521  -45.822  32.580 0.6999999881
98264  17.619  -45.733  32.560 0.6999999881
85139  17.860  -47.290  32.790 0.6999999881
10328  19.532  -40.600  37.523 0.3000000119
9385  20.421  -42.499  35.045 0.4000000060
9375  20.778  -42.945  35.910 0.3000000119
9371  20.775  -42.903  36.744 0.4000000060
9824  20.736  -42.210  37.281 0.4000000060
9825  19.840  -41.739  37.508 0.5000000000
94989  18.249  -41.579  34.336 0.4000000060
82850  20.467  -41.167  37.488 0.3000000119
9852  17.248  -41.551  34.436 0.4000000060
10940  14.327  -38.731  34.191 0.5000000000
10371  17.549  -40.434  34.316 0.4000000060
10926  15.943  -37.747  33.894 0.4000000060
84740  16.374  -39.251  34.690 0.5000000000
8127  16.824  -46.000  32.570 0.6999999881
82228  17.792  -46.441  32.719 0.6999999881
9808  18.983  -41.186  37.671 0.4000000060
10327  21.126  -40.659  37.534 0.3000000119
9850  20.035  -41.624  34.369 0.3000000119
84957  17.079  -37.806  34.191 0.4000000060
94184  16.490  -38.375  34.488 0.4000000060
9370  21.528  -42.517  36.228 0.3000000119
9832  21.530  -42.259  37.010 0.3000000119
10340  21.208  -41.611  37.349 0.3000000119
9851  18.880  -40.858  34.171 0.3000000119
10938  17.557  -39.042  34.398 0.3000000119
97948  18.225  -39.950  34.179 0.3000000119
10937  18.214  -38.474  34.013 0.3000000119
10339  21.858  -41.373  37.252 0.3000000119
9831  22.316  -41.926  36.537 0.3000000119
10358  19.829  -40.456  34.054 0.3000000119
87635  19.094  -38.847  33.861 0.3000000119
9839  21.279  -42.429  35.324 0.3000000119
9838  22.120  -42.205  35.569 0.3000000119
10370  19.768  -39.474  33.869 0.3000000119
2749  26.143  -62.489  30.481 0.6000000238
2744  25.595  -61.948  31.035 0.6999999881
2750  25.503  -61.468  29.581 0.6999999881
9853  13.702  -40.369  35.021 0.6000000238
977  28.077  -70.331  35.156 0.6999999881
1365  26.944  -68.184  32.980 0.6999999881
1565  31.117  -68.408  33.261 0.8000000119
707  29.982  -72.421  29.883 0.6000000238
859  31.100  -71.887  29.029 0.6999999881
2002  29.103  -64.981  30.322 0.6999999881
1391  31.875  -68.396  28.972 0.8000000119
858  31.850  -72.009  28.317 0.6999999881
1036  32.678  -70.943  27.504 0.8000000119
95330  19.771  -58.473  32.972 0.6999999881
3662  18.073  -58.669  31.077 0.6000000238
3645  23.307  -58.170  32.297 0.6999999881
2484  29.000  -63.812  31.227 0.8000000119
2442  25.768  -63.189  35.503 0.5000000000
2454  25.534  -63.103  34.659 0.6000000238
3620  24.254  -58.491  35.335 0.6000000238
666  29.625  -72.345  36.607 0.4000000060
660  30.023  -71.857  36.988 0.4000000060
678  31.092  -73.242  34.999 0.3000000119
525  29.402  -73.047  36.214 0.4000000060
97895  29.030  -71.672  37.247 0.4000000060
975  32.920  -70.377  34.320 0.4000000060
976  32.595  -71.048  34.833 0.5000000000
970  32.457  -70.916  35.864 0.5000000000
676  32.533  -71.792  34.363 0.3000000119
84232  32.290  -71.640  35.164 0.4000000060
664  31.271  -72.211  36.010 0.4000000060
677  31.805  -72.811  34.648 0.3000000119
671  31.386  -72.665  35.322 0.3000000119
673  30.111  -72.910  36.128 0.3000000119
538  31.435  -73.466  34.198 0.3000000119
823  32.790  -71.235  33.925 0.4000000060
984  33.253  -70.646  33.453 0.4000000060
1170  33.446  -69.774  33.805 0.5000000000
830  33.126  -71.464  33.086 0.3000000119
683  32.356  -72.538  33.982 0.3000000119
546  31.748  -73.542  33.312 0.4000000060
93706  32.244  -73.063  33.451 0.3000000119
430  31.289  -74.291  32.149 0.4000000060
423  30.684  -74.504  32.859 0.4000000060
431  30.272  -75.107  32.116 0.4000000060
1178  33.792  -70.126  32.991 0.4000000060
97743  34.089  -70.480  32.306 0.4000000060
992  33.620  -70.947  32.659 0.4000000060
991  34.507  -70.424  31.579 0.4000000060
1194  35.556  -69.344  30.567 0.5000000000
836  33.443  -71.735  32.221 0.4000000060
1003  34.334  -71.451  30.716 0.4000000060
551  31.828  -73.844  32.391 0.4000000060
550  32.291  -73.539  31.789 0.5000000000
696  33.275  -72.721  30.732 0.4000000060
560  31.766  -74.032  31.501 0.4000000060
95134  29.869  -73.634  30.136 0.6000000238
435  30.387  -74.644  30.980 0.4000000060
1382  36.112  -68.934  30.081 0.6000000238
1206  35.611  -69.616  29.433 0.6000000238
84355  34.616  -71.077  29.516 0.6000000238
849  33.961  -72.036  29.508 0.6000000238
1024  34.496  -70.956  28.428 0.6999999881
703  33.256  -72.685  29.670 0.6000000238
866  33.335  -71.515  27.894 0.6999999881
1396  35.637  -69.114  27.400 0.6999999881
1212  34.808  -69.573  27.107 0.6999999881
1209  35.401  -69.761  28.136 0.6000000238
1403  33.697  -68.373  26.716 0.6999999881
1397  32.788  -68.557  27.306 0.6999999881
1592  32.299  -67.638  29.520 0.6999999881
1210  34.616  -70.379  27.726 0.6999999881
1214  33.350  -69.432  26.837 0.6999999881
1035  33.407  -70.727  27.396 0.6999999881
85913  35.296  -68.068  26.180 0.5000000000
1605  34.433  -67.780  26.403 0.6000000238
93774  34.128  -69.249  26.651 0.6999999881
1600  33.135  -67.491  27.854 0.6999999881
1802  33.540  -66.797  27.984 0.6999999881
1213  34.073  -69.900  27.012 0.6999999881
1591  32.815  -67.164  29.090 0.6999999881
1599  33.775  -67.255  27.090 0.6000000238
1801  33.900  -66.361  27.688 0.6000000238
1795  33.317  -66.662  28.807 0.6000000238
1794  33.699  -66.259  28.521 0.6000000238
1765  32.961  -65.588  33.537 0.5000000000
94613  26.551  -68.764  32.420 0.6000000238
1174  26.027  -69.482  34.135 0.6000000238
1789  33.182  -66.470  29.929 0.6000000238
92871  33.312  -66.116  30.845 0.6000000238
1993  33.666  -65.533  31.337 0.5000000000
1982  33.508  -65.371  32.495 0.5000000000
1586  27.737  -68.137  30.233 0.6000000238
1578  27.416  -68.038  31.172 0.6000000238
1376  27.001  -68.426  31.779 0.6000000238
1788  33.686  -65.980  29.367 0.6000000238
1992  34.111  -65.019  30.810 0.5000000000
85564  28.783  -67.694  27.860 0.6000000238
1796  28.907  -66.916  28.869 0.6000000238
1593  28.569  -67.914  28.814 0.6000000238
83425  27.569  -68.644  29.580 0.6000000238
1585  28.468  -67.436  29.921 0.6000000238
2207  30.833  -64.776  34.412 0.6000000238
2000  34.139  -65.276  29.800 0.6000000238
85683  29.019  -66.624  27.766 0.6000000238
2253  29.002  -64.823  28.203 0.6000000238
2012  29.135  -65.737  28.632 0.6000000238
89114  28.910  -64.275  29.129 0.6000000238
2243  28.506  -63.714  29.416 0.5000000000
83158  29.166  -64.887  29.400 0.6000000238
2242  29.026  -64.160  30.175 0.5000000000
1399  27.794  -68.830  27.221 0.6999999881
1606  28.503  -68.260  26.747 0.6000000238
95627  29.007  -65.706  27.634 0.6000000238
2254  28.477  -64.032  28.312 0.6000000238
2269  26.115  -63.715  26.782 0.6000000238
82369  28.863  -66.497  26.720 0.6000000238
2260  28.747  -65.311  27.081 0.6000000238
2503  27.722  -63.412  28.528 0.5000000000
2267  28.025  -64.898  26.737 0.6000000238
2517  26.556  -63.352  26.929 0.6000000238
2268  27.128  -64.442  26.523 0.6000000238
2023  28.317  -65.976  26.300 0.6000000238
2516  27.643  -63.855  27.263 0.6000000238
2510  26.849  -63.004  27.655 0.6000000238
2769  25.503  -62.430  27.391 0.5000000000
2755  26.189  -62.325  29.279 0.6000000238
2762  26.212  -62.325  28.090 0.6000000238
2768  26.031  -62.612  27.339 0.6000000238
2996  25.168  -61.508  28.049 0.6000000238
2997  24.728  -61.236  28.266 0.6999999881
91416  24.224  -61.305  28.326 0.6999999881
2992  23.153  -61.674  29.169 0.6999999881
2979  22.222  -61.766  30.606 0.6999999881
2756  25.591  -61.682  28.444 0.6000000238
2989  25.060  -61.008  28.604 0.6999999881
3199  23.826  -59.499  29.554 0.6999999881
2991  23.850  -60.986  28.686 0.6999999881
2985  23.535  -60.444  29.287 0.6999999881
86611  22.424  -60.467  30.546 0.6000000238
3198  24.274  -59.823  29.457 0.6000000238
2217  33.365  -64.708  33.491 0.5000000000
82391  33.259  -63.146  33.872 0.5000000000
2218  33.038  -64.052  34.113 0.5000000000
2205  32.258  -64.302  34.379 0.6000000238
2959  32.987  -61.544  33.714 0.6000000238
2720  33.462  -62.283  33.579 0.6000000238
2462  32.368  -63.317  34.253 0.6000000238
2219  31.583  -63.787  34.332 0.6000000238
2960  32.092  -61.596  34.103 0.5000000000
82864  31.378  -62.234  34.292 0.6000000238
94018  30.569  -63.739  33.934 0.6000000238
2953  30.264  -61.500  34.781 0.6000000238
2710  29.763  -62.464  34.727 0.5000000000
2724  30.343  -62.964  34.217 0.6000000238
2464  30.133  -63.605  33.810 0.6000000238
2450  29.583  -63.209  34.241 0.6000000238
2452  27.542  -63.438  34.573 0.5000000000
2712  28.017  -63.178  35.157 0.5000000000
2451  28.648  -63.386  34.385 0.6000000238
559  32.151  -73.630  30.807 0.6000000238
856  33.141  -72.329  28.606 0.6999999881
1973  32.680  -64.892  34.123 0.5000000000
2504  26.925  -62.884  28.917 0.6000000238
2990  24.554  -60.579  28.897 0.6999999881
1966  32.065  -65.004  34.440 0.6000000238
2465  29.372  -63.560  33.525 0.6000000238
531  30.162  -73.448  35.448 0.3000000119
821  31.881  -72.242  35.313 0.4000000060
85471  31.976  -73.134  33.954 0.3000000119
91105  32.597  -72.678  33.108 0.4000000060
690  32.780  -72.982  32.233 0.4000000060
1184  35.057  -69.781  31.196 0.4000000060
842  33.737  -72.034  31.303 0.3000000119
1011  34.807  -70.594  30.649 0.5000000000
1195  35.171  -70.141  30.063 0.6000000238
689  33.188  -72.515  31.743 0.5000000000
86417  33.794  -72.250  30.388 0.5000000000
697  32.736  -73.172  31.214 0.5000000000
1207  35.065  -70.390  28.838 0.6000000238
2261  28.451  -64.526  27.464 0.6000000238
2980  22.023  -61.225  31.550 0.6000000238
2721  32.712  -62.399  34.000 0.6000000238
97902  31.222  -60.596  34.393 0.5000000000
2722  32.015  -62.504  34.213 0.6000000238
2723  30.915  -62.768  34.204 0.6000000238
2961  31.167  -61.329  34.447 0.5000000000
2709  30.646  -62.231  34.477 0.6000000238
3156  30.711  -60.604  34.602 0.5000000000
2711  28.944  -62.936  34.881 0.5000000000
898  23.580  -70.758  48.018 0.4000000060
903  24.462  -71.165  47.553 0.4000000060
83571  24.386  -71.808  47.040 0.5000000000
741  21.588  -71.685  48.541 0.5000000000
590  20.684  -72.168  49.079 0.5000000000
458  20.149  -72.641  47.377 0.5000000000
747  21.895  -71.933  47.558 0.5000000000
737  22.239  -71.178  49.071 0.5000000000
85364  25.509  -71.125  47.774 0.4000000060
743  26.314  -71.467  47.496 0.4000000060
753  26.200  -71.873  46.668 0.5000000000
644  28.424  -72.839  39.476 0.3000000119
638  27.747  -73.380  40.541 0.3000000119
93749  28.041  -72.470  38.411 0.3000000119
653  28.327  -71.768  37.922 0.3000000119
91933  21.354  -71.677  49.571 0.5000000000
738  20.409  -72.056  49.990 0.5000000000
893  22.941  -70.586  49.616 0.4000000060
86949  22.969  -70.760  48.666 0.4000000060
897  24.634  -70.468  48.264 0.3000000119
891  24.498  -69.912  49.088 0.3000000119
917  26.471  -71.351  46.021 0.4000000060
896  26.372  -70.484  48.547 0.3000000119
902  27.022  -70.993  48.068 0.4000000060
910  26.977  -71.295  46.964 0.5000000000
628  28.625  -72.680  41.060 0.3000000119
90087  27.026  -73.284  41.853 0.3000000119
652  28.912  -72.113  38.776 0.3000000119
87212  29.035  -71.494  38.057 0.3000000119
889  22.689  -70.706  50.728 0.3000000119
732  22.062  -71.216  50.119 0.4000000060
888  23.359  -70.219  50.395 0.3000000119
1069  27.273  -70.076  48.845 0.3000000119
1093  27.347  -70.423  46.590 0.4000000060
1100  25.990  -70.172  45.480 0.4000000060
88729  27.440  -70.655  47.405 0.4000000060
83819  30.078  -71.533  41.764 0.4000000060
782  29.169  -71.951  42.211 0.4000000060
629  28.136  -72.304  42.677 0.4000000060
621  27.691  -71.868  43.177 0.4000000060
783  27.060  -71.847  42.930 0.4000000060
935  26.941  -71.209  42.048 0.5000000000
790  30.365  -71.575  40.499 0.3000000119
643  29.100  -72.426  39.859 0.3000000119
797  29.736  -71.908  39.601 0.3000000119
813  29.684  -71.433  37.640 0.3000000119
817  30.764  -71.893  36.680 0.3000000119
1263  27.870  -69.043  46.650 0.3000000119
1098  27.415  -69.467  46.243 0.3000000119
1277  25.597  -68.561  44.555 0.4000000060
1109  24.965  -69.066  44.101 0.4000000060
94232  27.865  -69.320  49.269 0.3000000119
1087  28.270  -69.585  47.882 0.3000000119
1068  28.159  -69.588  48.662 0.3000000119
1088  27.720  -70.258  48.096 0.3000000119
82251  25.470  -68.987  39.235 0.5000000000
1310  25.425  -68.350  39.590 0.5000000000
1112  32.411  -69.564  42.372 0.3000000119
925  31.665  -70.020  42.461 0.3000000119
932  32.265  -70.268  41.709 0.3000000119
781  30.516  -70.898  42.393 0.3000000119
84776  29.644  -71.197  42.821 0.4000000060
1123  28.428  -69.877  41.578 0.5000000000
1135  26.757  -69.957  39.908 0.5000000000
933  31.341  -70.583  42.018 0.3000000119
772  28.632  -71.435  43.140 0.4000000060
773  27.981  -71.366  43.185 0.4000000060
98304  27.550  -71.151  42.744 0.5000000000
942  27.036  -70.493  41.026 0.5000000000
796  30.553  -71.381  39.408 0.3000000119
805  29.852  -71.447  38.524 0.3000000119
812  30.548  -71.344  37.460 0.3000000119
811  31.532  -71.081  37.618 0.3000000119
810  32.081  -71.081  36.793 0.4000000060
1269  27.486  -68.565  45.968 0.3000000119
1279  25.908  -67.581  44.302 0.4000000060
1242  27.992  -68.582  49.693 0.3000000119
1079  28.972  -68.972  48.255 0.3000000119
1259  28.423  -69.042  47.305 0.3000000119
1280  25.122  -68.059  43.749 0.4000000060
1253  28.717  -68.854  49.287 0.3000000119
1288  24.533  -68.164  42.226 0.4000000060
1296  24.682  -67.990  41.183 0.5000000000
1495  26.091  -67.143  40.342 0.4000000060
1496  25.314  -67.439  40.785 0.5000000000
1282  34.038  -68.126  42.840 0.3000000119
1309  26.178  -68.382  39.390 0.5000000000
1504  25.706  -67.764  39.885 0.5000000000
83671  31.844  -69.422  42.466 0.3000000119
1133  28.116  -69.032  40.085 0.4000000060
1308  27.717  -68.136  39.464 0.5000000000
1120  33.081  -69.658  41.832 0.3000000119
81546  30.891  -70.313  42.592 0.4000000060
1113  30.546  -70.010  42.704 0.4000000060
1132  29.021  -69.033  40.754 0.5000000000
1134  27.092  -68.924  39.510 0.5000000000
941  31.703  -70.857  40.987 0.3000000119
93643  30.068  -70.589  42.855 0.4000000060
927  28.788  -70.849  43.175 0.5000000000
1114  28.910  -70.306  42.677 0.5000000000
85328  31.972  -70.761  39.147 0.3000000119
955  32.413  -70.496  38.640 0.4000000060
89503  32.930  -70.197  38.080 0.3000000119
956  31.776  -70.866  38.476 0.4000000060
962  32.308  -70.614  37.692 0.4000000060
555  26.823  -72.125  30.912 0.5000000000
820  31.938  -71.636  35.965 0.3000000119
1652  29.021  -66.801  49.938 0.3000000119
1451  29.627  -68.192  49.052 0.3000000119
85841  29.105  -67.871  49.800 0.3000000119
1481  25.734  -66.617  42.420 0.3000000119
1487  25.815  -66.801  41.324 0.5000000000
1494  26.739  -66.993  39.971 0.4000000060
1710  26.625  -66.495  40.719 0.3000000119
1476  35.369  -67.160  43.044 0.3000000119
1502  27.319  -67.319  39.507 0.5000000000
97242  33.169  -68.740  42.631 0.3000000119
1301  29.466  -68.272  40.091 0.4000000060
1307  28.612  -68.257  39.721 0.4000000060
1286  31.231  -69.331  42.413 0.4000000060
1121  30.273  -69.518  42.373 0.4000000060
1295  29.910  -68.962  41.201 0.4000000060
1131  32.975  -70.105  41.027 0.3000000119
947  33.192  -70.051  40.001 0.3000000119
1122  29.379  -69.654  42.062 0.5000000000
954  33.070  -70.137  38.955 0.3000000119
1145  33.405  -69.506  38.300 0.4000000060
961  32.784  -70.222  37.370 0.4000000060
692  26.700  -72.766  32.310 0.5000000000
966  32.531  -70.475  36.786 0.4000000060
96756  32.947  -70.031  36.887 0.5000000000
80660  26.044  -72.243  29.868 0.5000000000
1651  29.772  -67.264  49.786 0.3000000119
1385  27.066  -68.745  30.455 0.5000000000
1716  27.965  -66.730  39.509 0.3000000119
98292  27.240  -66.088  40.527 0.3000000119
1377  26.498  -69.153  31.366 0.5000000000
1386  26.558  -68.864  29.982 0.6000000238
1917  36.055  -66.511  43.097 0.3000000119
1478  33.817  -67.553  42.768 0.3000000119
1484  35.838  -67.563  42.158 0.3000000119
83687  33.353  -68.362  42.622 0.3000000119
1479  32.914  -68.106  42.410 0.3000000119
1500  28.983  -67.493  39.469 0.4000000060
93266  28.595  -66.900  39.346 0.4000000060
1165  25.977  -69.963  34.758 0.5000000000
1596  26.106  -67.836  29.243 0.5000000000
1285  32.106  -68.800  42.387 0.3000000119
1294  30.772  -68.780  41.533 0.3000000119
1300  30.299  -68.171  40.405 0.3000000119
86089  30.544  -67.263  39.864 0.3000000119
979  26.290  -70.112  35.028 0.5000000000
1129  34.336  -69.085  40.450 0.3000000119
1139  33.607  -69.561  39.235 0.3000000119
825  27.000  -71.524  34.628 0.5000000000
93262  33.912  -69.049  38.776 0.3000000119
686  26.548  -72.668  33.434 0.5000000000
1315  33.684  -68.595  38.170 0.4000000060
691  27.304  -72.307  32.467 0.6000000238
1320  33.582  -68.097  37.476 0.4000000060
1323  33.436  -68.476  36.739 0.5000000000
89207  33.437  -68.694  35.945 0.4000000060
965  32.850  -70.108  36.188 0.3000000119
564  28.011  -71.562  30.207 0.6000000238
1547  35.649  -67.468  33.651 0.3000000119
1548  34.949  -67.795  34.043 0.4000000060
1331  33.626  -68.801  35.107 0.4000000060
969  32.780  -70.217  35.267 0.3000000119
699  28.835  -71.871  30.436 0.6000000238
80662  27.562  -71.326  29.262 0.5000000000
1561  36.119  -67.256  33.055 0.3000000119
1348  35.195  -68.063  33.170 0.5000000000
1349  34.519  -68.534  33.722 0.4000000060
1169  34.131  -69.317  33.323 0.4000000060
563  28.878  -72.224  29.783 0.6000000238
87023  36.349  -67.329  32.141 0.3000000119
1562  35.776  -67.832  32.576 0.5000000000
1362  34.737  -68.878  32.827 0.4000000060
1361  35.344  -68.510  32.291 0.5000000000
1373  34.943  -69.246  32.009 0.4000000060
1372  35.448  -68.937  31.452 0.5000000000
81606  27.194  -68.845  29.481 0.6000000238
1394  26.832  -68.983  29.001 0.6000000238
1925  37.454  -65.707  42.848 0.3000000119
1918  35.325  -66.277  43.125 0.3000000119
1697  33.957  -66.549  42.542 0.3000000119
1393  27.577  -68.829  28.587 0.6000000238
1688  36.415  -66.983  42.663 0.3000000119
1485  33.302  -67.070  42.006 0.3000000119
1480  31.867  -67.609  40.924 0.3000000119
1595  26.667  -68.418  28.213 0.6000000238
1703  37.340  -66.739  40.947 0.3000000119
95387  32.231  -68.108  41.838 0.3000000119
1492  31.109  -67.935  40.647 0.3000000119
1603  26.152  -67.598  27.941 0.6000000238
1138  34.212  -69.050  39.484 0.3000000119
1805  25.705  -66.611  27.630 0.6000000238
1797  25.392  -66.835  28.724 0.6000000238
1798  24.685  -66.174  29.318 0.6000000238
93722  24.128  -65.659  29.606 0.5000000000
1515  34.184  -67.549  36.066 0.4000000060
90045  34.354  -68.208  34.681 0.4000000060
1573  36.677  -67.503  31.225 0.4000000060
1371  36.007  -68.164  31.634 0.5000000000
2149  37.240  -64.648  42.425 0.3000000119
1926  36.318  -65.607  43.080 0.3000000119
1927  35.192  -65.330  42.875 0.3000000119
1490  32.766  -66.553  41.079 0.3000000119
1704  32.375  -65.779  40.681 0.3000000119
1392  28.300  -68.498  28.053 0.5000000000
2148  38.162  -65.443  41.960 0.3000000119
1483  36.676  -67.202  41.642 0.3000000119
1405  27.895  -68.596  26.156 0.5000000000
1406  27.357  -68.833  26.740 0.6000000238
1695  38.039  -66.154  41.219 0.3000000119
83648  31.333  -66.958  40.120 0.3000000119
1602  26.750  -68.458  27.133 0.6000000238
1702  37.905  -65.958  40.020 0.3000000119
1804  26.397  -67.532  26.769 0.6000000238
1520  34.436  -67.114  36.753 0.3000000119
1319  34.021  -67.395  37.520 0.3000000119
2013  25.043  -65.841  28.367 0.6000000238
81501  22.960  -64.871  29.192 0.6000000238
1607  27.186  -68.332  26.151 0.6000000238
1810  27.073  -67.133  25.969 0.5000000000
2025  27.098  -65.730  26.202 0.6000000238
92862  25.569  -65.395  27.441 0.6000000238
2019  24.819  -64.812  27.953 0.6000000238
2014  24.357  -65.318  28.818 0.6000000238
2256  23.076  -64.218  28.552 0.6000000238
2255  24.033  -64.432  28.344 0.6000000238
2506  22.352  -63.871  28.675 0.5000000000
1613  27.901  -67.834  25.633 0.5000000000
2024  27.726  -65.498  26.252 0.5000000000
2026  26.349  -64.869  26.766 0.5000000000
2263  24.630  -63.790  27.571 0.6000000238
2745  21.040  -62.708  31.018 0.5000000000
98175  21.788  -61.792  31.957 0.6000000238
2736  21.378  -62.180  32.110 0.6000000238
93981  20.679  -62.706  31.672 0.5000000000
2737  20.758  -62.460  32.625 0.6000000238
2479  20.095  -62.863  32.929 0.6000000238
84534  23.897  -62.732  28.100 0.5000000000
2758  22.707  -62.868  28.922 0.5000000000
2505  23.191  -63.272  28.467 0.6000000238
2757  23.592  -62.092  28.472 0.6000000238
2752  21.571  -62.817  30.161 0.5000000000
2751  22.378  -62.358  29.692 0.6000000238
3200  23.093  -59.784  29.834 0.6000000238
85555  21.732  -62.138  31.333 0.6000000238
2729  20.802  -62.256  33.748 0.5000000000
4543  17.819  -55.470  36.337 0.5000000000
2519  25.316  -63.254  27.143 0.5000000000
4884  19.067  -54.689  36.870 0.5000000000
96060  19.260  -54.528  37.256 0.6000000238
4885  18.361  -54.785  36.313 0.6000000238
4558  17.330  -54.653  35.821 0.6000000238
4542  18.764  -55.424  36.893 0.5000000000
4559  16.664  -55.460  35.942 0.5000000000
4223  16.011  -56.278  36.057 0.5000000000
2955  19.891  -61.445  35.326 0.5000000000
2702  20.397  -62.139  35.183 0.5000000000
89636  13.901  -49.118  34.361 0.6000000238
6682  14.727  -48.673  34.563 0.6999999881
5980  15.390  -50.594  35.191 0.6000000238
6323  16.719  -50.235  35.340 0.6999999881
5966  18.438  -51.509  35.436 0.6000000238
5601  19.250  -52.534  36.185 0.6000000238
5967  17.112  -51.351  35.149 0.6000000238
5606  17.997  -52.212  35.291 0.6000000238
98341  14.209  -49.913  34.874 0.6000000238
5968  15.569  -51.749  34.811 0.6000000238
83420  17.711  -52.983  35.365 0.6000000238
88647  18.546  -52.819  35.724 0.5000000000
86754  19.464  -53.573  37.518 0.6000000238
93962  13.844  -50.690  34.704 0.6000000238
5607  17.002  -52.363  34.974 0.6000000238
5270  18.286  -53.566  35.802 0.5000000000
5264  19.044  -53.361  36.275 0.6000000238
5608  16.077  -52.746  34.709 0.6000000238
5271  17.332  -53.768  35.502 0.6000000238
5609  15.177  -53.097  34.575 0.6000000238
5272  16.087  -53.696  35.009 0.6000000238
4902  16.092  -54.672  35.417 0.6000000238
4560  15.499  -55.549  35.558 0.5000000000
3885  16.152  -57.779  36.440 0.5000000000
4215  15.479  -57.165  36.078 0.5000000000
3891  14.975  -57.996  35.641 0.5000000000
3360  15.468  -59.407  35.293 0.5000000000
6322  18.053  -50.651  35.345 0.6000000238
6321  18.929  -50.938  35.606 0.6999999881
5981  13.806  -51.742  34.344 0.5000000000
93867  15.223  -54.291  34.976 0.6000000238
4903  14.903  -54.920  35.080 0.6000000238
4224  15.017  -56.382  35.574 0.5000000000
4561  14.538  -55.688  35.005 0.6000000238
90693  14.773  -57.247  35.426 0.5000000000
4240  14.229  -56.608  33.966 0.6000000238
3899  14.733  -57.928  34.844 0.6000000238
92914  18.266  -43.551  32.031 0.4000000060
7371  14.901  -47.404  34.722 0.6999999881
7370  17.188  -47.537  35.640 0.5000000000
84138  18.835  -48.155  36.075 0.5000000000
8526  17.920  -44.376  32.224 0.6000000238
8527  17.088  -44.649  32.193 0.5000000000
7369  17.949  -48.112  35.551 0.6000000238
98161  19.216  -49.485  35.808 0.5000000000
8525  19.506  -44.666  32.342 0.5000000000
7381  14.355  -47.517  33.896 0.6000000238
7011  17.325  -48.738  35.359 0.8000000119
7031  14.331  -47.699  33.288 0.6999999881
6674  17.765  -49.685  35.377 0.8000000119
6309  19.514  -50.764  36.163 0.6999999881
4921  14.202  -55.013  34.343 0.6000000238
4571  14.169  -55.838  34.242 0.6000000238
7362  18.070  -47.278  36.195 0.5000000000
87305  17.178  -43.814  31.932 0.5000000000
7729  13.683  -46.033  34.190 0.6999999881
7360  19.428  -48.257  36.791 0.5000000000
8956  20.004  -43.367  32.096 0.4000000060
9397  19.135  -43.144  32.071 0.4000000060
8524  20.192  -44.236  32.152 0.4000000060
88204  20.204  -45.130  32.117 0.5000000000
7755  19.602  -46.767  31.947 0.4000000060
7716  16.373  -46.948  35.803 0.5000000000
7361  18.882  -47.447  36.749 0.5000000000
8958  17.336  -42.925  31.686 0.3000000119
7372  14.760  -46.773  35.143 0.6000000238
8545  20.700  -44.668  31.573 0.4000000060
8137  20.519  -45.591  31.284 0.4000000060
7405  19.628  -47.319  31.046 0.4000000060
8091  13.695  -45.583  35.555 0.6000000238
7718  13.499  -45.685  34.819 0.6000000238
7754  20.134  -46.519  31.222 0.4000000060
8086  14.104  -45.263  36.378 0.5000000000
7715  17.155  -46.914  36.189 0.5000000000
10384  18.686  -41.002  30.781 0.3000000119
83417  17.353  -42.077  31.408 0.3000000119
9405  16.618  -42.308  31.546 0.3000000119
9399  15.787  -42.209  31.790 0.4000000060
8144  20.689  -45.498  30.143 0.3000000119
7412  20.105  -47.060  30.220 0.4000000060
89218  20.471  -46.782  29.432 0.4000000060
9867  16.914  -41.181  31.102 0.4000000060
8087  13.474  -44.722  35.898 0.6000000238
7709  16.295  -46.359  36.690 0.4000000060
94594  16.027  -40.557  31.302 0.4000000060
10392  20.315  -40.271  30.082 0.3000000119
10393  19.405  -40.435  30.386 0.3000000119
8495  13.948  -44.296  36.541 0.5000000000
10379  15.054  -40.306  32.029 0.4000000060
90841  13.989  -40.145  33.185 0.4000000060
10361  13.972  -39.466  34.689 0.5000000000
10380  14.276  -39.421  32.917 0.4000000060
10372  13.867  -39.296  33.868 0.4000000060
12131  17.688  -36.690  30.972 0.3000000119
12125  17.623  -36.858  32.102 0.3000000119
11533  16.047  -36.911  31.991 0.3000000119
11523  16.393  -37.056  33.189 0.3000000119
11522  17.667  -37.429  33.265 0.3000000119
82653  19.097  -43.015  37.532 0.4000000060
12124  18.561  -36.945  31.796 0.3000000119
1706  30.691  -66.294  39.470 0.3000000119
97252  33.803  -67.715  36.768 0.4000000060
10953  14.452  -38.752  33.254 0.3000000119
4579  14.257  -55.966  33.575 0.6000000238
93323  18.552  -41.710  37.967 0.4000000060
8125  19.458  -45.486  32.374 0.5000000000
11534  15.503  -37.405  32.745 0.3000000119
1161  33.231  -69.554  34.717 0.3000000119
1338  33.848  -68.989  34.213 0.4000000060
2262  25.451  -64.201  27.126 0.5000000000
83902  23.686  -70.323  48.826 0.4000000060
740  22.591  -71.244  47.975 0.5000000000
594  20.207  -72.438  48.423 0.5000000000
762  25.969  -71.979  45.792 0.5000000000
916  26.896  -70.765  46.103 0.4000000060
1107  25.139  -69.997  44.840 0.4000000060
791  29.597  -72.146  40.830 0.4000000060
630  27.035  -72.511  42.662 0.4000000060
83755  26.390  -72.480  42.515 0.4000000060
728  21.829  -71.270  51.150 0.3000000119
1243  27.125  -69.237  49.444 0.3000000119
1092  27.941  -69.911  47.140 0.3000000119
1106  26.065  -69.166  45.267 0.4000000060
94830  25.497  -69.361  44.866 0.4000000060
780  30.940  -71.195  41.397 0.3000000119
789  31.152  -71.175  40.226 0.4000000060
1276  26.265  -68.388  44.976 0.4000000060
1281  24.604  -68.520  43.170 0.4000000060
1124  27.543  -69.800  40.571 0.5000000000
548  25.917  -73.121  32.246 0.5000000000
804  30.941  -71.168  38.475 0.4000000060
97040  29.420  -68.311  48.230 0.3000000119
1474  25.352  -67.241  43.190 0.4000000060
1287  24.846  -67.791  42.893 0.4000000060
84748  26.953  -68.030  39.420 0.5000000000
1284  32.696  -68.880  42.548 0.3000000119
1130  33.664  -69.534  40.943 0.3000000119
940  32.415  -70.503  40.504 0.3000000119
94353  32.454  -70.467  39.496 0.3000000119
554  27.397  -72.025  31.385 0.6000000238
1482  25.001  -67.276  41.996 0.4000000060
833  27.741  -71.794  33.912 0.5000000000
1150  33.365  -68.992  37.455 0.4000000060
1944  27.822  -66.050  39.975 0.3000000119
1493  29.773  -67.456  39.645 0.3000000119
1536  34.937  -67.625  34.746 0.4000000060
1330  33.966  -68.129  35.526 0.4000000060
1155  33.132  -69.449  35.642 0.4000000060
1764  36.632  -66.492  32.716 0.3000000119
93948  34.419  -65.188  42.525 0.3000000119
1811  26.268  -66.227  26.717 0.6000000238
1528  34.600  -67.611  35.360 0.3000000119
1928  33.840  -65.605  42.151 0.3000000119
1929  33.034  -65.249  41.509 0.3000000119
1714  37.478  -65.280  39.273 0.3000000119
2496  21.864  -63.481  29.105 0.5000000000
6675  16.313  -49.215  35.247 0.6999999881
6673  18.892  -50.064  35.594 0.6999999881
7012  15.698  -48.336  34.963 0.6999999881
7013  15.971  -47.658  35.137 0.6000000238
9865  19.104  -41.807  31.363 0.3000000119
995  29.093  -71.024  33.033 0.5000000000
986  28.719  -70.811  34.246 0.5000000000
1401  35.918  -68.538  26.770 0.6000000238
2511  24.618  -62.775  27.547 0.4000000060
2764  25.045  -61.967  27.608 0.5000000000
2728  21.326  -61.775  33.080 0.5000000000
3191  21.989  -59.927  31.279 0.5000000000
90763  21.800  -60.716  32.169 0.5000000000
2972  21.716  -61.434  32.420 0.5000000000
2964  21.084  -61.437  33.869 0.5000000000
3174  20.936  -60.617  33.765 0.5000000000
3405  22.406  -59.082  30.985 0.5000000000
3160  20.584  -61.236  34.594 0.4000000060
3182  21.517  -59.956  32.261 0.5000000000
3183  20.956  -59.925  33.037 0.5000000000
3175  19.963  -60.285  34.081 0.5000000000
3161  19.547  -60.738  34.754 0.5000000000
98251  20.221  -59.307  33.062 0.6000000238
3184  19.922  -59.931  33.520 0.5000000000
87143  18.725  -60.269  33.997 0.5000000000
3369  15.395  -59.242  34.352 0.5000000000
3393  19.271  -59.322  32.791 0.6000000238
3367  16.696  -60.320  34.138 0.5000000000
3368  15.956  -59.981  34.630 0.5000000000
3379  19.018  -59.764  33.296 0.6000000238
85587  17.971  -59.943  33.116 0.6000000238
3176  17.639  -60.397  33.951 0.5000000000
3649  19.662  -58.981  32.821 0.6000000238
86509  18.339  -59.531  32.334 0.6000000238
3381  15.980  -59.722  33.473 0.6000000238
96540  17.218  -59.388  31.176 0.6000000238
3637  15.290  -58.913  33.416 0.5000000000
3907  14.816  -58.126  33.417 0.5000000000
3395  17.322  -59.645  32.065 0.6000000238
3380  16.939  -60.044  33.137 0.6000000238
5600  19.654  -52.152  36.644 0.5000000000
5954  19.817  -51.418  36.794 0.5000000000
5955  19.357  -51.661  36.004 0.5000000000
4249  14.541  -56.732  33.242 0.6000000238
3651  16.640  -59.271  31.277 0.6000000238
3919  14.950  -57.570  32.858 0.6000000238
3396  16.342  -59.523  32.353 0.6000000238
3652  15.297  -58.452  32.595 0.6000000238
84967  15.885  -58.861  31.801 0.6000000238
10387  15.578  -39.727  31.501 0.3000000119
8911  18.256  -43.234  37.917 0.3000000119
94622  35.900  -68.715  30.914 0.4000000060
1390  36.172  -69.041  28.770 0.5000000000
698  29.415  -72.174  30.088 0.4000000060
94970  36.115  -68.031  26.355 0.4000000060
86092  28.404  -71.474  33.478 0.4000000060
832  28.634  -71.439  32.250 0.4000000060
684  27.964  -71.885  32.643 0.4000000060
92184  28.410  -71.588  31.487 0.4000000060
2032  36.077  -65.193  25.537 0.4000000060
2030  35.394  -65.555  25.884 0.4000000060
1808  34.366  -66.692  26.578 0.4000000060
824  27.863  -71.168  34.611 0.4000000060
2029  36.042  -66.047  25.473 0.4000000060
1807  35.230  -66.565  25.817 0.4000000060
2018  34.317  -65.744  27.451 0.4000000060
2011  34.125  -65.613  28.637 0.5000000000
3663  17.186  -58.851  30.654 0.5000000000
3926  17.674  -58.000  30.225 0.5000000000
3927  16.833  -57.858  30.052 0.5000000000
3931  17.415  -57.142  29.603 0.5000000000
4264  17.227  -56.358  29.502 0.5000000000
3928  16.253  -57.413  30.594 0.5000000000
4595  17.815  -55.142  29.293 0.5000000000
6308  19.883  -50.513  36.933 0.4000000060
6999  19.484  -49.017  36.217 0.4000000060
94449  16.698  -56.859  29.825 0.5000000000
3918  15.696  -57.833  31.800 0.5000000000
1402  34.830  -68.746  26.542 0.5000000000
1610  35.708  -67.487  25.895 0.4000000060
2022  34.736  -65.776  26.503 0.4000000060
598  20.651  -72.662  47.227 0.4000000060
459  20.559  -73.248  46.557 0.4000000060
103  19.350  -77.490  45.912 0.4000000060
593  21.021  -72.268  48.037 0.4000000060
149  19.659  -76.941  45.620 0.4000000060
336  20.782  -74.194  46.339 0.4000000060
147  20.256  -76.586  44.395 0.4000000060
86259  20.274  -76.172  45.019 0.4000000060
233  19.751  -76.381  45.220 0.4000000060
746  22.789  -71.842  47.029 0.5000000000
597  21.427  -72.565  47.008 0.5000000000
596  22.214  -72.378  46.834 0.4000000060
463  21.217  -73.600  46.579 0.4000000060
745  23.546  -71.379  47.313 0.5000000000
755  23.809  -72.231  46.772 0.5000000000
602  23.059  -72.849  46.501 0.5000000000
462  21.939  -74.163  46.531 0.4000000060
339  21.417  -74.654  46.284 0.4000000060
601  24.197  -73.137  46.554 0.4000000060
355  23.674  -74.729  44.092 0.4000000060
349  23.061  -75.188  44.525 0.4000000060
231  22.226  -75.518  44.918 0.4000000060
227  20.680  -75.777  45.314 0.4000000060
84222  21.164  -75.306  45.802 0.4000000060
236  21.748  -76.039  44.227 0.4000000060
232  20.870  -76.158  44.759 0.4000000060
609  24.494  -73.548  46.043 0.5000000000
460  23.681  -73.798  46.365 0.4000000060
461  22.777  -74.059  46.542 0.4000000060
97706  21.634  -75.071  46.105 0.4000000060
465  24.673  -73.620  45.120 0.5000000000
342  23.533  -74.643  45.076 0.4000000060
343  22.700  -75.025  45.518 0.4000000060
344  21.861  -75.299  45.745 0.4000000060
92082  23.542  -71.974  42.834 0.3000000119
775  23.052  -71.901  42.053 0.3000000119
774  23.509  -71.200  42.466 0.4000000060
618  23.877  -72.536  43.487 0.3000000119
923  23.975  -70.727  42.993 0.4000000060
770  23.909  -71.633  43.301 0.4000000060
937  22.955  -70.638  40.389 0.3000000119
785  23.079  -70.850  41.563 0.4000000060
929  23.546  -70.282  42.146 0.4000000060
944  23.549  -69.842  40.132 0.4000000060
936  23.336  -69.976  41.197 0.4000000060
1116  23.763  -69.443  41.862 0.4000000060
1115  24.169  -68.950  42.515 0.3000000119
479  23.970  -74.113  43.782 0.3000000119
922  24.364  -70.284  43.604 0.3000000119
769  24.342  -71.253  43.900 0.4000000060
88688  23.399  -70.373  39.510 0.4000000060
928  23.985  -69.800  42.756 0.3000000119
1126  23.834  -69.247  40.846 0.4000000060
1303  24.421  -68.620  40.486 0.4000000060
1125  24.176  -68.693  41.534 0.4000000060
617  24.436  -72.297  44.055 0.4000000060
952  23.000  -70.985  39.259 0.4000000060
1110  24.420  -69.377  43.374 0.3000000119
1146  24.943  -70.182  38.778 0.4000000060
958  24.374  -70.415  38.827 0.4000000060
949  26.057  -70.279  39.401 0.4000000060
1141  25.462  -69.759  38.973 0.4000000060
1136  24.207  -69.272  39.794 0.4000000060
613  25.027  -72.920  44.783 0.4000000060
921  24.807  -70.830  44.614 0.3000000119
768  24.982  -71.963  44.632 0.4000000060
1108  24.736  -69.886  44.076 0.3000000119
93796  25.797  -71.188  39.903 0.4000000060
798  25.732  -72.101  41.145 0.4000000060
943  26.333  -71.069  40.855 0.4000000060
1140  26.164  -69.325  39.287 0.4000000060
1311  24.857  -68.739  39.576 0.4000000060
754  24.768  -72.606  46.709 0.4000000060
920  25.682  -71.043  45.317 0.3000000119
744  25.412  -71.910  47.113 0.4000000060
600  24.854  -73.096  46.386 0.4000000060
599  25.434  -72.535  46.293 0.4000000060
608  25.124  -73.117  45.670 0.4000000060
763  25.425  -72.458  45.375 0.4000000060
2252  34.559  -64.768  29.224 0.4000000060
1142  24.773  -69.578  39.053 0.4000000060
226  21.402  -75.736  45.196 0.4000000060
338  22.218  -74.741  46.249 0.4000000060
466  24.040  -74.127  45.662 0.5000000000
467  23.193  -74.468  46.075 0.4000000060
473  24.187  -74.176  44.591 0.4000000060
526  28.500  -73.015  36.354 0.4000000060
545  32.278  -73.287  32.718 0.4000000060
552  31.348  -74.063  32.877 0.4000000060
553  28.104  -71.742  31.135 0.4000000060
562  29.302  -72.786  29.565 0.6000000238
603  22.040  -73.123  46.435 0.4000000060
614  24.461  -73.413  44.141 0.3000000119
622  23.294  -72.700  42.982 0.3000000119
665  30.440  -72.366  36.375 0.4000000060
672  30.786  -72.844  35.714 0.3000000119
685  27.213  -72.244  33.704 0.5000000000
705  31.293  -73.310  29.638 0.6999999881
706  30.448  -73.031  29.300 0.6999999881
767  25.473  -71.777  45.169 0.3000000119
795  31.383  -71.037  39.271 0.3000000119
816  31.347  -71.503  36.687 0.4000000060
831  32.780  -72.020  33.556 0.3000000119
837  32.986  -72.244  32.672 0.4000000060
843  29.679  -71.512  30.861 0.6000000238
855  33.976  -71.600  28.518 0.6999999881
857  32.276  -72.650  28.541 0.6999999881
926  29.325  -70.848  43.111 0.4000000060
934  27.613  -70.523  41.864 0.5000000000
948  31.851  -70.857  39.911 0.4000000060
950  25.392  -70.611  39.014 0.4000000060
951  23.672  -70.711  38.867 0.4000000060
978  27.023  -70.494  35.209 0.6000000238
1034  33.995  -70.995  27.833 0.6999999881
1041  33.945  -70.461  27.340 0.6999999881
1042  33.510  -70.145  27.020 0.6999999881
1099  26.767  -69.827  45.843 0.4000000060
1111  33.126  -69.111  42.483 0.3000000119
1119  33.727  -69.170  41.962 0.3000000119
1143  23.987  -69.967  39.167 0.4000000060
1152  33.146  -69.370  36.620 0.5000000000
1163  27.090  -68.829  35.468 0.6999999881
1164  26.315  -69.430  35.027 0.6999999881
1171  30.417  -69.080  33.502 0.8000000119
1177  34.405  -69.727  32.412 0.4000000060
1185  31.403  -68.962  31.524 0.8000000119
1262  28.978  -68.176  47.477 0.3000000119
1270  26.817  -68.889  45.573 0.3000000119
1293  31.580  -68.471  41.712 0.3000000119
1302  25.022  -68.090  40.183 0.5000000000
1339  29.777  -67.821  34.893 0.6999999881
1343  26.729  -68.936  35.252 0.6999999881
1364  30.986  -69.057  32.430 0.8000000119
1400  27.170  -68.973  27.750 0.6000000238
1438  29.818  -67.568  49.579 0.3000000119
1477  34.503  -67.545  42.962 0.3000000119
1486  32.566  -67.339  41.400 0.3000000119
1491  32.096  -66.661  40.561 0.3000000119
1501  28.190  -67.444  39.395 0.4000000060
1503  26.487  -67.581  39.651 0.5000000000
1529  27.637  -67.914  35.320 0.8000000119
1535  35.486  -67.336  34.457 0.4000000060
1575  32.437  -67.332  31.502 0.6999999881
1584  32.347  -67.454  30.522 0.8000000119
1594  28.107  -68.412  29.213 0.6000000238
1611  34.934  -67.352  26.043 0.4000000060
1612  28.430  -68.031  25.893 0.5000000000
1687  36.826  -66.340  42.965 0.3000000119
1689  34.553  -66.852  43.047 0.3000000119
1696  37.375  -66.501  42.121 0.3000000119
1698  33.237  -66.109  41.528 0.3000000119
1709  27.279  -66.583  39.978 0.3000000119
1744  30.753  -66.169  34.819 0.6000000238
1803  28.900  -67.377  26.975 0.6000000238
1809  28.730  -67.547  26.262 0.6000000238
1813  36.285  -66.892  25.701 0.4000000060
1814  28.458  -67.160  25.860 0.5000000000
1815  27.862  -66.559  25.758 0.5000000000
1919  34.552  -65.985  42.762 0.3000000119
1969  30.079  -65.832  34.915 0.8000000119
1974  32.286  -65.642  34.259 0.5000000000
2001  33.693  -65.731  30.358 0.6000000238
2206  31.550  -64.597  34.455 0.6000000238
2220  30.953  -64.046  34.182 0.6000000238
2463  30.842  -63.397  34.078 0.6000000238
2466  28.386  -63.476  33.615 0.6999999881
2469  20.205  -62.803  33.917 0.6000000238
2512  23.857  -63.555  28.080 0.6000000238
2518  25.778  -62.925  27.062 0.5000000000
2700  24.984  -62.807  35.551 0.6000000238
2701  24.528  -62.095  35.524 0.6000000238
2727  25.297  -62.489  34.051 0.6000000238
2734  26.484  -62.943  32.092 0.5000000000
2763  25.533  -62.057  27.766 0.6000000238
2765  24.372  -61.918  27.936 0.6999999881
2770  25.276  -62.633  27.312 0.4000000060
2946  19.940  -62.087  35.792 0.5000000000
2954  24.621  -61.781  34.817 0.6000000238
2986  22.822  -61.074  29.853 0.6999999881
2998  24.352  -60.805  28.623 0.6999999881
3162  18.428  -60.633  34.751 0.5000000000
3171  31.140  -59.927  34.116 0.5000000000
3173  21.496  -60.864  33.050 0.5000000000
3190  22.668  -59.321  30.461 0.5000000000
3205  24.154  -60.267  29.052 0.6999999881
3366  24.314  -58.983  34.475 0.6000000238
3394  17.798  -59.287  31.395 0.6000000238
3403  23.386  -58.557  30.513 0.6000000238
3615  15.421  -58.635  35.818 0.5000000000
3621  15.007  -58.669  35.106 0.5000000000
3626  23.475  -57.709  33.928 0.5000000000
3627  14.919  -58.478  34.204 0.5000000000
3635  23.610  -58.109  33.277 0.6000000238
3636  15.651  -59.186  32.650 0.6000000238
3659  22.983  -58.425  31.018 0.6000000238
3664  16.335  -58.436  30.843 0.5000000000
3892  14.450  -57.261  34.449 0.6000000238
3896  23.853  -57.644  34.945 0.6000000238
3904  23.169  -57.765  33.193 0.6999999881
3908  14.505  -57.357  33.630 0.5000000000
3914  22.655  -58.097  32.816 0.6999999881
4225  14.432  -56.496  34.797 0.5000000000
4230  22.935  -56.625  34.813 0.5000000000
4237  22.034  -57.199  34.231 0.5000000000
4247  15.946  -56.864  31.611 0.6000000238
4257  16.769  -56.020  29.743 0.5000000000
4258  16.360  -56.497  30.464 0.5000000000
4509  19.349  -54.274  37.634 0.6000000238
4522  19.203  -55.069  37.579 0.6000000238
4570  21.622  -55.534  34.817 0.5000000000
4587  15.610  -56.149  32.474 0.6999999881
4588  14.710  -56.069  32.965 0.6999999881
4607  17.473  -55.676  29.334 0.5000000000
4868  19.320  -53.973  36.943 0.6000000238
4898  23.325  -54.358  35.905 0.5000000000
4900  18.777  -54.133  36.302 0.5000000000
4901  18.069  -54.204  35.898 0.6000000238
4949  15.923  -54.053  32.169 0.8000000119
4963  17.978  -54.702  29.676 0.5000000000
5256  19.567  -52.971  36.938 0.6000000238
5273  14.648  -53.751  34.448 0.6999999881
5281  13.939  -53.546  33.822 0.6999999881
5282  14.042  -54.222  34.051 0.6999999881
5310  18.104  -53.917  30.887 0.6999999881
5589  19.781  -52.127  37.357 0.5000000000
5969  14.886  -52.436  34.576 0.5000000000
6027  17.025  -50.918  31.675 0.6999999881
6331  15.198  -49.600  35.124 0.6999999881
6340  13.734  -49.220  33.278 0.6999999881
6355  16.926  -50.043  31.914 0.6999999881
6357  14.668  -49.909  32.218 0.8000000119
6661  19.858  -49.629  36.944 0.4000000060
6662  19.555  -49.911  36.228 0.4000000060
6707  18.998  -49.718  30.817 0.6000000238
7010  18.596  -49.029  35.605 0.5000000000
7023  14.713  -47.883  34.397 0.6999999881
7039  15.051  -47.602  32.765 0.8000000119
7044  18.872  -48.847  30.905 0.6000000238
7382  14.411  -47.013  34.369 0.6999999881
7390  14.433  -46.944  33.525 0.6000000238
7397  17.862  -48.127  32.655 0.6999999881
7399  15.945  -47.323  32.661 0.8000000119
7401  14.612  -46.358  33.135 0.6999999881
7710  15.396  -46.336  36.274 0.5000000000
7717  13.998  -46.344  34.854 0.6999999881
7728  14.032  -46.610  34.055 0.6999999881
7744  20.015  -45.991  32.028 0.4000000060
7759  20.432  -46.255  30.237 0.3000000119
8085  14.754  -45.628  36.646 0.4000000060
8090  14.490  -46.155  35.883 0.6000000238
8092  13.148  -45.010  35.143 0.8000000119
8101  13.339  -45.274  34.367 0.6000000238
8116  13.754  -45.613  33.755 0.6999999881
8126  17.805  -45.123  32.419 0.6999999881
8129  15.428  -45.403  32.596 0.6999999881
8130  14.706  -45.683  32.943 0.6999999881
8496  13.439  -43.994  35.965 0.6000000238
8503  13.009  -44.373  34.636 0.6999999881
8925  19.501  -43.454  36.668 0.4000000060
8934  18.318  -43.570  35.786 0.6000000238
8938  13.589  -42.920  35.887 0.6999999881
8942  12.857  -43.356  34.988 0.8000000119
8957  19.369  -43.861  32.244 0.5000000000
9381  13.580  -42.036  35.508 0.6999999881
9382  13.087  -42.338  35.242 0.6999999881
9401  13.876  -42.379  33.141 0.6000000238
9406  16.035  -41.458  31.526 0.4000000060
9858  13.125  -40.977  34.555 0.6000000238
9866  18.010  -41.570  31.144 0.3000000119
10309  18.197  -40.841  37.781 0.4000000060
10359  18.818  -39.540  34.083 0.3000000119
10360  15.008  -39.261  34.790 0.5000000000
10935  20.495  -39.330  33.568 0.3000000119
10939  14.976  -38.125  33.521 0.3000000119
10952  15.050  -38.164  32.458 0.3000000119
12119  16.817  -36.855  32.386 0.3000000119
12132  16.828  -36.845  31.409 0.3000000119
83015  16.962  -48.077  35.259 0.6000000238
84210  34.018  -71.200  31.830 0.4000000060
84307  31.193  -69.852  29.179 0.6999999881
85110  18.732  -44.269  32.302 0.6000000238
85122  31.485  -62.998  34.213 0.6000000238
85129  33.851  -69.481  40.002 0.3000000119
86457  16.209  -40.424  34.690 0.5000000000
86467  18.369  -50.903  31.350 0.6000000238
86642  27.742  -72.892  41.814 0.4000000060
86884  18.658  -44.951  32.426 0.6999999881
87225  15.502  -46.978  35.392 0.6000000238
87583  29.483  -73.799  30.071 0.6000000238
88328  14.596  -49.044  32.447 0.8000000119
88461  16.908  -53.107  35.092 0.6000000238
88943  14.322  -55.322  33.274 0.6000000238
88955  35.675  -67.661  33.117 0.3000000119
89904  24.754  -59.290  36.403 0.5000000000
90781  33.124  -69.761  37.454 0.4000000060
91358  14.561  -57.865  34.068 0.5000000000
91432  20.748  -61.918  34.471 0.5000000000
92156  30.800  -74.662  31.882 0.4000000060
92767  31.221  -69.829  42.579 0.4000000060
93364  22.987  -54.842  35.577 0.5000000000
93474  20.944  -58.874  32.913 0.6999999881
94128  26.290  -71.063  48.069 0.4000000060
94527  17.118  -45.317  32.394 0.6999999881
94704  29.632  -70.312  42.861 0.5000000000
95913  33.697  -68.063  36.184 0.4000000060
95917  28.196  -70.671  42.807 0.5000000000
95920  15.067  -57.588  35.917 0.5000000000
96116  18.791  -52.161  35.667 0.6000000238
96226  16.745  -54.186  35.461 0.6000000238
96268  16.766  -41.794  31.377 0.3000000119
96470  14.614  -44.099  36.913 0.6000000238
96524  32.226  -72.228  34.704 0.4000000060
96560  14.054  -55.351  33.785 0.6999999881
96893  15.069  -46.584  35.694 0.5000000000
97192  28.230  -71.844  37.243 0.3000000119
98212  27.298  -67.578  34.669 0.6999999881
98267  34.707  -69.769  31.804 0.4000000060
