#!ascii label  , from subject sub-v2s16x51292_ses-1 vox2ras=TkReg
2042
5258  49.277  -53.884  36.267 0.2000000030
4859  48.579  -54.024  37.259 0.2000000030
5257  49.682  -52.841  36.321 0.2000000030
4869  48.762  -54.453  36.620 0.2000000030
86155  50.486  -52.252  34.045 0.1000000015
83354  47.968  -54.323  37.842 0.3000000119
5250  48.927  -53.042  37.100 0.2000000030
5265  50.287  -52.944  35.379 0.1000000015
4886  49.677  -53.920  35.037 0.2000000030
5602  50.296  -51.850  35.572 0.1000000015
5970  50.259  -51.346  34.766 0.1000000015
89703  49.883  -50.459  35.097 0.1000000015
5982  50.008  -51.611  33.749 0.1000000015
6310  48.522  -49.833  35.596 0.1000000015
5971  49.565  -50.890  34.312 0.1000000015
5972  48.158  -50.924  34.210 0.1000000015
6311  47.219  -50.104  35.473 0.2000000030
5958  47.601  -50.635  34.912 0.1000000015
96222  48.649  -51.390  37.377 0.1000000015
85247  48.665  -50.586  37.241 0.1000000015
5594  49.241  -52.164  36.884 0.2000000030
5956  49.921  -50.783  35.596 0.1000000015
85189  49.091  -51.323  36.981 0.1000000015
5593  49.741  -51.461  36.332 0.1000000015
5957  49.445  -50.109  35.677 0.1000000015
6663  47.948  -48.951  36.045 0.1000000015
91017  46.498  -48.458  35.956 0.2000000030
6653  47.276  -48.241  36.202 0.2000000030
6994  45.335  -46.883  36.348 0.1000000015
6664  46.823  -49.177  35.739 0.2000000030
7358  44.827  -46.221  36.021 0.2000000030
83413  44.075  -47.639  36.298 0.1000000015
7706  44.039  -45.843  35.820 0.1000000015
5948  49.336  -50.390  36.402 0.1000000015
6296  48.200  -49.601  37.342 0.1000000015
6301  48.798  -49.583  36.265 0.1000000015
7705  44.888  -45.356  36.146 0.2000000030
8497  44.192  -43.945  35.577 0.2000000030
7711  44.439  -44.819  35.869 0.2000000030
8088  44.065  -44.461  35.507 0.1000000015
8093  43.588  -44.461  34.979 0.2000000030
6651  47.657  -48.636  37.374 0.1000000015
6650  48.236  -48.825  36.743 0.1000000015
6993  47.363  -47.853  36.692 0.2000000030
84278  46.055  -46.782  36.789 0.2000000030
8941  44.008  -43.239  35.093 0.3000000119
8940  43.988  -43.335  34.408 0.2000000030
90384  44.108  -43.175  33.615 0.2000000030
8094  42.343  -45.341  34.543 0.2000000030
7704  45.319  -45.918  36.606 0.3000000119
90717  46.660  -47.651  36.420 0.2000000030
8929  43.702  -43.588  35.461 0.3000000119
9383  43.724  -42.688  34.804 0.3000000119
9856  44.422  -41.572  34.027 0.3000000119
98244  44.229  -42.799  34.382 0.3000000119
8943  43.557  -43.809  33.560 0.2000000030
8948  43.506  -43.957  32.877 0.2000000030
9844  42.989  -41.777  34.575 0.4000000060
9372  43.205  -42.920  35.248 0.3000000119
8079  44.514  -44.885  36.269 0.2000000030
8488  44.255  -44.242  35.971 0.2000000030
9390  45.046  -41.909  33.657 0.3000000119
9395  45.292  -42.126  32.953 0.2000000030
8947  44.130  -43.382  32.802 0.2000000030
10363  44.152  -40.566  33.538 0.3000000119
9843  43.951  -42.080  34.443 0.3000000119
9859  46.119  -41.012  32.348 0.2000000030
91127  46.239  -41.778  31.542 0.2000000030
9394  45.963  -41.802  32.241 0.2000000030
9402  45.843  -42.958  31.485 0.1000000015
8946  44.882  -42.979  32.314 0.2000000030
8962  44.839  -43.921  31.768 0.2000000030
10375  44.474  -39.827  32.813 0.3000000119
10374  45.362  -39.933  32.320 0.3000000119
10382  45.547  -40.068  31.628 0.2000000030
10373  46.082  -40.518  32.070 0.3000000119
10389  45.359  -40.396  30.972 0.2000000030
9855  44.919  -41.153  33.554 0.3000000119
9863  46.292  -41.156  31.889 0.1000000015
9868  46.239  -41.469  31.407 0.1000000015
8995  47.230  -43.628  30.624 0.1000000015
9407  46.323  -42.564  30.923 0.1000000015
9872  46.214  -41.821  30.895 0.1000000015
8979  46.818  -43.839  30.966 0.1000000015
10955  43.821  -39.089  31.750 0.3000000119
10954  44.719  -39.543  31.693 0.2000000030
10964  43.820  -39.723  30.521 0.2000000030
10397  43.673  -40.481  29.861 0.2000000030
10410  43.137  -40.727  28.034 0.1000000015
10390  44.446  -40.234  30.551 0.1000000015
10401  43.283  -40.848  28.950 0.1000000015
9874  44.200  -41.236  29.421 0.1000000015
9869  45.843  -41.126  30.893 0.1000000015
9418  46.313  -42.614  30.302 0.1000000015
87614  47.122  -43.300  29.862 0.1000000015
86154  43.979  -39.216  31.110 0.2000000030
9897  43.893  -41.138  27.645 0.1000000015
9884  43.891  -41.268  28.500 0.1000000015
9883  44.431  -41.615  28.097 0.1000000015
9873  45.324  -41.756  30.065 0.1000000015
9433  45.277  -42.159  28.148 0.1000000015
87249  45.861  -42.495  29.224 0.1000000015
97189  45.499  -42.214  29.589 0.1000000015
9918  44.196  -40.988  26.067 0.1000000015
97383  46.032  -42.493  27.783 0.1000000015
9432  46.528  -42.812  28.679 0.1000000015
84803  43.552  -40.572  26.360 0.1000000015
83088  49.076  -50.293  34.986 0.1000000015
6655  44.657  -48.328  36.251 0.1000000015
8859  50.241  -43.778  42.087 0.5000000000
9726  49.099  -41.571  43.833 0.5000000000
9287  48.913  -42.510  43.079 0.5000000000
9296  49.355  -43.221  42.258 0.5000000000
8876  50.003  -43.588  41.173 0.5000000000
87224  52.198  -38.987  43.918 0.2000000030
92144  50.885  -39.688  44.279 0.2000000030
96644  50.030  -39.665  44.326 0.3000000119
10228  49.495  -40.024  44.441 0.3000000119
9734  48.222  -41.840  42.771 0.5000000000
9297  48.529  -42.416  42.027 0.5000000000
9315  49.166  -42.731  41.224 0.5000000000
8875  51.219  -44.305  40.384 0.5000000000
9313  50.639  -43.576  40.314 0.5000000000
8874  51.956  -44.979  39.730 0.5000000000
7686  51.946  -47.293  39.827 0.5000000000
83286  49.932  -38.818  43.928 0.3000000119
10787  49.085  -39.122  44.160 0.3000000119
94366  48.657  -40.669  44.089 0.5000000000
9756  49.265  -42.026  40.494 0.5000000000
9314  49.948  -42.814  40.423 0.5000000000
8893  51.525  -43.880  39.581 0.5000000000
8467  52.419  -45.964  38.896 0.5000000000
7317  47.206  -47.280  42.992 0.4000000060
7661  47.703  -46.706  42.478 0.5000000000
7660  48.567  -47.055  42.218 0.5000000000
7680  50.619  -47.150  40.121 0.5000000000
84196  52.141  -47.047  38.992 0.5000000000
7303  45.881  -48.178  43.456 0.4000000060
11377  50.996  -38.619  43.784 0.3000000119
10213  48.092  -39.697  44.075 0.4000000060
9735  47.713  -41.092  42.472 0.5000000000
9740  47.617  -40.775  41.638 0.5000000000
9739  48.037  -41.562  41.813 0.5000000000
9757  48.575  -41.901  41.146 0.5000000000
9758  48.171  -41.085  41.007 0.5000000000
10256  48.764  -41.375  40.531 0.5000000000
10279  49.381  -41.281  39.980 0.5000000000
9781  50.050  -42.025  39.870 0.5000000000
9329  51.652  -43.203  39.067 0.5000000000
8036  49.405  -46.486  40.764 0.5000000000
7687  51.557  -47.279  39.537 0.5000000000
8058  51.538  -46.970  38.772 0.5000000000
6937  44.730  -48.984  43.553 0.4000000060
6936  45.551  -48.827  43.526 0.4000000060
13130  47.387  -35.248  47.271 0.1000000015
12598  47.477  -35.193  45.745 0.1000000015
12608  46.854  -35.339  45.036 0.1000000015
12597  48.058  -35.319  46.399 0.1000000015
12607  48.032  -35.636  44.877 0.1000000015
82950  47.318  -35.869  44.537 0.1000000015
12606  48.846  -35.719  45.180 0.1000000015
11994  46.613  -36.243  44.030 0.1000000015
11990  52.059  -37.462  43.742 0.2000000030
11991  49.806  -36.399  44.290 0.1000000015
11378  49.893  -37.742  43.750 0.3000000119
10229  47.700  -40.519  43.224 0.5000000000
11379  49.071  -38.140  43.734 0.4000000060
10788  48.235  -38.643  43.871 0.4000000060
10238  47.228  -40.260  42.230 0.4000000060
10248  47.261  -40.169  41.509 0.5000000000
10258  47.675  -40.253  40.863 0.5000000000
10257  48.620  -40.557  40.250 0.5000000000
8892  52.307  -44.694  38.983 0.5000000000
7673  48.063  -46.266  41.897 0.5000000000
6248  43.588  -50.969  43.599 0.5000000000
13664  43.893  -34.620  48.491 0.1000000015
13126  45.235  -35.409  48.142 0.1000000015
13132  46.323  -35.199  47.638 0.1000000015
13135  46.858  -34.945  46.459 0.1000000015
13136  46.163  -34.749  46.314 0.1000000015
13142  45.788  -35.041  45.067 0.1000000015
13133  45.630  -34.877  47.358 0.1000000015
12609  46.150  -35.592  44.551 0.1000000015
12009  45.029  -37.110  42.147 0.2000000030
12623  43.920  -36.080  41.607 0.2000000030
11978  50.929  -36.089  44.665 0.1000000015
11993  47.773  -36.551  43.980 0.1000000015
94565  47.170  -36.675  43.841 0.1000000015
12007  46.227  -37.472  42.817 0.2000000030
11992  49.051  -36.945  43.899 0.2000000030
12001  47.415  -37.421  43.546 0.1000000015
11393  46.932  -37.959  42.981 0.2000000030
11396  46.317  -38.439  42.345 0.2000000030
12012  44.801  -37.233  41.431 0.2000000030
12628  44.316  -36.668  41.091 0.2000000030
11380  48.236  -37.521  43.738 0.2000000030
11392  47.568  -38.305  43.446 0.2000000030
10803  47.027  -38.911  42.900 0.3000000119
10815  46.319  -38.902  41.660 0.3000000119
10829  46.573  -39.108  40.943 0.4000000060
10259  47.102  -39.739  41.104 0.5000000000
8066  51.983  -46.638  37.919 0.5000000000
10827  48.064  -39.691  40.180 0.4000000060
8470  49.121  -44.343  39.366 0.5000000000
8478  50.198  -44.526  38.033 0.5000000000
8071  52.039  -46.062  37.191 0.5000000000
8455  48.840  -44.882  40.032 0.5000000000
8454  49.593  -45.284  39.402 0.5000000000
8468  51.103  -46.465  38.197 0.5000000000
9780  50.758  -41.972  39.399 0.5000000000
10278  50.263  -41.237  39.494 0.5000000000
8038  47.593  -45.561  41.566 0.5000000000
8053  48.667  -45.457  40.653 0.5000000000
8052  49.744  -46.075  39.916 0.5000000000
8481  52.746  -45.465  36.999 0.5000000000
7318  46.136  -47.365  43.161 0.5000000000
91521  46.941  -46.465  42.532 0.5000000000
8059  50.486  -46.264  38.992 0.5000000000
8476  52.677  -45.456  38.153 0.6000000238
8037  48.415  -45.892  41.284 0.5000000000
6590  43.691  -50.105  43.462 0.4000000060
13669  44.293  -34.557  47.907 0.1000000015
13675  43.789  -33.972  47.043 0.1000000015
14204  42.610  -33.591  47.570 0.1000000015
13668  44.961  -34.751  47.633 0.1000000015
13674  44.337  -34.191  46.805 0.1000000015
13673  44.926  -34.414  46.431 0.1000000015
13138  44.568  -34.604  45.239 0.1000000015
13143  44.977  -35.032  44.651 0.1000000015
12610  45.391  -35.614  44.171 0.1000000015
13147  43.791  -35.454  43.120 0.1000000015
12616  45.817  -36.235  43.720 0.1000000015
12619  44.083  -36.078  42.430 0.2000000030
83979  46.201  -36.788  43.345 0.1000000015
12004  44.739  -36.483  42.630 0.2000000030
11417  45.883  -38.425  41.049 0.3000000119
97410  44.859  -36.782  40.095 0.2000000030
12020  45.591  -37.786  40.469 0.2000000030
10828  47.321  -39.427  40.553 0.4000000060
11434  46.814  -38.183  39.756 0.3000000119
92756  48.332  -39.228  39.732 0.4000000060
97433  47.253  -38.520  39.801 0.4000000060
9346  50.445  -43.295  37.419 0.5000000000
8915  51.402  -44.129  36.799 0.5000000000
8914  52.356  -44.813  36.576 0.5000000000
10280  48.815  -39.738  39.738 0.5000000000
9814  52.106  -42.580  36.479 0.5000000000
9827  53.631  -41.994  36.215 0.5000000000
9359  53.656  -42.462  36.515 0.5000000000
8920  52.840  -44.278  36.585 0.5000000000
8913  52.989  -44.655  36.826 0.6000000238
88348  49.609  -40.379  39.593 0.5000000000
9826  54.040  -41.821  36.260 0.5000000000
9813  53.750  -42.860  37.042 0.5000000000
9360  53.217  -43.491  36.751 0.6000000238
8905  52.903  -44.987  37.425 0.5000000000
9779  51.543  -42.408  38.996 0.5000000000
9344  53.304  -43.842  37.421 0.5000000000
9345  52.531  -43.166  38.431 0.5000000000
5527  42.289  -52.777  43.098 0.4000000060
82411  42.783  -51.026  43.317 0.4000000060
6589  44.719  -50.032  43.548 0.4000000060
14805  40.674  -32.294  47.856 0.1000000015
14205  41.913  -33.128  47.242 0.1000000015
95015  42.140  -32.847  45.999 0.1000000015
14209  43.078  -33.656  46.802 0.1000000015
14214  42.699  -33.321  45.967 0.1000000015
14208  43.503  -33.812  46.059 0.1000000015
13678  43.445  -34.003  45.086 0.1000000015
14213  42.881  -33.507  45.184 0.1000000015
13144  44.003  -34.920  44.212 0.1000000015
13681  43.325  -34.303  44.280 0.1000000015
13684  43.222  -34.678  43.410 0.1000000015
13688  42.793  -34.227  42.546 0.2000000030
86903  43.091  -34.847  41.848 0.2000000030
13690  43.172  -34.674  41.043 0.2000000030
12629  43.981  -35.941  40.813 0.2000000030
13155  44.253  -35.703  40.116 0.2000000030
14837  52.604  -32.930  39.093 0.2000000030
12033  45.355  -37.095  39.831 0.2000000030
13701  53.882  -34.426  39.544 0.2000000030
92163  52.821  -34.457  39.343 0.2000000030
13714  51.832  -34.570  39.086 0.2000000030
13176  51.190  -35.111  38.315 0.2000000030
12032  46.114  -37.686  39.790 0.2000000030
13173  54.329  -35.833  38.955 0.2000000030
13174  53.179  -35.692  38.621 0.2000000030
13192  52.646  -36.231  38.230 0.2000000030
12659  52.054  -36.757  38.039 0.2000000030
12660  50.959  -36.479  37.933 0.3000000119
12066  50.356  -37.110  38.063 0.2000000030
12046  49.918  -37.779  38.323 0.4000000060
12062  55.115  -38.279  37.492 0.2000000030
12063  54.191  -37.988  38.067 0.3000000119
11471  53.480  -38.431  38.070 0.3000000119
86521  52.496  -38.468  38.158 0.4000000060
11472  51.745  -37.936  38.124 0.3000000119
12045  50.857  -37.857  38.164 0.4000000060
11449  50.453  -38.576  38.492 0.5000000000
11451  48.326  -38.034  38.855 0.4000000060
97857  48.809  -39.124  39.440 0.5000000000
10342  54.448  -40.630  35.328 0.5000000000
91405  54.909  -40.834  35.912 0.4000000060
10314  54.926  -40.763  36.798 0.4000000060
10880  54.894  -39.810  37.431 0.4000000060
10859  53.061  -39.881  38.266 0.4000000060
84647  51.303  -39.256  38.526 0.5000000000
10841  49.513  -39.430  39.268 0.5000000000
86105  54.487  -41.361  36.375 0.5000000000
10296  54.352  -41.356  37.273 0.5000000000
9794  53.776  -42.033  37.590 0.5000000000
85949  53.359  -42.796  37.716 0.5000000000
9796  51.256  -41.417  39.071 0.5000000000
15431  39.651  -31.097  47.747 0.1000000015
15430  40.186  -31.681  48.177 0.1000000015
15438  40.114  -31.731  47.342 0.1000000015
15446  39.735  -31.014  45.935 0.1000000015
14814  40.992  -32.046  46.074 0.1000000015
93660  40.528  -31.482  45.605 0.1000000015
87737  41.239  -31.803  45.259 0.1000000015
96648  40.844  -31.346  44.933 0.1000000015
14818  42.229  -32.508  44.313 0.1000000015
15454  41.941  -31.776  43.923 0.1000000015
13685  42.773  -33.853  43.630 0.1000000015
91901  42.576  -33.451  42.884 0.2000000030
14825  42.555  -32.581  42.700 0.2000000030
14224  42.650  -33.412  42.079 0.2000000030
13156  43.668  -35.202  40.541 0.2000000030
12637  44.888  -36.255  39.716 0.2000000030
14838  51.586  -32.696  39.074 0.1000000015
14239  51.880  -33.422  39.393 0.2000000030
13702  52.120  -34.017  39.463 0.2000000030
13715  50.771  -34.389  38.920 0.2000000030
12636  45.649  -36.442  39.228 0.2000000030
96114  51.212  -31.707  38.214 0.1000000015
14855  51.359  -32.060  38.579 0.1000000015
14240  50.892  -33.166  39.395 0.1000000015
13704  50.236  -33.653  39.314 0.1000000015
95816  49.873  -35.474  38.012 0.1000000015
12661  49.881  -36.250  37.980 0.2000000030
11433  47.546  -38.181  39.349 0.3000000119
12031  46.821  -37.437  39.174 0.2000000030
13727  49.477  -34.930  38.163 0.1000000015
13195  49.222  -35.657  38.033 0.1000000015
12645  49.290  -37.038  38.174 0.3000000119
12030  47.692  -37.454  38.770 0.2000000030
10860  52.132  -39.935  38.522 0.5000000000
89009  51.250  -39.943  38.775 0.5000000000
10861  50.413  -39.483  38.879 0.5000000000
98010  50.066  -39.906  39.278 0.5000000000
10297  53.229  -40.892  38.278 0.5000000000
10298  51.841  -40.733  38.765 0.5000000000
10299  50.666  -40.438  39.140 0.5000000000
9795  52.558  -41.918  38.486 0.5000000000
16055  39.337  -30.395  48.279 0.1000000015
16061  39.125  -30.378  47.269 0.1000000015
16070  38.886  -30.060  46.417 0.1000000015
16069  39.294  -30.614  46.491 0.1000000015
85539  39.226  -30.437  45.945 0.1000000015
16079  38.925  -29.937  45.617 0.1000000015
16077  40.201  -30.961  45.044 0.1000000015
15451  40.833  -30.928  44.286 0.1000000015
16086  39.945  -30.342  44.364 0.1000000015
15458  42.352  -31.658  43.069 0.2000000030
14828  42.836  -32.551  41.687 0.2000000030
13695  43.097  -33.864  40.894 0.2000000030
14232  43.194  -33.006  40.943 0.2000000030
13694  43.527  -34.397  40.380 0.2000000030
13163  44.011  -34.921  39.884 0.2000000030
13705  44.616  -34.568  39.498 0.2000000030
13161  45.324  -35.666  39.172 0.2000000030
15497  50.045  -31.155  37.935 0.1000000015
15479  50.600  -31.663  38.559 0.1000000015
83589  49.838  -32.791  39.511 0.1000000015
98414  49.646  -33.348  39.430 0.1000000015
13716  49.863  -34.304  38.680 0.1000000015
13180  46.521  -35.072  38.549 0.1000000015
12647  46.441  -36.592  38.869 0.2000000030
12648  46.058  -35.806  38.739 0.2000000030
13717  49.000  -34.334  38.525 0.1000000015
13178  48.497  -35.911  38.130 0.1000000015
12646  48.486  -36.625  38.245 0.2000000030
97450  47.917  -36.897  38.458 0.2000000030
88344  47.252  -36.778  38.624 0.2000000030
17419  38.244  -28.753  46.795 0.1000000015
16724  38.607  -29.533  47.046 0.1000000015
88392  37.641  -27.387  46.897 0.1000000015
16732  38.471  -29.306  46.096 0.1000000015
17434  37.881  -28.013  45.618 0.1000000015
83697  38.466  -28.810  44.830 0.1000000015
16740  39.187  -29.839  44.797 0.1000000015
16091  40.601  -30.401  43.763 0.1000000015
16096  41.630  -30.436  42.821 0.1000000015
16095  42.362  -30.838  42.521 0.1000000015
16102  42.007  -30.102  42.137 0.1000000015
94168  42.838  -30.989  41.975 0.1000000015
15462  43.119  -31.514  41.654 0.2000000030
14831  43.895  -32.605  40.604 0.2000000030
13706  44.036  -34.051  39.842 0.2000000030
14230  44.329  -33.158  40.091 0.2000000030
14246  44.777  -33.705  39.636 0.2000000030
13720  45.392  -34.210  39.232 0.1000000015
97202  45.087  -34.993  39.164 0.2000000030
16135  48.764  -30.269  36.713 0.1000000015
16126  48.488  -30.422  37.618 0.1000000015
16115  49.140  -30.900  38.202 0.1000000015
14840  48.839  -32.531  39.663 0.1000000015
13181  45.723  -35.022  38.845 0.2000000030
15481  48.192  -31.115  39.192 0.1000000015
15470  48.518  -31.720  39.542 0.1000000015
14241  49.101  -33.223  39.537 0.1000000015
13718  48.007  -34.478  38.486 0.1000000015
85285  47.262  -35.038  38.373 0.2000000030
89023  37.343  -26.682  45.633 0.1000000015
89120  37.995  -27.873  44.346 0.1000000015
85679  38.466  -28.471  44.154 0.1000000015
16756  40.185  -29.602  43.026 0.1000000015
16767  41.255  -29.854  42.367 0.1000000015
16101  42.617  -30.409  41.787 0.1000000015
16100  43.188  -30.693  41.502 0.2000000030
16106  43.644  -30.330  40.985 0.1000000015
15467  43.775  -31.095  41.259 0.1000000015
15466  44.254  -31.634  40.858 0.2000000030
15474  44.955  -31.259  40.538 0.1000000015
14845  44.688  -32.228  40.436 0.2000000030
16129  46.389  -29.899  37.853 0.1000000015
16117  46.825  -30.291  38.529 0.1000000015
16118  45.919  -30.057  38.646 0.1000000015
16110  46.558  -30.580  39.293 0.1000000015
15473  45.686  -31.055  40.205 0.1000000015
84637  45.828  -32.695  39.873 0.1000000015
14844  45.468  -31.941  40.284 0.1000000015
16127  47.652  -30.129  37.527 0.1000000015
92248  47.543  -30.395  38.270 0.1000000015
15482  47.470  -30.740  39.102 0.1000000015
85069  46.958  -31.231  39.751 0.1000000015
14842  47.218  -32.062  39.941 0.1000000015
14243  47.458  -32.904  39.678 0.1000000015
14244  46.633  -32.727  39.766 0.1000000015
14258  46.045  -33.473  39.386 0.1000000015
15471  47.753  -31.484  39.659 0.1000000015
14256  47.694  -33.675  39.076 0.1000000015
13719  47.077  -34.342  38.673 0.1000000015
18157  37.691  -27.130  44.140 0.1000000015
18156  38.166  -27.763  43.698 0.1000000015
85975  39.542  -28.638  42.280 0.1000000015
16780  40.168  -28.948  41.900 0.1000000015
16778  41.521  -29.583  41.667 0.1000000015
16107  42.985  -30.095  41.216 0.1000000015
17495  43.208  -28.821  36.998 0.1000000015
16812  43.529  -29.245  37.698 0.1000000015
16799  43.528  -29.460  38.659 0.1000000015
87673  43.391  -29.577  39.488 0.1000000015
16785  43.302  -29.915  40.711 0.1000000015
16823  44.353  -29.059  36.524 0.1000000015
16824  43.802  -29.110  36.950 0.1000000015
82442  44.336  -29.626  38.405 0.1000000015
16112  44.921  -30.361  40.051 0.1000000015
81635  45.169  -29.372  36.760 0.1000000015
16810  45.535  -29.683  37.674 0.1000000015
16811  44.530  -29.449  37.438 0.1000000015
16798  45.076  -29.999  39.070 0.1000000015
17466  40.108  -28.545  41.175 0.1000000015
17482  40.713  -28.488  39.816 0.1000000015
16787  41.719  -29.330  40.796 0.1000000015
85493  41.126  -28.472  39.180 0.1000000015
17481  41.444  -28.944  39.898 0.1000000015
16786  42.644  -29.663  40.761 0.1000000015
17509  42.707  -28.347  36.643 0.1000000015
17496  42.565  -28.699  37.478 0.1000000015
17487  42.201  -28.828  38.303 0.1000000015
16801  41.964  -28.995  39.171 0.1000000015
16793  43.056  -29.663  40.150 0.1000000015
17508  43.548  -28.630  36.350 0.1000000015
16813  42.888  -29.173  38.174 0.1000000015
9330  50.796  -42.859  39.621 0.5000000000
10807  47.325  -39.720  43.009 0.4000000060
12596  48.625  -35.430  46.978 0.1000000015
10239  46.790  -39.390  42.271 0.4000000060
10249  46.860  -39.613  41.639 0.4000000060
13137  45.397  -34.651  45.792 0.1000000015
12008  45.638  -37.652  42.260 0.3000000119
13151  43.486  -35.408  41.303 0.2000000030
12002  46.773  -37.125  43.400 0.2000000030
11402  45.722  -38.203  41.719 0.3000000119
12021  44.877  -37.185  40.602 0.2000000030
93786  46.974  -38.767  40.226 0.3000000119
8907  50.690  -44.423  37.366 0.5000000000
13670  43.509  -34.040  47.684 0.1000000015
14210  42.332  -33.205  46.671 0.1000000015
13677  44.136  -34.216  45.722 0.1000000015
85538  43.884  -34.431  44.898 0.1000000015
13146  44.585  -35.546  43.771 0.1000000015
12617  45.056  -36.146  43.379 0.1000000015
13687  43.205  -34.990  42.614 0.1000000015
13149  43.538  -35.513  42.153 0.2000000030
11435  46.293  -38.351  40.374 0.3000000119
82310  48.291  -38.683  39.370 0.4000000060
9362  51.198  -42.986  36.886 0.5000000000
9367  53.103  -43.014  36.405 0.5000000000
9815  50.932  -41.932  36.881 0.5000000000
10330  54.176  -41.344  35.814 0.5000000000
14808  41.578  -32.665  46.567 0.1000000015
14809  40.746  -32.263  46.964 0.1000000015
14813  41.686  -32.378  45.639 0.1000000015
13682  42.953  -33.787  44.493 0.1000000015
14812  42.291  -32.833  45.186 0.1000000015
14227  42.866  -33.407  41.396 0.2000000030
14238  53.008  -33.719  39.448 0.2000000030
14836  53.707  -33.062  39.094 0.2000000030
13713  53.570  -35.103  39.254 0.2000000030
13175  52.140  -35.431  38.453 0.2000000030
13193  51.562  -35.931  38.050 0.2000000030
13177  50.291  -34.922  38.213 0.1000000015
12644  53.969  -36.515  38.456 0.2000000030
12658  53.381  -37.097  38.178 0.2000000030
12064  52.646  -37.679  38.060 0.3000000119
86126  49.085  -37.854  38.525 0.4000000060
11469  55.279  -39.193  36.962 0.5000000000
11470  54.608  -38.851  37.796 0.4000000060
12657  54.960  -37.363  38.109 0.2000000030
10881  53.565  -39.260  38.088 0.4000000060
11447  52.299  -39.190  38.299 0.5000000000
11448  51.489  -38.527  38.283 0.5000000000
11432  49.054  -38.614  38.973 0.5000000000
12047  48.443  -37.324  38.459 0.3000000119
10341  55.118  -40.153  35.514 0.5000000000
10313  55.295  -40.110  36.372 0.5000000000
10858  54.142  -40.373  37.791 0.5000000000
15439  39.626  -31.124  46.871 0.1000000015
15445  40.243  -31.642  46.459 0.1000000015
14819  41.817  -32.129  44.806 0.1000000015
15450  41.392  -31.520  44.518 0.1000000015
14221  42.502  -33.052  43.527 0.1000000015
14822  42.349  -32.363  43.591 0.2000000030
15463  42.700  -31.687  42.261 0.2000000030
13703  51.265  -33.872  39.379 0.1000000015
14839  50.711  -32.365  39.123 0.1000000015
16056  38.808  -29.669  47.984 0.1000000015
17406  38.420  -28.859  47.709 0.1000000015
16078  39.504  -30.446  45.270 0.1000000015
16741  38.647  -29.332  45.200 0.1000000015
15459  41.886  -31.073  43.298 0.1000000015
14832  43.514  -32.069  41.187 0.2000000030
90624  50.361  -30.960  37.004 0.1000000015
84321  49.690  -31.407  38.756 0.1000000015
94457  50.056  -31.954  39.218 0.1000000015
82097  46.989  -35.894  38.450 0.2000000030
14242  48.282  -33.091  39.608 0.1000000015
90546  47.811  -36.285  38.333 0.1000000015
17407  38.014  -28.102  47.356 0.1000000015
18835  37.359  -26.645  46.397 0.1000000015
18129  37.558  -27.385  46.076 0.1000000015
17420  37.917  -28.048  46.473 0.1000000015
17433  38.290  -28.719  45.466 0.1000000015
17443  37.741  -27.604  44.883 0.1000000015
17442  38.108  -28.273  44.883 0.1000000015
16749  38.853  -29.195  44.431 0.1000000015
16092  40.104  -29.898  43.591 0.1000000015
16748  39.451  -29.605  44.017 0.1000000015
16090  41.252  -30.681  43.532 0.1000000015
16097  40.798  -30.085  43.073 0.1000000015
89136  45.064  -32.845  39.947 0.2000000030
16125  49.409  -30.679  37.332 0.1000000015
16116  48.256  -30.704  38.508 0.1000000015
15469  49.319  -31.895  39.409 0.1000000015
18140  37.432  -26.853  44.914 0.1000000015
17451  38.689  -28.298  43.274 0.1000000015
16758  39.054  -28.961  43.671 0.1000000015
16769  39.868  -29.159  42.644 0.1000000015
16768  40.529  -29.516  42.496 0.1000000015
95460  40.857  -29.416  41.929 0.1000000015
16777  42.299  -29.815  41.431 0.1000000015
16105  44.342  -30.667  40.758 0.1000000015
81355  46.035  -29.627  36.980 0.1000000015
16809  46.879  -29.821  37.224 0.1000000015
16128  47.056  -30.122  37.889 0.1000000015
16797  45.098  -29.760  38.259 0.1000000015
16111  45.766  -30.472  39.554 0.1000000015
15472  46.299  -30.957  39.878 0.1000000015
14843  46.330  -31.776  40.066 0.1000000015
14257  46.853  -33.575  39.235 0.1000000015
18167  37.946  -27.115  43.396 0.1000000015
18166  38.366  -27.556  42.941 0.1000000015
17459  38.940  -28.062  42.384 0.1000000015
16779  40.797  -29.079  41.192 0.1000000015
89513  42.690  -29.394  39.544 0.1000000015
16791  44.235  -29.781  39.353 0.1000000015
16800  42.772  -29.264  38.881 0.1000000015
16792  43.915  -29.959  40.275 0.1000000015
17475  39.745  -27.981  40.695 0.1000000015
17473  40.978  -28.910  40.428 0.1000000015
16794  42.259  -29.343  40.059 0.1000000015
95895  40.565  -28.039  39.258 0.1000000015
17497  41.962  -28.055  36.982 0.1000000015
18216  42.296  -27.668  36.328 0.1000000015
82509  41.702  -28.313  37.720 0.1000000015
10198  50.529  -40.850  46.053 0.1000000015
9698  51.872  -41.783  45.628 0.1000000015
9705  51.439  -41.005  45.154 0.1000000015
10212  51.047  -40.297  44.695 0.1000000015
95892  52.697  -40.934  45.646 0.1000000015
10785  52.833  -39.959  44.771 0.1000000015
87714  51.577  -42.283  45.822 0.2000000030
8813  51.639  -43.051  45.637 0.2000000030
9706  50.230  -40.765  44.544 0.1000000015
8380  50.580  -44.230  45.727 0.2000000030
9248  52.178  -42.213  45.467 0.2000000030
9262  52.172  -42.120  44.828 0.2000000030
9261  52.360  -42.155  45.170 0.2000000030
9725  50.718  -41.407  44.517 0.3000000119
9281  50.955  -42.143  44.227 0.3000000119
9282  49.803  -42.107  43.809 0.3000000119
8823  52.406  -43.133  45.044 0.2000000030
9280  52.107  -42.220  44.676 0.2000000030
7998  50.812  -46.049  45.421 0.2000000030
8839  51.175  -42.859  43.782 0.2000000030
7997  51.446  -45.532  45.170 0.2000000030
6215  47.106  -51.073  46.370 0.1000000015
7629  50.222  -46.154  45.494 0.2000000030
8378  52.079  -43.346  45.402 0.2000000030
7984  50.943  -45.252  45.645 0.2000000030
9286  49.921  -42.804  43.364 0.4000000060
6918  48.238  -49.371  46.073 0.1000000015
95424  49.695  -46.832  45.365 0.1000000015
8413  52.378  -43.871  44.513 0.2000000030
8845  52.195  -43.994  43.594 0.2000000030
6572  47.808  -50.017  46.293 0.1000000015
8847  50.301  -43.414  42.888 0.4000000060
7277  48.933  -47.999  45.559 0.2000000030
7996  52.109  -44.751  44.737 0.2000000030
7276  49.515  -47.583  45.200 0.2000000030
5845  47.370  -51.520  45.822 0.1000000015
5868  47.348  -51.680  45.300 0.2000000030
6564  48.345  -50.423  45.621 0.1000000015
7641  51.099  -46.410  44.789 0.2000000030
8015  52.289  -44.800  43.732 0.2000000030
6917  48.963  -49.004  45.465 0.1000000015
8421  52.003  -45.137  42.610 0.4000000060
8858  50.848  -44.352  41.390 0.4000000060
7290  49.918  -47.953  44.517 0.3000000119
7289  50.563  -47.306  44.146 0.3000000119
6916  49.421  -48.550  44.911 0.2000000030
6926  49.164  -49.445  44.427 0.4000000060
8434  51.782  -45.562  41.356 0.4000000060
7652  51.298  -46.685  43.622 0.3000000119
6932  49.453  -48.638  43.209 0.4000000060
7300  50.032  -48.125  43.561 0.3000000119
15494  53.742  -31.707  37.592 0.1000000015
14853  53.295  -32.506  38.592 0.1000000015
8422  51.536  -44.777  42.097 0.4000000060
7658  51.755  -46.660  41.894 0.4000000060
7314  50.090  -47.948  42.729 0.4000000060
7299  50.685  -47.522  43.051 0.3000000119
7659  51.387  -47.037  42.429 0.4000000060
7330  50.794  -47.567  42.049 0.4000000060
15476  54.070  -32.169  38.277 0.1000000015
8435  51.657  -45.156  40.690 0.4000000060
8051  52.214  -47.037  39.981 0.5000000000
7678  51.908  -47.243  40.483 0.5000000000
8453  52.267  -46.199  39.751 0.5000000000
14835  54.776  -33.032  39.127 0.1000000015
14237  54.277  -33.702  39.472 0.1000000015
14252  56.267  -33.514  39.233 0.1000000015
14253  55.654  -32.977  39.212 0.1000000015
13712  54.641  -35.125  39.474 0.1000000015
10183  52.051  -41.333  46.059 0.1000000015
10197  51.363  -40.522  45.408 0.1000000015
10786  51.713  -39.960  44.376 0.1000000015
10211  52.095  -40.913  44.842 0.1000000015
10763  54.351  -39.153  45.978 0.1000000015
11376  53.381  -38.366  44.169 0.1000000015
98279  50.625  -43.989  40.772 0.4000000060
9250  49.582  -42.119  45.757 0.1000000015
8846  51.323  -43.781  42.911 0.3000000119
8016  51.849  -45.707  44.218 0.2000000030
7651  51.958  -45.954  42.877 0.3000000119
8022  51.908  -46.055  41.767 0.4000000060
13700  54.945  -34.367  39.606 0.1000000015
81137  54.259  -38.690  47.133 0.1000000015
5894  35.916  -52.007  42.218 0.1000000015
96882  35.970  -52.335  40.724 0.1000000015
5213  37.819  -53.779  40.521 0.1000000015
5920  35.542  -52.152  40.821 0.1000000015
88900  37.504  -53.248  41.265 0.1000000015
5905  35.406  -51.892  41.557 0.1000000015
5921  34.903  -51.930  40.994 0.1000000015
5541  33.521  -52.352  41.586 0.1000000015
5559  35.096  -52.204  40.292 0.1000000015
97599  40.829  -54.713  53.398 0.1000000015
5506  32.779  -52.638  46.162 0.1000000015
94181  32.628  -52.804  44.667 0.1000000015
5534  37.126  -52.693  42.331 0.1000000015
5890  33.176  -52.190  44.159 0.1000000015
5540  36.500  -52.348  42.020 0.1000000015
5535  33.409  -52.274  42.462 0.1000000015
5186  37.686  -53.153  43.023 0.1000000015
5196  37.966  -53.745  41.365 0.1000000015
4709  41.828  -53.223  54.317 0.1000000015
4732  40.815  -54.770  52.893 0.1000000015
4740  40.352  -54.232  52.044 0.1000000015
5775  43.080  -52.167  54.537 0.1000000015
5421  42.433  -52.673  54.399 0.1000000015
4722  41.801  -53.986  53.874 0.1000000015
4730  42.255  -53.952  53.226 0.1000000015
5128  39.531  -54.061  51.401 0.1000000015
5488  35.436  -52.373  49.087 0.1000000015
5831  34.102  -51.991  47.944 0.1000000015
5893  36.544  -52.178  42.778 0.1000000015
87391  35.280  -51.664  42.461 0.1000000015
5529  37.213  -52.456  43.215 0.1000000015
5185  38.297  -53.822  42.802 0.1000000015
4815  38.360  -54.058  41.913 0.1000000015
5115  41.353  -54.101  52.596 0.1000000015
5126  40.981  -53.440  51.822 0.1000000015
5774  43.805  -51.613  54.465 0.1000000015
5420  43.266  -52.133  54.384 0.1000000015
5084  42.933  -52.876  54.203 0.1000000015
5113  42.885  -53.749  52.988 0.1000000015
5472  41.550  -52.754  51.615 0.1000000015
5127  40.111  -53.399  51.357 0.1000000015
5474  39.726  -52.549  51.107 0.1000000015
5477  38.127  -52.724  50.487 0.1000000015
96138  37.023  -52.846  50.060 0.1000000015
5825  37.726  -52.082  50.132 0.1000000015
5483  37.005  -52.284  49.841 0.1000000015
5829  35.202  -51.819  48.675 0.1000000015
5830  34.760  -51.557  48.198 0.1000000015
5837  34.364  -51.286  47.534 0.1000000015
5852  33.593  -51.598  46.497 0.1000000015
5888  34.400  -51.464  43.545 0.1000000015
5886  35.987  -51.694  43.271 0.1000000015
5887  35.220  -51.384  43.490 0.1000000015
5896  33.877  -51.790  42.957 0.1000000015
5528  37.800  -52.812  43.617 0.1000000015
5197  37.767  -53.369  42.075 0.1000000015
84383  41.466  -51.357  51.387 0.1000000015
6148  44.195  -50.825  54.443 0.1000000015
5419  44.169  -51.813  54.182 0.1000000015
5436  43.774  -52.417  53.808 0.1000000015
97943  44.144  -52.557  53.099 0.1000000015
5471  42.586  -52.789  52.109 0.1000000015
5816  42.062  -52.069  51.412 0.1000000015
97837  40.362  -52.140  51.244 0.1000000015
6189  39.211  -51.034  50.972 0.1000000015
95141  37.994  -51.315  50.092 0.1000000015
6193  36.981  -50.789  49.174 0.1000000015
6147  44.843  -50.467  54.188 0.1000000015
5773  44.500  -51.148  54.190 0.1000000015
92087  44.533  -52.078  53.368 0.1000000015
5454  44.495  -52.199  52.801 0.1000000015
5814  43.893  -51.920  52.163 0.1000000015
5826  37.346  -51.429  49.713 0.1000000015
82320  35.438  -51.208  48.452 0.1000000015
6205  34.699  -50.663  47.141 0.1000000015
6206  34.090  -51.121  46.841 0.1000000015
6220  34.476  -50.626  46.438 0.1000000015
6221  33.951  -51.090  46.174 0.1000000015
6242  34.208  -51.141  44.893 0.1000000015
91769  34.309  -50.731  45.865 0.1000000015
6595  35.913  -50.424  44.427 0.1000000015
6241  34.703  -50.868  44.730 0.1000000015
5877  33.674  -51.610  44.676 0.1000000015
84500  36.687  -51.037  43.975 0.1000000015
6252  35.991  -51.086  44.059 0.1000000015
5884  37.689  -52.018  43.896 0.1000000015
5875  38.553  -51.908  44.319 0.1000000015
5176  38.338  -53.536  43.711 0.1000000015
5181  39.074  -54.228  44.235 0.1000000015
5175  38.853  -53.405  44.412 0.1000000015
6179  41.839  -50.401  51.604 0.1000000015
5817  40.545  -51.486  51.345 0.1000000015
6504  44.373  -49.791  54.445 0.1000000015
6502  45.486  -49.474  53.822 0.1000000015
6509  45.331  -50.216  53.704 0.1000000015
6153  45.636  -50.523  53.130 0.1000000015
6177  44.255  -51.266  51.980 0.1000000015
87512  43.384  -51.409  51.629 0.1000000015
83695  42.513  -51.319  51.418 0.1000000015
6181  39.892  -50.861  51.355 0.1000000015
5824  38.589  -51.190  50.525 0.1000000015
6192  37.702  -50.533  49.660 0.1000000015
5782  45.464  -51.044  53.073 0.1000000015
6550  37.271  -50.024  49.061 0.1000000015
6196  36.591  -50.136  48.541 0.1000000015
6197  35.751  -50.486  48.165 0.1000000015
6554  36.087  -49.738  47.844 0.1000000015
6204  35.369  -50.195  47.461 0.1000000015
6558  35.771  -49.518  47.075 0.1000000015
6559  35.095  -50.083  46.714 0.1000000015
6583  35.697  -49.909  44.812 0.1000000015
6576  35.554  -49.621  45.455 0.1000000015
6251  37.387  -51.017  43.942 0.1000000015
84259  38.019  -49.406  43.844 0.1000000015
82276  37.413  -49.938  43.979 0.1000000015
6594  36.631  -50.205  44.214 0.1000000015
6582  36.375  -49.605  44.517 0.1000000015
6240  35.292  -50.614  44.582 0.1000000015
81409  38.046  -50.167  43.907 0.1000000015
6250  38.189  -51.106  44.136 0.1000000015
6581  38.802  -50.414  44.213 0.1000000015
6239  38.892  -51.186  44.368 0.1000000015
5523  38.297  -52.748  44.150 0.1000000015
95350  39.359  -53.991  44.780 0.1000000015
7202  45.526  -47.987  55.053 0.1000000015
7203  44.672  -48.115  55.127 0.1000000015
6847  44.452  -48.843  54.641 0.1000000015
6856  45.883  -49.117  53.287 0.1000000015
6518  45.809  -50.015  53.011 0.1000000015
6180  40.735  -50.650  51.526 0.1000000015
6846  45.237  -48.798  54.508 0.1000000015
6508  45.638  -49.993  53.266 0.1000000015
6167  45.700  -50.671  52.967 0.1000000015
6872  44.624  -49.479  52.132 0.1000000015
84268  42.506  -49.762  51.748 0.1000000015
6533  39.990  -49.986  51.391 0.1000000015
6541  40.233  -49.130  51.014 0.1000000015
6543  38.749  -49.487  50.220 0.1000000015
6889  40.992  -48.870  51.318 0.1000000015
6891  39.024  -48.792  50.076 0.1000000015
6899  37.965  -48.836  49.139 0.1000000015
6553  36.834  -49.281  48.246 0.1000000015
6557  36.437  -49.005  47.492 0.1000000015
6902  37.446  -48.644  48.495 0.1000000015
6907  36.264  -48.775  46.622 0.1000000015
6569  35.596  -49.498  46.251 0.1000000015
6931  36.084  -49.136  44.962 0.1000000015
6924  36.048  -48.900  45.713 0.1000000015
6593  38.661  -49.544  44.009 0.1000000015
6580  39.563  -49.835  44.465 0.1000000015
6238  39.499  -50.803  44.604 0.1000000015
5522  39.004  -52.586  44.571 0.1000000015
89139  39.422  -53.261  44.931 0.1000000015
7240  44.349  -47.792  51.873 0.1000000015
91409  43.458  -47.472  51.558 0.1000000015
7188  45.776  -47.136  55.566 0.1000000015
7201  46.241  -47.624  54.614 0.1000000015
6844  46.398  -48.225  53.645 0.1000000015
6519  45.479  -50.311  52.677 0.1000000015
7228  44.737  -48.637  52.166 0.1000000015
90751  42.389  -48.274  51.617 0.1000000015
7242  41.805  -47.811  51.186 0.1000000015
6845  45.802  -48.575  54.141 0.1000000015
6871  45.566  -49.337  52.637 0.1000000015
6531  43.442  -49.576  51.826 0.1000000015
6888  41.070  -48.131  50.957 0.1000000015
7253  39.772  -47.643  50.079 0.1000000015
6898  38.642  -48.271  49.485 0.1000000015
96820  40.484  -48.464  50.807 0.1000000015
6890  39.781  -48.466  50.418 0.1000000015
7267  37.449  -47.867  48.195 0.1000000015
6906  36.773  -48.274  47.204 0.1000000015
90096  36.717  -48.074  46.587 0.1000000015
6914  36.527  -48.226  45.938 0.1000000015
7295  37.569  -47.627  44.589 0.1000000015
6923  36.480  -48.413  45.160 0.1000000015
7306  38.422  -47.946  44.219 0.1000000015
6941  37.693  -48.966  43.979 0.1000000015
6929  37.334  -48.461  44.375 0.1000000015
6939  38.933  -48.253  44.148 0.1000000015
6592  39.237  -48.929  44.204 0.1000000015
7579  47.993  -46.252  52.136 0.1000000015
7561  46.291  -46.800  55.173 0.1000000015
86013  47.414  -46.384  53.605 0.1000000015
7238  47.103  -47.169  52.098 0.1000000015
7239  46.180  -47.281  51.862 0.1000000015
7593  44.187  -46.842  51.325 0.1000000015
7549  45.115  -46.520  56.265 0.1000000015
7200  46.775  -47.529  53.793 0.1000000015
7215  47.022  -47.757  53.151 0.1000000015
7226  46.464  -47.830  52.469 0.1000000015
7227  45.559  -48.147  52.304 0.1000000015
7241  42.636  -47.606  51.424 0.1000000015
7250  42.022  -47.052  50.829 0.1000000015
7605  40.458  -46.986  50.079 0.1000000015
7251  41.174  -47.377  50.599 0.1000000015
7265  38.531  -47.406  49.176 0.1000000015
83698  37.843  -47.196  48.567 0.1000000015
7270  37.025  -47.469  46.949 0.1000000015
7274  36.868  -47.571  46.153 0.1000000015
7286  36.858  -47.725  45.422 0.1000000015
7285  37.330  -47.133  45.074 0.1000000015
7293  39.058  -47.504  44.225 0.1000000015
7307  37.884  -48.142  44.256 0.1000000015
89642  40.372  -48.283  44.725 0.1000000015
6927  40.937  -48.721  45.153 0.1000000015
7917  47.159  -46.072  54.147 0.1000000015
7591  46.828  -46.419  51.339 0.1000000015
7592  45.498  -46.626  51.288 0.1000000015
7560  46.851  -46.782  54.307 0.1000000015
7603  42.227  -46.297  50.528 0.1000000015
96209  41.856  -45.976  50.233 0.1000000015
7615  40.002  -46.400  49.672 0.1000000015
7970  38.868  -45.995  49.090 0.1000000015
7619  38.382  -46.562  48.912 0.1000000015
7622  37.490  -46.094  47.383 0.1000000015
7269  37.378  -47.049  47.747 0.1000000015
7992  37.585  -45.555  45.626 0.1000000015
7623  37.261  -46.675  46.960 0.1000000015
93731  37.757  -46.867  44.720 0.1000000015
7648  37.679  -46.255  45.080 0.1000000015
7646  39.116  -45.916  44.380 0.1000000015
83600  39.620  -46.775  44.396 0.1000000015
89046  38.786  -46.702  44.337 0.1000000015
7294  38.167  -47.249  44.378 0.1000000015
7292  40.060  -47.585  44.534 0.1000000015
6922  41.545  -48.393  45.412 0.1000000015
6573  42.376  -49.499  45.992 0.1000000015
7929  47.560  -45.787  53.327 0.1000000015
94675  47.935  -45.564  52.277 0.1000000015
7601  44.718  -45.934  50.841 0.1000000015
7602  43.635  -46.014  50.772 0.1000000015
7960  42.320  -45.519  50.227 0.1000000015
82135  46.785  -45.409  54.000 0.1000000015
7962  40.783  -46.098  49.831 0.1000000015
7973  38.318  -45.697  48.561 0.1000000015
7974  37.806  -45.426  47.856 0.1000000015
7978  37.535  -45.256  47.045 0.1000000015
8007  39.145  -45.036  44.483 0.1000000015
8009  37.936  -45.531  45.027 0.1000000015
7647  38.214  -46.232  44.631 0.1000000015
83257  40.577  -46.916  44.715 0.1000000015
7644  41.446  -46.995  45.106 0.1000000015
7284  41.834  -47.726  45.406 0.1000000015
6920  43.241  -48.299  45.959 0.1000000015
6910  45.299  -48.606  46.355 0.1000000015
8332  46.621  -44.193  52.353 0.1000000015
8313  47.208  -44.942  52.885 0.1000000015
8337  47.185  -44.639  51.330 0.1000000015
7958  45.214  -45.062  50.576 0.1000000015
8349  43.743  -44.451  50.257 0.1000000015
8350  42.731  -44.538  50.058 0.1000000015
7957  46.272  -44.906  50.719 0.1000000015
86726  44.171  -45.192  50.502 0.1000000015
95023  40.921  -45.432  49.673 0.1000000015
7968  40.312  -45.625  49.528 0.1000000015
87648  39.911  -45.054  49.218 0.1000000015
8368  37.894  -44.594  47.468 0.1000000015
8375  37.711  -44.769  45.867 0.1000000015
83607  37.864  -45.028  45.353 0.1000000015
9265  45.602  -42.250  44.568 0.1000000015
8826  44.532  -43.208  44.496 0.1000000015
8397  44.289  -44.068  44.744 0.1000000015
8399  42.577  -44.494  44.703 0.1000000015
84330  41.716  -44.638  44.632 0.1000000015
8402  38.583  -44.621  44.816 0.1000000015
8008  38.463  -45.360  44.700 0.1000000015
8396  45.143  -43.793  44.613 0.1000000015
8398  43.440  -44.323  44.754 0.1000000015
94185  39.945  -44.809  44.470 0.1000000015
9264  46.361  -42.622  44.653 0.1000000015
8825  46.031  -43.552  44.573 0.1000000015
92119  45.732  -44.364  44.736 0.1000000015
7990  43.708  -45.781  45.290 0.1000000015
7643  42.021  -46.260  45.151 0.1000000015
81440  41.061  -46.204  44.810 0.1000000015
9263  47.394  -42.555  44.986 0.1000000015
8395  46.609  -44.194  44.727 0.1000000015
95172  45.457  -45.088  45.060 0.1000000015
7637  42.133  -47.073  45.374 0.1000000015
7634  44.805  -46.385  45.500 0.1000000015
7636  42.773  -46.808  45.447 0.1000000015
90415  47.465  -46.481  45.453 0.1000000015
7281  44.331  -47.100  45.705 0.1000000015
7280  46.112  -47.941  46.209 0.1000000015
8750  45.854  -43.510  52.007 0.1000000015
8749  46.663  -44.120  51.566 0.1000000015
8762  45.801  -43.567  51.299 0.1000000015
8777  45.308  -43.636  50.782 0.1000000015
8348  44.728  -44.350  50.463 0.1000000015
8338  46.444  -44.190  50.945 0.1000000015
8778  44.274  -43.681  50.409 0.1000000015
8351  41.960  -44.944  49.895 0.1000000015
82981  41.067  -44.195  49.411 0.1000000015
87611  40.646  -44.922  49.438 0.1000000015
8364  39.059  -45.155  48.861 0.1000000015
8367  38.330  -44.819  48.231 0.1000000015
8809  37.972  -44.072  46.122 0.1000000015
8831  39.495  -43.485  44.667 0.1000000015
8383  38.123  -44.408  45.369 0.1000000015
8827  43.667  -43.460  44.554 0.1000000015
8829  41.923  -43.806  44.539 0.1000000015
81652  41.029  -43.958  44.503 0.1000000015
8401  39.270  -44.262  44.606 0.1000000015
9266  44.832  -42.389  44.461 0.1000000015
9251  48.453  -42.388  45.445 0.1000000015
8816  47.952  -43.205  45.159 0.1000000015
8751  44.900  -42.921  52.385 0.1000000015
8763  45.131  -43.049  51.112 0.1000000015
9178  45.150  -42.911  51.606 0.1000000015
96309  43.809  -43.181  50.357 0.1000000015
8779  42.991  -42.938  50.044 0.1000000015
9205  44.526  -43.041  50.720 0.1000000015
85183  43.379  -43.725  50.133 0.1000000015
88523  42.649  -43.735  49.931 0.1000000015
8361  41.909  -44.135  49.774 0.1000000015
8363  40.283  -44.324  49.113 0.1000000015
90867  38.969  -44.257  48.506 0.1000000015
8805  38.118  -43.765  47.018 0.1000000015
8372  38.411  -43.989  47.906 0.1000000015
9271  39.129  -42.919  44.967 0.1000000015
9253  38.960  -42.370  45.452 0.1000000015
8808  38.271  -43.330  46.238 0.1000000015
9267  43.846  -42.536  44.427 0.1000000015
86875  42.866  -42.225  44.440 0.1000000015
88218  40.521  -42.732  44.515 0.1000000015
95654  38.284  -43.728  45.641 0.1000000015
10201  46.803  -40.277  45.657 0.1000000015
9709  45.204  -41.562  44.624 0.1000000015
8830  40.332  -43.348  44.507 0.1000000015
9702  47.107  -41.218  45.365 0.1000000015
9708  46.197  -41.744  44.803 0.1000000015
9190  44.492  -42.436  51.277 0.1000000015
9206  43.815  -42.580  50.603 0.1000000015
92825  42.171  -42.810  49.691 0.1000000015
8791  42.245  -43.383  49.771 0.1000000015
82239  40.942  -42.861  49.164 0.1000000015
8793  40.647  -43.549  49.098 0.1000000015
9222  40.254  -42.883  48.781 0.1000000015
8800  38.965  -43.543  48.250 0.1000000015
9693  38.908  -41.803  46.002 0.1000000015
87757  38.509  -42.865  46.895 0.1000000015
9270  40.246  -42.023  44.618 0.1000000015
9703  39.279  -41.775  45.389 0.1000000015
9269  41.155  -42.386  44.460 0.1000000015
90945  48.387  -41.204  45.707 0.1000000015
9700  49.606  -41.214  45.949 0.1000000015
9191  43.770  -41.896  51.007 0.1000000015
9207  43.211  -42.049  50.337 0.1000000015
9659  42.645  -41.400  50.181 0.1000000015
9219  42.465  -42.146  49.805 0.1000000015
9220  41.564  -42.327  49.378 0.1000000015
9229  40.036  -42.234  48.522 0.1000000015
9230  39.387  -42.771  48.260 0.1000000015
9238  38.966  -42.366  47.508 0.1000000015
9715  39.732  -41.378  44.955 0.1000000015
88390  41.915  -41.918  44.438 0.1000000015
9713  41.006  -41.554  44.472 0.1000000015
10214  45.956  -40.876  45.098 0.1000000015
9711  43.551  -41.642  44.444 0.1000000015
10764  49.759  -40.201  46.396 0.1000000015
10184  50.919  -40.528  46.371 0.1000000015
9670  41.849  -41.396  49.608 0.1000000015
9671  41.051  -41.565  49.094 0.1000000015
87784  40.618  -40.998  48.705 0.1000000015
9221  40.708  -42.237  48.938 0.1000000015
9679  39.591  -41.795  47.985 0.1000000015
9685  39.158  -41.702  47.312 0.1000000015
83986  39.334  -41.160  45.717 0.1000000015
10744  49.180  -39.071  46.791 0.1000000015
9712  42.618  -41.373  44.429 0.1000000015
10743  50.901  -39.683  46.759 0.1000000015
10150  41.172  -40.806  49.142 0.1000000015
10173  40.169  -40.027  47.706 0.1000000015
10747  39.981  -39.915  45.553 0.1000000015
10726  39.933  -39.793  46.857 0.1000000015
10164  39.993  -40.875  48.079 0.1000000015
10794  40.893  -39.778  44.728 0.1000000015
9692  39.194  -41.226  46.674 0.1000000015
10204  39.785  -40.611  45.299 0.1000000015
10766  47.514  -39.563  46.189 0.1000000015
91271  45.111  -40.855  44.806 0.1000000015
10218  43.276  -40.829  44.496 0.1000000015
88795  41.705  -41.047  44.432 0.1000000015
10742  52.144  -39.977  46.642 0.1000000015
10215  45.366  -40.409  45.145 0.1000000015
10793  41.619  -39.317  44.747 0.1000000015
10185  39.559  -40.359  46.189 0.1000000015
10174  39.630  -40.535  47.205 0.1000000015
97962  42.209  -39.894  44.551 0.1000000015
10203  40.309  -40.187  44.947 0.1000000015
10789  45.162  -39.824  45.324 0.1000000015
10217  43.838  -40.273  44.736 0.1000000015
10219  41.574  -40.196  44.519 0.1000000015
10216  44.686  -40.370  44.931 0.1000000015
92577  42.384  -40.569  44.467 0.1000000015
5493  33.044  -52.989  47.356 0.1000000015
5838  33.756  -51.740  47.224 0.1000000015
5866  33.382  -51.788  45.395 0.1000000015
5516  32.907  -52.394  45.448 0.1000000015
5878  33.133  -52.133  44.861 0.1000000015
5557  36.424  -52.574  40.653 0.1000000015
98336  37.309  -52.974  41.770 0.1000000015
5895  34.565  -51.603  42.690 0.1000000015
5889  33.749  -51.720  43.800 0.1000000015
5906  34.723  -51.735  41.793 0.1000000015
5922  34.214  -52.027  41.254 0.1000000015
5907  34.030  -51.864  42.089 0.1000000015
4361  40.668  -54.191  54.231 0.1000000015
5170  32.499  -53.123  45.566 0.1000000015
5505  33.194  -52.318  46.816 0.1000000015
5530  33.276  -52.229  43.313 0.1000000015
5102  42.520  -53.478  53.621 0.1000000015
5473  40.643  -52.734  51.335 0.1000000015
5828  35.830  -51.690  48.988 0.1000000015
5489  34.644  -52.362  48.597 0.1000000015
5885  36.819  -51.795  43.515 0.1000000015
5125  41.925  -53.467  52.306 0.1000000015
5456  43.288  -53.198  52.747 0.1000000015
5823  39.083  -51.884  50.844 0.1000000015
5476  38.865  -52.650  50.797 0.1000000015
5818  39.781  -51.682  51.180 0.1000000015
91187  38.401  -51.987  50.453 0.1000000015
6194  36.197  -50.969  48.774 0.1000000015
6198  35.025  -50.863  47.849 0.1000000015
6254  34.886  -51.126  44.152 0.1000000015
5876  34.252  -51.315  44.291 0.1000000015
90266  39.431  -50.311  51.009 0.1000000015
97287  38.248  -50.645  50.158 0.1000000015
5798  44.732  -51.872  52.578 0.1000000015
6577  34.894  -50.176  45.887 0.1000000015
6584  35.078  -50.274  45.127 0.1000000015
6178  43.237  -50.591  51.550 0.1000000015
6503  45.052  -49.663  54.251 0.1000000015
6530  44.492  -50.421  52.014 0.1000000015
6190  38.791  -50.268  50.556 0.1000000015
6549  37.834  -49.625  49.425 0.1000000015
6942  37.077  -49.286  44.220 0.1000000015
6855  46.512  -48.367  53.141 0.1000000015
6532  41.703  -49.360  51.706 0.1000000015
82772  42.469  -48.958  51.876 0.1000000015
6542  39.408  -49.462  50.662 0.1000000015
6882  41.714  -48.553  51.496 0.1000000015
6897  39.262  -48.122  49.944 0.1000000015
7266  37.999  -48.052  48.835 0.1000000015
6903  36.989  -48.473  47.890 0.1000000015
6930  36.722  -48.792  44.612 0.1000000015
82022  40.158  -49.059  44.638 0.1000000015
6237  40.318  -50.458  44.987 0.1000000015
5873  40.011  -51.292  45.030 0.1000000015
95160  45.138  -47.347  51.729 0.1000000015
6881  43.448  -48.434  51.918 0.1000000015
6869  46.874  -47.803  52.781 0.1000000015
6870  46.191  -48.742  52.958 0.1000000015
7252  40.429  -47.828  50.467 0.1000000015
7606  39.719  -47.063  49.777 0.1000000015
7264  39.177  -47.536  49.661 0.1000000015
7268  37.142  -47.828  47.606 0.1000000015
7296  37.008  -47.998  44.793 0.1000000015
6928  39.632  -48.258  44.395 0.1000000015
96167  40.249  -49.741  44.774 0.1000000015
7214  47.494  -46.958  52.539 0.1000000015
7594  42.957  -46.734  51.058 0.1000000015
7616  39.179  -46.703  49.412 0.1000000015
7620  37.781  -46.315  48.227 0.1000000015
7639  37.088  -47.138  45.681 0.1000000015
7638  37.349  -46.460  45.643 0.1000000015
7291  40.973  -47.797  45.034 0.1000000015
6575  40.873  -49.649  45.249 0.1000000015
89382  46.845  -45.550  50.952 0.1000000015
7956  47.189  -44.972  50.981 0.1000000015
7961  41.507  -45.617  49.956 0.1000000015
7969  39.557  -45.820  49.323 0.1000000015
7626  37.373  -45.982  46.442 0.1000000015
7981  37.513  -45.182  46.301 0.1000000015
96992  39.777  -45.445  44.447 0.1000000015
7283  42.618  -47.631  45.614 0.1000000015
6574  41.629  -49.134  45.584 0.1000000015
6913  43.085  -49.138  46.145 0.1000000015
8331  47.449  -44.663  51.907 0.1000000015
7959  43.215  -45.292  50.375 0.1000000015
8373  37.717  -44.573  46.631 0.1000000015
6911  44.220  -48.171  46.154 0.1000000015
7282  43.442  -47.415  45.724 0.1000000015
7273  45.032  -47.796  46.002 0.1000000015
93384  39.593  -44.495  48.887 0.1000000015
91029  42.812  -43.662  44.552 0.1000000015
8002  44.097  -44.991  45.041 0.1000000015
8004  42.335  -45.343  44.907 0.1000000015
8005  41.456  -45.453  44.744 0.1000000015
8006  40.564  -45.457  44.557 0.1000000015
8400  40.830  -44.730  44.530 0.1000000015
8832  38.705  -43.772  45.016 0.1000000015
97809  44.791  -45.223  45.157 0.1000000015
8003  43.179  -45.157  45.000 0.1000000015
9707  46.976  -41.976  44.943 0.1000000015
7991  42.919  -45.977  45.265 0.1000000015
7635  43.540  -46.549  45.499 0.1000000015
7989  44.432  -45.730  45.320 0.1000000015
9701  47.840  -41.838  45.371 0.1000000015
7988  45.967  -45.717  45.197 0.1000000015
7633  45.617  -46.408  45.441 0.1000000015
7279  47.099  -47.392  45.827 0.1000000015
83407  46.102  -47.062  45.663 0.1000000015
8817  38.595  -43.102  45.541 0.1000000015
9268  43.074  -42.958  44.458 0.1000000015
8828  42.140  -42.885  44.466 0.1000000015
87703  41.182  -43.186  44.485 0.1000000015
10199  49.092  -40.709  46.109 0.1000000015
8794  39.720  -43.679  48.708 0.1000000015
9231  38.662  -43.189  47.659 0.1000000015
10765  48.561  -39.846  46.339 0.1000000015
10220  40.823  -40.675  44.577 0.1000000015
89334  39.462  -41.198  47.497 0.1000000015
7670  51.453  -47.259  41.285 0.4000000060
92068  48.770  -49.103  43.274 0.3000000119
7315  49.559  -47.976  42.622 0.3000000119
90109  50.870  -47.456  41.314 0.4000000060
7679  51.361  -47.360  40.427 0.4000000060
6946  48.889  -48.384  42.839 0.3000000119
7671  50.244  -47.360  41.132 0.4000000060
4168  45.077  -57.101  40.052 0.1000000015
4480  44.261  -56.064  40.086 0.1000000015
4826  42.598  -55.077  40.655 0.2000000030
95304  41.876  -52.861  42.375 0.3000000119
8436  47.269  -44.879  41.269 0.4000000060
6933  49.181  -49.257  43.676 0.3000000119
90321  43.032  -50.356  43.316 0.4000000060
5184  41.916  -53.416  42.051 0.2000000030
5883  41.952  -51.365  42.817 0.3000000119
6938  43.685  -49.151  43.381 0.4000000060
7304  44.903  -48.143  43.494 0.4000000060
8024  46.455  -45.884  42.273 0.4000000060
94207  45.358  -57.654  39.762 0.1000000015
4827  42.225  -54.472  41.043 0.3000000119
7305  43.984  -48.256  43.373 0.4000000060
7663  45.389  -46.632  42.888 0.4000000060
84588  45.635  -45.896  42.501 0.4000000060
4167  45.826  -56.983  39.564 0.1000000015
8456  47.871  -44.623  40.628 0.5000000000
5211  42.263  -54.050  40.222 0.2000000030
5533  41.560  -52.617  41.843 0.3000000119
6249  42.263  -50.237  42.923 0.3000000119
83976  44.226  -47.456  43.238 0.4000000060
8877  48.200  -44.019  39.950 0.4000000060
6591  42.920  -49.657  43.200 0.4000000060
94533  43.199  -48.345  43.182 0.4000000060
7664  44.500  -46.705  42.981 0.4000000060
8040  45.957  -45.185  42.035 0.4000000060
8039  46.799  -45.321  41.768 0.5000000000
4490  45.927  -56.088  39.439 0.2000000030
4491  45.271  -56.095  39.737 0.2000000030
4835  43.689  -54.866  39.630 0.2000000030
5212  41.882  -53.532  40.699 0.2000000030
4492  43.234  -55.571  40.293 0.2000000030
92661  41.242  -51.125  42.090 0.3000000119
91560  41.422  -50.430  42.333 0.3000000119
4166  46.397  -56.472  39.129 0.1000000015
7320  43.330  -47.603  43.102 0.4000000060
5892  41.491  -52.010  42.172 0.3000000119
6602  42.259  -49.414  42.883 0.4000000060
8457  47.085  -44.292  40.927 0.5000000000
8878  47.375  -43.823  40.417 0.5000000000
8894  49.454  -43.913  38.663 0.4000000060
7321  42.404  -47.947  42.853 0.4000000060
89832  44.768  -45.965  42.661 0.4000000060
8437  46.412  -44.489  41.443 0.5000000000
8879  46.589  -43.758  40.816 0.5000000000
8895  48.465  -43.319  39.295 0.4000000060
4834  44.729  -55.113  39.555 0.2000000030
4836  42.825  -54.526  39.801 0.2000000030
5538  41.573  -52.915  41.221 0.4000000060
5555  41.580  -52.844  40.413 0.2000000030
5902  41.227  -52.095  41.353 0.3000000119
5918  41.254  -52.245  40.567 0.4000000060
8438  45.356  -44.429  41.814 0.5000000000
97330  47.669  -43.370  39.847 0.5000000000
8909  49.057  -42.906  38.595 0.4000000060
8908  49.878  -43.552  38.035 0.4000000060
5903  40.989  -51.323  41.463 0.4000000060
6948  41.872  -48.802  42.675 0.4000000060
7665  43.626  -46.826  42.961 0.4000000060
8860  45.804  -43.767  41.245 0.5000000000
4504  46.318  -55.576  39.136 0.2000000030
5217  43.269  -53.935  39.209 0.2000000030
9347  49.598  -42.584  37.995 0.4000000060
5218  42.522  -53.604  39.501 0.2000000030
6603  41.603  -49.609  42.493 0.3000000119
90380  43.915  -46.110  42.729 0.4000000060
4503  46.956  -55.953  38.714 0.2000000030
5232  44.320  -54.113  39.105 0.2000000030
5565  41.558  -52.344  39.718 0.3000000119
5919  40.898  -51.531  40.680 0.4000000060
9363  50.197  -42.274  37.421 0.4000000060
6256  40.815  -50.430  41.601 0.3000000119
8423  44.607  -44.723  42.125 0.5000000000
9316  46.898  -43.078  40.178 0.5000000000
10331  53.528  -41.522  35.891 0.4000000060
4847  46.771  -54.829  38.754 0.2000000030
4848  45.292  -54.487  39.162 0.2000000030
7322  41.390  -48.105  42.389 0.4000000060
93808  43.196  -46.306  42.700 0.4000000060
9332  46.870  -42.392  39.703 0.5000000000
9348  48.767  -42.007  38.389 0.4000000060
11493  55.356  -38.563  36.623 0.4000000060
4502  47.565  -55.327  38.140 0.2000000030
89395  45.112  -53.774  38.897 0.2000000030
5234  42.233  -52.779  39.259 0.2000000030
6612  40.526  -49.532  41.544 0.4000000060
8439  44.442  -44.033  41.871 0.5000000000
8880  46.044  -43.131  40.686 0.5000000000
4513  47.636  -55.843  37.526 0.2000000030
6276  40.602  -50.757  40.788 0.4000000060
6949  40.957  -48.992  42.141 0.3000000119
8027  43.288  -45.642  42.509 0.5000000000
81872  45.106  -43.707  41.526 0.5000000000
9331  48.168  -42.349  38.963 0.5000000000
4860  48.197  -55.093  37.276 0.2000000030
10918  53.659  -40.077  35.125 0.4000000060
10903  55.458  -39.410  35.973 0.2000000030
9829  51.834  -41.553  36.409 0.4000000060
9816  49.943  -41.349  37.343 0.4000000060
94159  46.013  -54.797  39.129 0.2000000030
9798  47.889  -41.389  38.620 0.4000000060
9797  49.344  -41.703  37.857 0.4000000060
83709  47.364  -54.394  38.308 0.2000000030
87711  44.615  -53.351  38.782 0.2000000030
81478  43.807  -53.254  38.802 0.2000000030
5231  45.956  -53.963  38.851 0.2000000030
10905  51.521  -40.558  36.279 0.4000000060
10316  49.654  -40.513  37.180 0.4000000060
9817  49.063  -40.903  37.683 0.4000000060
97102  42.160  -46.626  42.480 0.3000000119
8862  44.573  -43.253  41.440 0.5000000000
85196  46.226  -42.453  40.182 0.5000000000
96231  48.647  -41.269  38.159 0.4000000060
5926  40.717  -50.990  39.834 0.4000000060
7323  40.584  -48.274  42.050 0.4000000060
7666  41.724  -47.165  42.430 0.3000000119
8028  42.492  -46.090  42.459 0.4000000060
6618  40.419  -49.957  40.900 0.4000000060
8863  43.804  -43.417  41.703 0.5000000000
82279  45.403  -53.033  38.660 0.2000000030
10333  50.299  -40.116  36.672 0.4000000060
9782  47.319  -41.938  39.244 0.5000000000
9759  46.410  -41.737  39.597 0.5000000000
8029  41.664  -46.356  42.297 0.4000000060
8440  43.574  -44.170  42.026 0.5000000000
9317  45.485  -42.555  40.625 0.5000000000
95396  42.972  -43.647  41.825 0.5000000000
8441  42.766  -44.431  42.083 0.5000000000
7332  49.490  -47.520  41.991 0.4000000060
7662  46.266  -46.572  42.729 0.4000000060
10343  53.492  -40.861  35.459 0.4000000060
10315  50.640  -40.985  36.782 0.4000000060
9298  44.764  -42.617  40.987 0.5000000000
6245  47.200  -51.036  43.960 0.3000000119
88854  46.643  -50.265  43.595 0.3000000119
6934  47.973  -49.485  43.349 0.2000000030
7301  48.069  -48.454  43.028 0.2000000030
5871  45.471  -52.588  44.791 0.2000000030
6236  45.737  -51.709  44.241 0.3000000119
6247  45.054  -50.967  43.785 0.3000000119
6588  45.696  -49.689  43.524 0.3000000119
5525  43.667  -52.871  44.339 0.2000000030
5881  43.672  -51.879  43.913 0.2000000030
83018  44.299  -50.701  43.661 0.2000000030
92667  42.360  -54.984  41.842 0.2000000030
98323  48.442  -55.210  35.509 0.1000000015
82709  48.955  -54.848  34.886 0.1000000015
6635  45.916  -49.397  38.423 0.1000000015
6227  48.503  -50.603  44.661 0.1000000015
83033  48.405  -50.343  43.874 0.2000000030
6235  46.737  -51.662  44.396 0.2000000030
6587  47.571  -50.332  43.645 0.2000000030
5499  46.331  -52.576  46.138 0.1000000015
5519  45.919  -52.990  45.645 0.1000000015
5870  46.366  -52.384  44.941 0.2000000030
5513  45.988  -52.952  46.086 0.1000000015
5166  44.762  -54.032  46.295 0.1000000015
4523  48.362  -55.205  36.307 0.1000000015
5574  46.194  -52.337  38.494 0.1000000015
81535  45.254  -52.040  38.504 0.1000000015
5930  44.402  -51.724  38.510 0.1000000015
81634  42.927  -50.725  38.528 0.1000000015
5572  47.785  -52.507  37.965 0.1000000015
97294  45.125  -51.267  38.478 0.1000000015
6283  44.554  -50.810  38.489 0.1000000015
6285  42.087  -50.157  38.583 0.1000000015
6282  45.481  -50.458  38.458 0.1000000015
82002  43.449  -48.926  38.483 0.1000000015
7350  40.678  -47.675  38.560 0.1000000015
6985  41.533  -48.240  38.390 0.1000000015
6234  47.475  -51.516  44.642 0.2000000030
5862  46.443  -52.506  45.665 0.1000000015
5925  41.339  -51.433  39.201 0.1000000015
7333  40.736  -47.544  42.128 0.3000000119
5229  47.541  -53.533  38.144 0.1000000015
81970  46.274  -53.189  38.598 0.1000000015
5575  44.476  -52.622  38.598 0.1000000015
81467  42.788  -51.644  38.659 0.1000000015
6279  40.633  -50.224  39.285 0.2000000030
6965  40.040  -48.497  40.678 0.3000000119
84885  40.973  -45.131  41.861 0.3000000119
8442  41.155  -44.237  41.691 0.3000000119
4887  49.034  -54.516  35.775 0.1000000015
5251  48.239  -53.282  37.642 0.1000000015
5931  43.658  -51.257  38.523 0.1000000015
6286  41.133  -50.135  38.774 0.1000000015
84198  40.192  -49.046  40.018 0.2000000030
8043  40.179  -45.663  41.340 0.3000000119
6639  41.505  -49.238  38.582 0.1000000015
7342  39.924  -47.281  39.464 0.2000000030
8443  40.278  -44.663  41.276 0.3000000119
7689  39.750  -46.385  39.491 0.1000000015
85622  39.916  -44.075  40.762 0.4000000060
7349  41.842  -47.355  37.980 0.1000000015
8067  39.826  -46.030  38.630 0.1000000015
8061  39.590  -44.989  39.544 0.3000000119
8815  49.266  -42.943  45.573 0.1000000015
7985  49.947  -45.425  45.621 0.1000000015
9783  45.633  -41.224  39.728 0.4000000060
83656  43.992  -42.666  41.314 0.4000000060
8041  41.907  -44.754  42.020 0.3000000119
82673  42.089  -43.900  41.831 0.4000000060
90059  43.190  -42.848  41.541 0.4000000060
8865  41.361  -43.249  41.459 0.4000000060
9301  41.876  -42.459  41.332 0.4000000060
8866  40.508  -43.751  41.224 0.4000000060
9319  40.571  -42.095  40.595 0.5000000000
8459  39.599  -44.406  40.015 0.3000000119
9320  40.011  -42.849  40.388 0.5000000000
7700  41.081  -46.790  37.842 0.2000000030
9321  39.611  -42.966  39.704 0.4000000060
7354  43.136  -46.791  37.972 0.1000000015
89836  42.412  -46.391  37.607 0.1000000015
85254  39.978  -45.652  38.007 0.2000000030
8068  39.652  -45.202  38.744 0.2000000030
6982  45.899  -47.445  38.036 0.1000000015
92623  44.154  -46.241  37.926 0.1000000015
8075  40.656  -45.439  37.407 0.2000000030
7352  46.206  -46.830  37.243 0.1000000015
7693  45.051  -46.244  37.745 0.1000000015
9799  46.944  -41.189  39.016 0.4000000060
10282  45.779  -40.601  39.262 0.4000000060
83919  43.820  -41.264  40.624 0.4000000060
9318  44.269  -41.997  40.837 0.4000000060
9741  42.355  -41.801  41.119 0.4000000060
10260  44.269  -40.724  40.174 0.4000000060
92639  41.151  -42.503  41.109 0.4000000060
9762  41.053  -41.182  40.473 0.4000000060
9761  41.937  -41.101  40.770 0.4000000060
9763  40.273  -41.347  39.973 0.5000000000
9764  39.869  -42.176  39.903 0.4000000060
8910  39.513  -43.613  38.455 0.3000000119
8897  39.489  -43.801  39.350 0.4000000060
9333  39.538  -42.386  39.151 0.4000000060
8080  43.168  -44.944  36.881 0.2000000030
8081  41.760  -44.934  36.766 0.2000000030
8484  39.802  -44.204  37.676 0.2000000030
7698  44.702  -45.605  37.418 0.1000000015
7699  43.702  -45.848  37.633 0.2000000030
5959  46.337  -51.144  35.129 0.1000000015
10301  46.464  -40.560  38.847 0.4000000060
84856  47.251  -40.555  38.471 0.4000000060
10843  45.255  -40.037  39.182 0.4000000060
10845  43.365  -39.668  39.808 0.4000000060
10844  44.297  -39.998  39.686 0.4000000060
10830  42.750  -39.947  40.107 0.4000000060
10264  40.741  -40.476  39.859 0.4000000060
10263  41.566  -40.466  40.308 0.4000000060
10303  40.327  -40.162  39.232 0.3000000119
82421  39.508  -40.895  38.103 0.4000000060
10304  39.851  -40.402  38.700 0.4000000060
8916  39.623  -43.374  37.611 0.3000000119
9364  39.505  -42.478  37.581 0.3000000119
9349  39.444  -42.781  38.403 0.4000000060
8073  44.221  -45.074  37.023 0.2000000030
98349  41.782  -43.507  35.940 0.2000000030
8082  40.567  -44.671  37.044 0.2000000030
7697  45.315  -45.698  37.103 0.2000000030
89539  45.659  -51.693  34.682 0.1000000015
6312  45.996  -50.469  35.564 0.1000000015
10863  47.458  -39.879  37.937 0.4000000060
10318  48.123  -39.874  37.607 0.3000000119
10865  45.670  -39.583  38.570 0.4000000060
11454  44.749  -38.601  38.374 0.4000000060
10866  44.755  -39.334  38.900 0.4000000060
11437  43.233  -38.996  39.433 0.4000000060
11436  43.930  -39.316  39.399 0.4000000060
10847  41.685  -39.283  39.599 0.4000000060
11438  42.423  -38.759  39.376 0.4000000060
10868  40.283  -39.554  38.697 0.4000000060
10867  41.044  -38.972  39.070 0.3000000119
9835  39.874  -41.397  35.873 0.3000000119
89115  39.611  -40.820  36.324 0.3000000119
10319  39.501  -40.637  37.173 0.3000000119
10887  39.611  -39.707  37.227 0.3000000119
10886  39.965  -39.195  37.847 0.3000000119
8930  42.511  -43.198  35.619 0.2000000030
9374  40.602  -42.164  35.596 0.3000000119
94416  39.925  -42.010  36.178 0.2000000030
9818  39.483  -41.569  37.464 0.3000000119
8489  43.321  -44.206  36.352 0.2000000030
8923  40.727  -43.439  36.250 0.2000000030
97183  44.068  -44.566  36.493 0.2000000030
11495  50.992  -39.166  36.132 0.3000000119
95074  50.375  -38.626  36.232 0.3000000119
10906  50.025  -39.246  36.498 0.3000000119
10907  49.039  -38.985  36.796 0.4000000060
10317  48.785  -40.173  37.435 0.3000000119
12068  46.282  -37.692  37.083 0.3000000119
12067  46.989  -37.891  36.959 0.4000000060
12070  44.505  -37.463  37.648 0.4000000060
12069  45.503  -37.770  37.412 0.4000000060
11476  45.501  -38.500  37.890 0.4000000060
12071  43.453  -37.178  37.842 0.4000000060
12048  43.933  -37.983  38.325 0.4000000060
12072  42.256  -37.060  37.819 0.3000000119
11456  42.232  -38.202  38.890 0.4000000060
11455  43.114  -38.324  38.987 0.4000000060
11513  39.788  -38.857  35.499 0.3000000119
89858  39.825  -38.097  35.941 0.2000000030
87477  40.196  -37.679  36.708 0.2000000030
12073  40.767  -37.545  37.468 0.2000000030
11478  40.984  -37.938  38.119 0.3000000119
11457  41.394  -38.338  38.690 0.3000000119
10920  39.970  -39.758  35.078 0.3000000119
10921  39.652  -39.552  35.935 0.3000000119
10909  39.634  -39.401  36.665 0.2000000030
10908  39.769  -39.035  37.170 0.2000000030
11479  40.242  -38.353  37.498 0.2000000030
9384  42.457  -42.256  34.915 0.2000000030
9845  41.842  -41.488  34.604 0.3000000119
95272  41.008  -41.225  34.758 0.3000000119
9834  40.440  -41.312  35.241 0.3000000119
11511  51.903  -39.225  35.740 0.3000000119
10919  52.704  -40.011  35.477 0.3000000119
11494  51.775  -39.839  36.003 0.3000000119
86578  44.093  -36.688  37.333 0.3000000119
92578  40.712  -35.901  36.062 0.2000000030
13213  41.446  -35.343  36.154 0.2000000030
12667  41.897  -36.363  37.243 0.2000000030
12666  43.008  -36.376  37.310 0.2000000030
12710  40.210  -36.477  34.308 0.2000000030
12687  40.451  -36.831  36.403 0.2000000030
12686  41.070  -36.470  36.838 0.2000000030
12685  41.589  -35.832  36.664 0.2000000030
10917  54.516  -39.822  35.039 0.2000000030
7357  46.777  -47.369  36.916 0.1000000015
7353  45.733  -46.196  37.116 0.1000000015
10350  42.330  -40.923  34.180 0.3000000119
8921  43.938  -43.840  35.928 0.2000000030
7316  48.241  -47.616  42.678 0.3000000119
7302  46.980  -48.316  43.275 0.3000000119
6935  46.622  -49.305  43.422 0.3000000119
98449  43.189  -51.432  43.597 0.2000000030
8814  50.570  -43.050  45.756 0.1000000015
6579  48.798  -50.091  44.316 0.2000000030
93435  42.675  -52.370  38.845 0.1000000015
6960  40.257  -48.764  41.541 0.3000000119
97557  53.690  -39.375  35.016 0.3000000119
5576  43.506  -52.294  38.645 0.1000000015
10300  48.172  -40.553  38.016 0.3000000119
6278  40.954  -50.750  39.038 0.3000000119
7674  40.860  -46.734  42.131 0.2000000030
96699  40.310  -49.597  40.312 0.2000000030
6246  45.991  -50.799  43.784 0.3000000119
5872  44.470  -52.677  44.551 0.1000000015
5880  44.585  -51.622  44.030 0.2000000030
6636  44.906  -49.803  38.513 0.1000000015
6244  48.019  -51.001  44.201 0.2000000030
5573  46.986  -52.836  38.400 0.1000000015
5928  47.169  -51.684  38.252 0.1000000015
81832  43.190  -49.750  38.505 0.1000000015
6638  42.586  -49.188  38.461 0.1000000015
6986  40.736  -48.694  38.789 0.1000000015
5933  41.460  -50.753  38.760 0.2000000030
89657  40.075  -47.120  41.629 0.3000000119
86071  40.418  -49.036  39.304 0.2000000030
7335  39.888  -47.638  40.566 0.3000000119
8864  42.353  -43.070  41.613 0.4000000060
82717  40.141  -48.295  39.516 0.3000000119
7681  39.802  -46.608  40.686 0.3000000119
8055  39.722  -45.773  40.347 0.3000000119
10283  44.998  -40.663  39.726 0.4000000060
10262  42.419  -40.456  40.451 0.4000000060
8074  41.733  -45.806  37.278 0.2000000030
10302  45.947  -40.138  38.800 0.4000000060
10261  43.406  -40.422  40.300 0.4000000060
8490  41.592  -44.095  36.355 0.2000000030
10864  46.557  -39.842  38.344 0.4000000060
9369  39.688  -42.236  36.783 0.3000000119
8924  39.862  -43.087  36.801 0.2000000030
8931  41.199  -42.991  35.753 0.2000000030
11474  47.344  -38.595  37.247 0.4000000060
10884  47.753  -39.295  37.460 0.4000000060
11475  46.376  -38.393  37.463 0.4000000060
9373  41.841  -42.604  35.318 0.2000000030
9833  41.307  -41.869  35.032 0.2000000030
11497  48.689  -38.258  36.600 0.4000000060
88413  41.424  -37.415  37.860 0.2000000030
12116  40.281  -37.535  34.118 0.2000000030
85116  39.923  -38.033  35.042 0.2000000030
12104  40.008  -37.358  35.843 0.2000000030
11498  47.827  -38.079  36.767 0.3000000119
11496  49.576  -38.446  36.415 0.2000000030
12088  48.373  -37.502  36.457 0.3000000119
11512  51.117  -38.520  35.957 0.2000000030
12103  51.230  -37.827  35.813 0.2000000030
5526  43.098  -53.431  44.115 0.1000000015
5179  42.815  -54.316  43.854 0.1000000015
5180  42.346  -53.846  42.864 0.1000000015
6571  48.855  -49.945  45.124 0.1000000015
5882  42.876  -52.052  43.596 0.1000000015
4799  42.423  -54.898  42.570 0.1000000015
12085  55.268  -37.719  37.244 0.1000000015
11508  55.140  -38.684  35.686 0.1000000015
13205  55.410  -36.317  36.924 0.1000000015
12694  54.733  -36.822  36.079 0.1000000015
87354  53.347  -37.833  35.386 0.1000000015
12695  53.622  -36.898  35.558 0.1000000015
12102  52.231  -37.820  35.551 0.1000000015
12696  52.506  -36.953  35.570 0.1000000015
12086  50.238  -37.917  36.081 0.1000000015
12087  49.251  -37.706  36.296 0.2000000030
12697  51.456  -37.004  35.732 0.1000000015
86378  50.658  -36.146  35.783 0.2000000030
12090  46.664  -37.177  36.736 0.2000000030
12678  49.781  -36.558  35.927 0.2000000030
13208  48.496  -36.181  36.090 0.2000000030
12089  47.500  -37.314  36.598 0.2000000030
83061  50.181  -35.171  35.516 0.2000000030
13207  49.132  -36.023  35.947 0.2000000030
12680  48.049  -36.700  36.300 0.2000000030
12663  45.868  -37.117  36.927 0.2000000030
12664  45.036  -36.961  37.171 0.2000000030
12684  44.614  -36.231  36.853 0.2000000030
13196  44.147  -35.426  36.430 0.1000000015
13223  51.134  -35.334  35.457 0.2000000030
12681  47.142  -36.392  36.364 0.2000000030
12682  46.237  -36.440  36.551 0.2000000030
12683  45.445  -36.401  36.735 0.1000000015
91439  45.134  -35.097  36.035 0.1000000015
12100  54.467  -37.835  35.631 0.1000000015
12656  55.244  -36.838  37.677 0.1000000015
12677  55.351  -37.157  36.875 0.1000000015
13220  54.752  -35.694  36.030 0.1000000015
13221  53.815  -35.948  35.576 0.1000000015
12698  50.498  -37.127  35.898 0.2000000030
13225  48.496  -35.443  35.790 0.2000000030
10923  40.620  -39.917  34.323 0.2000000030
10351  41.272  -40.719  34.354 0.2000000030
10364  42.881  -40.338  33.599 0.2000000030
10929  42.405  -39.489  33.143 0.2000000030
10931  40.767  -39.156  33.898 0.2000000030
10930  41.462  -39.016  33.274 0.2000000030
10928  43.454  -39.740  33.041 0.2000000030
87396  40.160  -39.031  34.644 0.2000000030
10944  42.097  -38.761  32.690 0.1000000015
11525  42.606  -38.571  32.150 0.2000000030
11517  41.319  -38.246  32.866 0.2000000030
11518  40.759  -38.358  33.558 0.2000000030
11535  42.967  -38.654  31.605 0.1000000015
11536  42.244  -38.158  31.595 0.1000000015
11526  41.872  -38.120  32.240 0.1000000015
10965  43.048  -39.106  30.466 0.1000000015
10972  43.098  -39.814  29.947 0.1000000015
86450  52.049  -35.290  35.281 0.1000000015
89181  40.446  -36.815  33.444 0.1000000015
12133  41.833  -37.625  30.982 0.1000000015
12120  41.218  -37.545  32.445 0.1000000015
11546  42.489  -38.388  30.849 0.1000000015
88232  42.266  -39.600  28.873 0.1000000015
11559  42.187  -38.672  29.904 0.1000000015
10411  42.734  -40.164  27.316 0.1000000015
13771  51.405  -34.124  34.537 0.1000000015
14295  52.811  -33.792  34.135 0.1000000015
13749  52.211  -34.573  34.899 0.1000000015
12699  40.264  -36.134  35.172 0.1000000015
12126  41.619  -37.510  31.742 0.1000000015
12127  41.001  -36.782  32.034 0.1000000015
84299  41.752  -37.871  30.070 0.1000000015
10979  42.162  -39.510  27.470 0.1000000015
11563  41.628  -38.450  28.328 0.1000000015
13224  49.264  -35.248  35.622 0.1000000015
13252  40.481  -35.377  32.759 0.1000000015
87016  40.386  -35.502  34.417 0.1000000015
89999  40.849  -35.345  30.782 0.1000000015
96990  40.667  -35.977  32.126 0.1000000015
12715  40.568  -36.308  32.766 0.1000000015
13245  40.362  -35.933  33.558 0.1000000015
12726  41.133  -36.267  30.589 0.1000000015
12722  40.919  -36.108  31.402 0.1000000015
93434  41.172  -37.043  28.345 0.1000000015
12738  41.179  -36.459  29.792 0.1000000015
12725  41.351  -36.886  31.189 0.1000000015
12167  41.330  -37.494  26.996 0.1000000015
12163  41.347  -37.641  27.887 0.1000000015
85923  41.420  -37.658  28.802 0.1000000015
11566  41.542  -38.284  27.370 0.1000000015
14296  51.861  -33.642  33.846 0.1000000015
13751  50.208  -34.481  34.990 0.1000000015
13761  40.731  -34.794  34.857 0.1000000015
13298  41.039  -35.539  27.847 0.1000000015
94705  40.950  -35.944  29.329 0.1000000015
86000  41.148  -36.875  27.537 0.1000000015
13760  41.383  -34.417  35.166 0.1000000015
11524  43.252  -38.900  32.105 0.1000000015
10956  43.306  -38.820  31.161 0.1000000015
94122  41.728  -38.247  29.268 0.1000000015
10992  41.841  -38.932  26.909 0.1000000015
13787  40.558  -34.564  33.198 0.1000000015
7002  40.923  -47.792  35.254 0.1000000015
7719  40.713  -46.508  34.577 0.1000000015
7373  40.366  -47.291  34.799 0.1000000015
7014  41.023  -48.674  35.066 0.1000000015
6327  41.113  -49.544  33.742 0.1000000015
85584  42.098  -49.986  32.098 0.1000000015
6361  41.538  -50.355  31.501 0.1000000015
7001  41.591  -48.189  35.752 0.1000000015
8095  41.171  -45.872  34.226 0.1000000015
7015  40.237  -48.224  34.574 0.1000000015
96849  41.750  -49.806  34.085 0.1000000015
8102  41.691  -45.388  33.820 0.1000000015
8505  42.256  -45.001  33.438 0.1000000015
90556  42.020  -46.566  35.397 0.1000000015
6996  42.269  -47.625  35.998 0.1000000015
6667  41.745  -49.085  35.498 0.1000000015
8103  40.585  -45.571  33.564 0.1000000015
8089  43.017  -45.223  35.065 0.1000000015
7712  43.148  -45.644  35.444 0.1000000015
8506  41.011  -45.213  33.084 0.1000000015
8513  42.740  -44.614  32.997 0.1000000015
8963  43.901  -44.171  32.173 0.1000000015
8533  43.308  -45.105  31.683 0.1000000015
8964  42.971  -44.815  32.277 0.1000000015
8532  44.325  -45.002  31.558 0.1000000015
7713  41.851  -46.037  34.951 0.1000000015
6362  40.822  -50.512  31.595 0.1000000015
4710  41.088  -53.749  54.423 0.1000000015
4723  41.092  -54.361  53.843 0.1000000015
4731  41.546  -54.321  53.269 0.1000000015
4833  45.615  -55.324  39.405 0.2000000030
5101  43.430  -53.067  53.271 0.1000000015
5114  42.280  -54.018  52.897 0.1000000015
5124  42.759  -53.632  52.721 0.1000000015
5156  45.345  -53.462  46.270 0.1000000015
5195  42.072  -53.921  41.543 0.3000000119
5219  41.905  -53.217  39.920 0.2000000030
5230  46.831  -53.793  38.543 0.1000000015
5233  42.933  -53.086  38.913 0.2000000030
5266  49.641  -53.669  35.770 0.2000000030
5455  43.986  -52.711  52.776 0.1000000015
5470  43.576  -52.538  52.383 0.1000000015
5478  37.452  -52.788  50.220 0.1000000015
5485  36.234  -52.329  49.461 0.1000000015
5492  33.531  -52.468  47.611 0.1000000015
5515  40.094  -53.109  45.440 0.1000000015
5531  32.697  -52.794  43.694 0.1000000015
5539  36.879  -52.695  41.408 0.1000000015
5610  50.573  -52.241  34.838 0.1000000015
5783  44.904  -51.444  53.572 0.1000000015
5797  45.059  -51.686  52.918 0.1000000015
5815  43.013  -52.008  51.714 0.1000000015
5827  36.611  -51.577  49.350 0.1000000015
5853  33.179  -51.997  46.040 0.1000000015
5861  46.879  -52.072  45.724 0.1000000015
5869  46.980  -52.046  45.107 0.2000000030
5874  39.372  -51.753  44.729 0.1000000015
5904  36.091  -52.259  41.327 0.1000000015
5924  42.038  -52.000  38.929 0.1000000015
5929  46.083  -51.240  38.434 0.1000000015
5932  42.062  -51.151  38.666 0.2000000030
6154  45.187  -50.816  53.664 0.1000000015
6168  45.228  -51.130  52.698 0.1000000015
6191  38.262  -49.930  49.985 0.1000000015
6214  47.751  -50.816  46.078 0.1000000015
6228  47.974  -51.209  45.161 0.1000000015
6231  34.499  -50.712  45.326 0.1000000015
6232  33.925  -51.208  45.462 0.1000000015
6253  35.465  -50.991  44.201 0.1000000015
6284  43.902  -50.261  38.497 0.1000000015
6295  48.738  -49.706  36.790 0.1000000015
6548  38.417  -49.142  49.709 0.1000000015
6552  37.425  -49.354  48.834 0.1000000015
6586  48.792  -49.744  43.730 0.2000000030
6604  41.018  -49.803  42.026 0.3000000119
6624  40.443  -50.197  40.120 0.2000000030
6640  40.727  -49.515  38.946 0.2000000030
6676  41.344  -49.427  34.654 0.1000000015
6677  40.616  -49.062  34.268 0.1000000015
6912  43.777  -48.913  46.298 0.1000000015
6921  42.332  -48.545  45.737 0.1000000015
6925  49.555  -48.783  44.005 0.3000000119
6940  38.377  -48.706  43.977 0.1000000015
6947  42.703  -48.863  43.069 0.4000000060
7319  45.157  -47.381  43.255 0.4000000060
7331  50.235  -47.659  41.970 0.3000000119
7346  45.683  -46.653  37.668 0.1000000015
7347  43.916  -47.175  38.297 0.1000000015
7359  42.665  -46.725  35.760 0.1000000015
7363  41.695  -47.319  35.603 0.1000000015
7364  41.179  -46.917  35.146 0.1000000015
7568  47.813  -46.351  52.838 0.1000000015
7569  47.347  -47.015  53.358 0.1000000015
7590  47.715  -46.425  51.776 0.1000000015
7604  41.425  -46.484  50.272 0.1000000015
7627  37.132  -46.866  46.295 0.1000000015
7632  46.502  -46.459  45.402 0.1000000015
7642  50.234  -46.890  45.095 0.2000000030
7645  40.142  -46.114  44.487 0.1000000015
7669  51.875  -46.843  41.199 0.4000000060
7672  49.000  -46.778  41.547 0.5000000000
7675  40.301  -46.385  41.681 0.3000000119
7688  50.867  -47.020  39.384 0.5000000000
7694  40.148  -46.794  38.550 0.1000000015
7701  40.466  -46.157  37.890 0.2000000030
7946  48.011  -45.872  51.696 0.1000000015
7947  45.894  -45.766  50.838 0.1000000015
8000  46.290  -44.973  44.942 0.1000000015
8001  44.901  -44.584  44.903 0.1000000015
8023  47.226  -46.011  42.068 0.5000000000
8025  45.074  -45.239  42.285 0.4000000060
8026  44.149  -45.304  42.418 0.5000000000
8035  52.030  -46.488  40.853 0.5000000000
8042  40.890  -45.957  42.039 0.3000000119
8054  47.921  -45.243  41.082 0.5000000000
8056  39.671  -45.118  40.147 0.3000000119
8060  39.645  -45.602  39.475 0.2000000030
8064  52.620  -45.801  37.475 0.5000000000
8065  52.371  -46.381  38.012 0.6000000238
8070  52.407  -46.050  37.385 0.5000000000
8072  44.956  -45.350  36.692 0.3000000119
8076  39.904  -44.998  37.812 0.2000000030
8096  40.182  -46.093  34.013 0.1000000015
8330  47.701  -45.228  51.505 0.1000000015
8362  41.334  -44.878  49.677 0.1000000015
8379  51.552  -44.116  45.560 0.2000000030
8391  52.188  -43.991  45.204 0.2000000030
8392  51.628  -44.744  45.355 0.2000000030
8403  38.137  -44.972  45.000 0.1000000015
8424  43.402  -44.895  42.271 0.5000000000
8425  42.612  -45.228  42.278 0.5000000000
8458  39.794  -44.691  40.647 0.3000000119
8469  50.130  -45.199  38.592 0.5000000000
8471  39.526  -44.568  39.260 0.3000000119
8477  51.101  -45.727  37.562 0.5000000000
8479  39.581  -44.407  38.554 0.3000000119
8482  52.455  -45.566  36.881 0.5000000000
8483  51.663  -45.262  36.866 0.5000000000
8487  52.739  -45.057  36.709 0.6000000238
8491  40.219  -43.919  36.816 0.2000000030
8501  43.908  -43.823  34.961 0.2000000030
8502  42.858  -44.672  34.290 0.2000000030
8504  43.268  -44.132  33.966 0.2000000030
8792  41.508  -43.320  49.480 0.1000000015
8824  46.955  -43.367  44.735 0.1000000015
8837  52.331  -43.157  44.571 0.2000000030
8838  52.086  -42.948  44.211 0.2000000030
8861  45.292  -43.173  41.078 0.5000000000
8881  40.096  -43.428  40.739 0.4000000060
8882  39.711  -43.577  40.194 0.5000000000
8896  47.554  -42.722  39.525 0.5000000000
8906  52.787  -44.306  38.278 0.5000000000
8922  42.971  -43.675  35.987 0.2000000030
9244  38.568  -42.556  46.149 0.1000000015
9247  52.247  -42.719  45.339 0.2000000030
9252  39.492  -42.186  44.947 0.1000000015
9260  52.361  -42.410  45.049 0.2000000030
9299  43.309  -41.999  41.132 0.4000000060
9300  42.625  -42.418  41.386 0.4000000060
9302  40.565  -42.955  40.982 0.5000000000
9361  52.283  -43.747  36.504 0.5000000000
9368  40.237  -42.711  36.160 0.2000000030
9391  44.540  -42.421  34.049 0.3000000119
9396  44.622  -42.659  33.216 0.2000000030
9419  44.793  -41.908  28.972 0.1000000015
9678  40.312  -41.594  48.581 0.1000000015
9686  38.824  -42.069  46.753 0.1000000015
9710  44.357  -41.833  44.461 0.1000000015
9714  40.158  -40.810  44.820 0.1000000015
9727  48.127  -41.214  43.328 0.5000000000
9742  41.478  -41.838  40.946 0.4000000060
9760  45.595  -41.893  40.194 0.5000000000
9784  44.801  -41.384  40.310 0.4000000060
9785  40.044  -40.808  39.341 0.3000000119
9786  39.728  -41.571  39.301 0.4000000060
9800  39.471  -41.799  38.421 0.4000000060
9812  54.100  -42.007  36.724 0.5000000000
9828  52.978  -42.005  36.161 0.5000000000
9830  39.612  -41.450  36.619 0.3000000119
9860  45.577  -41.281  32.971 0.2000000030
9909  44.066  -41.037  26.860 0.1000000015
10196  53.344  -39.923  45.538 0.1000000015
10200  47.869  -40.492  45.870 0.1000000015
10281  46.262  -41.046  39.298 0.4000000060
10284  41.362  -39.940  39.877 0.4000000060
10332  52.761  -41.227  35.922 0.4000000060
10334  39.581  -40.098  36.473 0.3000000119
10344  40.443  -40.602  34.827 0.2000000030
10345  39.810  -40.517  35.617 0.3000000119
10349  43.486  -41.203  34.139 0.4000000060
10362  45.166  -40.444  33.069 0.3000000119
10381  46.058  -40.761  31.533 0.2000000030
10396  44.756  -40.916  30.304 0.1000000015
10770  40.482  -39.502  45.209 0.1000000015
10802  47.539  -39.093  43.598 0.4000000060
10831  42.039  -39.868  40.084 0.4000000060
10842  47.687  -38.923  39.895 0.4000000060
10846  42.572  -39.395  39.771 0.4000000060
10848  40.869  -39.693  39.436 0.3000000119
10862  49.792  -38.880  38.820 0.5000000000
10869  39.674  -40.029  37.981 0.3000000119
10882  49.356  -39.740  36.973 0.3000000119
10883  48.533  -39.463  37.233 0.4000000060
10885  46.918  -39.188  37.727 0.4000000060
10904  52.496  -40.520  35.783 0.4000000060
10916  55.083  -39.448  35.308 0.2000000030
10941  44.499  -39.466  32.214 0.3000000119
10942  43.762  -39.327  32.420 0.3000000119
10943  42.924  -39.142  32.561 0.1000000015
10963  44.725  -39.754  31.072 0.2000000030
10973  42.509  -39.393  29.579 0.1000000015
10974  41.965  -38.973  29.052 0.1000000015
10977  41.973  -39.274  28.267 0.1000000015
10980  41.763  -38.917  27.654 0.1000000015
11439  41.732  -38.665  39.181 0.4000000060
11450  49.631  -38.335  38.591 0.5000000000
11452  46.079  -39.082  38.041 0.4000000060
11453  45.370  -39.020  38.336 0.4000000060
11458  40.611  -38.691  38.358 0.3000000119
11473  48.190  -38.778  37.018 0.4000000060
11477  44.853  -38.082  37.890 0.4000000060
11499  39.756  -38.675  36.511 0.2000000030
11509  54.301  -38.812  35.113 0.2000000030
11510  52.831  -39.340  35.282 0.3000000119
11515  40.344  -38.429  34.244 0.2000000030
11527  40.745  -37.602  33.172 0.1000000015
12003  45.543  -36.816  42.856 0.1000000015
12011  45.289  -37.803  41.167 0.3000000119
12049  42.817  -37.672  38.444 0.4000000060
12050  41.844  -37.712  38.365 0.3000000119
12065  51.408  -37.279  38.015 0.3000000119
12099  55.174  -37.817  36.324 0.1000000015
12101  53.053  -38.650  35.232 0.1000000015
12113  40.024  -37.009  35.051 0.2000000030
12121  40.758  -37.016  32.751 0.1000000015
12618  44.416  -35.976  43.076 0.2000000030
12622  44.432  -36.650  41.890 0.2000000030
12662  49.053  -36.299  38.056 0.1000000015
12665  43.816  -36.085  36.927 0.3000000119
12668  40.711  -37.075  37.005 0.2000000030
12679  48.972  -36.859  36.184 0.2000000030
12737  41.455  -37.047  30.370 0.1000000015
12753  41.060  -36.568  28.935 0.1000000015
12754  40.925  -35.755  28.637 0.1000000015
12765  41.002  -36.321  28.086 0.1000000015
13141  46.412  -35.030  45.414 0.1000000015
13162  44.659  -35.374  39.554 0.2000000030
13179  47.855  -35.461  38.266 0.1000000015
13194  50.610  -35.667  37.976 0.1000000015
13198  42.387  -35.884  36.906 0.2000000030
13206  49.798  -35.829  35.798 0.2000000030
13227  41.027  -35.068  35.598 0.1000000015
13228  40.572  -35.450  35.257 0.1000000015
13691  42.847  -34.097  41.591 0.2000000030
13699  55.749  -34.204  39.457 0.1000000015
13728  48.666  -35.105  38.181 0.1000000015
13750  51.393  -34.689  35.083 0.2000000030
13752  49.441  -34.604  35.146 0.1000000015
13770  52.289  -34.085  34.452 0.1000000015
13772  50.465  -34.039  34.503 0.1000000015
14218  42.589  -33.194  44.342 0.1000000015
14231  43.623  -33.509  40.392 0.2000000030
14236  55.335  -33.616  39.432 0.1000000015
14245  45.411  -33.395  39.589 0.1000000015
14254  49.422  -33.711  39.174 0.1000000015
14255  48.578  -33.722  39.056 0.1000000015
14841  48.016  -32.310  39.789 0.1000000015
15455  41.480  -31.207  43.899 0.1000000015
15480  48.882  -31.206  38.996 0.1000000015
16757  39.640  -29.344  43.303 0.1000000015
17458  39.281  -28.759  42.918 0.1000000015
17474  40.379  -28.490  40.510 0.1000000015
81318  44.988  -42.071  40.615 0.5000000000
81381  50.673  -37.317  43.834 0.2000000030
81426  39.807  -42.754  44.663 0.1000000015
81890  45.307  -47.117  45.704 0.1000000015
82497  42.875  -41.146  40.788 0.4000000060
82722  40.076  -47.979  41.541 0.3000000119
82732  39.633  -41.071  38.789 0.4000000060
82938  38.339  -54.340  41.081 0.1000000015
82999  41.078  -36.093  27.307 0.1000000015
83215  47.768  -48.283  36.533 0.2000000030
83299  41.327  -36.965  37.410 0.2000000030
83336  52.143  -43.810  38.889 0.5000000000
83511  40.128  -44.074  44.492 0.1000000015
83940  43.962  -38.722  38.951 0.4000000060
84072  45.254  -37.636  41.754 0.3000000119
84254  44.290  -52.339  52.624 0.1000000015
84480  40.215  -49.232  40.863 0.3000000119
85022  54.243  -32.607  38.748 0.1000000015
85877  46.246  -34.282  38.895 0.2000000030
85950  42.845  -45.981  50.602 0.1000000015
86001  46.043  -37.075  39.340 0.2000000030
86710  45.864  -47.433  36.334 0.1000000015
86740  41.166  -50.670  31.195 0.1000000015
87133  45.810  -40.579  32.566 0.3000000119
87600  52.091  -46.063  40.510 0.5000000000
88168  41.769  -45.585  42.174 0.3000000119
88182  47.550  -45.744  51.304 0.1000000015
88458  42.695  -46.919  42.752 0.4000000060
88639  45.417  -42.968  44.488 0.1000000015
88897  39.463  -43.098  39.037 0.4000000060
89097  40.245  -36.631  35.737 0.2000000030
89476  52.036  -38.567  35.594 0.1000000015
89490  44.031  -44.622  42.166 0.5000000000
89712  33.419  -53.091  47.928 0.1000000015
89781  41.065  -51.738  39.986 0.4000000060
90410  45.635  -44.346  50.674 0.1000000015
90572  45.156  -45.742  45.313 0.1000000015
90612  46.688  -56.811  38.556 0.1000000015
90629  42.963  -40.071  44.569 0.1000000015
90685  41.381  -37.221  29.479 0.1000000015
90795  48.971  -47.786  42.442 0.3000000119
90852  44.143  -46.294  45.481 0.1000000015
90885  45.039  -35.752  36.514 0.1000000015
90901  44.297  -41.053  44.592 0.1000000015
91448  49.072  -41.684  45.745 0.1000000015
92130  38.155  -28.577  46.094 0.1000000015
93570  40.228  -39.362  45.767 0.1000000015
93607  40.406  -49.604  39.607 0.2000000030
93858  49.731  -37.242  36.059 0.2000000030
93946  50.746  -34.773  35.216 0.2000000030
94390  40.363  -41.280  44.662 0.1000000015
94737  40.866  -49.721  51.575 0.1000000015
94850  50.897  -39.755  36.336 0.3000000119
94851  41.624  -39.981  33.746 0.2000000030
95111  43.127  -45.537  37.319 0.2000000030
95163  44.495  -36.447  40.379 0.2000000030
95268  39.924  -39.665  46.148 0.1000000015
95270  50.087  -39.698  46.676 0.1000000015
95590  33.568  -51.505  45.915 0.1000000015
95694  32.771  -52.941  46.773 0.1000000015
95707  48.423  -36.408  44.191 0.1000000015
95773  41.113  -52.114  51.314 0.1000000015
95777  39.844  -45.179  40.833 0.3000000119
96091  37.040  -49.705  48.639 0.1000000015
96472  50.840  -34.398  34.871 0.1000000015
96733  41.568  -37.760  29.413 0.1000000015
96773  47.992  -30.400  37.994 0.1000000015
96808  40.411  -35.191  33.603 0.1000000015
96832  42.251  -48.577  38.377 0.1000000015
97440  52.578  -40.989  45.963 0.1000000015
97620  37.567  -27.327  45.423 0.1000000015
97978  39.567  -52.534  45.007 0.1000000015
97987  42.410  -32.778  43.959 0.1000000015
98182  42.851  -40.497  28.599 0.1000000015
98263  49.064  -53.679  36.750 0.2000000030
98329  41.248  -37.133  28.887 0.1000000015
98366  52.678  -35.033  38.977 0.2000000030
