#!ascii label  , from subject sub-v2s16x51298_ses-1 vox2ras=TkReg
2242
53959  10.033  -12.662  95.270 0.1111110002
53960  9.674  -11.823  95.877 0.2222220004
55132  9.200  -11.123  96.419 0.4444440007
143141  11.713  -16.202  93.806 0.1111110002
150232  11.027  -15.045  94.403 0.1111110002
154454  10.384  -13.926  94.207 0.1111110002
49290  12.067  -16.507  93.123 0.1111110002
51487  11.192  -15.506  93.742 0.1111110002
51488  10.670  -14.656  93.714 0.1111110002
52738  10.484  -13.550  95.037 0.1111110002
49302  13.137  -16.744  92.377 0.2222220004
156114  12.439  -16.615  92.573 0.2222220004
155575  9.541  -11.992  94.917 0.3333329856
55125  9.010  -11.228  97.294 0.4444440007
56223  8.644  -10.604  96.735 0.4444440007
56221  7.739  -10.848  97.127 0.4444440007
56222  7.266  -10.753  96.881 0.2222220004
52739  10.067  -13.229  94.278 0.1111110002
49303  12.475  -16.447  91.908 0.2222220004
49304  11.907  -16.259  92.384 0.2222220004
51493  10.995  -15.257  92.951 0.2222220004
52747  10.191  -13.733  93.392 0.1111110002
53971  9.695  -12.470  94.261 0.2222220004
136300  13.055  -16.521  91.592 0.2222220004
49316  11.890  -15.915  91.567 0.2222220004
50344  11.391  -15.641  92.298 0.2222220004
55140  9.378  -11.686  94.231 0.4444440007
50381  13.505  -15.860  89.614 0.2222220004
56230  8.878  -10.587  95.915 0.4444440007
56224  8.181  -10.259  96.714 0.4444440007
57277  7.415  -10.497  96.767 0.3333329856
56225  6.814  -10.589  96.477 0.2222220004
57283  6.337  -10.154  95.617 0.3333329856
56241  5.453  -10.497  94.295 0.2222220004
52748  9.851  -12.935  93.622 0.4444440007
49315  12.647  -16.236  91.136 0.2222220004
148380  10.989  -15.016  92.296 0.2222220004
51494  10.599  -14.493  92.755 0.2222220004
53983  9.525  -12.201  93.384 0.4444440007
134170  14.209  -15.781  89.309 0.2222220004
142987  11.650  -15.335  91.066 0.3333329856
51506  10.794  -14.390  91.865 0.3333329856
52756  10.316  -13.697  92.429 0.3333329856
148226  8.827  -10.429  95.164 0.5555559993
50392  14.326  -15.462  88.363 0.2222220004
50394  12.940  -15.155  88.805 0.2222220004
50366  12.434  -15.507  90.032 0.2222220004
51516  11.772  -14.961  90.351 0.3333329856
56238  9.022  -10.717  94.234 0.5555559993
56231  8.358  -9.872  95.803 0.4444440007
50407  14.007  -15.087  87.536 0.4444440007
57279  7.375  -9.772  96.258 0.4444440007
50406  14.869  -15.194  87.513 0.2222220004
58271  6.352  -9.491  95.469 0.4444440007
56248  5.136  -10.576  93.397 0.1111110002
52757  9.891  -12.987  92.879 0.4444440007
52768  11.250  -14.656  91.106 0.3333329856
143669  10.852  -13.989  91.210 0.3333329856
53995  9.717  -12.249  92.418 0.5555559993
55146  9.318  -11.386  93.579 0.5555559993
50382  12.933  -15.605  89.481 0.3333329856
51528  12.316  -14.878  89.455 0.2222220004
52779  11.183  -13.972  90.465 0.3333329856
52780  10.641  -13.339  90.970 0.5555559993
54007  10.066  -12.300  91.595 0.5555559993
56239  8.713  -9.737  94.682 0.5555559993
52793  11.454  -13.425  89.670 0.5555559993
54017  10.915  -12.918  90.272 0.6666669846
133045  9.158  -9.707  93.740 0.6666669846
57282  8.116  -8.940  95.271 0.6666669846
58269  7.227  -8.817  95.723 0.5555559993
51554  15.435  -14.883  86.810 0.3333329856
51575  13.717  -14.425  86.982 0.4444440007
147940  4.815  -10.176  92.906 0.1111110002
52861  15.301  -13.825  85.147 0.6666669846
51574  15.053  -14.408  85.942 0.3333329856
58279  5.982  -9.161  94.979 0.2222220004
57297  5.186  -9.799  93.645 0.2222220004
55152  9.449  -11.436  92.807 0.5555559993
54018  10.461  -12.526  90.915 0.5555559993
55158  9.892  -11.291  91.839 0.5555559993
56255  9.711  -10.528  92.441 0.5555559993
51557  12.716  -14.197  87.942 0.5555559993
52806  12.244  -13.663  88.423 0.6666669846
52807  11.807  -13.000  88.941 0.6666669846
55166  10.847  -11.850  90.328 0.5555559993
56262  10.320  -10.237  91.790 0.7777780294
57305  9.694  -9.728  92.901 0.7777780294
58273  8.300  -8.055  95.064 0.5555559993
52820  13.065  -13.975  87.273 0.5555559993
52821  12.530  -13.269  87.698 0.7777780294
54041  12.123  -12.814  88.328 0.8888890147
57281  8.527  -9.020  94.942 0.6666669846
58268  7.669  -8.874  95.607 0.5555559993
138581  6.351  -8.544  95.171 0.4444440007
51600  16.036  -13.808  84.854 0.6666669846
52836  14.085  -14.145  86.162 0.7777780294
52837  13.424  -13.692  86.574 0.7777780294
58280  5.496  -8.905  94.242 0.2222220004
54042  11.952  -11.868  88.711 0.8888890147
54030  11.387  -12.188  89.541 0.7777780294
55165  11.295  -10.993  89.840 0.8888890147
54066  12.722  -12.498  87.255 0.8888890147
54054  12.321  -12.193  87.932 0.8888890147
55173  11.713  -11.189  89.258 0.8888890147
52862  14.533  -13.716  85.446 0.6666669846
132949  14.333  -13.090  85.111 0.7777780294
54065  13.144  -12.713  86.474 0.8888890147
55179  12.430  -11.166  88.239 0.8888890147
51598  17.404  -13.753  84.443 0.6666669846
52880  15.598  -13.395  84.468 0.6666669846
52881  14.899  -13.277  84.765 0.7777780294
55186  13.046  -10.974  87.174 0.8888890147
55187  12.661  -11.516  87.557 0.8888890147
55202  12.900  -11.851  86.931 0.8888890147
56287  12.818  -10.325  88.576 0.7777780294
54097  14.568  -12.543  84.489 0.7777780294
54085  13.495  -12.407  85.803 0.8888890147
52900  17.233  -13.276  83.469 0.7777780294
52901  16.350  -12.997  83.362 0.7777780294
54096  15.266  -12.895  84.101 0.7777780294
153095  19.354  -13.298  83.738 0.7777780294
52916  18.508  -12.968  82.768 0.7777780294
56302  12.898  -10.626  87.878 0.6666669846
55214  14.071  -11.765  84.786 0.8888890147
56322  13.686  -10.816  85.984 0.8888890147
56316  13.520  -10.503  86.815 0.7777780294
56301  13.400  -10.219  87.562 0.6666669846
54113  15.710  -12.624  83.445 0.7777780294
55230  15.067  -11.644  83.542 0.8888890147
52896  21.728  -13.268  83.629 0.5555559993
151617  21.126  -13.484  84.210 0.5555559993
52914  20.353  -12.989  82.928 0.7777780294
54130  19.028  -12.706  82.083 0.7777780294
54131  18.134  -12.644  82.097 0.7777780294
52918  16.908  -12.823  82.743 0.7777780294
52913  21.187  -13.016  82.905 0.6666669846
54149  19.541  -12.376  81.244 0.7777780294
54170  18.845  -12.011  80.600 0.7777780294
55213  26.660  -11.425  85.532 0.3333329856
55219  26.688  -11.300  84.751 0.4444440007
56337  14.771  -10.987  83.804 0.8888890147
56329  14.323  -10.833  84.645 0.8888890147
56321  14.152  -10.291  85.612 0.8888890147
138601  22.589  -13.311  84.125 0.4444440007
52875  22.528  -13.560  85.006 0.3333329856
54112  16.230  -12.408  82.736 0.7777780294
136228  15.552  -11.924  83.031 0.8888890147
56336  15.118  -10.459  83.552 0.8888890147
56328  14.807  -10.188  84.225 0.8888890147
54150  18.529  -12.342  81.376 0.7777780294
54151  17.694  -12.202  81.534 0.8888890147
54111  22.716  -13.010  83.163 0.6666669846
52912  21.926  -13.021  82.850 0.6666669846
54128  21.583  -12.787  82.187 0.7777780294
54148  20.358  -12.499  81.486 0.7777780294
54147  21.165  -12.524  81.264 0.7777780294
55220  26.064  -11.798  85.094 0.3333329856
54063  25.513  -12.294  86.392 0.2222220004
54064  24.896  -12.698  85.987 0.3333329856
54081  25.445  -12.262  85.518 0.3333329856
56334  27.385  -9.933  82.832 0.4444440007
56327  26.749  -11.103  83.942 0.4444440007
52853  24.363  -13.035  85.710 0.3333329856
157726  24.757  -12.534  84.527 0.4444440007
57386  15.273  -9.444  84.785 0.7777780294
57387  14.662  -9.855  85.182 0.7777780294
57379  14.647  -9.625  86.142 0.6666669846
57407  26.623  -10.039  80.990 0.5555559993
52874  23.345  -13.266  84.655 0.5555559993
54083  24.174  -12.824  84.417 0.3333329856
54110  24.156  -12.650  83.658 0.5555559993
152188  16.018  -11.788  82.470 0.8888890147
56344  15.554  -10.250  82.926 0.8888890147
57414  26.761  -9.711  80.261 0.5555559993
137742  23.690  -12.674  83.054 0.6666669846
55248  17.266  -11.537  81.181 0.8888890147
55238  16.197  -11.289  82.068 0.8888890147
133270  23.181  -12.685  82.360 0.6666669846
54168  20.375  -12.251  80.624 0.7777780294
55260  19.173  -11.666  79.938 0.8888890147
55262  17.543  -10.966  80.479 0.8888890147
135954  22.093  -12.612  81.500 0.7777780294
54166  22.766  -12.401  80.842 0.7777780294
149074  21.172  -12.299  80.364 0.7777780294
54186  20.791  -12.047  79.788 0.7777780294
54095  25.336  -12.209  84.588 0.5555559993
55235  26.235  -11.119  82.640 0.4444440007
139772  26.062  -11.626  84.248 0.5555559993
55228  25.430  -11.975  83.639 0.5555559993
57393  15.996  -9.311  83.352 0.7777780294
148642  26.487  -10.411  81.570 0.5555559993
55245  25.972  -11.030  81.814 0.5555559993
55236  25.515  -11.657  82.611 0.5555559993
54109  24.641  -12.299  83.031 0.5555559993
57410  16.525  -10.129  81.738 0.8888890147
57401  16.225  -9.695  82.485 0.7777780294
148490  26.833  -9.451  79.587 0.5555559993
56349  26.024  -10.612  81.027 0.5555559993
56350  25.392  -11.174  80.992 0.5555559993
55237  24.778  -12.021  82.044 0.5555559993
56351  16.879  -10.663  81.098 0.8888890147
56343  16.060  -10.545  82.194 0.8888890147
159916  27.532  -8.254  78.693 0.5555559993
57421  26.444  -9.625  79.014 0.6666669846
56369  25.628  -10.648  79.676 0.6666669846
55258  25.153  -11.157  80.150 0.7777780294
132703  24.335  -11.840  80.648 0.7777780294
54165  23.640  -12.173  80.713 0.7777780294
55282  18.794  -10.974  79.521 0.8888890147
56359  18.110  -10.434  79.869 0.8888890147
58521  27.534  -7.875  78.092 0.6666669846
58522  26.994  -8.470  78.221 0.6666669846
57432  26.453  -9.167  78.322 0.6666669846
57433  25.860  -9.861  78.444 0.6666669846
138727  24.115  -11.554  79.459 0.7777780294
55278  23.460  -11.780  79.312 0.7777780294
148066  22.399  -12.283  80.012 0.7777780294
55279  21.165  -11.814  79.093 0.7777780294
55280  20.387  -11.630  79.237 0.7777780294
60681  31.601  -6.929  76.365 0.5555559993
60706  30.221  -6.680  75.699 0.7777780294
60682  29.937  -6.982  76.421 0.6666669846
59634  28.849  -7.047  76.745 0.6666669846
59635  27.484  -7.033  76.666 0.6666669846
59620  26.996  -7.459  76.958 0.6666669846
58530  26.831  -8.022  77.452 0.6666669846
58531  26.038  -8.572  77.038 0.7777780294
60708  28.667  -6.393  75.402 0.7777780294
60685  27.569  -6.620  76.083 0.6666669846
60686  26.955  -6.737  76.090 0.7777780294
58481  17.499  -8.716  82.640 0.8888890147
57400  16.898  -9.323  82.099 0.8888890147
56360  17.440  -10.125  80.469 0.8888890147
57409  17.055  -9.737  81.229 0.8888890147
151779  25.301  -10.516  78.778 0.6666669846
56384  24.510  -10.879  78.225 0.7777780294
60679  33.332  -6.855  76.511 0.5555559993
134985  32.715  -6.756  75.952 0.5555559993
57447  25.753  -9.384  77.590 0.6666669846
56383  25.167  -10.222  77.916 0.7777780294
56385  24.057  -10.739  77.585 0.7777780294
55324  22.854  -11.218  77.867 0.7777780294
149816  22.327  -11.601  78.457 0.7777780294
56387  20.354  -10.519  78.258 0.8888890147
56388  19.821  -10.541  78.614 0.8888890147
156961  32.177  -6.815  76.121 0.5555559993
60730  30.958  -6.462  75.031 0.8888890147
60731  30.073  -6.334  74.771 0.8888890147
60707  29.500  -6.479  75.333 0.8888890147
151714  26.808  -7.172  76.508 0.6666669846
60687  26.273  -7.042  76.003 0.7777780294
58541  25.467  -8.292  76.319 0.8888890147
58542  24.664  -8.632  76.184 0.8888890147
56399  23.412  -10.715  77.396 0.8888890147
57449  22.399  -9.880  76.984 0.8888890147
56401  21.801  -10.419  77.478 0.8888890147
56386  21.207  -10.900  77.949 0.8888890147
60732  29.247  -6.167  74.692 0.8888890147
60709  27.221  -6.303  75.467 0.8888890147
60710  26.375  -6.407  75.516 0.8888890147
60711  25.399  -6.624  75.455 0.8888890147
59636  25.503  -7.529  75.865 0.8888890147
60733  28.547  -6.016  74.669 0.8888890147
60734  27.924  -6.120  75.013 0.8888890147
58495  17.578  -8.976  81.750 0.8888890147
57416  18.070  -9.608  80.079 0.8888890147
57408  17.722  -9.302  80.817 0.8888890147
57424  19.125  -9.703  79.134 0.8888890147
57415  18.779  -9.244  79.789 0.8888890147
60703  33.535  -6.542  75.654 0.6666669846
141910  32.805  -6.562  75.299 0.6666669846
57459  24.454  -9.381  76.570 0.8888890147
56402  21.001  -10.098  77.701 0.8888890147
57435  20.346  -9.642  78.157 0.8888890147
60728  33.276  -6.326  74.789 0.8888890147
60729  32.477  -6.345  74.638 0.8888890147
155781  31.639  -6.267  74.440 0.8888890147
59649  24.626  -7.330  75.586 0.8888890147
58543  23.455  -8.719  76.301 0.8888890147
57461  22.952  -9.325  76.609 0.7777780294
140935  22.273  -9.084  76.913 0.8888890147
57450  21.682  -9.582  77.338 0.7777780294
61737  32.178  -6.019  73.827 0.8888890147
61738  30.733  -6.039  74.006 0.8888890147
61757  29.325  -5.320  73.319 0.8888890147
61742  26.478  -5.194  74.432 0.7777780294
61720  25.726  -5.713  74.985 0.8888890147
61740  28.891  -5.691  74.051 0.8888890147
136478  27.991  -5.564  74.221 0.7777780294
148196  27.251  -5.213  74.143 0.8888890147
61741  27.237  -5.747  74.724 0.8888890147
58493  19.354  -8.419  81.308 0.7777780294
58479  19.088  -8.408  82.282 0.4444440007
58507  18.515  -8.894  80.551 0.8888890147
58516  19.520  -8.936  79.476 0.7777780294
61706  36.106  -5.298  76.936 0.4444440007
61707  35.482  -5.764  76.527 0.5555559993
153881  34.292  -6.296  75.673 0.5555559993
57423  19.857  -9.295  78.745 0.8888890147
61717  35.374  -5.544  75.696 0.5555559993
59622  21.770  -7.906  77.795 0.7777780294
58523  21.227  -8.403  78.156 0.7777780294
58524  20.566  -8.861  78.438 0.7777780294
61718  34.721  -5.884  75.293 0.7777780294
61736  32.955  -6.060  73.989 0.8888890147
60712  24.252  -6.435  75.426 0.8888890147
59650  23.943  -7.221  75.623 0.8888890147
153794  23.269  -8.118  76.212 0.7777780294
59639  22.727  -7.768  76.634 0.7777780294
58532  22.228  -8.233  77.087 0.7777780294
58533  21.664  -8.720  77.465 0.7777780294
61735  33.714  -5.895  74.182 0.8888890147
61754  32.649  -5.674  73.189 0.8888890147
144619  31.028  -5.596  73.087 0.8888890147
61756  30.179  -5.506  73.205 0.7777780294
61758  28.464  -5.085  73.450 0.7777780294
63817  27.505  -3.449  73.286 0.7777780294
62691  26.208  -4.268  74.034 0.7777780294
61743  25.567  -4.745  74.520 0.7777780294
141826  24.835  -5.126  74.902 0.7777780294
61721  24.120  -5.455  75.334 0.7777780294
61759  27.662  -4.839  73.622 0.7777780294
146787  19.975  -8.327  80.801 0.5555559993
62659  36.663  -4.815  77.351 0.2222220004
58505  20.121  -8.426  80.072 0.5555559993
58506  19.331  -8.631  80.294 0.6666669846
62668  36.513  -4.648  76.556 0.2222220004
61716  36.009  -5.117  76.123 0.5555559993
58514  21.004  -8.198  78.980 0.4444440007
58515  20.294  -8.612  79.219 0.6666669846
62676  36.447  -4.464  75.782 0.6666669846
59608  21.564  -7.714  78.652 0.7777780294
61734  34.478  -5.620  74.440 0.7777780294
61753  34.121  -5.326  73.396 0.8888890147
61708  23.006  -5.541  76.584 0.7777780294
60689  22.679  -6.936  76.823 0.7777780294
61770  33.242  -5.178  72.618 0.8888890147
61771  32.279  -5.205  72.451 0.8888890147
62716  31.812  -4.516  71.957 0.8888890147
62718  30.079  -4.289  72.332 0.7777780294
159503  29.441  -4.266  72.539 0.7777780294
63802  26.914  -2.923  73.636 0.7777780294
63803  26.174  -3.325  73.926 0.7777780294
62678  24.844  -4.230  74.778 0.7777780294
61722  23.494  -5.875  75.792 0.6666669846
64921  24.928  -2.456  81.069 0.3333329856
63735  24.610  -2.966  81.632 0.2222220004
62626  23.646  -4.421  81.425 0.1111110002
61663  23.158  -5.039  80.853 0.1111110002
61654  22.966  -5.852  81.161 0.1111110002
59570  22.237  -7.296  81.265 0.2222220004
66110  27.691  -1.538  80.411 0.1111110002
64957  26.025  -1.628  80.324 0.3333329856
64940  24.950  -2.281  80.274 0.3333329856
63750  24.292  -2.814  79.787 0.2222220004
62636  23.543  -3.915  80.021 0.2222220004
61672  23.078  -4.797  79.848 0.2222220004
61664  22.807  -5.710  80.270 0.1111110002
59582  22.144  -7.207  80.204 0.2222220004
59583  21.524  -7.715  80.590 0.2222220004
59584  20.729  -8.122  80.776 0.3333329856
63774  37.546  -3.575  77.287 0.2222220004
62658  36.972  -4.107  76.943 0.2222220004
66127  28.315  -1.605  79.924 0.1111110002
66129  26.513  -1.500  79.736 0.2222220004
64958  25.467  -1.828  79.746 0.3333329856
63743  23.955  -3.293  80.181 0.2222220004
60645  22.444  -6.462  79.722 0.2222220004
58504  20.927  -8.132  79.896 0.3333329856
63781  37.858  -3.036  76.797 0.3333329856
62667  36.824  -4.097  76.236 0.4444440007
66159  29.228  -1.624  77.647 0.1111110002
137726  27.503  -1.457  77.837 0.2222220004
156489  26.956  -1.438  78.192 0.2222220004
141652  25.354  -1.728  77.901 0.3333329856
63765  24.126  -2.895  78.834 0.2222220004
63766  23.588  -3.582  78.495 0.2222220004
61682  22.891  -4.869  78.785 0.2222220004
61673  22.662  -5.608  79.261 0.2222220004
59594  22.011  -7.110  79.186 0.3333329856
59595  21.556  -7.674  79.607 0.4444440007
62675  36.877  -3.803  75.578 0.4444440007
62677  35.898  -4.860  75.306 0.6666669846
65006  30.739  -1.670  74.740 0.5555559993
65007  29.754  -1.595  75.055 0.4444440007
66195  28.211  -1.532  75.451 0.4444440007
136687  27.785  -1.493  76.191 0.4444440007
66162  26.815  -1.471  77.386 0.4444440007
64983  25.002  -2.003  77.030 0.5555559993
147672  23.778  -3.341  77.054 0.4444440007
63775  23.430  -3.785  77.531 0.4444440007
150087  22.852  -4.952  77.967 0.3333329856
61695  22.489  -6.001  77.804 0.5555559993
59607  22.009  -7.169  78.204 0.5555559993
135494  36.396  -4.192  74.963 0.6666669846
61752  35.018  -5.028  73.876 0.7777780294
65021  30.971  -1.793  73.714 0.7777780294
65022  30.035  -1.773  73.920 0.6666669846
66206  28.322  -1.654  74.544 0.6666669846
66197  26.362  -1.701  75.724 0.6666669846
64995  25.075  -2.219  76.019 0.6666669846
63783  24.067  -3.287  76.246 0.5555559993
63784  23.488  -3.956  76.561 0.5555559993
61694  22.725  -5.448  77.462 0.4444440007
60666  22.369  -6.654  77.644 0.5555559993
62688  36.256  -3.885  74.079 0.7777780294
139699  34.749  -4.723  73.051 0.8888890147
155608  32.637  -4.539  72.004 0.8888890147
158075  30.912  -3.389  71.949 0.7777780294
65058  29.883  -2.856  72.562 0.7777780294
65041  28.566  -2.388  73.303 0.7777780294
65024  28.023  -1.911  73.885 0.6666669846
65008  26.759  -1.888  74.771 0.6666669846
65027  25.636  -2.892  74.484 0.7777780294
63792  24.369  -3.704  75.392 0.7777780294
62669  23.808  -4.041  75.815 0.5555559993
62714  34.826  -4.025  72.371 0.8888890147
62715  33.383  -4.365  72.018 0.8888890147
63773  38.176  -2.946  77.621 0.1111110002
64991  38.346  -2.353  76.715 0.3333329856
63790  37.352  -3.132  75.491 0.4444440007
63801  36.886  -3.422  74.703 0.5555559993
65019  37.119  -2.823  74.125 0.5555559993
141543  36.643  -3.300  73.870 0.5555559993
62699  36.138  -3.477  73.266 0.7777780294
62700  35.525  -4.230  73.354 0.8888890147
65056  31.323  -2.816  71.943 0.7777780294
133622  33.982  -3.967  71.878 0.8888890147
63833  32.842  -3.671  71.682 0.8888890147
142216  32.052  -3.099  71.692 0.7777780294
133204  38.178  -2.111  75.785 0.4444440007
65005  37.796  -2.772  76.085 0.4444440007
158842  32.070  -1.453  75.241 0.3333329856
154509  37.763  -2.571  75.420 0.4444440007
66204  32.408  -1.205  74.482 0.5555559993
63800  37.448  -2.735  74.847 0.5555559993
65020  31.795  -1.568  73.408 0.6666669846
66215  32.460  -1.273  73.076 0.5555559993
65037  31.923  -2.028  72.109 0.6666669846
66234  32.681  -1.687  71.946 0.6666669846
65036  36.674  -2.740  73.260 0.6666669846
63829  35.964  -2.919  72.474 0.6666669846
140720  35.209  -3.221  72.031 0.8888890147
63832  33.522  -3.162  71.605 0.8888890147
65054  33.285  -2.175  71.521 1.0000000000
160134  35.492  -2.610  71.833 0.8888890147
65053  34.839  -2.590  71.536 1.0000000000
65068  34.029  -2.467  71.440 1.0000000000
66174  33.189  -1.214  76.897 0.2222220004
155185  39.308  -1.042  76.682 0.2222220004
66192  32.601  -1.229  75.595 0.3333329856
66173  38.710  -1.562  76.240 0.2222220004
66175  32.622  -1.409  76.454 0.3333329856
66191  33.091  -0.977  76.091 0.4444440007
66190  38.514  -1.373  75.312 0.3333329856
66176  32.016  -1.567  75.988 0.3333329856
65004  37.992  -2.100  74.917 0.4444440007
65017  37.783  -1.780  74.192 0.5555559993
66214  32.922  -1.051  72.778 0.6666669846
66233  33.274  -1.344  71.686 0.8888890147
67270  33.096  -0.710  72.524 1.0000000000
65035  37.292  -2.200  73.723 0.7777780294
66256  33.787  -1.774  71.345 1.0000000000
141529  33.365  -0.677  71.633 1.0000000000
66231  36.540  -1.678  72.196 1.0000000000
66232  36.018  -2.196  71.908 1.0000000000
66254  35.368  -2.024  71.441 1.0000000000
67211  34.063  -1.234  77.976 0.1111110002
67220  33.774  -0.854  77.314 0.2222220004
66157  33.341  -1.584  77.632 0.2222220004
148158  32.929  -0.776  75.117 0.4444440007
149683  33.038  -0.526  74.497 0.6666669846
66189  39.074  -0.832  75.852 0.2222220004
67257  32.995  -0.584  73.652 0.6666669846
67237  38.841  -0.614  75.164 0.3333329856
66203  32.799  -0.844  73.986 0.6666669846
66202  38.467  -0.836  74.618 0.5555559993
151838  38.186  -1.452  74.619 0.6666669846
66211  38.031  -1.071  74.011 0.8888890147
68273  33.013  0.016  72.114 1.0000000000
66212  37.514  -1.434  73.417 0.8888890147
67281  33.881  -1.010  71.119 1.0000000000
66213  36.966  -1.938  72.912 0.7777780294
66253  35.998  -1.400  71.493 1.0000000000
137994  35.216  -1.404  71.114 1.0000000000
137257  33.431  -0.037  71.118 1.0000000000
67210  34.384  -0.403  77.685 0.1111110002
67219  34.059  0.025  77.061 0.1111110002
67230  33.555  -0.526  76.605 0.2222220004
67245  33.224  -0.168  75.103 0.6666669846
147286  33.112  -0.056  74.383 0.6666669846
68265  33.004  -0.056  73.374 0.6666669846
67236  39.317  0.047  75.467 0.2222220004
67244  38.752  0.014  74.578 0.3333329856
68263  38.266  0.353  73.762 0.7777780294
67255  38.269  -0.406  74.037 0.7777780294
68271  37.397  0.257  72.481 1.0000000000
68274  32.671  0.781  72.263 1.0000000000
67256  37.728  -0.410  73.161 1.0000000000
67269  37.072  -0.414  72.212 1.0000000000
68282  32.808  0.709  71.483 1.0000000000
66230  37.108  -1.159  72.605 1.0000000000
67278  36.347  -0.411  71.489 1.0000000000
67279  35.501  -0.758  71.022 1.0000000000
67280  34.693  -0.920  70.860 1.0000000000
68281  34.176  -0.195  70.717 1.0000000000
68221  34.617  0.464  77.509 0.2222220004
68231  34.373  0.966  76.827 0.2222220004
68238  33.832  1.120  76.106 0.1111110002
67229  33.792  0.308  76.342 0.3333329856
69272  33.586  1.872  75.861 0.2222220004
154809  33.432  1.171  75.533 0.2222220004
145360  33.163  0.663  75.007 0.5555559993
69295  32.759  0.912  74.190 0.5555559993
68266  32.716  0.674  73.069 0.6666669846
68251  39.075  0.926  74.893 0.3333329856
68252  38.649  0.894  74.231 0.5555559993
68264  37.781  0.731  73.006 0.6666669846
148497  32.382  1.267  72.755 1.0000000000
68272  36.918  0.382  71.846 0.8888890147
68279  36.267  0.577  71.236 1.0000000000
147922  35.725  -0.025  71.006 1.0000000000
69303  32.242  1.297  71.996 1.0000000000
67290  34.986  -0.131  70.703 1.0000000000
156987  33.704  0.570  70.614 1.0000000000
69309  33.035  0.873  70.806 1.0000000000
69310  32.243  1.290  71.031 1.0000000000
70329  31.783  1.925  72.777 1.0000000000
70338  31.563  1.830  71.707 1.0000000000
69273  33.043  1.706  75.081 0.4444440007
144432  38.181  1.494  73.581 0.5555559993
69296  32.367  1.571  73.498 1.0000000000
69294  37.634  1.756  72.900 0.5555559993
69301  37.302  1.072  72.303 0.6666669846
69308  36.113  1.523  70.978 0.8888890147
68280  35.494  0.721  70.722 1.0000000000
159408  33.912  1.029  70.371 1.0000000000
69318  33.370  1.270  70.253 1.0000000000
69319  32.677  1.302  70.438 1.0000000000
70307  32.848  2.705  74.966 0.4444440007
69288  32.560  2.050  74.318 0.4444440007
70318  31.992  2.560  73.723 0.6666669846
70317  37.923  2.390  73.249 0.5555559993
70319  31.528  2.746  73.040 1.0000000000
70326  37.916  3.238  72.903 0.2222220004
70328  37.128  2.060  72.126 0.6666669846
71393  37.607  3.357  72.217 0.3333329856
70336  37.147  2.907  71.870 0.3333329856
70337  36.607  2.362  71.360 0.6666669846
69316  35.295  1.738  70.420 1.0000000000
70330  31.223  2.610  72.306 1.0000000000
142659  37.451  3.454  70.132 0.3333329856
71403  37.353  3.383  71.602 0.3333329856
70346  36.908  3.116  71.209 0.3333329856
69315  36.080  2.234  70.744 0.7777780294
70349  34.863  2.122  69.974 1.0000000000
71411  37.350  3.521  71.004 0.3333329856
71412  36.838  3.175  70.517 0.3333329856
70348  35.801  2.425  70.285 0.8888890147
70350  33.841  1.774  69.718 1.0000000000
132963  32.699  1.644  69.807 1.0000000000
141240  31.710  1.885  69.902 1.0000000000
70352  30.956  2.451  70.283 1.0000000000
71394  30.876  3.451  72.008 0.8888890147
70361  36.230  2.827  70.082 0.5555559993
70362  35.443  2.478  69.742 1.0000000000
70364  33.242  2.015  68.978 1.0000000000
148635  30.681  3.205  70.669 1.0000000000
71404  30.736  3.565  71.263 0.8888890147
71421  36.824  3.100  69.676 0.7777780294
70375  36.088  2.721  69.106 1.0000000000
70376  35.097  2.443  68.896 0.8888890147
70363  34.470  2.176  69.394 1.0000000000
70379  32.233  2.403  68.128 1.0000000000
156926  31.700  2.436  68.718 1.0000000000
70366  31.199  2.554  69.275 1.0000000000
71413  30.657  3.358  69.865 1.0000000000
153360  36.406  2.757  68.172 0.8888890147
141187  34.822  2.398  68.022 1.0000000000
70378  33.305  2.237  68.011 1.0000000000
70380  31.301  2.899  68.412 1.0000000000
71422  30.751  3.521  68.882 1.0000000000
70308  32.430  2.890  74.426 0.4444440007
71409  39.040  3.930  70.194 0.2222220004
71401  38.785  4.072  71.178 0.2222220004
71402  37.923  3.756  71.626 0.2222220004
71392  38.137  3.733  72.480 0.2222220004
154984  39.302  3.844  69.383 0.2222220004
71419  38.395  3.608  69.524 0.3333329856
71410  38.105  3.757  70.633 0.3333329856
151531  38.239  3.448  68.641 0.3333329856
71420  37.588  3.290  69.153 0.3333329856
72440  30.692  4.381  69.531 1.0000000000
72427  30.743  4.194  70.629 0.8888890147
72417  30.949  4.295  71.626 0.8888890147
71430  36.943  2.999  68.692 0.6666669846
71429  37.677  3.232  68.230 0.6666669846
155996  35.651  2.546  68.112 1.0000000000
70390  34.020  2.289  67.361 1.0000000000
70392  32.118  2.746  67.128 1.0000000000
71431  31.512  2.977  67.706 1.0000000000
72451  30.799  4.426  68.541 1.0000000000
70401  36.187  2.725  67.246 1.0000000000
70404  33.492  2.483  66.641 1.0000000000
70391  32.941  2.375  67.214 1.0000000000
72463  31.089  4.315  67.780 1.0000000000
72384  32.464  4.445  74.268 0.5555559993
72398  31.917  4.262  73.663 0.7777780294
71383  31.677  3.434  73.454 0.7777780294
72426  39.685  4.184  70.682 0.1111110002
71384  31.280  3.421  72.754 0.8888890147
72408  31.770  4.893  72.978 0.7777780294
72409  31.230  4.237  72.440 0.8888890147
71418  39.067  3.720  68.526 0.3333329856
73444  31.272  5.092  71.194 0.8888890147
73435  31.437  5.017  72.087 0.8888890147
73456  31.143  5.201  70.221 0.8888890147
71428  38.402  3.518  67.868 0.4444440007
71438  37.028  2.985  67.744 0.8888890147
73488  31.471  5.253  68.211 1.0000000000
73474  31.179  5.268  69.223 1.0000000000
71437  37.744  3.321  67.362 0.6666669846
70402  35.487  2.714  66.427 1.0000000000
70403  34.422  2.548  66.355 1.0000000000
71447  32.181  3.233  66.584 1.0000000000
71443  36.296  3.011  66.324 1.0000000000
70415  35.042  2.860  65.809 1.0000000000
71445  33.483  2.818  65.966 1.0000000000
71446  32.740  3.485  65.914 1.0000000000
147783  32.267  4.979  73.700 0.5555559993
72439  39.861  4.050  69.795 0.1111110002
154163  40.344  4.220  70.197 0.1111110002
144360  39.965  4.007  68.924 0.2222220004
73434  31.973  5.535  72.471 0.7777780294
73455  31.831  5.833  70.846 0.7777780294
73443  31.861  5.714  71.738 0.7777780294
73487  32.000  5.919  69.023 0.7777780294
73473  31.850  5.911  69.923 0.7777780294
73516  32.324  5.151  66.672 1.0000000000
136790  37.746  3.530  66.512 0.5555559993
132792  37.029  3.092  66.835 0.7777780294
72474  32.684  4.614  65.898 1.0000000000
72475  32.049  4.088  66.470 1.0000000000
72462  31.669  4.691  67.253 1.0000000000
71444  35.733  3.065  65.777 0.8888890147
71452  34.324  3.151  65.486 1.0000000000
71453  33.552  3.443  65.517 1.0000000000
73416  32.818  5.390  74.190 0.4444440007
73427  32.486  5.717  73.204 0.5555559993
147107  33.100  6.493  72.833 0.3333329856
72438  40.603  4.234  69.484 0.1111110002
74498  32.507  6.118  72.291 0.3333329856
74510  32.560  6.286  71.425 0.3333329856
72450  39.893  4.039  67.994 0.2222220004
74522  33.333  6.871  70.224 0.4444440007
74509  33.269  6.872  71.120 0.3333329856
71427  39.133  3.818  67.544 0.3333329856
74566  32.852  6.305  67.931 0.7777780294
74551  32.812  6.389  68.800 0.5555559993
71436  38.459  3.646  67.043 0.3333329856
73502  32.857  6.054  67.040 0.8888890147
132974  36.893  3.426  65.884 0.8888890147
160302  36.264  3.230  65.790 0.8888890147
71451  35.194  3.298  65.260 1.0000000000
71461  34.670  3.656  64.895 1.0000000000
72487  33.307  4.162  65.350 1.0000000000
73515  33.045  5.597  66.209 1.0000000000
154061  40.801  4.385  68.498 0.1111110002
137636  34.770  7.802  72.064 0.2222220004
74496  33.933  7.318  71.747 0.3333329856
74497  33.202  6.684  71.990 0.3333329856
74508  33.972  7.328  70.726 0.3333329856
74536  33.430  6.834  69.382 0.4444440007
71449  37.751  3.861  65.663 0.5555559993
74550  33.632  6.864  68.477 0.6666669846
74535  34.017  7.254  69.167 0.5555559993
71450  36.059  3.478  65.190 0.8888890147
72486  34.024  3.829  64.991 1.0000000000
73532  33.318  5.092  65.446 0.8888890147
71459  36.057  3.995  64.532 0.8888890147
72500  35.579  4.561  64.140 0.8888890147
72501  34.671  4.355  64.511 1.0000000000
156581  33.812  5.439  65.095 1.0000000000
74579  33.568  6.365  66.607 0.8888890147
75609  34.680  7.705  71.120 0.2222220004
74521  34.011  7.279  69.870 0.4444440007
74565  33.566  6.639  67.494 0.7777780294
50335  11.495  -15.950  93.030 0.2222220004
137321  9.166  -11.215  95.195 0.4444440007
56220  8.302  -10.886  97.228 0.4444440007
57276  7.806  -10.374  96.803 0.4444440007
57280  7.033  -10.251  96.501 0.4444440007
49314  13.428  -16.311  90.970 0.2222220004
51505  11.296  -15.194  91.682 0.2222220004
49321  12.973  -16.067  90.234 0.2222220004
49320  13.989  -16.092  90.183 0.2222220004
57278  7.858  -9.703  96.121 0.4444440007
56226  6.443  -10.506  95.893 0.2222220004
147608  6.631  -9.965  95.962 0.4444440007
57288  6.104  -9.992  95.303 0.2222220004
57289  5.654  -9.829  94.662 0.2222220004
56240  5.925  -10.474  95.064 0.2222220004
55142  5.408  -11.030  94.011 0.2222220004
55141  5.766  -10.951  94.772 0.2222220004
50367  12.211  -15.725  90.716 0.2222220004
151586  13.556  -15.561  88.952 0.2222220004
50393  13.490  -15.217  88.220 0.2222220004
52769  10.489  -13.557  91.664 0.3333329856
53994  10.090  -12.977  92.066 0.5555559993
51529  11.696  -14.290  89.792 0.3333329856
56247  9.285  -10.612  93.254 0.6666669846
51556  13.295  -14.672  87.659 0.4444440007
143957  6.971  -9.535  96.097 0.5555559993
51555  14.500  -14.734  86.801 0.3333329856
56256  4.726  -10.618  92.643 0.1111110002
51540  12.524  -14.473  88.661 0.3333329856
55157  10.343  -11.569  91.023 0.5555559993
148340  10.298  -12.962  91.429 0.4444440007
51539  12.951  -14.800  88.221 0.4444440007
52792  11.938  -14.013  89.110 0.6666669846
136994  9.138  -8.739  94.258 0.5555559993
57316  4.383  -10.036  92.237 0.1111110002
51589  15.924  -14.238  85.501 0.5555559993
144714  5.918  -8.194  94.625 0.5555559993
150413  10.414  -10.706  91.223 0.6666669846
56271  10.842  -10.759  90.574 0.7777780294
52838  12.969  -13.277  87.036 0.7777780294
59391  6.687  -7.812  95.243 0.5555559993
58270  6.741  -8.860  95.646 0.5555559993
52879  16.403  -13.477  84.136 0.6666669846
51588  16.524  -14.096  85.214 0.4444440007
52863  13.774  -13.262  85.745 0.7777780294
56270  11.592  -10.066  90.363 0.8888890147
55172  12.239  -10.749  88.910 0.8888890147
54084  13.950  -12.513  85.195 0.8888890147
52902  15.832  -13.106  83.870 0.7777780294
55201  13.270  -11.543  86.353 0.8888890147
142473  18.040  -13.193  83.254 0.7777780294
54114  15.112  -12.265  83.739 0.7777780294
52915  19.425  -13.012  82.988 0.7777780294
52917  17.679  -12.929  82.728 0.7777780294
55215  13.665  -11.721  85.512 0.8888890147
149517  13.911  -11.104  85.256 0.8888890147
56300  13.944  -9.828  87.309 0.6666669846
56315  14.036  -9.987  86.488 0.7777780294
55221  14.588  -11.728  84.085 0.8888890147
52897  20.802  -13.261  83.610 0.6666669846
54129  19.924  -12.697  82.152 0.7777780294
54132  17.366  -12.532  82.180 0.8888890147
54133  16.794  -12.391  82.289 0.8888890147
143846  20.757  -12.738  82.156 0.6666669846
55227  26.129  -11.397  83.380 0.4444440007
136315  16.463  -11.936  82.115 0.8888890147
55239  15.711  -11.186  82.567 0.8888890147
55229  15.263  -11.112  83.188 0.8888890147
55247  17.963  -11.768  80.809 0.8888890147
54152  17.016  -12.066  81.766 0.8888890147
54169  19.593  -12.074  80.436 0.7777780294
54082  24.709  -12.662  85.132 0.3333329856
56342  26.678  -10.536  82.278 0.4444440007
144693  24.767  -12.433  83.972 0.5555559993
57394  15.351  -9.738  83.809 0.7777780294
57372  14.588  -9.470  87.042 0.6666669846
52895  23.454  -12.987  83.832 0.6666669846
57406  27.254  -9.342  80.925 0.5555559993
133164  24.005  -12.419  82.254 0.7777780294
54145  23.443  -12.436  81.566 0.6666669846
55249  16.668  -11.393  81.608 0.8888890147
56352  16.431  -10.813  81.696 0.8888890147
54146  22.787  -12.613  81.734 0.6666669846
54187  19.973  -11.923  79.852 0.7777780294
55281  19.599  -11.375  79.352 0.8888890147
55261  18.337  -11.320  80.135 0.8888890147
54167  21.870  -12.419  80.580 0.7777780294
54185  21.682  -12.166  79.678 0.7777780294
58463  16.625  -8.701  83.880 0.5555559993
58482  16.738  -8.936  82.965 0.6666669846
56358  25.678  -10.809  80.424 0.5555559993
55246  25.313  -11.526  81.718 0.5555559993
58513  27.111  -8.892  79.018 0.5555559993
56357  26.174  -10.341  80.339 0.6666669846
152694  24.841  -11.473  80.605 0.5555559993
54144  24.197  -12.150  81.415 0.7777780294
57422  25.930  -10.199  79.114 0.6666669846
55300  24.750  -11.135  79.282 0.7777780294
55277  24.524  -11.522  80.009 0.7777780294
55259  23.877  -11.865  79.993 0.7777780294
54184  23.125  -12.151  79.969 0.7777780294
56370  19.340  -10.575  78.987 0.8888890147
59619  27.544  -7.496  77.380 0.6666669846
57446  26.425  -8.733  77.714 0.6666669846
55301  23.952  -11.404  78.775 0.7777780294
55302  23.141  -11.590  78.570 0.7777780294
152662  22.564  -11.994  79.235 0.7777780294
153582  21.850  -11.903  78.942 0.7777780294
55303  21.545  -11.491  78.448 0.7777780294
55304  20.748  -11.312  78.570 0.7777780294
55305  20.001  -11.081  78.768 0.8888890147
60705  31.090  -6.725  75.799 0.7777780294
143844  30.671  -6.978  76.407 0.6666669846
60683  29.267  -6.749  76.119 0.8888890147
137022  28.232  -7.209  77.077 0.6666669846
60684  28.277  -6.719  76.306 0.7777780294
58540  26.322  -7.734  76.588 0.6666669846
151262  27.922  -6.418  75.688 0.8888890147
58480  18.234  -8.518  82.387 0.7777780294
56398  24.546  -10.428  77.537 0.8888890147
56371  18.724  -10.294  79.374 0.8888890147
57425  18.497  -9.857  79.583 0.8888890147
60704  31.943  -6.612  75.464 0.7777780294
57458  25.258  -9.083  76.737 0.7777780294
57448  24.901  -9.865  77.148 0.8888890147
56413  24.048  -10.202  76.945 0.8888890147
55323  23.676  -11.192  78.001 0.7777780294
56400  22.584  -10.606  77.338 0.8888890147
55325  22.018  -11.128  77.822 0.7777780294
57436  19.709  -10.003  78.545 0.8888890147
135924  24.804  -8.012  75.798 0.8888890147
57460  23.673  -9.444  76.508 0.8888890147
56414  23.147  -10.080  76.797 0.8888890147
61739  29.752  -5.866  73.997 0.8888890147
61719  26.612  -5.904  75.040 0.8888890147
155316  24.848  -5.871  75.170 0.8888890147
58494  18.370  -8.669  81.495 0.7777780294
142220  24.005  -8.848  76.181 0.8888890147
57434  21.025  -9.201  77.798 0.7777780294
60702  34.034  -6.169  74.997 0.7777780294
59637  23.970  -8.093  75.765 0.8888890147
58544  22.815  -8.561  76.570 0.7777780294
157252  31.489  -5.923  73.681 0.8888890147
62702  28.971  -4.626  72.874 0.7777780294
62690  26.947  -4.599  73.833 0.7777780294
60677  34.872  -6.161  76.069 0.4444440007
60713  23.606  -6.670  75.771 0.7777780294
59638  23.301  -7.328  76.095 0.8888890147
60688  23.105  -6.409  76.335 0.7777780294
59621  22.271  -7.426  77.363 0.5555559993
150378  33.346  -5.666  73.449 0.7777780294
61755  31.840  -5.633  73.066 0.8888890147
61773  30.540  -5.039  72.522 0.8888890147
61772  31.402  -5.132  72.413 0.8888890147
61774  29.741  -4.910  72.709 0.7777780294
62703  28.102  -4.178  73.034 0.7777780294
62705  26.808  -3.782  73.595 0.7777780294
62704  27.375  -4.185  73.408 0.7777780294
63804  25.509  -3.799  74.351 0.7777780294
62679  24.189  -4.571  75.290 0.7777780294
61733  35.209  -5.268  74.845 0.6666669846
60665  22.660  -6.139  77.085 0.5555559993
62717  30.912  -4.259  72.019 0.7777780294
62719  29.599  -3.572  72.445 0.7777780294
63835  30.318  -3.502  72.198 0.7777780294
63815  29.076  -2.960  72.737 0.7777780294
62720  28.876  -3.776  72.652 0.7777780294
65042  27.720  -2.615  73.453 0.7777780294
63816  28.258  -3.181  72.939 0.7777780294
65025  27.200  -2.209  74.010 0.7777780294
65026  26.394  -2.525  74.208 0.7777780294
63791  24.978  -3.318  74.893 0.7777780294
62670  23.446  -4.830  75.956 0.5555559993
64939  25.528  -1.925  80.957 0.3333329856
64919  25.955  -1.768  81.756 0.2222220004
64920  25.245  -2.305  81.713 0.2222220004
62635  23.963  -3.638  80.939 0.2222220004
148790  23.456  -4.359  80.613 0.1111110002
60618  22.792  -6.606  81.432 0.1111110002
60632  22.596  -6.534  80.701 0.1111110002
66128  27.441  -1.455  79.568 0.1111110002
66111  26.920  -1.482  80.415 0.1111110002
66109  28.336  -1.732  80.784 0.1111110002
64938  26.424  -1.590  81.081 0.2222220004
159378  25.470  -1.893  80.344 0.3333329856
159655  25.982  -1.606  79.797 0.3333329856
63751  23.761  -3.418  79.408 0.2222220004
62642  23.322  -4.142  79.127 0.2222220004
63782  37.310  -3.490  76.344 0.3333329856
66143  27.557  -1.444  78.574 0.2222220004
66142  28.297  -1.503  78.985 0.1111110002
66130  26.000  -1.550  79.236 0.3333329856
66144  26.760  -1.441  78.935 0.3333329856
64959  24.764  -2.288  79.281 0.2222220004
154909  28.637  -1.545  77.180 0.3333329856
66160  28.314  -1.504  77.972 0.2222220004
66145  26.129  -1.488  78.245 0.3333329856
66163  25.860  -1.577  77.266 0.5555559993
64974  24.639  -2.281  78.143 0.3333329856
64973  25.332  -1.775  78.793 0.3333329856
150445  23.936  -3.073  77.876 0.4444440007
62649  23.158  -4.312  78.180 0.3333329856
61683  22.631  -5.528  78.310 0.3333329856
60657  22.335  -6.358  78.596 0.2222220004
62689  35.753  -4.583  74.401 0.6666669846
154743  29.927  -1.571  76.216 0.4444440007
66205  28.871  -1.566  74.974 0.6666669846
66178  28.477  -1.515  76.429 0.5555559993
66177  29.255  -1.582  76.767 0.3333329856
66194  29.087  -1.536  75.827 0.4444440007
66179  27.073  -1.495  76.419 0.5555559993
66161  27.813  -1.471  77.075 0.2222220004
66180  26.347  -1.558  76.638 0.6666669846
66181  25.685  -1.769  76.366 0.5555559993
64996  24.583  -2.600  76.410 0.5555559993
64984  24.294  -2.730  77.138 0.4444440007
62660  23.022  -4.645  77.122 0.4444440007
65057  30.631  -2.795  72.291 0.7777780294
65038  31.164  -2.160  72.682 0.7777780294
65039  30.356  -2.226  73.018 0.6666669846
65023  28.980  -1.736  74.041 0.7777780294
65040  29.478  -2.267  73.213 0.7777780294
66207  27.610  -1.726  74.637 0.6666669846
66196  27.293  -1.588  75.520 0.5555559993
155990  25.635  -2.015  75.619 0.6666669846
65009  25.949  -2.175  74.927 0.6666669846
65011  24.664  -2.909  75.643 0.6666669846
65010  25.278  -2.552  75.214 0.6666669846
62701  34.078  -4.661  72.514 0.8888890147
158328  32.162  -3.912  71.732 0.8888890147
63834  31.509  -3.660  71.798 0.7777780294
159375  33.438  -3.817  71.745 0.8888890147
66193  31.602  -1.553  74.531 0.4444440007
63830  35.557  -3.596  72.680 0.8888890147
65055  32.688  -2.621  71.615 0.7777780294
144238  31.395  -1.623  75.443 0.4444440007
65018  37.539  -2.339  74.379 0.6666669846
139219  36.451  -2.309  72.517 0.8888890147
63831  34.416  -3.284  71.744 0.8888890147
66255  34.523  -1.756  71.207 1.0000000000
67238  33.340  -0.350  75.836 0.4444440007
155374  36.645  -1.032  71.957 1.0000000000
68239  33.481  0.458  75.649 0.4444440007
69302  36.736  1.350  71.639 0.7777780294
68286  34.491  0.758  70.468 1.0000000000
69317  34.249  1.525  70.143 1.0000000000
70351  32.162  1.531  70.377 1.0000000000
135522  31.522  1.837  70.755 1.0000000000
70339  30.921  2.626  71.309 1.0000000000
70327  37.509  2.670  72.577 0.3333329856
70347  36.419  2.738  70.714 0.5555559993
70365  32.109  2.072  69.109 1.0000000000
70377  34.162  2.257  68.477 1.0000000000
71432  30.962  3.607  68.009 1.0000000000
71371  32.142  3.544  74.141 0.7777780294
70389  35.129  2.461  67.230 1.0000000000
70405  32.771  2.738  66.516 1.0000000000
71439  31.541  3.602  67.210 1.0000000000
72399  31.516  4.091  73.091 0.7777780294
73503  32.188  5.632  67.558 1.0000000000
137285  32.227  5.960  68.300 1.0000000000
74523  32.605  6.379  70.539 0.4444440007
74537  32.687  6.404  69.660 0.5555559993
75603  34.170  7.436  72.688 0.2222220004
72461  39.749  4.185  67.175 0.3333329856
72485  36.912  3.953  64.922 0.8888890147
71460  35.337  3.838  64.659 0.8888890147
144290  33.871  4.657  64.880 1.0000000000
72499  36.465  4.492  64.197 0.8888890147
75616  34.671  7.605  70.225 0.4444440007
59382  7.719  -7.943  95.286 0.4444440007
59383  7.166  -7.872  95.459 0.4444440007
58272  8.933  -8.162  94.789 0.3333329856
60481  8.326  -6.368  95.017 0.2222220004
59390  7.715  -7.044  95.292 0.2222220004
145276  9.120  -7.505  94.858 0.2222220004
57296  9.914  -8.780  93.415 0.6666669846
58289  9.898  -8.138  93.969 0.3333329856
56254  10.195  -9.786  92.308 0.6666669846
59389  8.609  -7.114  95.089 0.2222220004
57304  10.449  -9.089  92.625 0.6666669846
56261  11.046  -9.833  91.191 0.6666669846
57315  10.795  -9.378  91.952 0.6666669846
59397  9.880  -7.398  94.597 0.2222220004
58278  9.628  -7.965  94.411 0.3333329856
58288  10.638  -7.975  93.675 0.3333329856
57314  11.578  -9.048  91.739 0.6666669846
146362  11.221  -8.715  92.359 0.6666669846
56280  11.989  -10.360  89.608 0.7777780294
57326  12.007  -9.327  91.000 0.6666669846
56279  12.699  -9.965  89.333 0.4444440007
56269  12.428  -9.617  90.168 0.5555559993
57325  12.937  -9.132  90.905 0.3333329856
57336  13.345  -9.354  89.940 0.4444440007
56286  13.324  -9.969  88.229 0.5555559993
57324  13.801  -8.792  90.748 0.3333329856
56278  13.378  -9.762  88.999 0.3333329856
152253  13.775  -9.732  87.910 0.4444440007
57349  14.639  -9.110  88.873 0.2222220004
134792  14.050  -9.288  89.371 0.2222220004
135102  14.139  -8.942  90.085 0.1111110002
57363  14.437  -9.347  87.943 0.2222220004
57371  15.225  -9.128  86.663 0.4444440007
159988  15.555  -8.722  88.100 0.1111110002
143849  15.168  -8.842  88.374 0.2222220004
136566  15.915  -8.688  87.139 0.1111110002
153431  15.212  -8.934  87.581 0.2222220004
57378  15.263  -9.269  85.754 0.4444440007
59615  31.496  -7.379  77.699 0.2222220004
59631  31.048  -7.231  77.061 0.5555559993
57377  15.913  -8.842  85.334 0.2222220004
58442  16.618  -8.599  84.823 0.3333329856
59601  32.870  -7.371  78.024 0.3333329856
59602  32.057  -7.481  78.251 0.2222220004
59614  32.295  -7.293  77.477 0.4444440007
59630  31.781  -7.187  77.041 0.2222220004
58462  17.507  -8.491  83.582 0.4444440007
64898  28.682  -1.680  83.282 0.1111110002
64899  27.630  -1.600  82.871 0.1111110002
64918  27.554  -1.634  82.063 0.1111110002
141534  26.757  -1.594  81.726 0.1111110002
64937  27.439  -1.581  81.180 0.1111110002
159348  17.221  -8.472  84.361 0.2222220004
60680  32.435  -7.021  76.665 0.4444440007
134772  19.013  -8.493  84.733 0.2222220004
152967  18.007  -8.431  84.490 0.2222220004
58461  18.477  -8.407  83.797 0.3333329856
144781  18.098  -8.395  83.087 0.3333329856
66141  32.672  -2.182  78.052 0.1111110002
157317  32.085  -2.309  78.094 0.2222220004
135585  31.563  -2.277  78.082 0.1111110002
64981  32.028  -2.119  77.594 0.2222220004
140069  31.207  -2.011  77.233 0.2222220004
66158  32.639  -1.736  77.251 0.2222220004
64992  31.969  -1.797  76.813 0.2222220004
64993  31.306  -1.742  76.308 0.2222220004
141434  30.729  -2.090  78.080 0.2222220004
64982  30.136  -1.733  77.251 0.3333329856
64994  30.646  -1.730  76.555 0.3333329856
133861  30.630  -1.639  75.731 0.2222220004
145192  34.389  5.338  64.505 0.8888890147
74601  34.994  5.896  63.883 0.7777780294
70293  33.333  2.625  75.591 0.3333329856
75704  34.833  6.829  64.324 0.7777780294
74602  34.469  6.252  64.594 0.7777780294
154221  33.152  3.304  75.350 0.3333329856
76777  35.483  8.201  65.487 0.7777780294
75694  34.528  6.995  65.386 0.6666669846
74578  34.091  6.674  66.109 0.6666669846
77893  36.097  9.454  64.303 0.6666669846
76776  35.737  8.845  64.924 0.6666669846
138978  35.015  7.567  64.952 0.7777780294
74593  34.061  6.154  65.193 0.7777780294
79021  37.190  10.606  63.277 0.7777780294
76789  35.339  8.124  64.458 0.7777780294
79037  37.442  10.322  62.331 0.7777780294
71370  32.760  3.665  74.796 0.3333329856
78959  37.613  10.241  66.373 0.3333329856
77854  37.240  9.420  66.781 0.4444440007
76755  36.701  8.896  66.688 0.4444440007
76757  35.727  8.135  66.456 0.7777780294
75676  34.675  7.297  66.504 0.5555559993
78980  37.793  11.273  64.906 0.4444440007
78981  37.362  10.583  65.431 0.5555559993
77871  36.378  9.419  65.390 0.5555559993
76756  36.156  8.746  66.038 0.6666669846
77908  36.561  10.065  63.737 0.6666669846
80100  38.490  11.396  62.440 0.7777780294
79003  37.749  11.257  63.862 0.7777780294
80115  39.467  11.358  61.470 0.7777780294
153749  39.037  11.602  62.073 0.7777780294
72383  32.996  4.673  74.852 0.3333329856
141250  39.076  10.574  68.132 0.1111110002
75636  34.899  7.529  68.088 0.4444440007
78941  38.555  10.390  67.586 0.2222220004
77841  37.642  9.182  67.655 0.3333329856
141713  37.427  8.734  68.051 0.2222220004
76731  36.312  8.236  67.681 0.3333329856
75655  35.572  7.802  67.792 0.3333329856
74549  34.259  7.176  67.859 0.5555559993
82097  41.037  13.913  68.491 0.1111110002
81085  40.346  12.875  67.527 0.1111110002
80051  39.224  11.788  66.795 0.5555559993
78957  38.617  11.083  66.842 0.3333329856
77853  37.908  9.889  67.222 0.3333329856
153634  35.861  8.055  67.187 0.5555559993
74564  34.159  6.985  67.011 0.5555559993
82104  41.017  14.066  67.607 0.1111110002
81098  40.270  13.009  66.645 0.2222220004
81099  39.684  12.503  66.240 0.4444440007
80062  38.502  11.661  65.372 0.5555559993
78958  38.080  11.022  66.004 0.4444440007
82117  41.152  14.157  66.761 0.1111110002
81122  40.225  12.926  64.710 0.3333329856
149996  39.565  12.512  64.577 0.6666669846
80075  39.018  12.188  64.893 0.6666669846
81137  39.847  12.537  63.115 0.7777780294
80088  39.125  12.251  63.891 0.7777780294
80089  38.428  11.661  63.381 0.7777780294
80099  39.609  12.078  62.103 0.7777780294
74489  33.177  6.266  73.704 0.2222220004
78929  38.821  9.951  68.393 0.1111110002
150326  34.460  7.397  68.632 0.4444440007
77840  38.244  9.584  68.005 0.2222220004
132874  36.900  8.432  68.185 0.2222220004
77825  38.540  9.289  68.715 0.1111110002
75635  35.323  7.767  68.746 0.2222220004
75634  36.060  8.188  69.220 0.2222220004
76710  37.496  8.630  68.630 0.1111110002
75624  34.645  7.542  69.398 0.3333329856
76711  36.843  8.390  68.904 0.1111110002
75623  35.328  7.879  69.680 0.2222220004
75615  35.305  7.991  70.522 0.3333329856
75622  35.979  8.268  70.030 0.2222220004
76700  36.809  8.383  69.668 0.2222220004
75614  35.938  8.290  70.736 0.2222220004
57385  15.894  -9.002  84.328 0.6666669846
59632  30.075  -7.269  77.122 0.4444440007
59613  33.093  -7.173  77.262 0.4444440007
58478  19.999  -8.341  82.275 0.3333329856
74594  33.627  5.932  65.763 0.6666669846
64900  26.520  -1.705  82.492 0.1111110002
59396  10.725  -7.199  94.399 0.2222220004
57350  13.923  -9.546  88.549 0.2222220004
148704  35.115  7.451  64.104 0.7777780294
75693  35.155  7.649  65.987 0.6666669846
77892  36.669  10.116  64.880 0.5555559993
79036  38.092  10.741  62.008 0.7777780294
79020  37.816  11.084  62.845 0.7777780294
77870  36.994  9.867  65.860 0.4444440007
142779  38.169  10.518  66.811 0.3333329856
77855  36.681  9.298  66.174 0.4444440007
139596  36.313  8.436  66.934 0.5555559993
76730  36.975  8.703  67.430 0.4444440007
75675  35.342  7.709  66.911 0.5555559993
75656  34.820  7.443  67.381 0.3333329856
80052  38.686  11.540  66.174 0.4444440007
79004  37.189  10.700  64.368 0.5555559993
80116  38.778  11.029  61.717 0.7777780294
136674  39.056  11.973  62.834 0.7777780294
80098  40.285  11.822  61.251 0.7777780294
77826  37.954  8.973  68.348 0.1111110002
82098  40.705  13.397  68.009 0.1111110002
82105  40.691  13.559  67.121 0.1111110002
81086  39.855  12.386  67.137 0.5555559993
80061  39.091  12.072  65.803 0.5555559993
81110  40.239  13.023  65.711 0.2222220004
81111  39.626  12.542  65.326 0.5555559993
80076  38.427  11.746  64.391 0.6666669846
136012  40.679  13.007  62.935 0.7777780294
81123  39.833  12.650  64.028 0.7777780294
81148  40.372  12.536  62.139 0.7777780294
75654  36.172  8.144  68.424 0.3333329856
81165  40.880  12.400  61.431 0.7777780294
56232  6.221  -10.483  95.537 0.1111110002
55147  5.178  -11.012  93.159 0.1111110002
143884  7.589  -11.074  97.180 0.3333329856
57306  4.823  -9.452  92.690 0.1111110002
59404  5.557  -7.800  93.787 0.2222220004
58290  5.230  -8.761  93.265 0.1111110002
59399  6.111  -7.303  94.353 0.2222220004
135160  7.045  -6.968  95.265 0.2222220004
59398  6.543  -7.042  94.828 0.3333329856
49289  12.742  -16.859  93.188 0.1111110002
49288  13.551  -16.968  93.280 0.1111110002
50343  15.781  -16.155  91.929 0.1111110002
140268  15.323  -16.575  92.821 0.1111110002
49287  14.505  -16.958  93.496 0.1111110002
49312  14.767  -16.397  91.878 0.1111110002
136189  13.790  -16.505  91.732 0.1111110002
49301  14.160  -16.710  92.580 0.1111110002
50354  15.274  -16.068  91.211 0.1111110002
57303  11.604  -8.218  92.762 0.4444440007
49313  14.332  -16.256  91.072 0.1111110002
57302  12.714  -8.264  92.308 0.2222220004
58286  12.252  -7.744  93.021 0.2222220004
158394  12.090  -8.195  92.566 0.3333329856
50365  14.858  -16.023  90.558 0.1111110002
57313  12.419  -8.807  91.652 0.4444440007
146038  17.392  -15.686  91.450 0.1111110002
50342  16.695  -15.869  91.741 0.1111110002
137015  17.548  -15.403  90.773 0.1111110002
50353  16.760  -15.542  91.078 0.1111110002
148290  16.102  -15.806  91.323 0.1111110002
50363  16.837  -15.345  90.338 0.1111110002
50364  15.825  -15.685  90.592 0.1111110002
133009  16.114  -15.319  88.927 0.1111110002
133375  15.966  -15.474  89.729 0.1111110002
51514  19.027  -14.932  90.173 0.1111110002
50362  18.260  -15.255  90.422 0.1111110002
51525  18.639  -14.720  89.560 0.1111110002
51515  18.437  -14.943  89.953 0.1111110002
50378  16.954  -15.155  89.564 0.1111110002
51536  18.318  -14.613  88.802 0.1111110002
51526  17.836  -14.844  89.360 0.1111110002
149503  18.024  -14.559  87.996 0.1111110002
50391  15.389  -15.356  88.250 0.1111110002
51552  17.367  -14.645  87.409 0.1111110002
51538  16.787  -14.952  87.880 0.1111110002
50405  15.866  -15.133  87.575 0.1111110002
51553  16.424  -14.825  87.076 0.2222220004
141845  16.879  -14.609  86.643 0.1111110002
51573  16.076  -14.625  86.265 0.2222220004
51524  19.139  -14.663  89.820 0.1111110002
54053  24.911  -12.736  86.832 0.2222220004
154872  19.592  -14.494  89.664 0.1111110002
138326  19.133  -14.527  89.058 0.1111110002
58491  29.409  -8.387  81.276 0.2222220004
51549  19.697  -14.387  87.962 0.1111110002
57405  28.516  -8.540  81.484 0.3333329856
51550  19.035  -14.416  87.130 0.1111110002
57399  27.745  -9.259  82.305 0.4444440007
149257  17.796  -14.294  85.801 0.2222220004
51570  18.429  -14.350  86.434 0.2222220004
51571  17.594  -14.467  86.577 0.1111110002
51587  18.657  -14.108  85.558 0.3333329856
51572  16.861  -14.408  85.866 0.2222220004
151703  27.441  -8.976  79.998 0.4444440007
52860  17.916  -14.043  85.150 0.4444440007
144848  17.214  -14.099  85.211 0.4444440007
52803  24.313  -13.108  88.530 0.2222220004
148059  23.078  -13.621  88.834 0.1111110002
153767  22.533  -13.724  89.336 0.1111110002
52816  24.254  -13.197  87.153 0.2222220004
52804  23.626  -13.452  88.301 0.2222220004
138505  21.762  -13.891  89.383 0.1111110002
52830  24.346  -13.129  86.363 0.2222220004
135308  23.468  -13.530  87.449 0.2222220004
140187  22.934  -13.697  88.089 0.1111110002
137807  22.179  -13.913  87.884 0.1111110002
51522  20.837  -14.156  89.249 0.1111110002
58474  30.480  -8.449  82.178 0.1111110002
134771  29.711  -8.422  82.011 0.2222220004
52831  23.682  -13.449  86.615 0.2222220004
52832  22.854  -13.740  86.670 0.2222220004
134430  21.978  -14.014  86.998 0.1111110002
52818  21.345  -14.124  87.640 0.1111110002
51535  19.999  -14.388  89.032 0.1111110002
52854  23.969  -13.151  85.196 0.2222220004
154056  23.262  -13.569  86.095 0.2222220004
52819  20.550  -14.259  87.340 0.1111110002
51568  19.866  -14.296  86.844 0.1111110002
58502  28.713  -8.358  80.663 0.3333329856
58503  27.940  -8.694  80.814 0.4444440007
51599  16.693  -13.857  84.752 0.5555559993
156436  31.787  -8.571  82.589 0.1111110002
58472  32.548  -8.497  82.420 0.1111110002
58473  31.084  -8.535  82.592 0.1111110002
138463  30.888  -8.429  81.349 0.1111110002
142901  23.840  -13.364  85.900 0.2222220004
133543  22.118  -13.929  86.232 0.1111110002
52833  21.403  -14.087  86.274 0.1111110002
52835  20.014  -14.158  85.963 0.2222220004
58490  30.151  -8.397  81.513 0.2222220004
59581  29.468  -8.179  80.369 0.3333329856
156388  22.612  -13.715  85.815 0.3333329856
52857  20.976  -13.751  84.871 0.3333329856
59593  28.372  -8.084  79.446 0.4444440007
153660  20.437  -13.517  84.313 0.5555559993
52878  18.915  -13.514  84.183 0.6666669846
58512  27.809  -8.352  79.341 0.4444440007
58489  31.501  -8.473  81.946 0.1111110002
58488  32.430  -8.391  81.662 0.1111110002
58501  30.288  -8.301  80.741 0.2222220004
59580  30.846  -8.083  80.050 0.2222220004
59591  29.520  -7.899  79.610 0.4444440007
59592  28.862  -7.810  79.176 0.4444440007
59606  28.165  -7.862  78.742 0.4444440007
58452  33.344  -8.516  82.972 0.1111110002
152788  34.233  -8.341  83.232 0.1111110002
58500  31.730  -8.396  81.091 0.1111110002
59604  29.608  -7.677  78.842 0.4444440007
59605  28.913  -7.561  78.376 0.4444440007
132977  28.219  -7.513  77.880 0.5555559993
140237  35.459  -8.058  83.871 0.1111110002
150914  34.172  -8.112  82.397 0.1111110002
58487  33.225  -8.153  81.257 0.1111110002
59579  31.792  -8.123  80.227 0.1111110002
59590  30.405  -7.808  79.290 0.1111110002
59617  29.754  -7.474  78.025 0.4444440007
59618  29.051  -7.325  77.436 0.4444440007
59490  37.080  -7.144  85.709 0.1111110002
59506  36.386  -7.684  85.145 0.1111110002
142959  36.597  -7.670  84.298 0.1111110002
158341  36.082  -7.844  83.897 0.1111110002
141990  18.825  -8.378  83.076 0.2222220004
58450  34.993  -8.040  83.066 0.1111110002
59569  33.900  -7.741  80.999 0.1111110002
59577  33.252  -7.863  80.487 0.1111110002
156770  32.252  -7.783  79.521 0.1111110002
58492  21.359  -7.937  81.580 0.1111110002
59589  31.386  -7.848  79.425 0.1111110002
154201  31.892  -7.645  78.923 0.1111110002
59603  30.305  -7.592  78.514 0.3333329856
134596  31.161  -7.593  78.565 0.2222220004
59633  29.434  -7.111  76.768 0.4444440007
61639  39.014  -5.854  83.403 0.1111110002
60591  38.571  -6.456  83.887 0.1111110002
60582  38.544  -6.442  84.781 0.1111110002
60575  37.846  -6.849  85.194 0.1111110002
58459  20.181  -8.420  83.805 0.2222220004
58460  19.338  -8.431  83.821 0.2222220004
61638  39.339  -5.218  82.929 0.1111110002
60600  38.349  -6.310  83.036 0.1111110002
60592  37.854  -6.838  83.467 0.1111110002
59505  37.240  -7.340  84.775 0.1111110002
61651  38.350  -5.392  81.755 0.1111110002
61645  38.697  -5.658  82.570 0.1111110002
60601  37.619  -6.654  82.624 0.1111110002
59550  37.127  -7.173  83.067 0.1111110002
59534  36.557  -7.570  83.536 0.1111110002
59552  35.551  -7.615  82.523 0.1111110002
58477  20.862  -8.276  82.323 0.1111110002
136864  20.536  -8.402  83.046 0.2222220004
139944  19.689  -8.396  83.056 0.2222220004
62633  38.358  -4.493  80.512 0.1111110002
61660  38.032  -5.127  80.962 0.1111110002
60629  37.047  -6.144  81.035 0.1111110002
60615  36.633  -6.689  81.443 0.1111110002
136236  36.339  -7.414  82.746 0.1111110002
138872  35.244  -7.470  81.875 0.1111110002
144377  38.074  -4.345  79.855 0.1111110002
62634  37.791  -4.922  80.191 0.1111110002
61661  37.442  -5.562  80.601 0.1111110002
60630  36.419  -6.465  80.690 0.1111110002
59567  35.289  -7.171  81.116 0.1111110002
135008  34.517  -7.384  80.825 0.1111110002
146157  20.377  -8.228  81.530 0.1111110002
63763  38.390  -3.231  78.582 0.1111110002
62647  37.432  -4.442  78.626 0.1111110002
61679  37.030  -5.147  79.011 0.1111110002
59575  34.905  -7.035  80.193 0.1111110002
151372  34.466  -7.131  79.789 0.1111110002
133264  33.198  -7.586  79.591 0.1111110002
59588  32.633  -7.525  78.827 0.1111110002
63764  37.794  -3.712  78.186 0.1111110002
137458  37.212  -4.266  77.771 0.1111110002
61680  36.416  -5.657  78.582 0.1111110002
59600  33.544  -7.311  78.595 0.1111110002
62648  36.850  -4.985  78.174 0.1111110002
61692  36.256  -5.522  77.743 0.1111110002
59616  30.636  -7.430  77.830 0.2222220004
61671  36.609  -5.783  79.439 0.1111110002
61662  36.814  -5.939  80.255 0.1111110002
60642  36.186  -6.316  79.907 0.1111110002
60654  35.977  -6.227  79.043 0.1111110002
60643  35.473  -6.632  79.594 0.1111110002
60644  34.774  -6.940  79.363 0.1111110002
61681  35.813  -6.128  78.158 0.2222220004
60655  35.213  -6.626  78.610 0.1111110002
137746  34.654  -6.787  77.851 0.1111110002
59599  34.046  -7.094  77.998 0.1111110002
139987  35.263  -6.427  77.773 0.2222220004
60664  33.978  -6.912  77.236 0.1111110002
60678  34.171  -6.564  76.352 0.3333329856
71391  38.798  4.048  72.671 0.1111110002
72484  37.765  4.271  65.013 0.6666669846
73546  37.739  5.203  64.014 0.6666669846
73547  36.835  5.094  63.777 0.7777780294
73557  38.167  5.817  63.650 0.6666669846
73558  37.228  5.722  63.349 0.6666669846
72514  36.111  5.020  63.752 0.6666669846
73548  35.029  5.052  64.063 0.6666669846
74611  37.682  6.369  62.963 0.6666669846
74612  36.721  6.360  62.811 0.6666669846
74613  35.593  6.035  63.330 0.6666669846
138364  35.933  6.522  62.887 0.6666669846
75715  35.350  6.804  63.461 0.6666669846
74621  38.069  7.131  62.473 0.6666669846
75723  36.254  7.736  62.550 0.6666669846
76801  35.816  8.200  62.969 0.6666669846
76802  35.425  7.789  63.557 0.6666669846
74623  36.436  7.098  62.586 0.6666669846
75714  35.811  7.309  62.857 0.6666669846
76798  42.713  8.429  63.514 0.5555559993
75711  41.525  7.714  63.680 0.5555559993
75712  40.712  7.480  63.389 0.6666669846
157539  43.176  8.666  62.995 0.5555559993
76800  41.154  7.993  62.882 0.6666669846
75720  40.321  7.839  62.629 0.6666669846
146464  38.719  7.629  62.240 0.6666669846
146990  37.568  8.583  61.806 0.6666669846
76817  36.330  8.374  62.519 0.6666669846
76788  35.634  8.659  63.821 0.5555559993
76813  41.592  8.467  62.297 0.5555559993
76814  40.744  8.363  62.115 0.6666669846
76816  38.940  8.270  61.776 0.6666669846
78940  39.100  11.114  67.580 0.1111110002
77907  43.862  8.870  62.965 0.5555559993
76812  42.506  8.625  62.482 0.5555559993
77937  42.022  8.893  61.559 0.5555559993
139173  36.769  9.808  62.666 0.6666669846
76826  41.181  8.814  61.496 0.6666669846
76828  39.539  8.869  61.413 0.6666669846
158583  38.269  8.573  61.666 0.6666669846
79057  37.957  9.928  61.707 0.6666669846
79056  38.622  10.266  61.502 0.6666669846
77939  40.045  9.422  61.029 0.6666669846
77940  39.250  9.640  61.216 0.6666669846
77906  44.694  9.208  62.981 0.4444440007
160338  44.851  9.448  61.997 0.4444440007
77922  44.141  9.181  62.028 0.5555559993
77923  42.763  9.015  61.610 0.6666669846
77953  40.515  9.802  60.754 0.6666669846
77954  39.945  10.079  60.813 0.6666669846
77938  40.808  9.306  60.973 0.6666669846
80032  39.634  11.744  67.728 0.3333329856
135840  45.935  9.553  62.978 0.3333329856
77921  45.414  9.508  62.502 0.4444440007
77936  43.449  9.444  61.205 0.5555559993
77950  42.985  10.011  60.582 0.6666669846
77951  42.079  9.920  60.542 0.6666669846
79072  40.679  10.375  60.632 0.6666669846
155387  47.021  9.703  63.615 0.3333329856
77919  47.448  9.837  62.776 0.3333329856
77904  46.605  9.698  62.891 0.3333329856
77920  46.128  9.777  62.139 0.3333329856
79054  40.036  10.866  60.837 0.6666669846
77934  45.398  9.924  61.448 0.4444440007
79053  44.843  10.337  60.751 0.6666669846
79071  41.593  10.633  60.436 0.6666669846
77935  43.924  10.152  60.670 0.6666669846
79069  43.447  10.684  60.398 0.6666669846
79070  42.564  10.602  60.381 0.6666669846
140661  40.407  12.998  63.780 0.5555559993
81146  42.103  13.332  61.998 0.5555559993
81147  41.157  12.937  62.106 0.6666669846
145863  45.350  11.743  60.369 0.6666669846
138036  43.253  12.152  60.406 0.6666669846
136090  41.607  12.620  61.276 0.5555559993
77917  49.227  10.046  62.755 0.2222220004
79034  47.880  10.156  61.969 0.4444440007
79051  47.312  10.484  61.387 0.5555559993
79066  46.201  10.887  60.709 0.6666669846
80125  43.809  11.428  60.297 0.6666669846
152997  42.580  11.935  60.427 0.6666669846
81164  41.132  11.979  60.827 0.6666669846
77918  48.351  9.953  62.710 0.2222220004
79035  46.979  9.975  62.010 0.3333329856
79052  45.624  10.490  60.859 0.6666669846
79068  44.338  10.817  60.427 0.6666669846
81176  41.910  12.060  60.602 0.6666669846
135882  42.196  11.339  60.356 0.6666669846
152464  42.846  13.731  62.435 0.5555559993
82196  43.068  13.429  61.578 0.4444440007
78998  52.534  9.976  64.029 0.2222220004
79018  51.402  10.058  63.381 0.2222220004
77900  50.514  10.020  63.425 0.2222220004
81174  44.957  12.446  60.411 0.6666669846
81175  43.548  12.984  60.757 0.5555559993
82195  43.915  13.636  61.443 0.5555559993
151572  53.214  10.041  63.852 0.1111110002
79033  48.894  10.323  61.928 0.4444440007
79050  48.210  10.714  61.200 0.5555559993
80123  46.039  11.558  60.462 0.6666669846
151728  52.051  10.360  62.500 0.2222220004
79032  50.362  10.419  62.067 0.3333329856
79049  49.745  10.615  61.618 0.4444440007
80122  46.940  11.413  60.638 0.5555559993
79015  54.705  10.271  63.746 0.1111110002
78997  53.857  10.115  64.203 0.1111110002
82194  44.617  13.807  61.511 0.5555559993
79013  56.403  10.717  63.363 0.1111110002
79016  53.752  10.220  63.200 0.1111110002
79017  52.815  10.148  63.242 0.1111110002
132787  52.125  10.064  63.463 0.2222220004
81172  46.627  12.272  60.465 0.5555559993
82203  45.467  13.148  60.644 0.5555559993
79027  56.814  11.381  62.077 0.2222220004
79028  56.338  10.907  62.453 0.1111110002
151760  54.481  10.400  62.813 0.1111110002
141107  51.214  10.622  61.855 0.4444440007
80120  48.527  11.443  60.715 0.5555559993
81171  47.470  12.197  60.527 0.5555559993
82201  47.188  12.967  60.568 0.5555559993
80104  57.970  12.197  61.842 0.2222220004
79029  55.614  10.864  62.073 0.1111110002
79044  54.408  11.035  61.668 0.2222220004
79046  52.721  10.863  61.685 0.2222220004
79047  51.934  10.850  61.623 0.4444440007
80112  50.639  11.660  60.860 0.5555559993
80119  49.290  11.572  60.725 0.5555559993
81170  48.161  12.109  60.557 0.5555559993
82200  47.997  12.818  60.586 0.5555559993
80118  49.896  12.094  60.676 0.5555559993
83249  45.087  14.197  61.975 0.4444440007
82193  45.274  13.722  61.272 0.5555559993
82180  58.655  13.709  61.608 0.1111110002
145332  57.896  12.804  61.729 0.2222220004
81155  56.326  12.166  61.603 0.2222220004
80110  53.221  11.576  61.386 0.3333329856
80111  52.251  11.608  61.227 0.5555559993
81169  48.927  12.539  60.595 0.5555559993
82190  47.725  13.515  60.861 0.4444440007
85335  59.494  16.925  60.643 0.1111110002
84267  58.910  16.222  61.157 0.1111110002
157091  57.898  13.447  61.787 0.1111110002
81157  54.604  12.332  61.548 0.3333329856
145838  51.420  12.090  60.876 0.5555559993
81161  50.659  12.574  60.794 0.5555559993
158965  48.416  13.333  60.767 0.4444440007
85316  58.185  16.515  61.229 0.1111110002
82182  56.105  12.658  61.796 0.2222220004
82184  54.343  12.827  61.832 0.3333329856
81158  53.754  12.379  61.470 0.4444440007
146363  58.090  16.560  60.309 0.1111110002
83233  47.152  14.617  62.333 0.3333329856
83234  46.332  14.493  62.237 0.3333329856
83246  47.471  14.134  61.463 0.4444440007
83247  46.635  14.191  61.602 0.4444440007
83248  45.850  14.200  61.746 0.4444440007
83245  48.968  14.313  61.692 0.4444440007
150248  48.293  13.953  61.263 0.4444440007
82191  46.912  13.639  60.968 0.4444440007
83244  49.819  14.008  61.401 0.5555559993
82189  49.065  13.618  60.979 0.4444440007
82185  53.436  12.949  61.742 0.5555559993
82186  52.695  12.990  61.556 0.5555559993
140252  51.420  13.086  61.111 0.5555559993
81162  49.873  13.116  60.779 0.5555559993
84342  57.879  15.341  57.398 0.1111110002
84320  58.262  15.802  58.461 0.1111110002
85352  57.483  16.308  60.007 0.1111110002
132788  57.394  16.353  61.616 0.2222220004
83243  57.536  13.883  62.075 0.2222220004
82166  55.924  13.090  62.289 0.3333329856
84341  58.831  15.744  57.661 0.1111110002
85368  58.933  16.379  59.180 0.1111110002
83232  48.112  14.492  62.020 0.3333329856
83231  49.662  14.555  62.255 0.4444440007
82170  52.362  14.100  62.438 0.4444440007
82171  51.437  14.060  61.919 0.5555559993
82188  50.638  13.585  61.238 0.5555559993
82169  53.009  13.577  62.146 0.5555559993
82187  52.159  13.427  61.654 0.5555559993
84300  57.484  15.779  59.024 0.1111110002
145590  57.029  16.421  61.289 0.2222220004
83223  57.641  15.308  62.250 0.2222220004
82165  56.683  13.375  62.232 0.2222220004
82167  55.168  13.186  62.558 0.4444440007
82168  54.073  13.495  62.643 0.5555559993
84390  58.443  15.808  54.935 0.1111110002
85353  56.937  16.268  60.567 0.2222220004
145523  56.653  16.330  61.923 0.2222220004
84261  57.058  15.611  62.903 0.3333329856
83225  56.203  13.857  63.070 0.4444440007
85433  58.006  16.217  54.042 0.2222220004
84360  57.068  14.936  56.714 0.2222220004
84321  56.798  15.298  58.547 0.2222220004
84284  56.311  15.880  60.283 0.2222220004
85338  56.396  16.181  61.039 0.2222220004
84260  57.160  16.115  62.237 0.2222220004
84392  56.543  15.821  54.352 0.4444440007
137779  56.168  15.389  55.143 0.3333329856
84379  56.761  15.053  55.843 0.3333329856
83276  56.324  14.814  56.436 0.4444440007
83228  53.310  14.219  63.037 0.4444440007
83226  55.156  13.909  63.330 0.4444440007
83227  54.290  14.151  63.394 0.4444440007
83201  56.700  14.944  63.589 0.4444440007
84322  56.031  15.143  58.892 0.3333329856
84302  55.862  15.495  59.704 0.3333329856
84285  55.703  15.745  60.510 0.3333329856
133016  56.629  16.169  62.809 0.3333329856
83285  55.847  14.938  55.858 0.4444440007
83277  55.651  14.714  56.614 0.4444440007
83260  56.166  14.804  58.023 0.3333329856
152282  55.393  15.085  59.203 0.3333329856
84286  54.947  15.639  60.675 0.4444440007
84269  55.648  16.088  61.442 0.4444440007
84393  55.614  15.760  54.452 0.4444440007
84380  55.261  15.347  55.219 0.4444440007
85298  56.089  16.291  63.376 0.4444440007
84244  56.245  15.371  64.257 0.4444440007
153458  55.170  16.287  62.007 0.4444440007
85317  55.942  16.326  62.456 0.4444440007
85297  56.612  15.801  63.620 0.4444440007
156096  55.013  14.628  56.838 0.4444440007
83270  54.705  14.605  57.514 0.4444440007
84323  54.683  14.891  59.156 0.4444440007
84303  55.127  15.343  59.871 0.4444440007
84394  54.655  15.864  54.546 0.4444440007
84381  54.448  15.378  55.284 0.4444440007
84361  54.886  14.864  56.001 0.4444440007
85437  54.531  16.755  54.116 0.4444440007
84382  53.794  15.754  54.983 0.4444440007
86305  54.023  17.268  63.968 0.1111110002
85282  53.483  16.892  63.211 0.2222220004
85281  54.577  16.828  63.465 0.3333329856
85319  53.455  16.193  61.880 0.2222220004
85280  55.538  16.606  63.829 0.4444440007
86303  55.658  16.599  64.542 0.4444440007
85318  54.391  16.261  61.994 0.4444440007
85300  53.991  16.534  62.635 0.4444440007
84270  54.723  15.943  61.387 0.4444440007
83271  53.785  14.644  57.427 0.4444440007
83262  54.270  14.663  58.314 0.4444440007
136588  54.235  15.238  59.999 0.4444440007
153016  54.276  15.622  60.802 0.4444440007
138049  53.672  18.224  55.379 0.3333329856
86413  53.316  17.396  54.981 0.4444440007
85416  53.355  16.448  54.855 0.4444440007
138979  52.858  15.230  56.015 0.4444440007
83263  53.249  14.706  58.198 0.4444440007
83255  53.775  14.806  59.075 0.4444440007
86306  52.881  17.389  63.700 0.1111110002
86325  52.384  16.991  62.983 0.1111110002
85322  50.377  16.484  61.201 0.1111110002
85302  51.886  16.615  62.254 0.2222220004
84290  50.511  15.767  59.718 0.2222220004
85339  50.919  15.915  60.672 0.2222220004
84326  50.297  15.992  57.934 0.2222220004
84289  51.520  15.501  60.003 0.2222220004
84287  53.554  15.492  60.572 0.4444440007
85380  50.759  16.137  57.090 0.2222220004
84345  51.039  15.545  57.526 0.3333329856
84325  51.526  15.148  58.305 0.3333329856
84305  52.180  15.120  59.252 0.4444440007
87399  54.636  18.666  55.260 0.3333329856
87400  52.785  17.722  55.578 0.1111110002
85398  51.366  16.514  56.430 0.2222220004
83280  52.423  15.129  56.634 0.4444440007
84324  52.415  14.859  58.342 0.4444440007
84304  53.239  15.153  59.711 0.4444440007
86307  51.761  17.495  63.462 0.1111110002
86326  51.307  17.143  62.728 0.1111110002
86339  49.955  17.084  61.640 0.1111110002
86327  50.312  17.379  62.406 0.1111110002
85323  49.689  16.900  60.859 0.1111110002
85303  50.824  16.777  61.992 0.1111110002
85340  50.014  16.311  60.335 0.1111110002
84307  50.291  15.808  58.799 0.2222220004
87376  51.157  17.961  57.260 0.2222220004
155713  50.361  16.587  57.557 0.2222220004
86396  51.505  17.482  56.574 0.2222220004
87324  50.160  18.338  63.507 0.1111110002
87323  51.145  18.045  63.890 0.1111110002
87338  49.811  18.031  62.749 0.1111110002
86308  50.667  17.678  63.173 0.1111110002
87346  49.487  18.253  61.262 0.1111110002
86328  49.640  17.770  61.948 0.1111110002
88299  50.239  19.231  59.501 0.1111110002
87362  49.706  18.458  59.654 0.1111110002
86358  49.533  17.628  59.791 0.1111110002
88309  51.540  19.278  58.393 0.1111110002
88310  50.666  18.932  58.733 0.1111110002
86368  49.688  17.838  59.075 0.1111110002
85341  49.581  16.880  60.018 0.1111110002
88308  52.490  19.586  58.149 0.1111110002
87367  50.944  18.496  58.008 0.1111110002
85381  49.946  16.719  58.221 0.2222220004
85355  49.587  16.945  59.089 0.2222220004
88319  53.811  19.538  57.224 0.1111110002
87386  51.800  18.281  56.914 0.2222220004
87384  53.331  18.577  56.058 0.2222220004
87385  52.333  18.161  56.330 0.2222220004
88291  49.682  19.110  60.217 0.1111110002
85431  60.678  16.782  54.727 0.1111110002
86431  61.574  17.623  54.321 0.1111110002
86447  60.693  17.643  52.767 0.1111110002
85442  59.642  16.631  53.977 0.1111110002
50379  15.119  -15.558  89.056 0.1111110002
136942  18.115  -13.487  83.904 0.5555559993
52877  19.673  -13.530  84.340 0.5555559993
52898  20.010  -13.254  83.663 0.5555559993
52899  18.731  -13.233  83.478 0.6666669846
52876  21.756  -13.559  84.554 0.2222220004
61693  35.637  -5.947  77.346 0.2222220004
60663  34.880  -6.398  77.010 0.2222220004
152943  38.571  4.026  72.007 0.1111110002
72498  37.330  4.587  64.396 0.7777780294
57295  10.876  -8.373  93.019 0.4444440007
133153  11.926  -8.540  92.226 0.4444440007
72515  35.578  5.363  63.687 0.6666669846
76692  36.709  8.409  70.493 0.1111110002
153753  33.521  -7.201  77.810 0.1111110002
77924  37.343  9.453  61.926 0.6666669846
76830  38.050  9.161  61.599 0.6666669846
80009  39.542  11.068  68.308 0.1111110002
58287  11.399  -7.806  93.409 0.2222220004
50380  14.967  -15.831  89.865 0.1111110002
50377  17.702  -15.153  90.100 0.1111110002
51527  16.964  -15.014  88.737 0.1111110002
51537  17.566  -14.731  88.387 0.1111110002
50390  16.257  -15.195  88.239 0.1111110002
54040  24.834  -12.769  87.812 0.2222220004
140500  18.722  -14.502  88.045 0.1111110002
51551  18.188  -14.468  87.272 0.1111110002
139764  18.390  -13.803  84.706 0.5555559993
136638  24.129  -13.273  87.853 0.2222220004
154099  22.368  -13.797  88.658 0.1111110002
52805  21.547  -14.022  88.506 0.1111110002
52817  22.710  -13.785  87.424 0.1111110002
51548  20.653  -14.242  88.275 0.1111110002
154149  21.173  -14.169  86.931 0.1111110002
52834  20.631  -14.207  86.485 0.1111110002
58511  28.829  -8.075  79.896 0.4444440007
51569  19.250  -14.242  86.249 0.2222220004
132760  28.167  -8.364  80.048 0.4444440007
52859  19.203  -13.806  84.926 0.3333329856
51586  19.445  -14.050  85.560 0.2222220004
143845  31.123  -8.318  80.677 0.2222220004
52856  21.727  -13.840  85.471 0.3333329856
150889  20.802  -14.040  85.665 0.3333329856
52858  20.076  -13.856  85.089 0.5555559993
58499  32.527  -8.220  80.789 0.1111110002
151253  30.092  -8.017  80.016 0.3333329856
58471  33.273  -8.287  82.054 0.1111110002
58486  33.832  -8.000  81.652 0.1111110002
59578  32.608  -7.927  80.121 0.1111110002
59535  35.830  -7.767  83.284 0.1111110002
59568  34.539  -7.653  81.591 0.1111110002
60583  37.940  -6.916  84.325 0.1111110002
61646  37.992  -6.026  82.208 0.1111110002
61652  37.694  -5.784  81.392 0.1111110002
62624  38.666  -4.720  81.305 0.1111110002
60614  37.323  -6.402  81.812 0.1111110002
59551  36.864  -6.945  82.240 0.1111110002
62641  37.604  -4.675  79.442 0.1111110002
61670  37.229  -5.356  79.817 0.1111110002
60616  36.045  -6.879  81.087 0.1111110002
60631  35.731  -6.740  80.429 0.1111110002
59576  34.036  -7.413  80.190 0.1111110002
135701  34.078  -7.257  79.351 0.1111110002
60656  34.401  -7.034  78.611 0.1111110002
73559  36.244  5.707  63.276 0.6666669846
74610  38.738  6.459  63.316 0.6666669846
74622  37.180  6.911  62.515 0.6666669846
144709  38.074  7.951  61.899 0.6666669846
75722  37.046  7.759  62.133 0.6666669846
77909  36.091  9.161  63.073 0.6666669846
76799  41.967  8.201  63.175 0.5555559993
75721  39.480  7.723  62.395 0.6666669846
76815  39.895  8.293  61.933 0.6666669846
77925  36.769  8.872  62.241 0.6666669846
76827  40.353  8.811  61.429 0.6666669846
76829  38.761  8.986  61.463 0.6666669846
76811  43.342  8.880  62.168 0.5555559993
77941  38.536  9.579  61.474 0.6666669846
146254  42.475  9.431  60.939 0.6666669846
79055  39.318  10.537  61.198 0.6666669846
140377  41.622  9.335  60.928 0.6666669846
136949  44.449  9.718  61.237 0.5555559993
77952  41.213  9.856  60.634 0.6666669846
80128  40.839  11.209  60.635 0.6666669846
77933  46.366  10.330  61.316 0.4444440007
80127  41.527  11.462  60.522 0.6666669846
80126  42.987  11.328  60.301 0.6666669846
82142  40.956  13.373  64.295 0.4444440007
82174  41.457  13.370  62.927 0.6666669846
81163  42.560  12.711  60.877 0.5555559993
79067  45.300  11.002  60.482 0.6666669846
80124  44.647  11.578  60.336 0.6666669846
77916  50.057  10.111  62.758 0.2222220004
145312  46.880  10.777  60.953 0.6666669846
134548  51.760  9.988  64.069 0.2222220004
143506  44.101  12.346  60.397 0.6666669846
82204  44.521  13.214  60.765 0.5555559993
79019  50.939  10.232  62.645 0.2222220004
154657  49.657  10.281  62.243 0.4444440007
79064  48.040  11.116  60.797 0.5555559993
79065  47.554  10.953  60.870 0.6666669846
81173  45.787  12.394  60.413 0.5555559993
79048  50.540  10.910  61.369 0.5555559993
80114  49.113  10.880  61.105 0.5555559993
80121  47.798  11.519  60.659 0.6666669846
78994  56.358  10.766  64.409 0.1111110002
79014  55.655  10.487  63.658 0.1111110002
78996  54.579  10.355  64.815 0.1111110002
157765  55.847  10.626  62.856 0.1111110002
79031  53.167  10.475  62.380 0.1111110002
82202  46.328  13.070  60.575 0.5555559993
82192  46.082  13.705  61.092 0.5555559993
80106  56.576  11.761  61.698 0.2222220004
134601  55.176  10.488  62.854 0.1111110002
144544  54.795  10.708  62.132 0.1111110002
79030  54.034  10.575  62.232 0.2222220004
80113  49.884  11.217  60.992 0.5555559993
81154  57.172  12.201  61.693 0.2222220004
79043  55.071  11.139  61.715 0.2222220004
80107  55.725  11.581  61.635 0.2222220004
79045  53.613  10.929  61.678 0.2222220004
147784  51.341  11.266  61.228 0.5555559993
83241  58.860  15.062  61.418 0.1111110002
81156  55.457  12.214  61.546 0.2222220004
80108  54.876  11.633  61.518 0.2222220004
80109  54.072  11.615  61.449 0.3333329856
85315  59.185  16.645  60.872 0.1111110002
85351  58.811  16.661  60.087 0.1111110002
84268  57.978  16.044  61.780 0.1111110002
83242  58.220  14.594  61.767 0.1111110002
82181  57.063  12.803  61.810 0.2222220004
82183  55.264  12.691  61.825 0.3333329856
81159  52.916  12.400  61.334 0.5555559993
81160  52.130  12.588  61.181 0.5555559993
85336  58.544  16.641  60.777 0.1111110002
85337  57.662  16.557  60.925 0.1111110002
85369  58.148  16.287  59.512 0.1111110002
84376  59.341  15.781  56.232 0.1111110002
84359  58.647  15.524  56.768 0.1111110002
133044  57.482  15.427  58.203 0.1111110002
84301  56.703  15.734  59.559 0.2222220004
83230  50.511  14.351  62.016 0.3333329856
84343  56.954  15.028  57.668 0.2222220004
83224  57.128  14.464  62.759 0.3333329856
84377  58.522  15.515  55.883 0.1111110002
84378  57.631  15.378  55.560 0.1111110002
85432  59.472  16.201  54.831 0.1111110002
143897  58.813  16.288  54.230 0.1111110002
141521  57.864  15.236  56.399 0.1111110002
86439  59.616  17.162  53.134 0.1111110002
84391  57.468  15.758  54.630 0.4444440007
159556  57.328  15.082  56.128 0.3333329856
83268  56.294  14.756  57.163 0.3333329856
83269  55.531  14.653  57.434 0.4444440007
83202  55.933  14.582  63.913 0.4444440007
83203  55.005  14.427  64.013 0.4444440007
83261  55.275  14.740  58.378 0.3333329856
85279  56.122  16.091  64.277 0.4444440007
85299  55.146  16.537  62.823 0.4444440007
83181  55.635  15.012  64.569 0.4444440007
83278  54.244  14.697  56.667 0.4444440007
84362  53.732  15.135  55.771 0.4444440007
85438  53.879  17.125  54.508 0.4444440007
84383  52.871  15.768  55.436 0.4444440007
86304  55.040  16.971  64.315 0.1111110002
85301  52.942  16.539  62.457 0.2222220004
85320  52.457  16.178  61.715 0.2222220004
84225  55.891  15.727  64.946 0.4444440007
84271  53.906  15.867  61.320 0.4444440007
151325  52.621  14.779  57.835 0.4444440007
83279  53.293  14.833  56.594 0.4444440007
85417  52.629  16.714  55.307 0.4444440007
85397  52.009  16.141  55.812 0.4444440007
84363  52.299  15.580  56.041 0.4444440007
86289  52.237  17.844  64.200 0.1111110002
85321  51.410  16.261  61.497 0.2222220004
84273  51.965  15.726  60.960 0.2222220004
84272  52.991  15.770  61.159 0.3333329856
84306  51.066  15.402  59.051 0.3333329856
84288  52.583  15.436  60.285 0.3333329856
84364  51.585  15.679  56.616 0.4444440007
84344  51.986  15.017  57.456 0.4444440007
86395  51.964  17.077  55.849 0.2222220004
86340  49.615  17.497  61.266 0.1111110002
86380  50.372  17.489  57.789 0.1111110002
87339  49.457  18.545  62.170 0.1111110002
87354  49.525  18.341  60.377 0.1111110002
134827  50.067  18.544  59.073 0.1111110002
86367  49.859  17.416  58.505 0.1111110002
88320  52.825  19.309  57.436 0.1111110002
88321  51.865  18.850  57.591 0.1111110002
88333  53.080  18.990  56.737 0.1111110002
87375  52.367  18.747  57.008 0.1111110002
86438  60.619  17.177  53.714 0.1111110002
159933  6.322  -7.749  94.865 0.2222220004
58276  11.198  -7.406  94.054 0.1111110002
58438  21.436  -8.399  84.886 0.1111110002
58439  20.551  -8.467  84.674 0.1111110002
58440  19.918  -8.506  85.317 0.1111110002
134497  19.800  -8.479  84.457 0.1111110002
153523  27.291  -10.740  84.460 0.3333329856
152944  27.316  -10.397  83.705 0.3333329856
157291  12.871  -7.820  92.698 0.1111110002
133529  20.886  -8.648  87.028 0.1111110002
137355  20.905  -8.531  85.867 0.1111110002
58417  21.764  -8.451  85.791 0.1111110002
133527  19.184  -8.486  85.873 0.1111110002
134618  18.296  -8.474  85.420 0.1111110002
58458  21.117  -8.347  83.834 0.1111110002
58399  20.364  -8.610  87.529 0.1111110002
133528  19.394  -8.547  86.950 0.1111110002
58420  17.684  -8.473  85.954 0.1111110002
58421  16.787  -8.525  85.890 0.1111110002
57370  15.900  -8.758  86.274 0.1111110002
72470  41.119  4.871  66.926 0.3333329856
72471  40.431  4.666  66.617 0.3333329856
72481  40.166  4.873  65.908 0.3333329856
72482  39.409  4.642  65.674 0.4444440007
72483  38.549  4.346  65.477 0.5555559993
73514  40.888  5.126  66.190 0.3333329856
73529  41.347  5.706  65.806 0.2222220004
73530  40.592  5.458  65.463 0.4444440007
73531  39.813  5.192  65.184 0.5555559993
72496  39.019  4.934  64.954 0.5555559993
72497  38.191  4.754  64.682 0.5555559993
73545  39.375  5.562  64.515 0.5555559993
138271  38.588  5.350  64.307 0.5555559993
75692  42.067  7.199  65.037 0.2222220004
74599  41.446  6.846  64.763 0.3333329856
74600  40.707  6.542  64.449 0.3333329856
73544  40.206  5.899  64.690 0.4444440007
73556  38.916  5.870  63.960 0.5555559993
75702  41.841  7.476  64.420 0.2222220004
75703  41.089  7.165  64.097 0.4444440007
74609  39.598  6.262  64.018 0.5555559993
75701  42.552  7.833  64.890 0.2222220004
76786  42.983  8.371  64.375 0.3333329856
76787  42.268  8.018  64.040 0.4444440007
140912  39.901  7.300  63.096 0.5555559993
75713  39.084  7.149  62.815 0.5555559993
76785  43.757  8.759  64.578 0.2222220004
77891  44.210  8.970  63.849 0.4444440007
137598  44.848  9.219  63.913 0.4444440007
77905  45.390  9.401  63.463 0.2222220004
77887  48.196  9.915  64.193 0.1111110002
77903  47.862  9.811  63.496 0.2222220004
77886  49.105  10.039  64.281 0.1111110002
77901  49.625  9.969  63.469 0.1111110002
77902  48.735  9.899  63.472 0.1111110002
81136  41.005  13.308  63.543 0.4444440007
82154  41.607  13.598  63.816 0.4444440007
82153  42.330  13.765  63.197 0.3333329856
83236  44.829  14.459  62.727 0.2222220004
82172  44.310  14.161  62.118 0.2222220004
82173  43.537  13.966  62.249 0.3333329856
149650  48.823  14.726  62.522 0.3333329856
55122  8.133  -11.371  97.511 0.2222220004
55127  6.294  -10.761  95.726 0.1111110002
56341  27.147  -9.810  81.782 0.3333329856
71442  38.476  3.894  66.258 0.5555559993
55126  6.532  -10.917  96.206 0.1111110002
58441  17.431  -8.467  85.135 0.1111110002
137678  27.792  -8.984  81.620 0.3333329856
147634  43.448  8.669  63.745 0.4444440007
145020  46.130  9.569  63.866 0.2222220004
77884  50.956  9.968  64.049 0.1111110002
83235  45.647  14.496  62.513 0.2222220004
58275  11.929  -7.340  93.836 0.1111110002
152426  39.527  6.785  63.418 0.5555559993
58418  20.112  -8.538  86.437 0.1111110002
72472  39.727  4.420  66.451 0.3333329856
72473  39.074  4.232  66.123 0.3333329856
74592  41.057  6.115  65.084 0.2222220004
75691  42.620  7.247  65.608 0.1111110002
74591  41.888  6.468  65.528 0.2222220004
160455  40.184  6.385  64.257 0.5555559993
74608  40.256  6.833  63.818 0.5555559993
77885  50.090  10.017  64.127 0.1111110002
154496  25.134  -17.186  90.132 0.1111110002
58436  29.677  -8.701  84.479 0.1111110002
57383  29.048  -8.913  84.412 0.1111110002
56313  28.379  -10.114  86.589 0.1111110002
156222  23.852  -12.712  95.432 0.1111110002
58476  28.830  -8.614  82.943 0.1111110002
157171  28.365  -9.797  84.997 0.2222220004
56314  27.743  -10.672  87.093 0.2222220004
55177  27.100  -11.158  88.309 0.1111110002
55163  26.225  -11.302  90.447 0.1111110002
55164  25.609  -11.588  90.950 0.1111110002
53980  23.958  -11.611  94.387 0.1111110002
135773  29.041  -8.447  82.166 0.2222220004
57391  28.595  -8.996  83.669 0.2222220004
56326  27.744  -10.109  84.214 0.2222220004
55198  27.228  -11.096  85.925 0.2222220004
55185  26.698  -11.462  87.844 0.1111110002
55170  26.288  -11.466  89.551 0.1111110002
50332  24.472  -16.187  92.953 0.1111110002
50338  24.690  -15.439  93.303 0.1111110002
52736  23.467  -13.072  95.115 0.1111110002
54015  24.994  -12.091  90.618 0.1111110002
54005  24.004  -12.225  92.323 0.1111110002
54062  26.113  -11.882  86.793 0.1111110002
54039  25.621  -12.196  88.210 0.1111110002
54028  25.024  -12.325  89.682 0.1111110002
55200  26.077  -11.844  85.935 0.2222220004
54052  25.549  -12.300  87.287 0.1111110002
57312  13.367  -8.579  91.595 0.1111110002
50334  22.952  -14.913  93.293 0.1111110002
50333  23.922  -15.680  93.301 0.1111110002
134919  24.196  -15.230  93.601 0.1111110002
51484  24.221  -14.519  94.118 0.1111110002
52737  23.015  -13.463  94.552 0.1111110002
53993  22.750  -12.661  93.694 0.1111110002
132763  23.186  -12.512  92.831 0.1111110002
54016  24.395  -12.695  90.254 0.1111110002
51486  22.764  -13.959  93.999 0.1111110002
153659  22.404  -13.133  93.657 0.1111110002
52765  22.442  -13.014  92.779 0.1111110002
135631  22.818  -13.247  91.538 0.1111110002
54006  23.445  -12.750  91.883 0.1111110002
52776  23.667  -12.985  90.851 0.1111110002
54029  24.401  -12.924  89.363 0.1111110002
66140  33.566  -1.923  78.393 0.1111110002
72460  40.498  4.458  67.401 0.2222220004
158887  40.106  4.421  66.907 0.2222220004
71435  39.122  3.992  66.760 0.3333329856
71355  33.286  4.053  75.413 0.2222220004
82118  40.842  13.631  66.138 0.1111110002
55199  26.657  -11.487  86.331 0.2222220004
58475  29.661  -8.488  82.831 0.1111110002
57398  28.343  -8.741  82.262 0.2222220004
55212  27.260  -10.963  85.190 0.2222220004
57392  27.908  -9.641  83.633 0.2222220004
147883  25.492  -16.813  90.147 0.1111110002
58456  29.297  -8.618  83.701 0.1111110002
144150  28.813  -9.374  85.089 0.1111110002
57376  29.067  -9.341  86.022 0.1111110002
149978  28.308  -10.042  85.623 0.2222220004
56298  28.361  -10.224  87.499 0.1111110002
52735  24.001  -13.182  95.260 0.1111110002
52734  24.692  -13.109  95.189 0.1111110002
53969  23.525  -12.510  95.206 0.1111110002
57384  28.359  -9.545  84.409 0.2222220004
139011  27.884  -10.287  84.916 0.2222220004
146047  27.754  -10.630  86.248 0.2222220004
149041  27.223  -11.136  86.720 0.1111110002
56299  27.718  -10.727  87.941 0.1111110002
56320  27.687  -10.627  85.578 0.2222220004
55184  27.198  -11.149  87.520 0.1111110002
55169  26.975  -11.121  89.149 0.1111110002
54038  26.361  -11.607  88.554 0.1111110002
55171  25.618  -11.758  90.038 0.1111110002
55156  24.899  -11.787  91.734 0.1111110002
55151  24.381  -11.613  93.052 0.1111110002
53992  23.474  -12.070  93.510 0.1111110002
55138  24.666  -11.169  95.219 0.1111110002
138223  28.121  -9.129  82.950 0.2222220004
147862  26.673  -11.503  87.149 0.1111110002
54051  26.177  -11.832  87.647 0.1111110002
55178  25.658  -11.978  89.132 0.1111110002
49292  24.947  -16.387  92.689 0.1111110002
48291  25.089  -17.336  91.823 0.1111110002
50337  25.348  -15.764  92.319 0.1111110002
49307  25.280  -16.770  92.037 0.1111110002
51483  24.806  -14.479  93.894 0.1111110002
53970  23.007  -12.822  94.878 0.1111110002
51479  23.747  -13.723  94.727 0.1111110002
142980  24.290  -12.448  91.240 0.1111110002
138651  24.995  -12.562  88.785 0.1111110002
51485  23.556  -14.434  94.074 0.1111110002
52746  22.511  -13.436  93.869 0.1111110002
53982  22.701  -12.937  94.288 0.1111110002
53981  23.134  -12.316  94.611 0.1111110002
52754  22.093  -13.558  92.996 0.1111110002
52790  23.774  -13.261  89.933 0.1111110002
68230  39.862  0.446  76.101 0.1111110002
68237  39.613  1.016  75.518 0.1111110002
158474  38.378  2.359  73.771 0.2222220004
81074  40.457  12.639  68.346 0.1111110002
82152  43.200  14.163  63.054 0.2222220004
83208  48.002  14.964  62.887 0.1111110002
83207  49.464  14.904  63.064 0.2222220004
137563  50.283  14.706  62.933 0.2222220004
83229  51.758  14.457  62.857 0.3333329856
151335  51.408  14.668  63.218 0.2222220004
158890  52.450  14.473  63.138 0.2222220004
83206  51.939  14.767  63.591 0.1111110002
83183  53.669  14.926  64.463 0.1111110002
83205  52.977  14.672  63.738 0.2222220004
83204  53.984  14.519  63.892 0.2222220004
86440  58.774  17.313  52.652 0.2222220004
85444  57.514  16.693  53.190 0.2222220004
84211  53.979  15.569  65.703 0.1111110002
84227  54.349  15.219  65.127 0.1111110002
83182  54.708  14.817  64.605 0.2222220004
85452  58.035  17.238  52.644 0.2222220004
159642  57.764  17.643  52.298 0.2222220004
86450  57.521  18.071  52.127 0.3333329856
86441  56.252  17.716  52.937 0.3333329856
86451  56.931  18.313  52.589 0.3333329856
84226  55.270  15.307  65.116 0.1111110002
85453  57.353  17.375  52.591 0.2222220004
159164  56.954  16.536  53.372 0.3333329856
154331  55.921  16.198  53.888 0.3333329856
136495  55.851  16.826  53.381 0.3333329856
85446  55.095  17.075  53.617 0.3333329856
151423  55.599  17.538  53.389 0.3333329856
87425  57.450  19.333  53.203 0.2222220004
85447  54.725  17.357  53.911 0.3333329856
87426  56.758  18.860  53.385 0.3333329856
86442  55.094  17.936  53.845 0.3333329856
87427  55.955  18.393  53.634 0.3333329856
86412  54.060  17.940  54.768 0.3333329856
87419  54.887  18.374  54.574 0.3333329856
87418  55.839  18.768  54.392 0.2222220004
87398  55.729  19.130  55.133 0.1111110002
88343  55.540  19.324  55.838 0.1111110002
87383  54.346  18.954  55.911 0.1111110002
152394  56.953  19.733  55.853 0.1111110002
89309  57.671  20.349  56.086 0.1111110002
88342  57.512  20.204  56.243 0.1111110002
89310  57.409  20.717  55.828 0.1111110002
134221  57.652  20.179  55.821 0.1111110002
88363  56.994  19.577  55.187 0.1111110002
88329  57.261  20.340  56.751 0.1111110002
88330  56.657  19.808  56.434 0.1111110002
88331  55.217  19.503  56.482 0.1111110002
90228  57.419  20.807  56.496 0.1111110002
89298  57.518  20.559  56.535 0.1111110002
85436  55.239  16.359  53.922 0.3333329856
83214  42.860  14.315  63.864 0.2222220004
150038  48.771  15.051  63.145 0.2222220004
147297  51.053  14.526  62.777 0.3333329856
84245  50.045  15.133  63.641 0.2222220004
83186  50.982  14.910  63.537 0.2222220004
87448  57.874  18.949  51.982 0.2222220004
52719  9.988  -13.356  97.878 0.1111110002
51466  9.414  -14.112  97.751 0.1111110002
52723  10.321  -13.231  97.683 0.1111110002
53942  9.679  -12.773  97.782 0.1111110002
53946  10.024  -12.519  97.497 0.1111110002
53951  10.198  -12.446  96.566 0.1111110002
52721  9.036  -13.266  97.764 0.1111110002
53945  8.420  -12.570  97.683 0.1111110002
52722  8.437  -13.362  97.493 0.1111110002
53947  9.252  -12.025  97.662 0.1111110002
55120  8.268  -11.998  97.714 0.1111110002
53950  7.305  -11.853  97.104 0.1111110002
55123  7.732  -11.508  97.363 0.1111110002
55124  7.075  -11.095  96.910 0.1111110002
69287  38.789  1.872  74.345 0.1111110002
75577  34.344  7.387  74.518 0.1111110002
76641  35.617  8.490  75.187 0.1111110002
75576  34.960  7.956  74.843 0.1111110002
74472  33.755  6.841  74.143 0.1111110002
75596  34.260  7.459  73.594 0.1111110002
151172  36.085  8.405  71.939 0.1111110002
82141  41.633  13.835  64.731 0.1111110002
83190  42.482  14.419  64.750 0.1111110002
82140  42.187  13.975  64.087 0.1111110002
88406  60.511  20.043  50.368 0.1111110002
86449  58.354  17.875  51.948 0.1111110002
148488  60.352  21.934  50.124 0.1111110002
145012  59.323  20.067  50.906 0.1111110002
87447  58.268  18.632  51.733 0.1111110002
53952  9.640  -11.785  97.038 0.1111110002
55121  8.637  -11.506  97.587 0.1111110002
74488  33.644  6.963  73.247 0.1111110002
155711  33.601  7.022  72.501 0.1111110002
75608  35.485  8.175  71.431 0.1111110002
142535  58.818  18.544  51.521 0.1111110002
88392  58.421  19.256  51.648 0.1111110002
52720  9.629  -13.620  97.835 0.1111110002
53943  9.391  -12.963  97.835 0.1111110002
51469  8.946  -14.107  97.550 0.1111110002
53944  8.828  -12.514  97.785 0.1111110002
52724  7.726  -12.712  97.294 0.1111110002
53949  7.888  -12.075  97.559 0.1111110002
53948  8.686  -11.971  97.764 0.1111110002
75561  35.021  7.892  75.809 0.1111110002
88407  59.674  19.657  50.719 0.1111110002
89380  59.837  20.750  50.427 0.1111110002
90294  61.034  23.275  49.724 0.1111110002
88391  58.925  19.227  51.214 0.1111110002
60479  10.181  -6.221  94.823 0.1111110002
60480  9.260  -6.314  94.889 0.1111110002
61532  9.753  -5.702  94.756 0.1111110002
146550  8.894  -5.837  94.718 0.1111110002
71354  33.558  3.415  75.895 0.1111110002
71339  34.110  3.558  76.525 0.1111110002
72370  33.755  4.254  76.093 0.1111110002
70292  33.864  2.691  76.244 0.1111110002
72371  33.516  5.008  75.525 0.1111110002
72459  41.337  4.746  67.745 0.1111110002
73486  41.992  5.013  67.941 0.1111110002
153157  7.584  -6.448  95.041 0.1111110002
59388  9.668  -6.901  94.832 0.1111110002
58277  10.347  -7.642  94.191 0.1111110002
73513  41.564  5.403  66.528 0.1111110002
77890  44.566  9.207  64.738 0.1111110002
87484  54.474  18.036  48.485 0.1111110002
87473  54.179  18.436  49.283 0.1111110002
91231  59.101  22.714  52.616 0.1111110002
90272  59.052  22.024  53.108 0.1111110002
91256  57.686  23.448  50.854 0.1111110002
91232  58.814  22.859  52.604 0.1111110002
90264  58.737  21.361  53.805 0.1111110002
91242  57.094  22.839  51.378 0.1111110002
90304  56.350  21.823  49.989 0.1111110002
151222  55.887  20.269  49.378 0.1111110002
138692  55.447  19.699  49.337 0.1111110002
86494  53.852  17.550  48.073 0.1111110002
86515  52.646  17.101  46.910 0.1111110002
90296  56.257  22.128  50.725 0.1111110002
90305  55.792  21.417  50.200 0.1111110002
89391  54.838  20.182  50.026 0.1111110002
88416  54.565  19.282  49.652 0.1111110002
89364  59.234  21.444  51.501 0.1111110002
89356  59.037  21.052  53.135 0.1111110002
88371  58.776  20.733  53.663 0.1111110002
91233  57.848  22.841  52.236 0.1111110002
90265  58.785  21.321  53.908 0.1111110002
89344  58.530  20.902  54.184 0.1111110002
88372  58.319  20.392  54.139 0.1111110002
154242  51.603  16.715  46.585 0.1111110002
90274  58.061  22.090  53.057 0.1111110002
148565  58.420  20.841  54.284 0.1111110002
152971  52.594  17.183  48.817 0.1111110002
89381  55.087  21.011  50.476 0.1111110002
88408  54.137  19.770  50.333 0.1111110002
90297  55.540  21.727  50.999 0.1111110002
157824  54.240  20.719  51.213 0.1111110002
86285  55.732  16.345  64.954 0.1111110002
87417  56.856  19.283  54.333 0.1111110002
90280  56.855  22.309  52.135 0.1111110002
140931  56.750  21.673  52.979 0.1111110002
146101  56.253  22.149  51.395 0.1111110002
90281  55.713  21.706  51.935 0.1111110002
80031  40.067  12.291  67.873 0.1111110002
140615  57.985  19.645  52.890 0.1111110002
88381  58.523  20.035  52.522 0.1111110002
90273  58.947  22.054  53.249 0.1111110002
91240  59.080  23.405  52.031 0.1111110002
90271  59.219  22.663  52.430 0.1111110002
91264  56.884  22.549  50.336 0.1111110002
89390  55.537  20.610  49.773 0.1111110002
136907  56.325  20.883  49.434 0.1111110002
86497  51.976  16.882  48.852 0.1111110002
89382  54.433  20.576  50.715 0.1111110002
90298  54.780  21.192  51.325 0.1111110002
91241  58.369  23.514  51.753 0.1111110002
88361  58.029  20.527  54.642 0.1111110002
88373  57.834  19.905  54.409 0.1111110002
154364  57.932  21.433  53.773 0.1111110002
90275  55.759  21.321  53.031 0.1111110002
52855  23.266  -13.469  85.441 0.2222220004
54127  22.388  -12.804  82.322 0.7777780294
56335  26.781  -10.796  83.128 0.4444440007
56368  26.315  -10.051  79.663 0.6666669846
59533  37.271  -7.325  83.911 0.1111110002
59553  34.891  -7.772  82.290 0.1111110002
59566  36.032  -7.215  81.834 0.1111110002
63742  24.434  -2.894  80.657 0.2222220004
80097  56.218  11.270  61.882 0.2222220004
80105  57.212  11.848  61.791 0.2222220004
83256  52.978  14.856  58.936 0.4444440007
83272  52.862  14.758  57.338 0.4444440007
84340  59.484  15.862  57.087 0.1111110002
84389  59.166  15.850  55.500 0.1111110002
84395  54.022  16.346  54.566 0.4444440007
85354  49.863  16.294  59.419 0.2222220004
85434  57.176  16.203  53.868 0.4444440007
85435  56.480  16.426  53.589 0.3333329856
85445  56.680  16.970  52.956 0.2222220004
85454  56.909  17.659  52.601 0.3333329856
85522  52.063  16.900  46.143 0.1111110002
86349  49.541  17.537  60.604 0.1111110002
86379  50.759  16.936  56.985 0.2222220004
86432  54.473  17.638  54.275 0.3333329856
86495  53.147  17.356  48.471 0.1111110002
86496  52.450  16.943  48.025 0.1111110002
87368  50.205  18.154  58.491 0.1111110002
87434  57.459  18.752  52.411 0.3333329856
88417  53.780  18.952  49.935 0.1111110002
143189  50.759  15.526  58.282 0.3333329856
143979  49.938  16.310  58.672 0.2222220004
151749  24.823  -11.704  81.229 0.5555559993
153151  56.927  15.451  55.102 0.4444440007
155487  9.142  -12.457  97.814 0.1111110002
156806  37.699  -6.659  85.903 0.1111110002
157868  18.837  -14.803  89.906 0.1111110002
158813  37.897  1.857  73.285 0.5555559993
159373  32.075  -8.499  82.147 0.1111110002
