#!ascii label  , from subject sub-v2s16x51298_ses-1 vox2ras=TkReg
762
61654  22.966  -5.852  81.161 0.0000000000
64814  32.456  -2.001  86.341 0.0000000000
80075  39.018  12.188  64.893 0.0000000000
72399  31.516  4.091  73.091 0.0000000000
156906  35.566  1.121  79.472 0.0000000000
84227  54.349  15.219  65.127 0.0000000000
78929  38.821  9.951  68.393 0.0000000000
75655  35.572  7.802  67.792 0.0000000000
58507  18.515  -8.894  80.551 0.0000000000
133621  26.755  -1.627  84.194 0.0000000000
133521  29.149  -2.112  81.100 0.0000000000
63766  23.588  -3.582  78.495 0.0000000000
83187  45.070  14.994  64.047 0.0000000000
62581  24.744  -4.149  86.167 0.0000000000
59522  22.701  -7.793  84.603 0.0000000000
84201  42.397  15.621  66.354 0.0000000000
134618  18.296  -8.474  85.420 0.0000000000
56300  13.944  -9.828  87.309 0.0000000000
137636  34.770  7.802  72.064 0.0000000000
70292  33.864  2.691  76.244 0.0000000000
66191  33.091  -0.977  76.091 0.0000000000
135585  31.563  -2.277  78.082 0.0000000000
76689  38.942  8.972  70.182 0.0000000000
141713  37.427  8.734  68.051 0.0000000000
76700  36.809  8.383  69.668 0.0000000000
79976  40.755  11.172  70.299 0.0000000000
59595  21.556  -7.674  79.607 0.0000000000
58516  19.520  -8.936  79.476 0.0000000000
59584  20.729  -8.122  80.776 0.0000000000
63725  24.665  -3.236  82.581 0.0000000000
64920  25.245  -2.305  81.713 0.0000000000
61672  23.078  -4.797  79.848 0.0000000000
60666  22.369  -6.654  77.644 0.0000000000
81137  39.847  12.537  63.115 0.0000000000
81085  40.346  12.875  67.527 0.0000000000
82118  40.842  13.631  66.138 0.0000000000
82140  42.187  13.975  64.087 0.0000000000
58397  22.521  -8.564  87.366 0.0000000000
58439  20.551  -8.467  84.674 0.0000000000
58399  20.364  -8.610  87.529 0.0000000000
134434  16.724  -8.255  90.454 0.0000000000
159988  15.555  -8.722  88.100 0.0000000000
134792  14.050  -9.288  89.371 0.0000000000
56269  12.428  -9.617  90.168 0.0000000000
57313  12.419  -8.807  91.652 0.0000000000
71322  35.274  4.075  77.871 0.0000000000
70249  35.115  2.467  77.719 0.0000000000
68238  33.832  1.120  76.106 0.0000000000
67219  34.059  0.025  77.061 0.0000000000
66143  27.557  -1.444  78.574 0.0000000000
64954  30.728  -2.509  79.692 0.0000000000
154909  28.637  -1.545  77.180 0.0000000000
65007  29.754  -1.595  75.055 0.0000000000
147107  33.100  6.493  72.833 0.0000000000
74523  32.605  6.379  70.539 0.0000000000
72427  30.743  4.194  70.629 0.0000000000
86307  51.761  17.495  63.462 0.0000000000
84225  55.891  15.727  64.946 0.0000000000
78957  38.617  11.083  66.842 0.0000000000
77854  37.240  9.420  66.781 0.0000000000
81056  40.678  12.344  69.180 0.0000000000
64837  30.583  -2.195  85.331 0.0000000000
133526  31.416  -2.440  83.574 0.0000000000
133263  28.556  -1.782  82.486 0.0000000000
64957  26.025  -1.628  80.324 0.0000000000
64984  24.294  -2.730  77.138 0.0000000000
85250  45.336  16.826  66.093 0.0000000000
84217  46.990  15.970  65.050 0.0000000000
84246  49.125  15.291  63.742 0.0000000000
151335  51.408  14.668  63.218 0.0000000000
61641  24.025  -5.282  83.745 0.0000000000
60594  22.913  -7.130  83.174 0.0000000000
60584  24.115  -5.951  85.412 0.0000000000
138318  25.427  -2.444  85.346 0.0000000000
84237  43.856  15.208  64.853 0.0000000000
136864  20.536  -8.402  83.046 0.0000000000
144781  18.098  -8.395  83.087 0.0000000000
57393  15.996  -9.311  83.352 0.0000000000
58380  17.909  -8.461  87.965 0.0000000000
57370  15.900  -8.758  86.274 0.0000000000
59396  10.725  -7.199  94.399 0.0000000000
134695  36.877  8.528  71.969 0.0000000000
74473  33.367  6.058  74.541 0.0000000000
73399  34.036  5.071  76.268 0.0000000000
71370  32.760  3.665  74.796 0.0000000000
69273  33.043  1.706  75.081 0.0000000000
149683  33.038  -0.526  74.497 0.0000000000
65037  31.923  -2.028  72.109 0.0000000000
64914  32.400  -2.405  82.557 0.0000000000
64951  33.185  -2.655  79.900 0.0000000000
66139  34.369  -1.550  78.714 0.0000000000
64992  31.969  -1.797  76.813 0.0000000000
65021  30.971  -1.793  73.714 0.0000000000
75616  34.671  7.605  70.225 0.0000000000
74566  32.852  6.305  67.931 0.0000000000
76684  39.061  8.958  71.001 0.0000000000
76698  38.265  8.729  69.762 0.0000000000
76690  38.319  8.719  70.604 0.0000000000
77802  40.229  9.698  70.948 0.0000000000
59582  22.144  -7.207  80.204 0.0000000000
58504  20.927  -8.132  79.896 0.0000000000
59570  22.237  -7.296  81.265 0.0000000000
62617  23.897  -4.537  82.376 0.0000000000
62626  23.646  -4.421  81.425 0.0000000000
61664  22.807  -5.710  80.270 0.0000000000
60645  22.444  -6.462  79.722 0.0000000000
149996  39.565  12.512  64.577 0.0000000000
81099  39.684  12.503  66.240 0.0000000000
82105  40.691  13.559  67.121 0.0000000000
81110  40.239  13.023  65.711 0.0000000000
81122  40.225  12.926  64.710 0.0000000000
57323  14.846  -8.538  90.639 0.0000000000
57335  14.793  -8.782  89.723 0.0000000000
135102  14.139  -8.942  90.085 0.0000000000
57336  13.345  -9.354  89.940 0.0000000000
57324  13.801  -8.792  90.748 0.0000000000
57325  12.937  -9.132  90.905 0.0000000000
70248  35.544  3.119  78.486 0.0000000000
69233  35.390  1.431  78.587 0.0000000000
147845  34.789  1.163  77.476 0.0000000000
68212  34.889  0.060  78.138 0.0000000000
64855  33.016  -1.885  84.841 0.0000000000
66162  26.815  -1.471  77.386 0.0000000000
66160  28.314  -1.504  77.972 0.0000000000
66179  27.073  -1.495  76.419 0.0000000000
66195  28.211  -1.532  75.451 0.0000000000
72408  31.770  4.893  72.978 0.0000000000
73443  31.861  5.714  71.738 0.0000000000
84212  52.927  15.705  65.691 0.0000000000
84195  54.562  15.980  66.093 0.0000000000
85262  55.249  16.051  65.785 0.0000000000
86286  55.389  17.012  65.073 0.0000000000
84226  55.270  15.307  65.116 0.0000000000
141250  39.076  10.574  68.132 0.0000000000
142779  38.169  10.518  66.811 0.0000000000
77853  37.908  9.889  67.222 0.0000000000
76731  36.312  8.236  67.681 0.0000000000
139596  36.313  8.436  66.934 0.0000000000
75675  35.342  7.709  66.911 0.0000000000
143209  40.232  10.620  69.845 0.0000000000
78927  39.934  10.871  69.059 0.0000000000
80032  39.634  11.744  67.728 0.0000000000
57415  18.779  -9.244  79.789 0.0000000000
57408  17.722  -9.302  80.817 0.0000000000
64860  29.212  -1.694  84.435 0.0000000000
64878  29.510  -1.868  83.818 0.0000000000
64879  27.770  -1.522  83.631 0.0000000000
63750  24.292  -2.814  79.787 0.0000000000
64939  25.528  -1.925  80.957 0.0000000000
64959  24.764  -2.288  79.281 0.0000000000
64973  25.332  -1.775  78.793 0.0000000000
150445  23.936  -3.073  77.876 0.0000000000
62660  23.022  -4.645  77.122 0.0000000000
68266  32.716  0.674  73.069 0.0000000000
84219  45.207  15.818  65.137 0.0000000000
85266  46.628  16.384  65.636 0.0000000000
84234  46.443  15.578  64.439 0.0000000000
150357  48.374  15.251  63.519 0.0000000000
83207  49.464  14.904  63.064 0.0000000000
84245  50.045  15.133  63.641 0.0000000000
62595  24.504  -4.275  84.901 0.0000000000
61632  23.950  -5.702  84.474 0.0000000000
62582  24.578  -4.597  85.695 0.0000000000
63686  24.977  -3.303  85.756 0.0000000000
63699  24.738  -3.503  84.440 0.0000000000
85269  43.904  16.207  65.704 0.0000000000
84200  43.094  15.979  65.955 0.0000000000
83214  42.860  14.315  63.864 0.0000000000
59537  22.500  -7.695  83.678 0.0000000000
59555  21.640  -8.068  82.490 0.0000000000
58457  22.015  -8.177  84.204 0.0000000000
134772  19.013  -8.493  84.733 0.0000000000
58460  19.338  -8.431  83.821 0.0000000000
152967  18.007  -8.431  84.490 0.0000000000
58462  17.507  -8.491  83.582 0.0000000000
159348  17.221  -8.472  84.361 0.0000000000
133745  18.347  -8.521  88.857 0.0000000000
153431  15.212  -8.934  87.581 0.0000000000
136566  15.915  -8.688  87.139 0.0000000000
57371  15.225  -9.128  86.663 0.0000000000
57387  14.662  -9.855  85.182 0.0000000000
74472  33.755  6.841  74.143 0.0000000000
71338  34.700  3.804  77.206 0.0000000000
72356  34.903  4.651  77.453 0.0000000000
72370  33.755  4.254  76.093 0.0000000000
71355  33.286  4.053  75.413 0.0000000000
71354  33.558  3.415  75.895 0.0000000000
70307  32.848  2.705  74.966 0.0000000000
70293  33.333  2.625  75.591 0.0000000000
67238  33.340  -0.350  75.836 0.0000000000
67245  33.224  -0.168  75.103 0.0000000000
148158  32.929  -0.776  75.117 0.0000000000
66215  32.460  -1.273  73.076 0.0000000000
66204  32.408  -1.205  74.482 0.0000000000
133524  30.261  -2.390  82.469 0.0000000000
159198  31.795  -2.498  82.914 0.0000000000
133522  30.907  -2.634  81.837 0.0000000000
64970  31.164  -2.446  78.780 0.0000000000
137973  31.589  -2.764  80.162 0.0000000000
64969  32.045  -2.514  78.673 0.0000000000
66126  33.822  -2.162  79.265 0.0000000000
66141  32.672  -2.182  78.052 0.0000000000
66157  33.341  -1.584  77.632 0.0000000000
64981  32.028  -2.119  77.594 0.0000000000
65023  28.980  -1.736  74.041 0.0000000000
65006  30.739  -1.670  74.740 0.0000000000
76680  35.506  8.254  72.400 0.0000000000
75608  35.485  8.175  71.431 0.0000000000
75609  34.680  7.705  71.120 0.0000000000
73474  31.179  5.268  69.223 0.0000000000
74551  32.812  6.389  68.800 0.0000000000
85303  50.824  16.777  61.992 0.0000000000
77824  39.141  9.632  69.077 0.0000000000
77825  38.540  9.289  68.715 0.0000000000
76709  38.152  8.798  69.018 0.0000000000
76711  36.843  8.390  68.904 0.0000000000
75634  36.060  8.188  69.220 0.0000000000
78894  41.015  10.837  71.036 0.0000000000
77809  39.951  9.878  70.204 0.0000000000
58515  20.294  -8.612  79.219 0.0000000000
58505  20.121  -8.426  80.072 0.0000000000
146787  19.975  -8.327  80.801 0.0000000000
64881  25.765  -2.095  83.190 0.0000000000
64901  25.558  -2.153  82.435 0.0000000000
63734  25.027  -2.677  82.304 0.0000000000
62635  23.963  -3.638  80.939 0.0000000000
62642  23.322  -4.142  79.127 0.0000000000
150087  22.852  -4.952  77.967 0.0000000000
61673  22.662  -5.608  79.261 0.0000000000
59607  22.009  -7.169  78.204 0.0000000000
83235  45.647  14.496  62.513 0.0000000000
62569  24.676  -4.488  87.067 0.0000000000
82104  41.017  14.066  67.607 0.0000000000
83159  41.357  14.684  67.186 0.0000000000
158685  41.884  14.636  65.911 0.0000000000
83175  42.388  14.777  65.535 0.0000000000
82141  41.633  13.835  64.731 0.0000000000
81136  41.005  13.308  63.543 0.0000000000
151696  22.990  -8.100  86.092 0.0000000000
58438  21.436  -8.399  84.886 0.0000000000
58417  21.764  -8.451  85.791 0.0000000000
58418  20.112  -8.538  86.437 0.0000000000
133527  19.184  -8.486  85.873 0.0000000000
58364  16.713  -8.466  89.307 0.0000000000
156286  15.607  -8.609  89.268 0.0000000000
57349  14.639  -9.110  88.873 0.0000000000
152253  13.775  -9.732  87.910 0.0000000000
56286  13.324  -9.969  88.229 0.0000000000
70268  35.134  3.312  77.690 0.0000000000
70269  34.558  2.785  76.985 0.0000000000
69255  34.148  1.883  76.536 0.0000000000
68231  34.373  0.966  76.827 0.0000000000
67229  33.792  0.308  76.342 0.0000000000
67230  33.555  -0.526  76.605 0.0000000000
66127  28.315  -1.605  79.924 0.0000000000
64935  29.898  -2.319  80.467 0.0000000000
64956  29.023  -1.722  79.378 0.0000000000
64971  29.862  -1.814  78.218 0.0000000000
141434  30.729  -2.090  78.080 0.0000000000
64994  30.646  -1.730  76.555 0.0000000000
66194  29.087  -1.536  75.827 0.0000000000
66206  28.322  -1.654  74.544 0.0000000000
155711  33.601  7.022  72.501 0.0000000000
74509  33.269  6.872  71.120 0.0000000000
74510  32.560  6.286  71.425 0.0000000000
73456  31.143  5.201  70.221 0.0000000000
86288  53.383  17.695  64.472 0.0000000000
86304  55.040  16.971  64.315 0.0000000000
80052  38.686  11.540  66.174 0.0000000000
80062  38.502  11.661  65.372 0.0000000000
78958  38.080  11.022  66.004 0.0000000000
77841  37.642  9.182  67.655 0.0000000000
76756  36.156  8.746  66.038 0.0000000000
154144  41.616  12.708  70.634 0.0000000000
147599  41.143  12.938  69.729 0.0000000000
82088  41.221  13.731  69.363 0.0000000000
81074  40.457  12.639  68.346 0.0000000000
81086  39.855  12.386  67.137 0.0000000000
64835  31.759  -2.298  85.571 0.0000000000
64856  32.375  -2.197  85.014 0.0000000000
64858  30.982  -2.366  84.749 0.0000000000
133523  29.620  -2.057  83.057 0.0000000000
64917  29.325  -2.115  82.034 0.0000000000
64900  26.520  -1.705  82.492 0.0000000000
64937  27.439  -1.581  81.180 0.0000000000
66110  27.691  -1.538  80.411 0.0000000000
66129  26.513  -1.500  79.736 0.0000000000
66145  26.129  -1.488  78.245 0.0000000000
64995  25.075  -2.219  76.019 0.0000000000
85264  48.381  16.386  65.785 0.0000000000
84247  47.661  15.298  63.632 0.0000000000
84232  48.360  15.537  64.249 0.0000000000
84215  49.094  15.927  65.071 0.0000000000
137789  50.250  15.760  65.048 0.0000000000
83185  51.596  15.226  64.255 0.0000000000
83184  52.614  15.089  64.324 0.0000000000
83183  53.669  14.926  64.463 0.0000000000
145003  23.657  -5.419  82.838 0.0000000000
60603  22.761  -7.043  82.196 0.0000000000
148566  23.594  -5.956  83.606 0.0000000000
60593  23.523  -6.398  84.107 0.0000000000
59521  23.265  -7.379  85.140 0.0000000000
62570  24.589  -4.931  86.518 0.0000000000
59508  23.353  -7.693  86.110 0.0000000000
58416  23.081  -8.231  86.707 0.0000000000
64815  31.800  -2.219  86.433 0.0000000000
137930  30.889  -2.224  86.088 0.0000000000
66012  30.169  -1.942  86.055 0.0000000000
66049  28.530  -1.549  85.051 0.0000000000
66031  26.711  -1.562  85.432 0.0000000000
63712  25.173  -2.774  83.951 0.0000000000
62609  24.252  -4.495  83.426 0.0000000000
86270  44.913  17.376  66.564 0.0000000000
85268  44.793  16.293  65.616 0.0000000000
84236  44.707  15.344  64.673 0.0000000000
83174  43.064  14.988  65.142 0.0000000000
83213  43.701  14.521  63.687 0.0000000000
83212  44.551  14.645  63.516 0.0000000000
142700  22.114  -7.661  82.042 0.0000000000
58477  20.862  -8.276  82.323 0.0000000000
58478  19.999  -8.341  82.275 0.0000000000
58459  20.181  -8.420  83.805 0.0000000000
139944  19.689  -8.396  83.056 0.0000000000
58480  18.234  -8.518  82.387 0.0000000000
58481  17.499  -8.716  82.640 0.0000000000
57401  16.225  -9.695  82.485 0.0000000000
58400  18.661  -8.506  87.446 0.0000000000
58401  17.537  -8.487  86.878 0.0000000000
58402  16.552  -8.567  86.761 0.0000000000
58421  16.787  -8.525  85.890 0.0000000000
57377  15.913  -8.842  85.334 0.0000000000
58287  11.399  -7.806  93.409 0.0000000000
139808  37.730  8.648  72.084 0.0000000000
75596  34.260  7.459  73.594 0.0000000000
74488  33.644  6.963  73.247 0.0000000000
74489  33.177  6.266  73.704 0.0000000000
147783  32.267  4.979  73.700 0.0000000000
145823  33.895  5.791  75.784 0.0000000000
72383  32.996  4.673  74.852 0.0000000000
71371  32.142  3.544  74.141 0.0000000000
70308  32.430  2.890  74.426 0.0000000000
69288  32.560  2.050  74.318 0.0000000000
69295  32.759  0.912  74.190 0.0000000000
154809  33.432  1.171  75.533 0.0000000000
147286  33.112  -0.056  74.383 0.0000000000
67257  32.995  -0.584  73.652 0.0000000000
66214  32.922  -1.051  72.778 0.0000000000
65055  32.688  -2.621  71.615 0.0000000000
150305  35.446  0.506  80.081 0.0000000000
64874  32.581  -2.101  83.795 0.0000000000
64895  33.018  -1.894  83.377 0.0000000000
66080  33.614  -1.814  82.597 0.0000000000
64933  31.629  -2.724  81.231 0.0000000000
148271  32.885  -2.485  81.740 0.0000000000
66094  34.105  -1.626  82.217 0.0000000000
158964  34.551  -1.509  80.302 0.0000000000
154092  34.895  -0.921  79.860 0.0000000000
68206  35.100  -0.310  78.714 0.0000000000
67211  34.063  -1.234  77.976 0.0000000000
66174  33.189  -1.214  76.897 0.0000000000
66175  32.622  -1.409  76.454 0.0000000000
64993  31.306  -1.742  76.308 0.0000000000
144238  31.395  -1.623  75.443 0.0000000000
158842  32.070  -1.453  75.241 0.0000000000
65038  31.164  -2.160  72.682 0.0000000000
76692  36.709  8.409  70.493 0.0000000000
75622  35.979  8.268  70.030 0.0000000000
150326  34.460  7.397  68.632 0.0000000000
74522  33.333  6.871  70.224 0.0000000000
74535  34.017  7.254  69.167 0.0000000000
74549  34.259  7.176  67.859 0.0000000000
83182  54.708  14.817  64.605 0.0000000000
76676  39.115  9.044  71.870 0.0000000000
76685  38.388  8.757  71.502 0.0000000000
77799  39.733  9.319  71.392 0.0000000000
60632  22.596  -6.534  80.701 0.0000000000
60618  22.792  -6.606  81.432 0.0000000000
61653  23.431  -5.246  81.762 0.0000000000
61663  23.158  -5.039  80.853 0.0000000000
80088  39.125  12.251  63.891 0.0000000000
81111  39.626  12.542  65.326 0.0000000000
57312  13.367  -8.579  91.595 0.0000000000
68220  35.074  0.877  78.016 0.0000000000
68211  35.288  0.463  78.703 0.0000000000
64813  32.951  -1.772  86.167 0.0000000000
64834  32.719  -1.959  85.556 0.0000000000
66180  26.347  -1.558  76.638 0.0000000000
66197  26.362  -1.701  75.724 0.0000000000
66196  27.293  -1.588  75.520 0.0000000000
84228  53.299  15.363  65.035 0.0000000000
84211  53.979  15.569  65.703 0.0000000000
84210  54.934  15.608  65.596 0.0000000000
84209  55.512  15.794  65.395 0.0000000000
78941  38.555  10.390  67.586 0.0000000000
153634  35.861  8.055  67.187 0.0000000000
75676  34.675  7.297  66.504 0.0000000000
75656  34.820  7.443  67.381 0.0000000000
78912  39.673  10.112  69.461 0.0000000000
78928  39.384  10.342  68.737 0.0000000000
80009  39.542  11.068  68.308 0.0000000000
57416  18.070  -9.608  80.079 0.0000000000
64861  28.082  -1.497  84.319 0.0000000000
146950  28.714  -1.598  83.881 0.0000000000
63751  23.761  -3.418  79.408 0.0000000000
63765  24.126  -2.895  78.834 0.0000000000
63775  23.430  -3.785  77.531 0.0000000000
62649  23.158  -4.312  78.180 0.0000000000
68265  33.004  -0.056  73.374 0.0000000000
84235  45.569  15.477  64.539 0.0000000000
84249  45.929  15.197  63.826 0.0000000000
137563  50.283  14.706  62.933 0.0000000000
63687  24.700  -3.787  85.328 0.0000000000
84189  41.960  15.902  67.014 0.0000000000
85253  42.674  16.305  66.624 0.0000000000
84222  42.755  15.346  65.737 0.0000000000
58441  17.431  -8.467  85.135 0.0000000000
136094  17.806  -8.496  89.435 0.0000000000
57372  14.588  -9.470  87.042 0.0000000000
57379  14.647  -9.625  86.142 0.0000000000
71339  34.110  3.558  76.525 0.0000000000
133525  31.111  -2.559  82.754 0.0000000000
64916  30.029  -2.387  81.443 0.0000000000
64953  31.575  -2.668  79.341 0.0000000000
64968  32.946  -2.458  78.940 0.0000000000
157317  32.085  -2.309  78.094 0.0000000000
77810  39.364  9.452  69.818 0.0000000000
77811  38.761  9.104  69.426 0.0000000000
76691  37.559  8.519  70.148 0.0000000000
76699  37.557  8.555  69.334 0.0000000000
79960  41.424  11.345  71.542 0.0000000000
77803  39.570  9.337  70.581 0.0000000000
59583  21.524  -7.715  80.590 0.0000000000
63724  25.130  -2.738  83.027 0.0000000000
148790  23.456  -4.359  80.613 0.0000000000
62636  23.543  -3.915  80.021 0.0000000000
61682  22.891  -4.869  78.785 0.0000000000
59594  22.011  -7.110  79.186 0.0000000000
59608  21.564  -7.714  78.652 0.0000000000
82098  40.705  13.397  68.009 0.0000000000
82117  41.152  14.157  66.761 0.0000000000
156020  41.604  14.683  66.459 0.0000000000
82129  41.436  14.241  66.029 0.0000000000
83191  41.856  14.307  65.401 0.0000000000
159334  41.334  13.879  65.502 0.0000000000
140661  40.407  12.998  63.780 0.0000000000
82142  40.956  13.373  64.295 0.0000000000
137466  22.500  -8.350  86.204 0.0000000000
58398  21.699  -8.652  86.974 0.0000000000
133529  20.886  -8.648  87.028 0.0000000000
133528  19.394  -8.547  86.950 0.0000000000
58346  16.431  -8.408  89.872 0.0000000000
57363  14.437  -9.347  87.943 0.0000000000
57350  13.923  -9.546  88.549 0.0000000000
56278  13.378  -9.762  88.999 0.0000000000
56279  12.699  -9.965  89.333 0.0000000000
133153  11.926  -8.540  92.226 0.0000000000
69243  34.671  1.822  77.232 0.0000000000
68221  34.617  0.464  77.509 0.0000000000
64936  29.076  -1.916  80.238 0.0000000000
66142  28.297  -1.503  78.985 0.0000000000
64972  29.070  -1.639  78.513 0.0000000000
66159  29.228  -1.624  77.647 0.0000000000
64982  30.136  -1.733  77.251 0.0000000000
66177  29.255  -1.582  76.767 0.0000000000
74497  33.202  6.684  71.990 0.0000000000
74498  32.507  6.118  72.291 0.0000000000
73444  31.272  5.092  71.194 0.0000000000
86285  55.732  16.345  64.954 0.0000000000
86303  55.658  16.599  64.542 0.0000000000
85281  54.577  16.828  63.465 0.0000000000
80051  39.224  11.788  66.795 0.0000000000
78959  37.613  10.241  66.373 0.0000000000
77870  36.994  9.867  65.860 0.0000000000
77826  37.954  8.973  68.348 0.0000000000
76757  35.727  8.135  66.456 0.0000000000
76755  36.701  8.896  66.688 0.0000000000
79975  41.312  11.693  70.799 0.0000000000
81026  41.803  12.163  71.423 0.0000000000
79990  40.473  11.461  69.489 0.0000000000
79989  41.034  12.044  70.007 0.0000000000
81073  40.851  13.173  68.874 0.0000000000
78940  39.100  11.114  67.580 0.0000000000
64836  31.216  -2.344  85.439 0.0000000000
64898  28.682  -1.680  83.282 0.0000000000
64877  30.183  -2.165  83.780 0.0000000000
64919  25.955  -1.768  81.756 0.0000000000
159378  25.470  -1.893  80.344 0.0000000000
64938  26.424  -1.590  81.081 0.0000000000
66111  26.920  -1.482  80.415 0.0000000000
64974  24.639  -2.281  78.143 0.0000000000
141652  25.354  -1.728  77.901 0.0000000000
64983  25.002  -2.003  77.030 0.0000000000
64996  24.583  -2.600  76.410 0.0000000000
61695  22.489  -6.001  77.804 0.0000000000
61694  22.725  -5.448  77.462 0.0000000000
86269  45.899  17.391  66.581 0.0000000000
85265  47.505  16.378  65.685 0.0000000000
145115  47.931  16.703  66.309 0.0000000000
84216  47.939  15.984  65.027 0.0000000000
83209  47.183  14.982  63.128 0.0000000000
84248  46.802  15.277  63.723 0.0000000000
160093  49.065  15.554  64.347 0.0000000000
84231  49.697  15.501  64.346 0.0000000000
83186  50.982  14.910  63.537 0.0000000000
147044  50.637  15.378  64.273 0.0000000000
83206  51.939  14.767  63.591 0.0000000000
61631  24.379  -5.104  85.152 0.0000000000
60585  23.619  -6.560  84.842 0.0000000000
61616  24.507  -5.693  86.790 0.0000000000
60577  23.761  -6.823  85.738 0.0000000000
60570  23.891  -7.076  86.647 0.0000000000
141903  31.359  -2.282  86.046 0.0000000000
64839  25.924  -1.844  85.871 0.0000000000
64862  26.209  -1.793  85.002 0.0000000000
139275  25.649  -2.205  84.518 0.0000000000
62608  24.510  -4.079  84.189 0.0000000000
78980  37.793  11.273  64.906 0.0000000000
84220  44.328  15.713  65.233 0.0000000000
83190  42.482  14.419  64.750 0.0000000000
82152  43.200  14.163  63.054 0.0000000000
83237  43.998  14.395  62.875 0.0000000000
156374  21.226  -8.345  82.989 0.0000000000
58461  18.477  -8.407  83.797 0.0000000000
141990  18.825  -8.378  83.076 0.0000000000
58479  19.088  -8.408  82.282 0.0000000000
58463  16.625  -8.701  83.880 0.0000000000
58482  16.738  -8.936  82.965 0.0000000000
58379  19.043  -8.525  88.397 0.0000000000
57348  16.005  -8.569  88.583 0.0000000000
57362  16.068  -8.613  87.924 0.0000000000
58286  12.252  -7.744  93.021 0.0000000000
58275  11.929  -7.340  93.836 0.0000000000
58276  11.198  -7.406  94.054 0.0000000000
76669  35.713  8.407  73.379 0.0000000000
73416  32.818  5.390  74.190 0.0000000000
73385  34.519  5.248  76.974 0.0000000000
72384  32.464  4.445  74.268 0.0000000000
69272  33.586  1.872  75.861 0.0000000000
66203  32.799  -0.844  73.986 0.0000000000
134262  31.377  -2.394  84.275 0.0000000000
139041  32.316  -2.226  84.402 0.0000000000
64875  31.967  -2.354  84.056 0.0000000000
64896  32.653  -2.113  83.154 0.0000000000
150430  33.396  -1.764  83.092 0.0000000000
64913  33.077  -2.069  82.649 0.0000000000
64955  29.771  -2.131  79.605 0.0000000000
64934  30.777  -2.613  80.776 0.0000000000
64952  32.321  -2.780  79.565 0.0000000000
64932  32.487  -2.767  80.701 0.0000000000
64931  33.255  -2.548  80.858 0.0000000000
66095  33.624  -2.122  81.693 0.0000000000
66107  34.284  -1.614  81.214 0.0000000000
66108  33.919  -2.097  80.391 0.0000000000
66125  34.524  -1.635  79.541 0.0000000000
67202  34.894  -0.945  79.061 0.0000000000
138309  34.690  -0.782  78.349 0.0000000000
66158  32.639  -1.736  77.251 0.0000000000
154743  29.927  -1.571  76.216 0.0000000000
133861  30.630  -1.639  75.731 0.0000000000
66193  31.602  -1.553  74.531 0.0000000000
76686  37.452  8.554  71.148 0.0000000000
76687  36.429  8.417  71.283 0.0000000000
75615  35.305  7.991  70.522 0.0000000000
75614  35.938  8.290  70.736 0.0000000000
75623  35.328  7.879  69.680 0.0000000000
75624  34.645  7.542  69.398 0.0000000000
74550  33.632  6.864  68.477 0.0000000000
74565  33.566  6.639  67.494 0.0000000000
86339  49.955  17.084  61.640 0.0000000000
85323  49.689  16.900  60.859 0.0000000000
86358  49.533  17.628  59.791 0.0000000000
83204  53.984  14.519  63.892 0.0000000000
62616  24.345  -3.886  82.807 0.0000000000
62625  24.204  -3.775  81.969 0.0000000000
81123  39.833  12.650  64.028 0.0000000000
81098  40.270  13.009  66.645 0.0000000000
82130  40.875  13.447  65.186 0.0000000000
58377  21.996  -8.719  88.223 0.0000000000
70239  35.770  2.349  79.221 0.0000000000
147157  35.405  2.191  78.359 0.0000000000
69242  35.130  1.642  77.856 0.0000000000
67210  34.384  -0.403  77.685 0.0000000000
156489  26.956  -1.438  78.192 0.0000000000
137726  27.503  -1.457  77.837 0.0000000000
66161  27.813  -1.471  77.075 0.0000000000
136687  27.785  -1.493  76.191 0.0000000000
66178  28.477  -1.515  76.429 0.0000000000
73427  32.486  5.717  73.204 0.0000000000
73434  31.973  5.535  72.471 0.0000000000
73435  31.437  5.017  72.087 0.0000000000
84213  51.907  15.843  65.722 0.0000000000
86278  54.743  17.547  65.587 0.0000000000
86276  55.465  16.556  65.386 0.0000000000
85261  55.628  16.172  65.401 0.0000000000
132874  36.900  8.432  68.185 0.0000000000
76730  36.975  8.703  67.430 0.0000000000
80008  40.118  11.769  68.573 0.0000000000
57409  17.055  -9.737  81.229 0.0000000000
64859  30.196  -2.101  84.483 0.0000000000
64921  24.928  -2.456  81.069 0.0000000000
64940  24.950  -2.281  80.274 0.0000000000
64958  25.467  -1.828  79.746 0.0000000000
159655  25.982  -1.606  79.797 0.0000000000
147672  23.778  -3.341  77.054 0.0000000000
69296  32.367  1.571  73.498 0.0000000000
85267  45.720  16.354  65.598 0.0000000000
84218  46.093  15.930  65.070 0.0000000000
83208  48.002  14.964  62.887 0.0000000000
61640  24.364  -4.822  84.335 0.0000000000
61624  24.450  -5.388  85.982 0.0000000000
63698  25.011  -2.978  84.894 0.0000000000
85252  43.499  16.592  66.318 0.0000000000
84221  43.498  15.565  65.427 0.0000000000
59554  22.331  -7.672  82.790 0.0000000000
59538  21.837  -8.140  83.307 0.0000000000
58440  19.918  -8.506  85.317 0.0000000000
134497  19.800  -8.479  84.457 0.0000000000
57378  15.263  -9.269  85.754 0.0000000000
75577  34.344  7.387  74.518 0.0000000000
75562  34.488  7.255  75.465 0.0000000000
74454  33.911  6.565  75.116 0.0000000000
74455  33.566  5.783  75.198 0.0000000000
72357  34.319  4.429  76.748 0.0000000000
154221  33.152  3.304  75.350 0.0000000000
68239  33.481  0.458  75.649 0.0000000000
65020  31.795  -1.568  73.408 0.0000000000
64915  31.721  -2.651  82.203 0.0000000000
66140  33.566  -1.923  78.393 0.0000000000
65022  30.035  -1.773  73.920 0.0000000000
65039  30.356  -2.226  73.018 0.0000000000
151172  36.085  8.405  71.939 0.0000000000
73473  31.850  5.911  69.923 0.0000000000
74537  32.687  6.404  69.660 0.0000000000
73487  32.000  5.919  69.023 0.0000000000
86325  52.384  16.991  62.983 0.0000000000
86326  51.307  17.143  62.728 0.0000000000
76710  37.496  8.630  68.630 0.0000000000
75654  36.172  8.144  68.424 0.0000000000
78878  40.712  10.163  71.313 0.0000000000
78895  40.507  10.359  70.597 0.0000000000
58506  19.331  -8.631  80.294 0.0000000000
58493  19.354  -8.419  81.308 0.0000000000
154267  25.931  -2.000  83.832 0.0000000000
64880  26.694  -1.683  83.356 0.0000000000
63735  24.610  -2.966  81.632 0.0000000000
63743  23.955  -3.293  80.181 0.0000000000
61683  22.631  -5.528  78.310 0.0000000000
60657  22.335  -6.358  78.596 0.0000000000
83211  45.401  14.743  63.303 0.0000000000
63679  24.881  -3.582  86.660 0.0000000000
83152  41.255  14.611  68.042 0.0000000000
84190  41.551  15.282  67.539 0.0000000000
84202  41.770  15.232  66.747 0.0000000000
83165  42.141  15.051  66.125 0.0000000000
82154  41.607  13.598  63.816 0.0000000000
82174  41.457  13.370  62.927 0.0000000000
59509  22.892  -7.974  85.514 0.0000000000
58437  22.253  -8.225  85.153 0.0000000000
137355  20.905  -8.531  85.867 0.0000000000
143849  15.168  -8.842  88.374 0.0000000000
157963  35.426  3.669  78.177 0.0000000000
154418  29.616  -1.869  78.937 0.0000000000
136893  30.323  -2.209  78.879 0.0000000000
66205  28.871  -1.566  74.974 0.0000000000
75603  34.170  7.436  72.688 0.0000000000
74496  33.933  7.318  71.747 0.0000000000
73455  31.831  5.833  70.846 0.0000000000
86306  52.881  17.389  63.700 0.0000000000
86287  54.503  17.429  64.796 0.0000000000
86305  54.023  17.268  63.968 0.0000000000
80061  39.091  12.072  65.803 0.0000000000
78981  37.362  10.583  65.431 0.0000000000
77840  38.244  9.584  68.005 0.0000000000
77855  36.681  9.298  66.174 0.0000000000
77871  36.378  9.419  65.390 0.0000000000
80031  40.067  12.291  67.873 0.0000000000
155434  32.194  -2.167  85.743 0.0000000000
64857  31.720  -2.363  84.797 0.0000000000
64876  30.793  -2.338  84.063 0.0000000000
133787  30.573  -2.358  83.336 0.0000000000
64899  27.630  -1.600  82.871 0.0000000000
64918  27.554  -1.634  82.063 0.0000000000
141534  26.757  -1.594  81.726 0.0000000000
132831  28.397  -1.807  81.616 0.0000000000
66109  28.336  -1.732  80.784 0.0000000000
66128  27.441  -1.455  79.568 0.0000000000
66130  26.000  -1.550  79.236 0.0000000000
66144  26.760  -1.441  78.935 0.0000000000
66163  25.860  -1.577  77.266 0.0000000000
66181  25.685  -1.769  76.366 0.0000000000
71383  31.677  3.434  73.454 0.0000000000
85235  48.733  16.811  66.650 0.0000000000
84233  47.350  15.601  64.366 0.0000000000
150266  49.148  16.418  65.993 0.0000000000
85263  49.956  16.252  65.840 0.0000000000
84230  51.240  15.600  65.006 0.0000000000
84229  52.254  15.504  64.976 0.0000000000
60617  23.253  -6.178  81.988 0.0000000000
60602  23.279  -6.417  82.877 0.0000000000
153063  23.306  -6.635  83.552 0.0000000000
59536  23.146  -7.123  84.126 0.0000000000
60576  24.255  -6.235  86.257 0.0000000000
58396  23.205  -8.410  87.669 0.0000000000
64796  32.914  -1.773  87.032 0.0000000000
64838  29.702  -1.824  85.203 0.0000000000
66050  27.311  -1.507  84.891 0.0000000000
150301  24.696  -3.479  83.591 0.0000000000
159647  24.870  -3.262  84.024 0.0000000000
80076  38.427  11.746  64.391 0.0000000000
86256  45.459  17.951  67.044 0.0000000000
85251  44.400  16.753  66.147 0.0000000000
83189  43.372  14.709  64.447 0.0000000000
83188  44.231  14.852  64.243 0.0000000000
83236  44.829  14.459  62.727 0.0000000000
58492  21.359  -7.937  81.580 0.0000000000
146157  20.377  -8.228  81.530 0.0000000000
58458  21.117  -8.347  83.834 0.0000000000
58494  18.370  -8.669  81.495 0.0000000000
58495  17.578  -8.976  81.750 0.0000000000
57400  16.898  -9.323  82.099 0.0000000000
58419  18.443  -8.488  86.429 0.0000000000
58420  17.684  -8.473  85.954 0.0000000000
134962  17.089  -8.475  88.537 0.0000000000
58381  16.823  -8.498  87.552 0.0000000000
58442  16.618  -8.599  84.823 0.0000000000
57385  15.894  -9.002  84.328 0.0000000000
57386  15.273  -9.444  84.785 0.0000000000
57394  15.351  -9.738  83.809 0.0000000000
57302  12.714  -8.264  92.308 0.0000000000
158394  12.090  -8.195  92.566 0.0000000000
57303  11.604  -8.218  92.762 0.0000000000
57295  10.876  -8.373  93.019 0.0000000000
76677  38.438  8.876  72.374 0.0000000000
75602  34.846  7.934  72.993 0.0000000000
72398  31.917  4.262  73.663 0.0000000000
72371  33.516  5.008  75.525 0.0000000000
73415  33.240  5.384  74.853 0.0000000000
70318  31.992  2.560  73.723 0.0000000000
145360  33.163  0.663  75.007 0.0000000000
67270  33.096  -0.710  72.524 0.0000000000
66234  32.681  -1.687  71.946 0.0000000000
64873  32.771  -2.006  84.334 0.0000000000
66048  33.238  -1.736  84.208 0.0000000000
64897  32.178  -2.322  83.358 0.0000000000
150093  33.018  -1.873  83.864 0.0000000000
66079  33.925  -1.509  83.057 0.0000000000
136423  32.269  -2.658  81.727 0.0000000000
67170  34.604  -1.053  81.829 0.0000000000
68205  35.270  -0.101  79.420 0.0000000000
67220  33.774  -0.854  77.314 0.0000000000
66192  32.601  -1.229  75.595 0.0000000000
140069  31.207  -2.011  77.233 0.0000000000
66176  32.016  -1.567  75.988 0.0000000000
65056  31.323  -2.816  71.943 0.0000000000
75635  35.323  7.767  68.746 0.0000000000
75636  34.899  7.529  68.088 0.0000000000
74508  33.972  7.328  70.726 0.0000000000
74521  34.011  7.279  69.870 0.0000000000
74536  33.430  6.834  69.382 0.0000000000
83181  55.635  15.012  64.569 0.0000000000
59494  23.626  -7.865  87.094 0.0000000000
63742  24.434  -2.894  80.657 0.0000000000
