#!ascii label  , from subject sub-v2s16x51298_ses-1 vox2ras=TkReg
1396
49315  12.647  -16.236  91.136 0.0000000000
75701  42.552  7.833  64.890 0.0000000000
138463  30.888  -8.429  81.349 0.0000000000
62579  40.284  -4.086  85.111 0.0000000000
133164  24.005  -12.419  82.254 0.0000000000
51503  20.589  -14.644  90.864 0.0000000000
157765  55.847  10.626  62.856 0.0000000000
81071  49.063  12.713  69.737 0.0000000000
68251  39.075  0.926  74.893 0.0000000000
83278  54.244  14.697  56.667 0.0000000000
57346  29.543  -9.049  88.252 0.0000000000
50353  16.760  -15.542  91.078 0.0000000000
78949  53.243  10.823  66.300 0.0000000000
77887  48.196  9.915  64.193 0.0000000000
73485  42.538  5.207  68.515 0.0000000000
75633  44.948  7.536  69.739 0.0000000000
72438  40.603  4.234  69.484 0.0000000000
61692  36.256  -5.522  77.743 0.0000000000
59535  35.830  -7.767  83.284 0.0000000000
54038  26.361  -11.607  88.554 0.0000000000
53993  22.750  -12.661  93.694 0.0000000000
134430  21.978  -14.014  86.998 0.0000000000
51571  17.594  -14.467  86.577 0.0000000000
56341  27.147  -9.810  81.782 0.0000000000
82150  60.557  15.366  64.252 0.0000000000
80018  59.048  13.042  67.616 0.0000000000
77868  45.319  9.690  66.009 0.0000000000
71367  40.576  4.592  74.627 0.0000000000
66124  39.753  -1.774  79.159 0.0000000000
84268  57.978  16.044  61.780 0.0000000000
85378  59.731  16.215  57.957 0.0000000000
87445  61.104  18.833  51.257 0.0000000000
57322  28.114  -9.786  91.327 0.0000000000
50354  15.274  -16.068  91.211 0.0000000000
49285  17.090  -16.610  93.595 0.0000000000
49287  14.505  -16.958  93.496 0.0000000000
77917  49.227  10.046  62.755 0.0000000000
73442  43.984  5.393  71.527 0.0000000000
74507  45.018  6.586  70.828 0.0000000000
52731  10.684  -13.178  96.156 0.0000000000
72472  39.727  4.420  66.451 0.0000000000
134596  31.161  -7.593  78.565 0.0000000000
135701  34.078  -7.257  79.351 0.0000000000
58471  33.273  -8.287  82.054 0.0000000000
54081  25.445  -12.262  85.518 0.0000000000
52803  24.313  -13.108  88.530 0.0000000000
52874  23.345  -13.266  84.655 0.0000000000
55245  25.972  -11.030  81.814 0.0000000000
55213  26.660  -11.425  85.532 0.0000000000
52755  21.635  -13.870  92.173 0.0000000000
80086  58.387  11.753  63.734 0.0000000000
149241  60.168  14.605  66.449 0.0000000000
78968  57.209  11.514  65.226 0.0000000000
80026  51.522  11.640  67.670 0.0000000000
139158  54.290  12.308  69.698 0.0000000000
76798  42.713  8.429  63.514 0.0000000000
137598  44.848  9.219  63.913 0.0000000000
76774  44.085  8.902  65.402 0.0000000000
70327  37.509  2.670  72.577 0.0000000000
71391  38.798  4.048  72.671 0.0000000000
70291  39.709  2.560  75.138 0.0000000000
62624  38.666  -4.720  81.305 0.0000000000
63763  38.390  -3.231  78.582 0.0000000000
63732  40.048  -3.148  81.732 0.0000000000
80108  54.876  11.633  61.518 0.0000000000
82165  56.683  13.375  62.232 0.0000000000
81154  57.172  12.201  61.693 0.0000000000
82179  59.549  14.321  61.598 0.0000000000
87447  58.268  18.632  51.733 0.0000000000
85433  58.006  16.217  54.042 0.0000000000
85431  60.678  16.782  54.727 0.0000000000
84360  57.068  14.936  56.714 0.0000000000
58436  29.677  -8.701  84.479 0.0000000000
134725  32.060  -8.957  85.139 0.0000000000
58357  30.777  -8.432  88.680 0.0000000000
50361  18.672  -15.365  90.621 0.0000000000
49296  20.806  -16.866  91.906 0.0000000000
49283  18.704  -16.981  93.768 0.0000000000
79031  53.167  10.475  62.380 0.0000000000
78996  54.579  10.355  64.815 0.0000000000
134548  51.760  9.988  64.069 0.0000000000
78975  50.220  10.591  65.445 0.0000000000
78953  48.821  10.975  66.337 0.0000000000
74576  42.595  6.433  66.356 0.0000000000
75673  43.750  7.633  66.668 0.0000000000
74548  43.824  6.268  68.665 0.0000000000
66211  38.031  -1.071  74.011 0.0000000000
66027  40.827  -1.200  86.067 0.0000000000
148380  10.989  -15.016  92.296 0.0000000000
49280  12.364  -16.719  93.882 0.0000000000
150232  11.027  -15.045  94.403 0.0000000000
74600  40.707  6.542  64.449 0.0000000000
73514  40.888  5.126  66.190 0.0000000000
72449  41.736  4.740  68.539 0.0000000000
72413  42.444  4.837  71.634 0.0000000000
60678  34.171  -6.564  76.352 0.0000000000
60642  36.186  -6.316  79.907 0.0000000000
60591  38.571  -6.456  83.887 0.0000000000
59492  35.152  -7.849  86.317 0.0000000000
60561  37.095  -6.329  87.084 0.0000000000
55155  26.156  -11.128  91.320 0.0000000000
55138  24.666  -11.169  95.219 0.0000000000
142980  24.290  -12.448  91.240 0.0000000000
148362  23.020  -13.471  90.537 0.0000000000
51522  20.837  -14.156  89.249 0.0000000000
52857  20.976  -13.751  84.871 0.0000000000
51568  19.866  -14.296  86.844 0.0000000000
138326  19.133  -14.527  89.058 0.0000000000
51526  17.836  -14.844  89.360 0.0000000000
50379  15.119  -15.558  89.056 0.0000000000
50394  12.940  -15.155  88.805 0.0000000000
59605  28.913  -7.561  78.376 0.0000000000
159916  27.532  -8.254  78.693 0.0000000000
57405  28.516  -8.540  81.484 0.0000000000
157171  28.365  -9.797  84.997 0.0000000000
56285  27.627  -10.684  88.790 0.0000000000
80085  61.121  11.159  63.988 0.0000000000
80042  55.666  11.972  67.643 0.0000000000
135840  45.935  9.553  62.978 0.0000000000
77888  46.976  9.963  65.099 0.0000000000
78937  46.557  11.171  67.950 0.0000000000
76728  44.963  9.123  67.455 0.0000000000
78926  45.933  10.156  70.083 0.0000000000
71419  38.395  3.608  69.524 0.0000000000
72415  40.713  4.573  71.811 0.0000000000
73414  42.611  5.154  74.583 0.0000000000
133204  38.178  -2.111  75.785 0.0000000000
67218  39.890  -0.475  77.180 0.0000000000
67152  41.587  -0.533  82.112 0.0000000000
68204  41.851  0.376  79.424 0.0000000000
69253  41.014  1.680  76.720 0.0000000000
71321  42.062  3.407  76.885 0.0000000000
73383  43.486  5.293  77.181 0.0000000000
84302  55.862  15.495  59.704 0.0000000000
146363  58.090  16.560  60.309 0.0000000000
86338  60.677  17.313  61.144 0.0000000000
153545  28.672  -9.437  93.595 0.0000000000
49314  13.428  -16.311  90.970 0.0000000000
49312  14.767  -16.397  91.878 0.0000000000
49302  13.137  -16.744  92.377 0.0000000000
140435  43.908  5.215  72.387 0.0000000000
73433  44.695  5.646  72.109 0.0000000000
55132  9.200  -11.123  96.419 0.0000000000
59580  30.846  -8.083  80.050 0.0000000000
59578  32.608  -7.927  80.121 0.0000000000
58488  32.430  -8.391  81.662 0.0000000000
144693  24.767  -12.433  83.972 0.0000000000
52853  24.363  -13.035  85.710 0.0000000000
52895  23.454  -12.987  83.832 0.0000000000
55258  25.153  -11.157  80.150 0.0000000000
55237  24.778  -12.021  82.044 0.0000000000
55228  25.430  -11.975  83.639 0.0000000000
51502  21.286  -14.269  91.548 0.0000000000
146368  21.863  -15.909  91.698 0.0000000000
79012  57.009  11.043  62.845 0.0000000000
80073  58.139  11.989  64.768 0.0000000000
78994  56.358  10.766  64.409 0.0000000000
80003  49.749  12.342  68.730 0.0000000000
81069  51.294  12.773  70.016 0.0000000000
76787  42.268  8.018  64.040 0.0000000000
76785  43.757  8.759  64.578 0.0000000000
76775  43.302  8.327  65.226 0.0000000000
68264  37.781  0.731  73.006 0.0000000000
144432  38.181  1.494  73.581 0.0000000000
70306  38.727  2.920  74.044 0.0000000000
69271  39.342  1.826  75.056 0.0000000000
62607  39.901  -4.738  83.274 0.0000000000
62623  39.285  -4.265  81.666 0.0000000000
62613  40.158  -3.989  82.865 0.0000000000
79043  55.071  11.139  61.715 0.0000000000
81155  56.326  12.166  61.603 0.0000000000
79027  56.814  11.381  62.077 0.0000000000
80104  57.970  12.197  61.842 0.0000000000
154331  55.921  16.198  53.888 0.0000000000
84380  55.261  15.347  55.219 0.0000000000
84379  56.761  15.053  55.843 0.0000000000
83269  55.531  14.653  57.434 0.0000000000
57368  29.794  -8.889  86.000 0.0000000000
58394  30.402  -8.811  86.192 0.0000000000
58358  30.106  -8.570  88.662 0.0000000000
50352  18.019  -15.552  91.053 0.0000000000
49311  18.362  -16.166  91.998 0.0000000000
50341  17.845  -15.963  91.899 0.0000000000
150044  17.232  -17.326  95.278 0.0000000000
134790  18.392  -17.746  95.719 0.0000000000
151728  52.051  10.360  62.500 0.0000000000
79017  52.815  10.148  63.242 0.0000000000
79019  50.939  10.232  62.645 0.0000000000
77902  48.735  9.899  63.472 0.0000000000
77885  50.090  10.017  64.127 0.0000000000
77886  49.105  10.039  64.281 0.0000000000
78976  49.339  10.633  65.569 0.0000000000
79001  48.334  10.226  64.926 0.0000000000
73500  42.451  5.469  67.635 0.0000000000
74562  43.583  6.462  67.793 0.0000000000
73499  43.128  5.804  68.100 0.0000000000
79046  52.721  10.863  61.685 0.0000000000
51493  10.995  -15.257  92.951 0.0000000000
52747  10.191  -13.733  93.392 0.0000000000
73544  40.206  5.899  64.690 0.0000000000
73529  41.347  5.706  65.806 0.0000000000
73530  40.592  5.458  65.463 0.0000000000
72450  39.893  4.039  67.994 0.0000000000
72460  40.498  4.458  67.401 0.0000000000
154061  40.801  4.385  68.498 0.0000000000
72424  41.651  4.554  70.226 0.0000000000
72425  41.001  4.345  70.180 0.0000000000
60679  33.332  -6.855  76.511 0.0000000000
135008  34.517  -7.384  80.825 0.0000000000
60644  34.774  -6.940  79.363 0.0000000000
60616  36.045  -6.879  81.087 0.0000000000
60614  37.323  -6.402  81.812 0.0000000000
59550  37.127  -7.173  83.067 0.0000000000
58371  32.773  -8.361  87.650 0.0000000000
152001  33.591  -8.794  85.189 0.0000000000
151580  34.051  -7.734  87.784 0.0000000000
61590  36.016  -5.620  89.280 0.0000000000
61587  38.024  -4.810  88.073 0.0000000000
55163  26.225  -11.302  90.447 0.0000000000
55164  25.609  -11.588  90.950 0.0000000000
55171  25.618  -11.758  90.038 0.0000000000
135308  23.468  -13.530  87.449 0.0000000000
142847  23.740  -13.361  89.083 0.0000000000
148059  23.078  -13.621  88.834 0.0000000000
52777  22.173  -13.736  90.248 0.0000000000
52805  21.547  -14.022  88.506 0.0000000000
52913  21.187  -13.016  82.905 0.0000000000
51587  18.657  -14.108  85.558 0.0000000000
51586  19.445  -14.050  85.560 0.0000000000
51550  19.035  -14.416  87.130 0.0000000000
51549  19.697  -14.387  87.962 0.0000000000
140500  18.722  -14.502  88.045 0.0000000000
51536  18.318  -14.613  88.802 0.0000000000
51552  17.367  -14.645  87.409 0.0000000000
134170  14.209  -15.781  89.309 0.0000000000
59633  29.434  -7.111  76.768 0.0000000000
137022  28.232  -7.209  77.077 0.0000000000
57414  26.761  -9.711  80.261 0.0000000000
151703  27.441  -8.976  79.998 0.0000000000
132760  28.167  -8.364  80.048 0.0000000000
137678  27.792  -8.984  81.620 0.0000000000
57391  28.595  -8.996  83.669 0.0000000000
57392  27.908  -9.641  83.633 0.0000000000
147862  26.673  -11.503  87.149 0.0000000000
149041  27.223  -11.136  86.720 0.0000000000
55177  27.100  -11.158  88.309 0.0000000000
55162  26.858  -10.960  90.031 0.0000000000
53981  23.134  -12.316  94.611 0.0000000000
49271  12.750  -16.639  95.944 0.0000000000
48269  13.935  -17.182  95.793 0.0000000000
140467  61.419  15.483  64.822 0.0000000000
81096  59.772  13.544  67.202 0.0000000000
80071  61.268  12.789  65.458 0.0000000000
78944  60.058  11.509  66.433 0.0000000000
78945  59.490  10.560  66.480 0.0000000000
151280  53.716  10.590  65.762 0.0000000000
78947  54.976  11.140  66.462 0.0000000000
78948  54.094  10.949  66.421 0.0000000000
79997  56.150  11.246  69.262 0.0000000000
142928  45.137  9.523  65.208 0.0000000000
77889  45.324  9.438  64.416 0.0000000000
133969  45.981  9.757  65.200 0.0000000000
78955  46.976  10.845  66.777 0.0000000000
78956  46.244  10.710  67.146 0.0000000000
75653  44.602  7.617  68.432 0.0000000000
76753  44.397  8.392  66.905 0.0000000000
76729  44.793  8.315  68.156 0.0000000000
142659  37.451  3.454  70.132 0.0000000000
71380  39.728  4.422  73.621 0.0000000000
72416  39.554  4.330  71.867 0.0000000000
134892  40.412  4.785  73.430 0.0000000000
72395  41.841  5.066  73.280 0.0000000000
72369  41.819  4.907  75.190 0.0000000000
61717  35.374  -5.544  75.696 0.0000000000
62668  36.513  -4.648  76.556 0.0000000000
63762  38.907  -2.830  79.004 0.0000000000
63773  38.176  -2.946  77.621 0.0000000000
64979  39.108  -1.889  77.878 0.0000000000
66173  38.710  -1.562  76.240 0.0000000000
66155  39.490  -1.239  77.512 0.0000000000
157322  41.414  -0.740  84.470 0.0000000000
69221  42.926  1.331  79.635 0.0000000000
68209  41.766  0.644  78.645 0.0000000000
157853  42.706  1.846  78.360 0.0000000000
70247  42.025  2.556  77.226 0.0000000000
71304  43.113  3.267  78.101 0.0000000000
83223  57.641  15.308  62.250 0.0000000000
145590  57.029  16.421  61.289 0.0000000000
84301  56.703  15.734  59.559 0.0000000000
85337  57.662  16.557  60.925 0.0000000000
148014  60.032  14.206  61.983 0.0000000000
84266  60.056  16.686  61.300 0.0000000000
84259  60.974  16.573  63.226 0.0000000000
84283  61.478  17.027  61.284 0.0000000000
87446  59.692  18.772  51.131 0.0000000000
85415  60.132  16.244  55.672 0.0000000000
149050  61.674  17.080  56.515 0.0000000000
85377  60.886  16.742  58.101 0.0000000000
57333  28.859  -9.524  89.785 0.0000000000
145040  29.857  -8.251  90.216 0.0000000000
58307  29.224  -8.592  92.338 0.0000000000
148290  16.102  -15.806  91.323 0.0000000000
157981  17.270  -16.016  92.070 0.0000000000
50343  15.781  -16.155  91.929 0.0000000000
49286  16.178  -16.650  93.449 0.0000000000
48275  16.419  -17.380  95.606 0.0000000000
79034  47.880  10.156  61.969 0.0000000000
77919  47.448  9.837  62.776 0.0000000000
73472  42.806  5.155  69.408 0.0000000000
73471  43.551  5.546  69.812 0.0000000000
73452  44.428  5.845  70.900 0.0000000000
73440  45.444  6.482  71.778 0.0000000000
52739  10.067  -13.229  94.278 0.0000000000
155575  9.541  -11.992  94.917 0.0000000000
53951  10.198  -12.446  96.566 0.0000000000
72482  39.409  4.642  65.674 0.0000000000
71427  39.133  3.818  67.544 0.0000000000
59613  33.093  -7.173  77.262 0.0000000000
59588  32.633  -7.525  78.827 0.0000000000
59569  33.900  -7.741  80.999 0.0000000000
58450  34.993  -8.040  83.066 0.0000000000
54052  25.549  -12.300  87.287 0.0000000000
138651  24.995  -12.562  88.785 0.0000000000
54053  24.911  -12.736  86.832 0.0000000000
52831  23.682  -13.449  86.615 0.0000000000
52832  22.854  -13.740  86.670 0.0000000000
141845  16.879  -14.609  86.643 0.0000000000
51589  15.924  -14.238  85.501 0.0000000000
56369  25.628  -10.648  79.676 0.0000000000
148642  26.487  -10.411  81.570 0.0000000000
152944  27.316  -10.397  83.705 0.0000000000
55227  26.129  -11.397  83.380 0.0000000000
55220  26.064  -11.798  85.094 0.0000000000
52754  22.093  -13.558  92.996 0.0000000000
82151  60.045  14.167  63.972 0.0000000000
83173  60.487  15.061  65.850 0.0000000000
81121  59.194  13.783  65.629 0.0000000000
81108  58.676  13.654  66.610 0.0000000000
81109  58.249  13.419  67.271 0.0000000000
80045  52.582  11.218  67.102 0.0000000000
80025  53.230  11.651  67.892 0.0000000000
80001  52.475  11.858  68.219 0.0000000000
81050  53.521  12.557  71.225 0.0000000000
77906  44.694  9.208  62.981 0.0000000000
77891  44.210  8.970  63.849 0.0000000000
77890  44.566  9.207  64.738 0.0000000000
77869  44.738  9.344  65.651 0.0000000000
158448  45.661  8.354  70.584 0.0000000000
70346  36.908  3.116  71.209 0.0000000000
71402  37.923  3.756  71.626 0.0000000000
70326  37.916  3.238  72.903 0.0000000000
71369  39.261  3.643  74.128 0.0000000000
71353  40.406  3.950  75.144 0.0000000000
61679  37.030  -5.147  79.011 0.0000000000
137458  37.212  -4.266  77.771 0.0000000000
144377  38.074  -4.345  79.855 0.0000000000
63740  39.146  -3.480  80.418 0.0000000000
64929  40.106  -2.282  80.819 0.0000000000
82184  54.343  12.827  61.832 0.0000000000
82167  55.168  13.186  62.558 0.0000000000
82183  55.264  12.691  61.825 0.0000000000
82181  57.063  12.803  61.810 0.0000000000
157091  57.898  13.447  61.787 0.0000000000
83241  58.860  15.062  61.418 0.0000000000
82180  58.655  13.709  61.608 0.0000000000
81145  58.932  12.479  62.206 0.0000000000
136495  55.851  16.826  53.381 0.0000000000
85452  58.035  17.238  52.644 0.0000000000
86448  59.454  17.642  52.273 0.0000000000
86447  60.693  17.643  52.767 0.0000000000
143897  58.813  16.288  54.230 0.0000000000
84377  58.522  15.515  55.883 0.0000000000
84342  57.879  15.341  57.398 0.0000000000
141339  30.486  -8.533  82.938 0.0000000000
141379  31.855  -8.856  83.955 0.0000000000
58435  30.770  -8.775  84.928 0.0000000000
58393  31.812  -8.801  86.633 0.0000000000
59457  31.919  -7.585  89.453 0.0000000000
154299  19.303  -15.109  90.454 0.0000000000
49309  20.005  -16.025  91.169 0.0000000000
49310  19.028  -16.145  91.587 0.0000000000
49297  19.821  -16.721  92.213 0.0000000000
49284  17.960  -16.705  93.763 0.0000000000
48281  19.322  -17.704  94.699 0.0000000000
151760  54.481  10.400  62.813 0.0000000000
79015  54.705  10.271  63.746 0.0000000000
79016  53.752  10.220  63.200 0.0000000000
135803  53.099  10.101  64.584 0.0000000000
78973  52.119  10.224  64.947 0.0000000000
77900  50.514  10.020  63.425 0.0000000000
154379  51.320  10.164  64.576 0.0000000000
149867  51.607  10.661  65.777 0.0000000000
78951  50.771  10.928  66.151 0.0000000000
80047  50.098  11.392  66.937 0.0000000000
80029  48.438  11.946  68.002 0.0000000000
75691  42.620  7.247  65.608 0.0000000000
75690  43.232  7.794  65.851 0.0000000000
74575  43.341  6.770  66.942 0.0000000000
74561  43.967  7.187  67.578 0.0000000000
74547  44.271  6.939  68.522 0.0000000000
74534  44.086  6.139  69.509 0.0000000000
137783  44.549  6.788  69.402 0.0000000000
75621  45.083  7.339  70.240 0.0000000000
67244  38.752  0.014  74.578 0.0000000000
146451  40.614  -2.683  85.357 0.0000000000
82185  53.436  12.949  61.742 0.0000000000
80110  53.221  11.576  61.386 0.0000000000
79045  53.613  10.929  61.678 0.0000000000
85397  52.009  16.141  55.812 0.0000000000
83280  52.423  15.129  56.634 0.0000000000
49316  11.890  -15.915  91.567 0.0000000000
156114  12.439  -16.615  92.573 0.0000000000
50335  11.495  -15.950  93.030 0.0000000000
143141  11.713  -16.202  93.806 0.0000000000
50327  11.761  -15.406  95.785 0.0000000000
52738  10.484  -13.550  95.037 0.0000000000
75702  41.841  7.476  64.420 0.0000000000
75703  41.089  7.165  64.097 0.0000000000
74599  41.446  6.846  64.763 0.0000000000
74591  41.888  6.468  65.528 0.0000000000
73512  42.240  5.702  66.843 0.0000000000
73501  41.790  5.194  67.261 0.0000000000
72471  40.431  4.666  66.617 0.0000000000
72459  41.337  4.746  67.745 0.0000000000
72448  42.168  4.821  69.137 0.0000000000
73454  42.947  5.066  70.266 0.0000000000
72412  43.085  4.981  71.163 0.0000000000
72403  43.087  4.993  72.135 0.0000000000
61693  35.637  -5.947  77.346 0.0000000000
59599  34.046  -7.094  77.998 0.0000000000
60655  35.213  -6.626  78.610 0.0000000000
61680  36.416  -5.657  78.582 0.0000000000
61661  37.442  -5.562  80.601 0.0000000000
61645  38.697  -5.658  82.570 0.0000000000
61622  39.615  -5.333  85.006 0.0000000000
141398  32.868  -8.823  83.829 0.0000000000
136765  34.693  -8.336  83.890 0.0000000000
59507  35.648  -8.011  85.077 0.0000000000
59455  35.059  -6.648  88.564 0.0000000000
136763  35.841  -7.451  86.471 0.0000000000
59490  37.080  -7.144  85.709 0.0000000000
60575  37.846  -6.849  85.194 0.0000000000
61615  38.675  -5.657  86.211 0.0000000000
138407  39.572  -4.251  86.470 0.0000000000
56245  26.268  -10.138  94.222 0.0000000000
55150  25.253  -11.243  92.618 0.0000000000
55151  24.381  -11.613  93.052 0.0000000000
132763  23.186  -12.512  92.831 0.0000000000
54029  24.401  -12.924  89.363 0.0000000000
52776  23.667  -12.985  90.851 0.0000000000
135631  22.818  -13.247  91.538 0.0000000000
155948  22.183  -13.531  91.192 0.0000000000
52767  21.414  -13.858  91.350 0.0000000000
51513  20.381  -14.441  90.453 0.0000000000
54111  22.716  -13.010  83.163 0.0000000000
52876  21.756  -13.559  84.554 0.0000000000
52856  21.727  -13.840  85.471 0.0000000000
52877  19.673  -13.530  84.340 0.0000000000
150889  20.802  -14.040  85.665 0.0000000000
154149  21.173  -14.169  86.931 0.0000000000
51548  20.653  -14.242  88.275 0.0000000000
51535  19.999  -14.388  89.032 0.0000000000
133815  19.683  -14.586  90.095 0.0000000000
51514  19.027  -14.932  90.173 0.0000000000
51515  18.437  -14.943  89.953 0.0000000000
50378  16.954  -15.155  89.564 0.0000000000
51538  16.787  -14.952  87.880 0.0000000000
133009  16.114  -15.319  88.927 0.0000000000
133375  15.966  -15.474  89.729 0.0000000000
50380  14.967  -15.831  89.865 0.0000000000
49320  13.989  -16.092  90.183 0.0000000000
49321  12.973  -16.067  90.234 0.0000000000
50367  12.211  -15.725  90.716 0.0000000000
52768  11.250  -14.656  91.106 0.0000000000
59631  31.048  -7.231  77.061 0.0000000000
59603  30.305  -7.592  78.514 0.0000000000
151253  30.092  -8.017  80.016 0.0000000000
59606  28.165  -7.862  78.742 0.0000000000
58511  28.829  -8.075  79.896 0.0000000000
134771  29.711  -8.422  82.011 0.0000000000
58456  29.297  -8.618  83.701 0.0000000000
57383  29.048  -8.913  84.412 0.0000000000
57369  29.004  -9.573  87.016 0.0000000000
56320  27.687  -10.627  85.578 0.0000000000
56313  28.379  -10.114  86.589 0.0000000000
56284  28.318  -10.250  88.386 0.0000000000
56266  28.182  -10.049  90.218 0.0000000000
56259  27.325  -10.303  91.521 0.0000000000
133744  13.902  -17.168  94.157 0.0000000000
48276  15.297  -17.320  95.363 0.0000000000
82126  61.148  14.244  65.794 0.0000000000
78969  56.123  11.050  65.399 0.0000000000
80059  56.622  11.898  66.405 0.0000000000
81084  57.384  12.721  68.021 0.0000000000
80023  55.171  11.976  68.476 0.0000000000
80021  56.706  12.065  68.351 0.0000000000
78936  58.249  10.889  67.675 0.0000000000
77920  46.128  9.777  62.139 0.0000000000
155387  47.021  9.703  63.615 0.0000000000
77905  45.390  9.401  63.463 0.0000000000
145020  46.130  9.569  63.866 0.0000000000
133185  47.412  9.791  64.262 0.0000000000
78978  47.530  10.467  65.666 0.0000000000
78954  47.907  10.918  66.498 0.0000000000
150119  47.629  11.848  68.114 0.0000000000
76754  43.836  8.402  66.016 0.0000000000
138617  44.477  9.008  66.251 0.0000000000
77851  45.413  9.878  67.160 0.0000000000
140448  45.353  8.806  69.402 0.0000000000
77839  45.411  9.517  68.400 0.0000000000
156397  45.859  10.408  67.450 0.0000000000
78938  46.027  10.711  68.411 0.0000000000
80006  46.924  11.356  70.170 0.0000000000
71428  38.402  3.518  67.868 0.0000000000
154984  39.302  3.844  69.383 0.0000000000
71401  38.785  4.072  71.178 0.0000000000
72426  39.685  4.184  70.682 0.0000000000
140767  40.447  4.358  70.933 0.0000000000
138075  41.658  4.710  71.721 0.0000000000
153981  42.590  5.025  72.886 0.0000000000
149345  44.393  5.290  74.208 0.0000000000
63774  37.546  -3.575  77.287 0.0000000000
65004  37.992  -2.100  74.917 0.0000000000
67237  38.841  -0.614  75.164 0.0000000000
67236  39.317  0.047  75.467 0.0000000000
64853  41.043  -2.131  83.577 0.0000000000
66077  40.825  -1.993  81.974 0.0000000000
66105  40.925  -1.158  80.893 0.0000000000
150056  41.737  -0.095  80.844 0.0000000000
67201  40.770  -0.657  79.445 0.0000000000
140540  40.391  -0.252  77.781 0.0000000000
67227  40.061  0.119  76.684 0.0000000000
68236  40.046  1.176  76.000 0.0000000000
69254  40.457  1.813  76.114 0.0000000000
70266  41.572  3.094  76.556 0.0000000000
71337  41.802  3.974  76.408 0.0000000000
139533  43.437  4.217  78.301 0.0000000000
72343  42.835  4.731  77.025 0.0000000000
143205  42.226  4.830  75.874 0.0000000000
138663  43.410  5.309  75.680 0.0000000000
83263  53.249  14.706  58.198 0.0000000000
83261  55.275  14.740  58.378 0.0000000000
84322  56.031  15.143  58.892 0.0000000000
84300  57.484  15.779  59.024 0.0000000000
85368  58.933  16.379  59.180 0.0000000000
84267  58.910  16.222  61.157 0.0000000000
85335  59.494  16.925  60.643 0.0000000000
85366  60.496  16.879  59.113 0.0000000000
86357  61.293  17.253  59.821 0.0000000000
57287  27.064  -9.955  94.705 0.0000000000
57286  27.780  -9.958  94.786 0.0000000000
136300  13.055  -16.521  91.592 0.0000000000
136189  13.790  -16.505  91.732 0.0000000000
73424  44.409  5.284  73.099 0.0000000000
73432  45.447  6.036  72.537 0.0000000000
143845  31.123  -8.318  80.677 0.0000000000
58500  31.730  -8.396  81.091 0.0000000000
58489  31.501  -8.473  81.946 0.0000000000
54109  24.641  -12.299  83.031 0.0000000000
54110  24.156  -12.650  83.658 0.0000000000
137742  23.690  -12.674  83.054 0.0000000000
50348  21.221  -14.852  91.512 0.0000000000
50349  20.503  -15.242  91.027 0.0000000000
79013  56.403  10.717  63.363 0.0000000000
78993  57.098  11.023  63.932 0.0000000000
79014  55.655  10.487  63.658 0.0000000000
81070  50.051  12.765  69.786 0.0000000000
81054  49.460  12.671  70.361 0.0000000000
157980  42.907  7.842  65.391 0.0000000000
68252  38.649  0.894  74.231 0.0000000000
69287  38.789  1.872  74.345 0.0000000000
62594  40.090  -4.849  83.985 0.0000000000
62593  40.377  -4.203  84.351 0.0000000000
79029  55.614  10.864  62.073 0.0000000000
79028  56.338  10.907  62.453 0.0000000000
84381  54.448  15.378  55.284 0.0000000000
84361  54.886  14.864  56.001 0.0000000000
83277  55.651  14.714  56.614 0.0000000000
156096  55.013  14.628  56.838 0.0000000000
157187  29.454  -9.160  87.456 0.0000000000
58374  29.937  -8.771  87.518 0.0000000000
137015  17.548  -15.403  90.773 0.0000000000
146038  17.392  -15.686  91.450 0.0000000000
141107  51.214  10.622  61.855 0.0000000000
79032  50.362  10.419  62.067 0.0000000000
147027  48.998  10.362  65.033 0.0000000000
73484  43.348  5.633  68.961 0.0000000000
51494  10.599  -14.493  92.755 0.0000000000
74609  39.598  6.262  64.018 0.0000000000
73545  39.375  5.562  64.515 0.0000000000
73531  39.813  5.192  65.184 0.0000000000
138872  35.244  -7.470  81.875 0.0000000000
59567  35.289  -7.171  81.116 0.0000000000
136236  36.339  -7.414  82.746 0.0000000000
59551  36.864  -6.945  82.240 0.0000000000
59534  36.557  -7.570  83.536 0.0000000000
59476  33.394  -7.865  88.110 0.0000000000
58370  33.604  -8.203  87.295 0.0000000000
136708  33.934  -7.302  88.516 0.0000000000
55170  26.288  -11.466  89.551 0.0000000000
55178  25.658  -11.978  89.132 0.0000000000
52817  22.710  -13.785  87.424 0.0000000000
140187  22.934  -13.697  88.089 0.0000000000
154099  22.368  -13.797  88.658 0.0000000000
137807  22.179  -13.913  87.884 0.0000000000
149257  17.796  -14.294  85.801 0.0000000000
51570  18.429  -14.350  86.434 0.0000000000
51551  18.188  -14.468  87.272 0.0000000000
149503  18.024  -14.559  87.996 0.0000000000
148490  26.833  -9.451  79.587 0.0000000000
57406  27.254  -9.342  80.925 0.0000000000
57399  27.745  -9.259  82.305 0.0000000000
56334  27.385  -9.933  82.832 0.0000000000
54051  26.177  -11.832  87.647 0.0000000000
55185  26.698  -11.462  87.844 0.0000000000
49270  13.535  -16.970  96.628 0.0000000000
84243  61.218  16.270  63.890 0.0000000000
83199  61.526  16.017  64.203 0.0000000000
83179  61.085  15.894  64.701 0.0000000000
80038  60.113  12.741  66.915 0.0000000000
80039  59.679  12.456  67.191 0.0000000000
156941  59.627  11.513  66.846 0.0000000000
78935  59.127  11.616  67.324 0.0000000000
77867  45.906  10.125  66.499 0.0000000000
76708  45.193  8.157  69.811 0.0000000000
72397  40.267  4.692  74.044 0.0000000000
72396  40.962  4.975  73.878 0.0000000000
72382  41.167  4.887  74.678 0.0000000000
61706  36.106  -5.298  76.936 0.0000000000
61716  36.009  -5.117  76.123 0.0000000000
62659  36.663  -4.815  77.351 0.0000000000
64966  39.247  -2.157  78.678 0.0000000000
64967  38.733  -2.544  78.217 0.0000000000
66138  39.618  -1.480  78.338 0.0000000000
69199  43.516  1.864  80.116 0.0000000000
144068  42.881  1.561  78.914 0.0000000000
69220  43.329  1.872  79.332 0.0000000000
70246  42.664  2.481  77.921 0.0000000000
69230  43.250  2.338  78.673 0.0000000000
84260  57.160  16.115  62.237 0.0000000000
145523  56.653  16.330  61.923 0.0000000000
132788  57.394  16.353  61.616 0.0000000000
82163  60.522  15.387  62.888 0.0000000000
85278  61.299  16.672  63.286 0.0000000000
87465  60.403  19.302  50.729 0.0000000000
88390  61.402  19.584  50.737 0.0000000000
160222  62.222  19.774  50.831 0.0000000000
85396  60.174  16.165  56.599 0.0000000000
144029  60.862  16.590  56.305 0.0000000000
85395  60.995  16.610  57.031 0.0000000000
134371  61.808  16.939  57.319 0.0000000000
57321  28.783  -9.372  90.775 0.0000000000
136263  28.770  -9.086  91.680 0.0000000000
140268  15.323  -16.575  92.821 0.0000000000
148462  15.462  -16.957  93.861 0.0000000000
150043  15.667  -17.205  94.694 0.0000000000
77918  48.351  9.953  62.710 0.0000000000
79035  46.979  9.975  62.010 0.0000000000
73453  43.724  5.443  70.641 0.0000000000
53971  9.695  -12.470  94.261 0.0000000000
53960  9.674  -11.823  95.877 0.0000000000
53952  9.640  -11.785  97.038 0.0000000000
59615  31.496  -7.379  77.699 0.0000000000
59602  32.057  -7.481  78.251 0.0000000000
58487  33.225  -8.153  81.257 0.0000000000
59577  33.252  -7.863  80.487 0.0000000000
58486  33.832  -8.000  81.652 0.0000000000
150914  34.172  -8.112  82.397 0.0000000000
54063  25.513  -12.294  86.392 0.0000000000
54064  24.896  -12.698  85.987 0.0000000000
52854  23.969  -13.151  85.196 0.0000000000
52830  24.346  -13.129  86.363 0.0000000000
142901  23.840  -13.364  85.900 0.0000000000
154056  23.262  -13.569  86.095 0.0000000000
56350  25.392  -11.174  80.992 0.0000000000
56358  25.678  -10.809  80.424 0.0000000000
56349  26.024  -10.612  81.027 0.0000000000
55235  26.235  -11.119  82.640 0.0000000000
54095  25.336  -12.209  84.588 0.0000000000
55200  26.077  -11.844  85.935 0.0000000000
51492  21.729  -14.053  92.415 0.0000000000
81135  59.112  12.259  63.230 0.0000000000
81134  59.520  13.156  64.076 0.0000000000
144960  58.911  12.442  64.371 0.0000000000
158791  58.580  12.836  65.377 0.0000000000
80057  57.913  12.781  66.031 0.0000000000
80058  57.384  12.740  66.822 0.0000000000
149474  51.720  12.155  68.754 0.0000000000
81051  52.419  12.856  70.876 0.0000000000
157539  43.176  8.666  62.995 0.0000000000
77907  43.862  8.870  62.965 0.0000000000
147634  43.448  8.669  63.745 0.0000000000
70336  37.147  2.907  71.870 0.0000000000
71393  37.607  3.357  72.217 0.0000000000
70305  39.228  2.738  74.631 0.0000000000
70315  38.738  3.476  73.629 0.0000000000
70304  39.778  3.386  74.860 0.0000000000
62634  37.791  -4.922  80.191 0.0000000000
62641  37.604  -4.675  79.442 0.0000000000
62633  38.358  -4.493  80.512 0.0000000000
63723  39.845  -3.740  82.089 0.0000000000
63733  39.552  -3.503  81.171 0.0000000000
64912  39.929  -2.862  81.148 0.0000000000
64930  39.565  -2.830  80.390 0.0000000000
81157  54.604  12.332  61.548 0.0000000000
81156  55.457  12.214  61.546 0.0000000000
145332  57.896  12.804  61.729 0.0000000000
80095  58.339  11.834  62.615 0.0000000000
81144  59.679  13.012  62.841 0.0000000000
84392  56.543  15.821  54.352 0.0000000000
159164  56.954  16.536  53.372 0.0000000000
85444  57.514  16.693  53.190 0.0000000000
86440  58.774  17.313  52.652 0.0000000000
85443  58.617  16.719  53.372 0.0000000000
86439  59.616  17.162  53.134 0.0000000000
159556  57.328  15.082  56.128 0.0000000000
84378  57.631  15.378  55.560 0.0000000000
141521  57.864  15.236  56.399 0.0000000000
84359  58.647  15.524  56.768 0.0000000000
58455  30.140  -8.545  83.752 0.0000000000
144188  30.906  -8.690  84.214 0.0000000000
155140  30.257  -8.663  84.538 0.0000000000
58373  30.531  -8.735  87.166 0.0000000000
151012  31.030  -8.800  86.661 0.0000000000
58372  31.417  -8.702  87.258 0.0000000000
132842  31.946  -8.488  87.906 0.0000000000
58356  31.572  -8.245  88.676 0.0000000000
145168  19.165  -15.536  90.863 0.0000000000
136213  18.909  -16.580  92.606 0.0000000000
49282  19.611  -17.283  93.481 0.0000000000
49300  16.573  -16.281  92.620 0.0000000000
49299  17.516  -16.317  92.778 0.0000000000
132787  52.125  10.064  63.463 0.0000000000
78998  52.534  9.976  64.029 0.0000000000
77916  50.057  10.111  62.758 0.0000000000
78999  50.581  10.239  64.701 0.0000000000
78974  51.111  10.471  65.253 0.0000000000
78952  49.744  10.982  66.224 0.0000000000
80048  49.141  11.471  67.006 0.0000000000
75674  43.104  7.157  66.270 0.0000000000
73470  44.330  6.003  70.270 0.0000000000
74533  44.898  6.749  70.236 0.0000000000
74532  45.647  7.413  70.578 0.0000000000
67256  37.728  -0.410  73.161 0.0000000000
67255  38.269  -0.406  74.037 0.0000000000
81159  52.916  12.400  61.334 0.0000000000
81158  53.754  12.379  61.470 0.0000000000
79030  54.034  10.575  62.232 0.0000000000
84363  52.299  15.580  56.041 0.0000000000
51505  11.296  -15.194  91.682 0.0000000000
50344  11.391  -15.641  92.298 0.0000000000
51488  10.670  -14.656  93.714 0.0000000000
51487  11.192  -15.506  93.742 0.0000000000
50330  11.507  -15.719  94.680 0.0000000000
53959  10.033  -12.662  95.270 0.0000000000
75711  41.525  7.714  63.680 0.0000000000
74608  40.256  6.833  63.818 0.0000000000
74592  41.057  6.115  65.084 0.0000000000
73513  41.564  5.403  66.528 0.0000000000
72481  40.166  4.873  65.908 0.0000000000
73486  41.992  5.013  67.941 0.0000000000
72436  42.218  4.763  69.864 0.0000000000
72423  42.209  4.709  70.817 0.0000000000
153881  34.292  -6.296  75.673 0.0000000000
60677  34.872  -6.161  76.069 0.0000000000
60663  34.880  -6.398  77.010 0.0000000000
59600  33.544  -7.311  78.595 0.0000000000
153753  33.521  -7.201  77.810 0.0000000000
60643  35.473  -6.632  79.594 0.0000000000
60654  35.977  -6.227  79.043 0.0000000000
61671  36.609  -5.783  79.439 0.0000000000
61662  36.814  -5.939  80.255 0.0000000000
60601  37.619  -6.654  82.624 0.0000000000
61646  37.992  -6.026  82.208 0.0000000000
60600  38.349  -6.310  83.036 0.0000000000
61639  39.014  -5.854  83.403 0.0000000000
61630  39.224  -5.863  84.338 0.0000000000
58453  32.282  -8.681  83.158 0.0000000000
58433  32.420  -8.953  84.560 0.0000000000
58390  34.540  -8.194  86.161 0.0000000000
58431  34.295  -8.570  84.736 0.0000000000
58389  34.986  -8.234  85.458 0.0000000000
58430  35.189  -8.238  84.591 0.0000000000
60562  36.399  -6.575  87.517 0.0000000000
59491  36.583  -6.995  86.609 0.0000000000
146176  36.334  -7.450  85.927 0.0000000000
59505  37.240  -7.340  84.775 0.0000000000
155910  37.271  -6.671  86.373 0.0000000000
61600  38.292  -5.290  87.096 0.0000000000
61614  39.371  -5.172  85.884 0.0000000000
56252  26.440  -10.350  92.909 0.0000000000
56253  25.677  -10.662  93.386 0.0000000000
55149  25.970  -10.904  92.239 0.0000000000
55156  24.899  -11.787  91.734 0.0000000000
54005  24.004  -12.225  92.323 0.0000000000
54040  24.834  -12.769  87.812 0.0000000000
52791  23.103  -13.587  89.644 0.0000000000
52790  23.774  -13.261  89.933 0.0000000000
138505  21.762  -13.891  89.383 0.0000000000
52778  21.027  -14.042  90.309 0.0000000000
51512  20.904  -14.262  90.966 0.0000000000
151617  21.126  -13.484  84.210 0.0000000000
52896  21.728  -13.268  83.629 0.0000000000
153095  19.354  -13.298  83.738 0.0000000000
52878  18.915  -13.514  84.183 0.0000000000
52835  20.014  -14.158  85.963 0.0000000000
52834  20.631  -14.207  86.485 0.0000000000
52819  20.550  -14.259  87.340 0.0000000000
154872  19.592  -14.494  89.664 0.0000000000
51524  19.139  -14.663  89.820 0.0000000000
50377  17.702  -15.153  90.100 0.0000000000
51573  16.076  -14.625  86.265 0.0000000000
51553  16.424  -14.825  87.076 0.0000000000
50391  15.389  -15.356  88.250 0.0000000000
50390  16.257  -15.195  88.239 0.0000000000
50364  15.825  -15.685  90.592 0.0000000000
151586  13.556  -15.561  88.952 0.0000000000
50381  13.505  -15.860  89.614 0.0000000000
50382  12.933  -15.605  89.481 0.0000000000
50366  12.434  -15.507  90.032 0.0000000000
51516  11.772  -14.961  90.351 0.0000000000
142987  11.650  -15.335  91.066 0.0000000000
52779  11.183  -13.972  90.465 0.0000000000
59618  29.051  -7.325  77.436 0.0000000000
59617  29.754  -7.474  78.025 0.0000000000
59590  30.405  -7.808  79.290 0.0000000000
59604  29.608  -7.677  78.842 0.0000000000
58521  27.534  -7.875  78.092 0.0000000000
132977  28.219  -7.513  77.880 0.0000000000
58502  28.713  -8.358  80.663 0.0000000000
59593  28.372  -8.084  79.446 0.0000000000
59581  29.468  -8.179  80.369 0.0000000000
58491  29.409  -8.387  81.276 0.0000000000
135773  29.041  -8.447  82.166 0.0000000000
144150  28.813  -9.374  85.089 0.0000000000
57376  29.067  -9.341  86.022 0.0000000000
153523  27.291  -10.740  84.460 0.0000000000
55212  27.260  -10.963  85.190 0.0000000000
55184  27.198  -11.149  87.520 0.0000000000
56314  27.743  -10.672  87.093 0.0000000000
56299  27.718  -10.727  87.941 0.0000000000
56298  28.361  -10.224  87.499 0.0000000000
56276  28.253  -10.178  89.277 0.0000000000
56268  26.767  -10.808  90.924 0.0000000000
56260  26.643  -10.629  91.855 0.0000000000
49308  21.015  -15.964  91.373 0.0000000000
49290  12.067  -16.507  93.123 0.0000000000
49289  12.742  -16.859  93.188 0.0000000000
136237  13.056  -17.083  94.004 0.0000000000
48277  14.342  -17.245  95.068 0.0000000000
48268  14.838  -17.342  96.095 0.0000000000
48267  15.868  -17.484  96.493 0.0000000000
48260  16.204  -17.842  97.031 0.0000000000
82128  59.861  14.684  66.426 0.0000000000
158574  61.000  15.032  65.857 0.0000000000
82127  60.602  14.794  66.143 0.0000000000
80072  60.988  11.528  64.959 0.0000000000
78995  55.452  10.516  64.613 0.0000000000
80060  55.816  11.445  66.397 0.0000000000
141806  56.346  12.190  67.293 0.0000000000
80041  57.055  12.712  67.632 0.0000000000
138139  56.622  12.406  68.067 0.0000000000
80024  54.182  11.851  68.355 0.0000000000
143861  54.853  12.110  69.231 0.0000000000
79996  56.837  11.210  68.617 0.0000000000
80020  57.557  11.995  68.101 0.0000000000
78919  57.411  10.166  68.272 0.0000000000
78946  58.803  10.089  66.956 0.0000000000
77921  45.414  9.508  62.502 0.0000000000
77904  46.605  9.698  62.891 0.0000000000
157193  46.698  9.704  64.400 0.0000000000
79002  47.686  10.042  64.840 0.0000000000
80050  47.325  11.397  67.484 0.0000000000
77852  44.976  9.450  66.443 0.0000000000
77823  45.662  9.492  69.869 0.0000000000
78939  45.702  10.097  68.483 0.0000000000
151531  38.239  3.448  68.641 0.0000000000
71418  39.067  3.720  68.526 0.0000000000
152943  38.571  4.026  72.007 0.0000000000
72406  40.150  4.608  72.724 0.0000000000
73426  42.592  5.120  73.644 0.0000000000
73413  43.456  5.170  73.931 0.0000000000
63764  37.794  -3.712  78.186 0.0000000000
64991  38.346  -2.353  76.715 0.0000000000
63781  37.858  -3.036  76.797 0.0000000000
65005  37.796  -2.772  76.085 0.0000000000
154509  37.763  -2.571  75.420 0.0000000000
155185  39.308  -1.042  76.682 0.0000000000
66190  38.514  -1.373  75.312 0.0000000000
66189  39.074  -0.832  75.852 0.0000000000
67228  39.611  -0.320  76.318 0.0000000000
66045  40.870  -1.815  85.255 0.0000000000
64854  40.846  -2.591  84.405 0.0000000000
66076  41.378  -1.053  82.616 0.0000000000
148348  41.378  -1.147  83.524 0.0000000000
66093  40.626  -1.812  81.285 0.0000000000
66092  41.110  -1.284  81.826 0.0000000000
68203  42.395  0.707  79.938 0.0000000000
68191  42.266  0.494  80.869 0.0000000000
68192  41.826  0.141  80.188 0.0000000000
67185  41.260  -0.506  80.362 0.0000000000
143552  41.389  -0.123  79.686 0.0000000000
67209  40.578  -0.424  78.497 0.0000000000
67200  41.198  0.017  78.951 0.0000000000
68228  41.062  0.916  77.271 0.0000000000
68219  40.485  0.215  77.240 0.0000000000
68229  40.448  0.861  76.581 0.0000000000
68230  39.862  0.446  76.101 0.0000000000
70289  41.076  3.736  75.870 0.0000000000
72313  43.978  4.265  79.161 0.0000000000
72312  44.320  5.283  79.547 0.0000000000
73363  43.740  5.362  77.957 0.0000000000
72354  42.286  4.574  76.380 0.0000000000
72353  42.922  5.062  76.300 0.0000000000
73397  43.799  5.479  76.305 0.0000000000
84324  52.415  14.859  58.342 0.0000000000
82166  55.924  13.090  62.289 0.0000000000
83225  56.203  13.857  63.070 0.0000000000
84303  55.127  15.343  59.871 0.0000000000
84323  54.683  14.891  59.156 0.0000000000
152282  55.393  15.085  59.203 0.0000000000
85352  57.483  16.308  60.007 0.0000000000
85369  58.148  16.287  59.512 0.0000000000
84320  58.262  15.802  58.461 0.0000000000
85314  60.145  17.128  61.071 0.0000000000
85315  59.185  16.645  60.872 0.0000000000
85350  59.802  16.968  59.862 0.0000000000
86348  60.348  17.300  60.654 0.0000000000
85349  60.750  17.341  59.948 0.0000000000
86347  60.943  17.402  60.650 0.0000000000
146253  61.729  16.892  60.389 0.0000000000
86450  57.521  18.071  52.127 0.0000000000
87448  57.874  18.949  51.982 0.0000000000
88392  58.421  19.256  51.648 0.0000000000
86438  60.619  17.177  53.714 0.0000000000
57293  27.756  -9.637  94.117 0.0000000000
49313  14.332  -16.256  91.072 0.0000000000
49301  14.160  -16.710  92.580 0.0000000000
59589  31.386  -7.848  79.425 0.0000000000
154201  31.892  -7.645  78.923 0.0000000000
59579  31.792  -8.123  80.227 0.0000000000
58499  32.527  -8.220  80.789 0.0000000000
157726  24.757  -12.534  84.527 0.0000000000
54082  24.709  -12.662  85.132 0.0000000000
54083  24.174  -12.824  84.417 0.0000000000
152694  24.841  -11.473  80.605 0.0000000000
55246  25.313  -11.526  81.718 0.0000000000
55236  25.515  -11.657  82.611 0.0000000000
80087  57.690  11.354  63.227 0.0000000000
80074  57.715  11.429  64.199 0.0000000000
80027  50.448  11.756  67.753 0.0000000000
80002  50.805  12.253  68.736 0.0000000000
76786  42.983  8.371  64.375 0.0000000000
69294  37.634  1.756  72.900 0.0000000000
70317  37.923  2.390  73.249 0.0000000000
158474  38.378  2.359  73.771 0.0000000000
62615  38.975  -4.953  82.133 0.0000000000
62614  39.609  -4.510  82.494 0.0000000000
63722  40.423  -3.136  82.439 0.0000000000
80107  55.725  11.581  61.635 0.0000000000
80106  56.576  11.761  61.698 0.0000000000
80096  57.514  11.580  62.282 0.0000000000
84393  55.614  15.760  54.452 0.0000000000
137779  56.168  15.389  55.143 0.0000000000
84391  57.468  15.758  54.630 0.0000000000
83285  55.847  14.938  55.858 0.0000000000
83276  56.324  14.814  56.436 0.0000000000
83268  56.294  14.756  57.163 0.0000000000
58415  30.096  -8.756  85.263 0.0000000000
58395  30.018  -8.766  86.697 0.0000000000
138270  30.400  -8.649  87.985 0.0000000000
50362  18.260  -15.255  90.422 0.0000000000
50351  18.426  -15.760  91.272 0.0000000000
49298  18.163  -16.417  92.814 0.0000000000
49275  17.584  -17.079  94.586 0.0000000000
79018  51.402  10.058  63.381 0.0000000000
77901  49.625  9.969  63.469 0.0000000000
79000  49.726  10.296  64.844 0.0000000000
78977  48.489  10.608  65.639 0.0000000000
74563  42.911  6.062  67.247 0.0000000000
79047  51.934  10.850  61.623 0.0000000000
51506  10.794  -14.390  91.865 0.0000000000
160455  40.184  6.385  64.257 0.0000000000
72461  39.749  4.185  67.175 0.0000000000
158887  40.106  4.421  66.907 0.0000000000
72437  41.469  4.524  69.409 0.0000000000
72414  41.302  4.501  70.936 0.0000000000
151372  34.466  -7.131  79.789 0.0000000000
59575  34.905  -7.035  80.193 0.0000000000
60631  35.731  -6.740  80.429 0.0000000000
60630  36.419  -6.465  80.690 0.0000000000
60615  36.633  -6.689  81.443 0.0000000000
60592  37.854  -6.838  83.467 0.0000000000
58392  32.835  -8.665  86.720 0.0000000000
58412  33.257  -8.766  85.844 0.0000000000
58391  33.848  -8.403  86.444 0.0000000000
58369  34.481  -7.892  87.017 0.0000000000
61589  36.657  -5.382  88.902 0.0000000000
61601  37.576  -5.619  87.519 0.0000000000
154311  25.616  -11.369  91.729 0.0000000000
54015  24.994  -12.091  90.618 0.0000000000
136638  24.129  -13.273  87.853 0.0000000000
52804  23.626  -13.452  88.301 0.0000000000
153767  22.533  -13.724  89.336 0.0000000000
52897  20.802  -13.261  83.610 0.0000000000
139764  18.390  -13.803  84.706 0.0000000000
52859  19.203  -13.806  84.926 0.0000000000
51569  19.250  -14.242  86.249 0.0000000000
51525  18.639  -14.720  89.560 0.0000000000
51537  17.566  -14.731  88.387 0.0000000000
50392  14.326  -15.462  88.363 0.0000000000
50393  13.490  -15.217  88.220 0.0000000000
59634  28.849  -7.047  76.745 0.0000000000
58513  27.111  -8.892  79.018 0.0000000000
58512  27.809  -8.352  79.341 0.0000000000
58503  27.940  -8.694  80.814 0.0000000000
58476  28.830  -8.614  82.943 0.0000000000
57398  28.343  -8.741  82.262 0.0000000000
138223  28.121  -9.129  82.950 0.0000000000
57384  28.359  -9.545  84.409 0.0000000000
55199  26.657  -11.487  86.331 0.0000000000
55198  27.228  -11.096  85.925 0.0000000000
56277  27.537  -10.588  89.661 0.0000000000
55169  26.975  -11.121  89.149 0.0000000000
49279  12.681  -16.812  94.833 0.0000000000
49278  13.479  -17.109  94.864 0.0000000000
135368  13.230  -16.978  95.576 0.0000000000
48262  14.391  -17.241  96.676 0.0000000000
82115  59.799  14.207  66.935 0.0000000000
82114  60.182  14.210  66.772 0.0000000000
81095  60.280  13.451  66.850 0.0000000000
80056  60.653  12.330  66.109 0.0000000000
78966  60.446  10.977  65.465 0.0000000000
78967  59.898  10.511  65.754 0.0000000000
78972  53.791  10.308  65.077 0.0000000000
78971  54.402  10.619  65.656 0.0000000000
80043  54.627  11.491  67.385 0.0000000000
79999  54.925  11.999  70.344 0.0000000000
79998  55.529  11.749  69.626 0.0000000000
78979  46.555  10.327  66.076 0.0000000000
75672  44.318  7.820  67.461 0.0000000000
71420  37.588  3.290  69.153 0.0000000000
71381  39.018  3.975  73.382 0.0000000000
72407  39.424  4.338  72.879 0.0000000000
72405  41.104  4.883  72.742 0.0000000000
72381  41.789  5.085  74.215 0.0000000000
64980  38.666  -2.286  77.492 0.0000000000
66156  38.955  -1.732  77.070 0.0000000000
66026  41.174  -0.794  85.413 0.0000000000
67129  41.606  0.088  85.129 0.0000000000
155697  41.706  -0.131  84.056 0.0000000000
67139  41.705  -0.381  83.036 0.0000000000
68208  42.381  0.961  79.162 0.0000000000
69231  42.298  1.282  78.470 0.0000000000
69241  41.596  1.683  77.287 0.0000000000
69240  42.197  1.777  77.852 0.0000000000
71320  42.526  3.317  77.420 0.0000000000
83224  57.128  14.464  62.759 0.0000000000
85338  56.396  16.181  61.039 0.0000000000
84284  56.311  15.880  60.283 0.0000000000
85353  56.937  16.268  60.567 0.0000000000
82178  60.142  14.869  61.826 0.0000000000
83240  59.831  15.491  61.442 0.0000000000
84265  60.810  16.765  62.118 0.0000000000
85313  60.814  17.066  61.720 0.0000000000
86337  61.098  17.300  61.325 0.0000000000
85296  61.148  16.898  62.688 0.0000000000
142535  58.818  18.544  51.521 0.0000000000
88391  58.925  19.227  51.214 0.0000000000
88407  59.674  19.657  50.719 0.0000000000
88406  60.511  20.043  50.368 0.0000000000
85414  61.248  16.966  55.725 0.0000000000
86411  62.542  17.713  55.412 0.0000000000
57347  28.919  -9.612  88.822 0.0000000000
57332  29.604  -8.822  89.361 0.0000000000
57320  29.375  -8.795  90.401 0.0000000000
58321  29.309  -8.585  91.394 0.0000000000
58296  28.983  -8.965  93.055 0.0000000000
50342  16.695  -15.869  91.741 0.0000000000
49276  16.528  -17.058  94.400 0.0000000000
79033  48.894  10.323  61.928 0.0000000000
77903  47.862  9.811  63.496 0.0000000000
73441  44.891  6.056  71.362 0.0000000000
154676  45.454  6.630  71.278 0.0000000000
52748  9.851  -12.935  93.622 0.0000000000
53946  10.024  -12.519  97.497 0.0000000000
144360  39.965  4.007  68.924 0.0000000000
59601  32.870  -7.371  78.024 0.0000000000
156770  32.252  -7.783  79.521 0.0000000000
133264  33.198  -7.586  79.591 0.0000000000
59576  34.036  -7.413  80.190 0.0000000000
59568  34.539  -7.653  81.591 0.0000000000
59552  35.551  -7.615  82.523 0.0000000000
54039  25.621  -12.196  88.210 0.0000000000
52816  24.254  -13.197  87.153 0.0000000000
52860  17.916  -14.043  85.150 0.0000000000
51572  16.861  -14.408  85.866 0.0000000000
56357  26.174  -10.341  80.339 0.0000000000
57407  26.623  -10.039  80.990 0.0000000000
56342  26.678  -10.536  82.278 0.0000000000
56327  26.749  -11.103  83.942 0.0000000000
55219  26.688  -11.300  84.751 0.0000000000
139772  26.062  -11.626  84.248 0.0000000000
54062  26.113  -11.882  86.793 0.0000000000
82138  60.405  15.255  65.168 0.0000000000
82139  59.853  14.620  65.341 0.0000000000
82116  59.413  14.128  66.822 0.0000000000
81097  59.123  13.747  67.366 0.0000000000
142551  58.557  13.362  67.665 0.0000000000
80044  53.642  11.266  67.214 0.0000000000
80000  53.359  12.113  68.916 0.0000000000
81068  52.470  12.448  69.472 0.0000000000
81067  53.486  12.619  70.280 0.0000000000
81066  54.334  12.355  70.909 0.0000000000
155369  45.519  7.715  70.521 0.0000000000
71412  36.838  3.175  70.517 0.0000000000
71411  37.350  3.521  71.004 0.0000000000
71403  37.353  3.383  71.602 0.0000000000
71392  38.137  3.733  72.480 0.0000000000
70316  38.307  3.075  73.487 0.0000000000
71382  38.439  3.633  73.122 0.0000000000
71368  39.958  4.178  74.449 0.0000000000
62648  36.850  -4.985  78.174 0.0000000000
62647  37.432  -4.442  78.626 0.0000000000
62640  38.077  -3.938  79.140 0.0000000000
62632  38.967  -4.070  80.826 0.0000000000
63741  38.598  -3.821  79.977 0.0000000000
63749  38.604  -3.392  79.294 0.0000000000
63748  39.031  -3.136  79.762 0.0000000000
64950  39.396  -2.470  79.491 0.0000000000
64949  39.885  -2.060  79.990 0.0000000000
82182  56.105  12.658  61.796 0.0000000000
83243  57.536  13.883  62.075 0.0000000000
83242  58.220  14.594  61.767 0.0000000000
81153  58.590  12.844  61.780 0.0000000000
81152  59.434  13.373  61.946 0.0000000000
82164  60.158  14.032  62.715 0.0000000000
86441  56.252  17.716  52.937 0.0000000000
85453  57.353  17.375  52.591 0.0000000000
159642  57.764  17.643  52.298 0.0000000000
86449  58.354  17.875  51.948 0.0000000000
86456  59.249  18.155  51.667 0.0000000000
86455  60.277  18.130  51.805 0.0000000000
87433  61.504  18.399  52.281 0.0000000000
85442  59.642  16.631  53.977 0.0000000000
84390  58.443  15.808  54.935 0.0000000000
85432  59.472  16.201  54.831 0.0000000000
84376  59.341  15.781  56.232 0.0000000000
84341  58.831  15.744  57.661 0.0000000000
58474  30.480  -8.449  82.178 0.0000000000
58473  31.084  -8.535  82.592 0.0000000000
58454  31.195  -8.637  83.325 0.0000000000
58434  31.540  -8.868  84.690 0.0000000000
58414  30.717  -8.845  85.547 0.0000000000
134619  31.228  -8.884  86.041 0.0000000000
133530  32.201  -8.913  85.860 0.0000000000
133408  32.174  -8.634  87.236 0.0000000000
58355  32.535  -7.927  88.587 0.0000000000
58338  30.183  -8.205  89.717 0.0000000000
148186  30.529  -8.236  89.335 0.0000000000
59432  30.931  -7.324  91.010 0.0000000000
58336  31.125  -7.978  89.424 0.0000000000
54145  23.443  -12.436  81.566 0.0000000000
50350  19.881  -15.137  90.702 0.0000000000
48288  20.621  -17.614  93.094 0.0000000000
49274  18.478  -17.376  94.882 0.0000000000
134601  55.176  10.488  62.854 0.0000000000
78997  53.857  10.115  64.203 0.0000000000
151572  53.214  10.041  63.852 0.0000000000
149552  53.063  10.426  65.445 0.0000000000
78950  52.372  10.713  66.009 0.0000000000
77884  50.956  9.968  64.049 0.0000000000
153603  51.636  11.065  66.587 0.0000000000
80046  50.911  11.345  66.975 0.0000000000
80028  49.462  11.852  67.822 0.0000000000
80004  48.690  12.420  68.924 0.0000000000
68271  37.397  0.257  72.481 0.0000000000
68263  38.266  0.353  73.762 0.0000000000
63685  40.038  -3.772  85.883 0.0000000000
156116  40.378  -3.380  85.453 0.0000000000
64833  40.572  -1.902  86.170 0.0000000000
80109  54.072  11.615  61.449 0.0000000000
79044  54.408  11.035  61.668 0.0000000000
144544  54.795  10.708  62.132 0.0000000000
138979  52.858  15.230  56.015 0.0000000000
83279  53.293  14.833  56.594 0.0000000000
49303  12.475  -16.447  91.908 0.0000000000
49304  11.907  -16.259  92.384 0.0000000000
154243  12.033  -16.391  94.481 0.0000000000
50326  12.119  -16.240  95.329 0.0000000000
154454  10.384  -13.926  94.207 0.0000000000
51481  10.770  -14.348  94.708 0.0000000000
51480  11.228  -14.858  95.258 0.0000000000
50323  12.394  -15.523  97.360 0.0000000000
75692  42.067  7.199  65.037 0.0000000000
74577  41.950  5.902  66.191 0.0000000000
72470  41.119  4.871  66.926 0.0000000000
61707  35.482  -5.764  76.527 0.0000000000
60664  33.978  -6.912  77.236 0.0000000000
60656  34.401  -7.034  78.611 0.0000000000
137746  34.654  -6.787  77.851 0.0000000000
139987  35.263  -6.427  77.773 0.0000000000
61681  35.813  -6.128  78.158 0.0000000000
61670  37.229  -5.356  79.817 0.0000000000
61660  38.032  -5.127  80.962 0.0000000000
60629  37.047  -6.144  81.035 0.0000000000
61652  37.694  -5.784  81.392 0.0000000000
61651  38.350  -5.392  81.755 0.0000000000
61638  39.339  -5.218  82.929 0.0000000000
61629  39.610  -5.353  83.704 0.0000000000
148683  40.053  -4.794  84.702 0.0000000000
156436  31.787  -8.571  82.589 0.0000000000
58472  32.548  -8.497  82.420 0.0000000000
58452  33.344  -8.516  82.972 0.0000000000
58432  33.335  -8.855  84.555 0.0000000000
58451  33.837  -8.608  83.858 0.0000000000
152788  34.233  -8.341  83.232 0.0000000000
140237  35.459  -8.058  83.871 0.0000000000
158341  36.082  -7.844  83.897 0.0000000000
59475  34.714  -7.257  87.989 0.0000000000
139354  35.299  -7.419  87.144 0.0000000000
59474  35.619  -6.820  87.939 0.0000000000
132970  35.727  -7.799  85.721 0.0000000000
59506  36.386  -7.684  85.145 0.0000000000
142959  36.597  -7.670  84.298 0.0000000000
60583  37.940  -6.916  84.325 0.0000000000
60582  38.544  -6.442  84.781 0.0000000000
154790  37.849  -6.095  86.546 0.0000000000
60574  38.313  -6.311  85.665 0.0000000000
61623  38.993  -5.845  85.310 0.0000000000
62580  39.888  -4.626  85.509 0.0000000000
56246  25.442  -10.595  94.690 0.0000000000
55145  24.791  -11.008  93.945 0.0000000000
53980  23.958  -11.611  94.387 0.0000000000
53992  23.474  -12.070  93.510 0.0000000000
54028  25.024  -12.325  89.682 0.0000000000
54016  24.395  -12.695  90.254 0.0000000000
54006  23.445  -12.750  91.883 0.0000000000
52765  22.442  -13.014  92.779 0.0000000000
52766  21.910  -13.507  92.114 0.0000000000
133270  23.181  -12.685  82.360 0.0000000000
138601  22.589  -13.311  84.125 0.0000000000
52875  22.528  -13.560  85.006 0.0000000000
156388  22.612  -13.715  85.815 0.0000000000
133543  22.118  -13.929  86.232 0.0000000000
52898  20.010  -13.254  83.663 0.0000000000
153660  20.437  -13.517  84.313 0.0000000000
52858  20.076  -13.856  85.089 0.0000000000
52833  21.403  -14.087  86.274 0.0000000000
52818  21.345  -14.124  87.640 0.0000000000
51523  20.187  -14.296  89.892 0.0000000000
51504  19.838  -14.791  90.404 0.0000000000
50363  16.837  -15.345  90.338 0.0000000000
50405  15.866  -15.133  87.575 0.0000000000
51527  16.964  -15.014  88.737 0.0000000000
50365  14.858  -16.023  90.558 0.0000000000
143669  10.852  -13.989  91.210 0.0000000000
52769  10.489  -13.557  91.664 0.0000000000
59616  30.636  -7.430  77.830 0.0000000000
59632  30.075  -7.269  77.122 0.0000000000
58501  30.288  -8.301  80.741 0.0000000000
59592  28.862  -7.810  79.176 0.0000000000
59591  29.520  -7.899  79.610 0.0000000000
58490  30.151  -8.397  81.513 0.0000000000
58475  29.661  -8.488  82.831 0.0000000000
57375  29.461  -8.961  85.187 0.0000000000
139147  29.620  -9.028  86.743 0.0000000000
56326  27.744  -10.109  84.214 0.0000000000
139011  27.884  -10.287  84.916 0.0000000000
146047  27.754  -10.630  86.248 0.0000000000
149978  28.308  -10.042  85.623 0.0000000000
57361  28.939  -9.674  87.910 0.0000000000
56267  27.465  -10.453  90.590 0.0000000000
57310  27.734  -9.743  92.175 0.0000000000
56251  27.127  -10.038  92.485 0.0000000000
49288  13.551  -16.968  93.280 0.0000000000
49277  14.820  -17.185  94.407 0.0000000000
48266  16.771  -17.718  96.666 0.0000000000
83172  60.879  15.348  65.494 0.0000000000
82137  61.347  14.800  65.360 0.0000000000
78970  55.233  10.760  65.534 0.0000000000
80040  57.863  13.115  67.757 0.0000000000
81083  58.150  12.953  67.826 0.0000000000
80022  55.987  11.985  68.604 0.0000000000
80019  58.467  12.283  67.779 0.0000000000
80049  48.189  11.483  67.178 0.0000000000
80007  46.383  10.911  69.604 0.0000000000
80030  46.969  11.631  68.766 0.0000000000
80005  47.672  12.146  69.491 0.0000000000
81072  48.363  12.566  69.885 0.0000000000
71410  38.105  3.757  70.633 0.0000000000
71409  39.040  3.930  70.194 0.0000000000
72439  39.861  4.050  69.795 0.0000000000
154163  40.344  4.220  70.197 0.0000000000
72404  42.118  4.916  72.397 0.0000000000
73425  43.345  5.079  73.011 0.0000000000
62658  36.972  -4.107  76.943 0.0000000000
63782  37.310  -3.490  76.344 0.0000000000
151838  38.186  -1.452  74.619 0.0000000000
66202  38.467  -0.836  74.618 0.0000000000
63711  40.651  -3.485  83.993 0.0000000000
156288  40.817  -2.868  83.624 0.0000000000
64872  40.827  -2.652  82.983 0.0000000000
66044  41.139  -1.566  84.403 0.0000000000
64893  41.066  -1.829  82.684 0.0000000000
64894  40.729  -2.430  82.368 0.0000000000
66106  40.394  -1.633  80.454 0.0000000000
66123  40.246  -1.377  79.666 0.0000000000
68166  41.993  0.213  82.495 0.0000000000
68179  42.349  0.638  81.889 0.0000000000
68180  41.869  0.015  81.559 0.0000000000
67168  41.432  -0.608  81.260 0.0000000000
159455  40.686  -1.063  80.157 0.0000000000
66137  40.150  -1.084  78.842 0.0000000000
66154  40.024  -0.829  78.009 0.0000000000
68210  41.005  0.299  78.035 0.0000000000
68237  39.613  1.016  75.518 0.0000000000
69270  39.915  1.861  75.573 0.0000000000
152794  41.450  2.308  76.799 0.0000000000
70267  40.998  2.583  76.252 0.0000000000
70290  40.333  2.868  75.554 0.0000000000
71352  41.049  4.479  75.273 0.0000000000
71303  43.695  3.268  78.872 0.0000000000
71319  42.912  4.147  77.561 0.0000000000
72326  43.890  5.094  78.535 0.0000000000
140095  43.279  4.903  77.768 0.0000000000
71336  42.382  4.091  76.927 0.0000000000
72355  41.657  4.488  75.857 0.0000000000
73398  42.697  5.093  75.466 0.0000000000
151608  43.461  5.265  74.894 0.0000000000
151325  52.621  14.779  57.835 0.0000000000
83271  53.785  14.644  57.427 0.0000000000
83262  54.270  14.663  58.314 0.0000000000
83270  54.705  14.605  57.514 0.0000000000
83260  56.166  14.804  58.023 0.0000000000
84321  56.798  15.298  58.547 0.0000000000
84343  56.954  15.028  57.668 0.0000000000
133044  57.482  15.427  58.203 0.0000000000
85379  59.058  16.076  58.383 0.0000000000
85316  58.185  16.515  61.229 0.0000000000
85336  58.544  16.641  60.777 0.0000000000
85351  58.811  16.661  60.087 0.0000000000
85367  59.665  16.505  58.807 0.0000000000
160212  60.197  16.580  58.488 0.0000000000
86366  61.231  16.991  59.090 0.0000000000
86346  61.363  17.197  60.549 0.0000000000
85348  61.682  16.850  59.486 0.0000000000
52855  23.266  -13.469  85.441 0.0000000000
56335  26.781  -10.796  83.128 0.0000000000
56368  26.315  -10.051  79.663 0.0000000000
57300  28.369  -9.356  93.533 0.0000000000
58337  30.668  -7.768  90.068 0.0000000000
58411  34.125  -8.524  85.632 0.0000000000
58413  31.389  -8.907  85.361 0.0000000000
59473  35.963  -7.094  87.148 0.0000000000
59520  35.899  -7.934  84.485 0.0000000000
59533  37.271  -7.325  83.911 0.0000000000
59553  34.891  -7.772  82.290 0.0000000000
59566  36.032  -7.215  81.834 0.0000000000
60547  36.202  -6.138  88.377 0.0000000000
61576  36.596  -5.101  90.091 0.0000000000
62568  38.977  -4.882  86.735 0.0000000000
62606  40.331  -4.169  83.618 0.0000000000
62667  36.824  -4.097  76.236 0.0000000000
63697  40.562  -3.434  84.767 0.0000000000
64911  40.401  -2.523  81.698 0.0000000000
69232  41.694  1.059  77.909 0.0000000000
80097  56.218  11.270  61.882 0.0000000000
80105  57.212  11.848  61.791 0.0000000000
81107  60.738  13.786  66.361 0.0000000000
83180  60.850  15.599  65.149 0.0000000000
83200  60.958  16.076  64.238 0.0000000000
83222  60.543  15.827  62.021 0.0000000000
83256  52.978  14.856  58.936 0.0000000000
83272  52.862  14.758  57.338 0.0000000000
84340  59.484  15.862  57.087 0.0000000000
84389  59.166  15.850  55.500 0.0000000000
85312  61.268  17.082  62.098 0.0000000000
85413  62.130  17.501  55.979 0.0000000000
85434  57.176  16.203  53.868 0.0000000000
85435  56.480  16.426  53.589 0.0000000000
85445  56.680  16.970  52.956 0.0000000000
85454  56.909  17.659  52.601 0.0000000000
132972  60.250  16.296  57.342 0.0000000000
134726  32.829  -8.971  85.199 0.0000000000
135343  31.098  -8.620  87.957 0.0000000000
137694  40.574  -3.402  83.252 0.0000000000
151749  24.823  -11.704  81.229 0.0000000000
153151  56.927  15.451  55.102 0.0000000000
153754  33.270  -7.396  88.822 0.0000000000
156000  39.755  -5.283  84.335 0.0000000000
156806  37.699  -6.659  85.903 0.0000000000
157868  18.837  -14.803  89.906 0.0000000000
158813  37.897  1.857  73.285 0.0000000000
159373  32.075  -8.499  82.147 0.0000000000
160162  60.319  16.130  61.640 0.0000000000
