#!ascii label  , from subject sub-v2s16x51298_ses-1 vox2ras=TkReg
1119
8733  30.491  -63.678  20.698 0.3000000119
13748  30.630  -56.579  12.957 0.6000000238
18427  32.874  -50.806  12.823 0.6999999881
19204  32.816  -49.830  13.037 0.6999999881
8708  30.026  -63.231  21.417 0.4000000060
151403  28.245  -58.499  19.649 0.4000000060
9388  31.275  -62.286  22.007 0.5000000000
159173  32.215  -62.728  21.213 0.5000000000
14557  30.824  -56.148  13.496 0.6999999881
15317  31.995  -54.888  12.885 0.6999999881
15310  31.724  -55.315  12.996 0.5000000000
17637  33.421  -52.908  12.769 0.6000000238
17638  32.667  -52.727  12.704 0.6000000238
18433  34.112  -51.592  12.681 0.6999999881
20025  33.840  -48.719  12.972 0.6999999881
9365  29.952  -61.869  22.441 0.5000000000
136964  28.854  -58.413  20.121 0.4000000060
9389  30.402  -62.551  22.034 0.6000000238
12965  28.633  -57.865  17.312 0.4000000060
13730  28.706  -57.154  16.615 0.5000000000
10028  30.407  -61.211  22.529 0.6000000238
13738  28.904  -57.126  15.713 0.6000000238
14552  29.728  -56.250  14.807 0.6000000238
10051  31.690  -60.956  22.201 0.6000000238
135684  29.989  -55.596  14.791 0.6000000238
16077  32.890  -53.858  12.794 0.6000000238
16873  33.682  -52.925  12.925 0.6000000238
18424  35.666  -50.479  12.831 0.6999999881
17630  34.685  -51.551  12.913 0.6999999881
19208  35.293  -50.340  12.642 0.6999999881
20029  34.712  -49.447  12.611 0.6999999881
20916  33.955  -47.805  13.082 0.6999999881
20028  36.324  -49.378  12.706 0.6999999881
20921  36.014  -48.316  12.530 0.6999999881
21814  35.405  -47.090  12.662 0.6999999881
20920  36.882  -47.842  12.614 0.6999999881
10030  28.622  -61.014  22.615 0.5000000000
11401  28.479  -59.473  22.345 0.5000000000
11419  27.940  -58.915  22.030 0.5000000000
12954  28.673  -58.046  18.154 0.4000000060
10709  30.133  -60.416  22.542 0.5000000000
150435  28.701  -56.807  17.262 0.5000000000
14546  29.288  -55.478  15.952 0.6000000238
10729  31.557  -60.054  22.150 0.6000000238
11399  30.712  -59.980  22.397 0.5000000000
12170  30.665  -58.487  21.395 0.5000000000
15305  31.454  -54.704  13.857 0.6999999881
159578  32.779  -53.384  13.409 0.6000000238
156945  31.311  -55.594  13.347 0.6999999881
18426  34.691  -51.629  13.068 0.6000000238
16868  33.254  -52.840  13.404 0.6000000238
19197  35.665  -50.390  13.186 0.6000000238
17631  34.074  -52.324  12.883 0.6000000238
148409  36.461  -49.648  12.963 0.6000000238
19201  36.407  -49.773  12.917 0.6999999881
22706  35.226  -45.993  12.941 0.6999999881
20915  37.284  -48.373  12.891 0.6000000238
21819  36.363  -46.670  12.529 0.6999999881
22714  35.910  -45.756  12.739 0.6999999881
139519  37.508  -48.176  12.829 0.6999999881
12943  28.593  -58.317  18.665 0.4000000060
10710  29.170  -60.119  22.571 0.5000000000
12171  28.433  -58.636  21.253 0.4000000060
13718  28.752  -57.019  18.144 0.5000000000
14547  28.861  -56.244  16.589 0.6000000238
153873  29.314  -58.557  21.161 0.4000000060
138051  29.773  -54.691  15.644 0.6000000238
11417  29.886  -58.971  21.855 0.4000000060
12194  29.491  -58.212  20.519 0.4000000060
155295  29.943  -58.411  21.183 0.4000000060
13704  29.328  -56.563  20.069 0.4000000060
136285  30.949  -53.372  14.982 0.6999999881
16065  32.037  -53.696  13.839 0.6000000238
17626  32.980  -52.094  14.161 0.6000000238
18420  35.110  -50.898  13.273 0.6000000238
157240  34.084  -51.597  13.562 0.6000000238
19196  36.218  -49.845  13.141 0.6000000238
23542  35.230  -45.171  13.245 0.6999999881
23549  37.282  -45.288  12.545 0.6999999881
21818  37.774  -47.242  12.723 0.6000000238
22713  36.958  -46.076  12.498 0.6000000238
12942  29.046  -58.175  19.557 0.4000000060
14521  28.849  -55.918  18.598 0.4000000060
151478  29.176  -57.538  19.579 0.4000000060
16066  30.441  -54.112  15.255 0.8000000119
13691  29.798  -56.472  20.698 0.5000000000
16864  31.457  -52.610  14.973 0.6999999881
19198  34.840  -50.172  13.937 0.5000000000
18421  33.466  -51.517  14.154 0.6000000238
24472  34.726  -43.786  13.745 0.6999999881
21807  37.441  -46.860  13.581 0.6000000238
20910  37.022  -48.323  13.255 0.6000000238
23541  36.404  -44.370  13.095 0.8000000119
24471  35.670  -43.618  13.553 0.8000000119
21813  38.108  -47.220  12.960 0.6000000238
20919  38.101  -47.221  12.949 0.6000000238
15283  28.939  -55.319  18.020 0.5000000000
14535  28.994  -55.313  17.140 0.6000000238
14520  29.064  -54.898  18.876 0.5000000000
140380  29.514  -53.484  20.080 0.6999999881
15250  29.246  -54.877  20.028 0.4000000060
17622  31.914  -51.788  15.044 0.6999999881
19193  33.785  -49.621  14.745 0.6000000238
18416  32.788  -50.734  14.866 0.6000000238
145977  34.949  -48.146  14.546 0.6000000238
25382  35.065  -43.057  14.070 0.6000000238
20911  36.132  -48.297  13.868 0.6000000238
24478  37.465  -44.411  12.653 0.6999999881
24470  36.639  -43.559  13.249 0.6999999881
22705  38.962  -45.890  12.877 0.6999999881
22711  38.842  -46.040  12.809 0.6999999881
24477  38.549  -44.468  12.499 0.6999999881
16035  29.364  -53.946  18.456 0.5000000000
16045  29.533  -53.671  17.425 0.6000000238
15295  29.369  -54.545  16.754 0.6000000238
16822  29.687  -52.679  19.703 0.6999999881
144116  29.513  -53.298  19.047 0.6000000238
16057  30.251  -53.119  16.038 0.6999999881
17575  29.973  -52.105  20.364 0.6999999881
16003  29.672  -53.719  20.817 0.6999999881
16865  30.703  -52.441  15.830 0.6999999881
18417  31.974  -50.918  15.423 0.6999999881
20013  33.505  -48.696  15.240 0.5000000000
149065  32.976  -49.947  15.111 0.6000000238
26249  34.811  -41.794  14.893 0.5000000000
21809  35.248  -47.331  14.637 0.6000000238
20012  33.953  -47.984  15.109 0.6000000238
25366  36.181  -41.795  14.119 0.6000000238
148355  36.021  -40.986  14.474 0.5000000000
22701  37.307  -45.785  14.071 0.6000000238
21808  36.498  -47.350  13.984 0.6000000238
24469  37.575  -43.504  12.811 0.6000000238
26260  36.867  -41.617  13.580 0.5000000000
147801  36.845  -39.951  13.633 0.5000000000
134135  38.052  -45.539  13.697 0.6999999881
153540  38.940  -45.858  13.090 0.6999999881
23539  39.574  -44.823  12.947 0.6999999881
24476  39.485  -44.420  12.656 0.6999999881
138192  38.712  -42.745  12.515 0.5000000000
24468  39.744  -44.638  12.993 0.6999999881
25384  40.477  -43.143  12.509 0.6000000238
16856  29.858  -53.072  16.840 0.6000000238
16836  29.807  -52.480  18.488 0.6999999881
16848  29.813  -52.767  17.547 0.6000000238
17589  29.998  -51.857  19.245 0.6999999881
17616  30.694  -51.667  16.376 0.6999999881
19191  32.251  -49.281  15.852 0.6999999881
18410  31.412  -50.444  16.144 0.6999999881
20014  32.727  -48.560  15.763 0.6000000238
28094  35.346  -39.872  15.297 0.4000000060
28102  36.430  -39.503  14.157 0.4000000060
23534  37.285  -44.561  14.512 0.6000000238
133208  36.341  -46.124  14.455 0.6000000238
26265  38.228  -41.832  12.672 0.5000000000
26259  37.463  -41.475  13.205 0.5000000000
26264  39.577  -42.406  12.267 0.5000000000
136872  38.703  -41.200  12.346 0.4000000060
24457  39.208  -44.023  13.631 0.6000000238
25378  40.673  -43.396  12.994 0.6999999881
24466  40.615  -43.309  12.786 0.6000000238
26262  41.496  -42.151  12.016 0.5000000000
137617  30.270  -51.126  18.828 0.6000000238
18402  30.615  -50.639  17.540 0.6999999881
17607  30.414  -51.475  17.335 0.6999999881
18381  30.365  -50.398  19.291 0.6999999881
140206  30.521  -49.909  18.680 0.6999999881
18411  30.832  -50.871  16.705 0.6000000238
146994  31.623  -49.762  16.254 0.6000000238
22693  34.552  -45.780  15.464 0.6000000238
20901  33.608  -47.072  15.626 0.5000000000
21804  34.447  -46.653  15.279 0.6000000238
22702  36.244  -45.048  14.784 0.6000000238
27153  38.149  -40.232  12.453 0.4000000060
28109  37.422  -39.904  13.060 0.5000000000
28110  36.936  -39.242  13.408 0.4000000060
24458  38.321  -44.200  14.136 0.6000000238
28113  37.849  -39.331  12.440 0.4000000060
24456  40.089  -43.841  13.203 0.6000000238
25376  41.490  -42.147  12.234 0.5000000000
19185  30.678  -49.924  17.892 0.6999999881
18401  31.073  -49.988  16.988 0.6000000238
19994  30.682  -48.427  18.936 0.6999999881
20004  31.282  -48.527  17.390 0.6000000238
155607  31.534  -49.075  16.725 0.6000000238
158773  30.545  -48.492  19.968 0.6999999881
20008  32.123  -48.491  16.326 0.5000000000
23526  34.682  -44.947  15.673 0.6000000238
22694  33.774  -46.146  15.836 0.6000000238
22692  35.385  -45.446  15.117 0.6000000238
23524  36.146  -44.107  15.262 0.5000000000
25365  38.353  -43.210  14.438 0.6000000238
25364  39.258  -43.113  13.945 0.6000000238
26257  41.438  -41.989  12.767 0.5000000000
135253  31.439  -47.203  17.927 0.6999999881
20894  31.603  -47.803  17.292 0.6999999881
21800  32.725  -46.491  16.651 0.6000000238
22685  33.190  -45.758  16.548 0.5000000000
24444  35.366  -43.799  15.779 0.6000000238
23518  34.239  -44.488  16.246 0.6000000238
25359  36.787  -42.818  15.451 0.6000000238
26247  38.837  -41.585  14.635 0.6000000238
26258  40.763  -42.565  13.279 0.5000000000
157491  31.892  -56.979  20.851 0.5000000000
13673  30.745  -55.746  21.214 0.5000000000
13688  32.323  -56.502  20.653 0.5000000000
13689  31.327  -56.543  21.046 0.5000000000
15222  30.212  -54.297  21.370 0.6999999881
146647  31.327  -53.403  21.719 0.6999999881
15221  30.957  -54.313  21.555 0.5000000000
14459  31.688  -54.797  21.334 0.5000000000
16810  30.184  -52.365  21.086 0.6999999881
16800  30.350  -52.923  21.397 0.6999999881
17588  30.187  -51.169  20.031 0.6999999881
8757  31.744  -63.918  20.164 0.3000000119
19203  33.954  -49.809  12.696 0.6999999881
16080  32.830  -53.902  12.816 0.6000000238
20024  35.043  -48.725  12.604 0.6999999881
142336  34.410  -45.353  13.379 0.6999999881
14482  29.541  -55.566  20.570 0.6000000238
20017  35.742  -49.092  13.797 0.6000000238
23548  38.474  -45.435  12.524 0.6999999881
25381  36.044  -42.753  13.769 0.6000000238
25386  38.622  -43.521  12.518 0.6999999881
25380  36.666  -42.263  13.581 0.6000000238
23547  39.149  -45.258  12.720 0.6999999881
27140  36.481  -40.406  14.097 0.5000000000
27141  35.913  -40.173  14.655 0.5000000000
26263  40.790  -42.428  12.040 0.5000000000
144053  32.548  -47.976  16.143 0.5000000000
19993  30.848  -48.682  18.004 0.6999999881
20902  32.734  -47.218  16.264 0.5000000000
24451  37.448  -43.406  14.812 0.6000000238
146270  39.293  -42.362  14.252 0.6000000238
20009  31.705  -48.331  16.861 0.6000000238
25360  36.018  -43.186  15.699 0.6000000238
20893  32.102  -46.973  17.095 0.5000000000
16798  32.392  -52.497  21.903 0.6000000238
18368  35.335  -50.212  20.118 0.6000000238
139733  35.917  -49.024  19.859 0.4000000060
18359  33.863  -50.372  21.434 0.5000000000
139850  31.918  -51.875  22.109 0.6000000238
12977  29.073  -58.762  13.985 0.5000000000
19161  36.536  -49.161  19.341 0.4000000060
153261  29.575  -57.232  14.392 0.5000000000
12987  29.647  -58.012  13.013 0.5000000000
18369  34.718  -50.693  20.608 0.5000000000
20865  37.343  -47.564  19.225 0.4000000060
12982  29.458  -58.114  13.562 0.5000000000
14562  30.508  -56.497  12.858 0.5000000000
19150  34.661  -49.812  20.774 0.6000000238
18360  32.786  -50.487  22.074 0.5000000000
17560  30.879  -51.200  21.523 0.6000000238
21778  38.465  -46.358  19.153 0.4000000060
21777  39.318  -46.465  18.696 0.4000000060
19971  35.508  -48.448  20.332 0.4000000060
16079  29.685  -54.228  13.306 0.5000000000
19139  33.893  -49.394  21.435 0.5000000000
15319  30.866  -55.658  12.775 0.5000000000
147887  30.316  -53.511  13.220 0.5000000000
18356  31.947  -50.456  22.163 0.6000000238
18361  31.306  -50.363  21.751 0.6000000238
17574  30.317  -51.636  20.989 0.6000000238
16879  32.906  -53.509  12.760 0.5000000000
137173  31.021  -51.331  13.366 0.5000000000
17635  29.872  -52.151  13.634 0.4000000060
135220  32.280  -49.085  22.000 0.5000000000
19140  33.084  -49.685  21.970 0.5000000000
143747  31.582  -49.022  21.728 0.6000000238
19143  31.109  -49.454  21.473 0.6000000238
18362  30.739  -50.258  21.231 0.6000000238
19982  30.603  -48.845  20.512 0.6000000238
18370  30.421  -50.256  20.382 0.6000000238
20866  36.602  -47.549  19.733 0.4000000060
21767  37.716  -46.245  19.558 0.4000000060
19205  31.881  -49.981  13.336 0.5000000000
18429  30.655  -50.587  13.666 0.5000000000
18422  29.863  -50.423  14.143 0.4000000060
17633  31.862  -52.016  12.903 0.6000000238
157473  33.381  -48.392  21.701 0.6000000238
19966  31.760  -48.215  21.689 0.6000000238
19973  31.112  -48.012  21.230 0.6000000238
20857  31.036  -47.179  20.671 0.6000000238
22666  39.062  -45.710  19.214 0.4000000060
20027  31.947  -49.111  13.481 0.5000000000
20020  30.390  -48.949  14.367 0.4000000060
20015  30.156  -48.248  15.054 0.4000000060
21759  35.159  -47.103  20.821 0.6000000238
20854  35.937  -47.220  20.321 0.4000000060
144170  33.336  -47.068  21.735 0.6000000238
19972  34.605  -48.841  20.929 0.6000000238
19965  32.677  -48.279  21.878 0.5000000000
22638  31.818  -45.673  21.216 0.6000000238
20848  32.409  -47.316  21.750 0.5000000000
20869  30.702  -47.733  19.854 0.6000000238
135946  39.806  -45.726  18.878 0.4000000060
22655  37.107  -46.240  19.948 0.4000000060
142794  32.094  -48.379  13.582 0.6000000238
21810  31.601  -46.931  14.055 0.5000000000
20913  30.612  -47.451  14.813 0.5000000000
20907  30.215  -47.367  15.441 0.5000000000
22634  35.026  -45.790  21.335 0.4000000060
22645  36.551  -45.857  20.438 0.4000000060
22635  34.154  -45.649  21.674 0.5000000000
144249  32.744  -44.914  21.635 0.5000000000
23457  32.166  -45.092  21.341 0.5000000000
22647  31.532  -45.656  20.821 0.6000000238
21769  31.249  -46.112  20.274 0.6000000238
20881  30.948  -47.462  18.828 0.6000000238
133019  38.146  -44.227  20.403 0.4000000060
22654  38.286  -45.597  19.587 0.4000000060
23474  38.838  -44.234  20.155 0.4000000060
22653  39.615  -45.095  19.313 0.4000000060
145431  34.386  -46.179  13.229 0.6000000238
24399  37.074  -44.116  20.895 0.4000000060
22644  37.450  -45.473  20.114 0.4000000060
21816  31.986  -46.262  13.974 0.6000000238
21811  30.976  -45.996  14.689 0.5000000000
21805  30.447  -46.537  15.258 0.4000000060
22646  35.757  -45.442  21.079 0.4000000060
23455  33.660  -44.749  21.820 0.5000000000
23478  31.746  -44.957  20.934 0.5000000000
151250  31.490  -45.252  20.321 0.6000000238
151134  31.264  -46.165  19.373 0.6000000238
22675  32.034  -45.468  17.918 0.6000000238
133157  38.753  -42.997  20.775 0.4000000060
22707  33.754  -45.589  13.479 0.6000000238
140099  32.697  -46.236  13.660 0.6000000238
23546  31.991  -44.978  14.135 0.5000000000
23538  29.961  -43.827  15.081 0.5000000000
23453  36.327  -43.998  21.336 0.4000000060
136170  34.764  -45.059  21.602 0.4000000060
144863  34.482  -44.190  21.872 0.5000000000
24384  32.652  -43.568  21.363 0.5000000000
23503  32.050  -44.230  18.803 0.5000000000
157597  39.480  -43.875  20.057 0.4000000060
23544  33.552  -44.817  13.667 0.6000000238
23535  31.991  -44.204  14.249 0.5000000000
24462  31.412  -43.425  14.538 0.5000000000
141581  33.674  -43.867  21.892 0.5000000000
24400  32.225  -43.458  20.976 0.4000000060
147533  32.388  -43.356  19.036 0.4000000060
22667  31.783  -45.038  18.726 0.4000000060
151582  32.749  -44.505  17.644 0.6000000238
136736  33.515  -44.806  16.694 0.4000000060
25311  39.394  -42.661  20.685 0.4000000060
25312  38.059  -42.984  21.153 0.4000000060
23543  34.486  -44.545  13.548 0.6000000238
138610  37.357  -42.459  21.585 0.4000000060
24474  32.942  -44.111  14.093 0.5000000000
24461  32.343  -43.339  14.431 0.5000000000
25372  30.762  -42.742  14.778 0.4000000060
149247  32.916  -42.864  14.603 0.4000000060
25296  33.279  -42.337  21.426 0.5000000000
25313  32.874  -42.158  20.942 0.5000000000
25314  32.495  -42.767  20.606 0.6000000238
24423  33.053  -43.038  18.160 0.4000000060
23512  32.685  -43.928  17.997 0.4000000060
24446  33.834  -43.989  16.819 0.4000000060
25336  32.840  -42.492  19.005 0.5000000000
25368  34.480  -42.553  14.541 0.5000000000
25369  33.626  -42.749  14.609 0.6000000238
26250  33.940  -42.091  15.043 0.4000000060
24434  34.101  -43.167  16.988 0.5000000000
27109  33.859  -40.749  19.179 0.5000000000
25325  32.808  -42.035  20.017 0.5000000000
25345  33.534  -42.166  18.194 0.5000000000
133384  33.653  -42.853  17.590 0.5000000000
26163  37.957  -41.370  21.865 0.4000000060
26237  38.034  -41.545  15.165 0.5000000000
24445  34.665  -43.654  16.378 0.4000000060
25354  34.904  -42.671  16.691 0.5000000000
26221  34.347  -41.472  17.829 0.5000000000
27108  34.318  -40.692  18.524 0.5000000000
27131  34.551  -40.314  15.689 0.4000000060
26230  37.297  -41.422  15.655 0.4000000060
26231  36.668  -41.266  16.200 0.4000000060
26238  36.777  -42.014  15.780 0.5000000000
25352  36.177  -41.883  16.310 0.5000000000
156401  34.844  -41.942  17.157 0.5000000000
25343  35.465  -41.890  16.718 0.5000000000
26220  35.199  -41.271  17.293 0.5000000000
27123  36.243  -40.220  16.953 0.5000000000
26232  35.977  -41.075  16.746 0.4000000060
16875  31.932  -53.152  12.756 0.5000000000
20026  32.861  -48.912  13.236 0.6000000238
15318  31.577  -55.366  12.921 0.6000000238
140077  32.832  -47.897  13.444 0.6000000238
138877  29.001  -58.154  14.709 0.5000000000
25367  35.364  -42.260  14.370 0.5000000000
21789  31.749  -46.325  17.879 0.6000000238
22686  32.783  -45.080  17.326 0.4000000060
16082  31.608  -54.258  12.772 0.5000000000
16876  30.926  -53.048  13.059 0.5000000000
153842  30.416  -49.818  14.023 0.4000000060
20846  34.279  -47.062  21.416 0.6000000238
20019  31.280  -48.445  13.963 0.6000000238
137606  30.708  -48.143  14.488 0.4000000060
23476  36.636  -44.866  20.796 0.4000000060
20917  33.209  -46.989  13.418 0.6000000238
141628  32.306  -46.973  13.679 0.6000000238
154217  31.449  -46.315  14.310 0.5000000000
22695  30.414  -45.564  15.248 0.5000000000
20908  29.798  -47.793  15.880 0.5000000000
23545  32.630  -44.855  13.925 0.5000000000
22703  30.882  -45.143  14.676 0.5000000000
24413  32.125  -43.363  20.176 0.5000000000
23537  30.727  -44.295  14.696 0.5000000000
25295  33.880  -42.397  21.868 0.5000000000
24459  34.167  -43.273  14.219 0.6000000238
24435  33.404  -43.540  17.434 0.3000000119
27122  36.571  -40.641  16.504 0.4000000060
8059  33.804  -64.817  20.815 0.3000000119
6726  33.534  -66.132  19.837 0.3000000119
8079  34.875  -65.160  19.730 0.3000000119
6750  34.549  -66.953  18.731 0.3000000119
6736  34.029  -66.479  19.360 0.3000000119
6735  34.903  -66.041  19.194 0.3000000119
6101  34.272  -67.734  18.290 0.3000000119
6749  35.340  -66.710  18.453 0.3000000119
8096  38.287  -64.357  18.239 0.3000000119
7412  36.362  -65.545  18.498 0.3000000119
6748  36.107  -66.493  18.084 0.3000000119
6763  35.808  -67.278  17.741 0.3000000119
7410  38.086  -65.225  17.721 0.3000000119
8114  40.308  -64.820  17.372 0.3000000119
7428  37.873  -66.170  17.318 0.4000000060
6762  36.669  -67.197  17.354 0.4000000060
5524  36.641  -68.510  15.841 0.4000000060
5525  35.705  -68.704  15.389 0.3000000119
8130  41.213  -65.078  16.303 0.3000000119
6759  39.506  -66.588  16.300 0.4000000060
6777  38.924  -67.193  15.899 0.4000000060
6113  37.219  -67.872  16.473 0.4000000060
8113  41.618  -64.647  16.748 0.3000000119
5533  37.118  -68.384  15.085 0.4000000060
9459  41.172  -63.147  16.373 0.4000000060
8129  41.678  -64.419  16.434 0.4000000060
5534  36.431  -68.486  14.788 0.4000000060
6135  36.573  -67.990  14.072 0.3000000119
8144  40.820  -65.097  15.716 0.4000000060
6775  40.151  -66.231  15.864 0.3000000119
8813  41.153  -64.417  15.900 0.4000000060
6816  38.302  -66.868  14.559 0.5000000000
6124  38.159  -67.604  15.413 0.4000000060
10050  32.166  -61.382  21.848 0.5000000000
9450  40.366  -62.446  16.766 0.4000000060
6150  37.163  -67.891  14.236 0.4000000060
8756  32.541  -63.913  19.844 0.3000000119
9423  33.876  -62.623  19.858 0.4000000060
7448  34.688  -66.083  16.757 0.3000000119
12256  28.235  -58.967  16.142 0.4000000060
11516  28.062  -59.223  15.376 0.4000000060
12929  30.780  -57.725  21.102 0.4000000060
12928  31.512  -57.429  21.039 0.4000000060
12169  31.478  -58.748  21.506 0.4000000060
8814  39.985  -64.411  15.198 0.4000000060
7457  40.130  -65.824  15.436 0.3000000119
6815  38.946  -66.539  14.714 0.5000000000
12192  31.984  -58.204  21.159 0.4000000060
11416  32.301  -59.763  21.601 0.4000000060
9460  39.920  -63.098  16.243 0.4000000060
8731  32.230  -63.285  20.690 0.4000000060
6818  37.125  -67.621  14.228 0.4000000060
9409  33.413  -62.106  20.608 0.5000000000
6799  36.863  -67.234  14.473 0.5000000000
8754  34.284  -63.098  19.175 0.4000000060
8755  33.504  -63.550  19.599 0.4000000060
7447  35.571  -66.075  16.327 0.3000000119
8080  33.908  -63.989  18.960 0.4000000060
12983  29.135  -58.631  13.304 0.4000000060
14481  30.021  -55.664  21.057 0.4000000060
9471  39.533  -63.437  15.352 0.4000000060
8145  39.712  -65.184  14.792 0.4000000060
12191  32.696  -58.474  20.840 0.4000000060
10743  32.823  -60.136  21.343 0.5000000000
8824  39.015  -64.325  14.130 0.4000000060
7469  38.488  -66.037  14.132 0.4000000060
10742  33.400  -60.231  20.818 0.5000000000
9472  38.619  -62.767  14.429 0.4000000060
8825  38.395  -63.318  13.687 0.4000000060
157813  38.268  -65.409  13.863 0.4000000060
8146  37.756  -64.801  13.998 0.5000000000
146643  37.355  -65.413  14.910 0.5000000000
11446  32.945  -59.409  21.057 0.4000000060
10754  33.984  -60.037  20.007 0.5000000000
10116  38.128  -61.900  14.085 0.4000000060
7446  36.603  -65.425  15.793 0.5000000000
10074  34.073  -61.569  19.958 0.4000000060
8132  35.944  -64.899  16.744 0.4000000060
154030  35.525  -63.565  17.504 0.4000000060
8778  34.649  -63.510  18.546 0.4000000060
9437  34.849  -62.580  18.540 0.4000000060
12927  32.401  -57.480  20.695 0.4000000060
134146  32.563  -55.779  20.587 0.3000000119
8816  37.750  -63.511  13.646 0.4000000060
8817  37.137  -63.593  14.256 0.4000000060
11445  33.519  -59.540  20.448 0.4000000060
20016  29.592  -48.740  15.547 0.4000000060
10117  37.779  -61.276  14.525 0.4000000060
9488  37.921  -61.995  13.726 0.4000000060
8147  37.091  -64.536  15.217 0.5000000000
8131  36.525  -64.414  16.145 0.5000000000
11465  33.832  -59.250  19.692 0.5000000000
152305  34.302  -59.880  18.916 0.4000000060
10800  37.428  -61.213  13.934 0.4000000060
8805  36.099  -63.747  16.785 0.4000000060
10073  34.476  -61.398  19.127 0.4000000060
8777  35.299  -63.045  17.985 0.4000000060
10081  34.752  -61.669  18.439 0.4000000060
15233  32.351  -54.499  21.228 0.4000000060
12926  33.180  -57.915  20.202 0.3000000119
8826  37.379  -62.439  13.629 0.4000000060
142601  36.880  -62.768  13.902 0.4000000060
12941  33.542  -57.468  19.302 0.3000000119
10124  36.647  -61.175  14.055 0.4000000060
9483  35.998  -61.593  14.545 0.4000000060
159399  36.053  -62.473  15.183 0.4000000060
9462  36.050  -62.830  16.025 0.5000000000
10798  37.322  -60.525  14.241 0.4000000060
10799  36.323  -60.269  14.441 0.4000000060
10106  35.256  -61.291  16.024 0.4000000060
10093  35.099  -61.418  16.861 0.4000000060
143132  34.507  -60.827  18.531 0.4000000060
15990  32.104  -53.258  21.790 0.4000000060
9474  35.680  -61.964  15.385 0.4000000060
6806  29.679  -66.473  13.928 0.3000000119
8774  39.960  -63.810  18.002 0.3000000119
141811  41.405  -64.819  17.036 0.3000000119
9458  42.522  -62.999  16.574 0.4000000060
159261  39.389  -62.456  16.563 0.4000000060
9461  38.978  -62.650  15.841 0.4000000060
10103  38.677  -62.078  16.566 0.4000000060
10105  37.791  -61.263  15.538 0.4000000060
13687  33.095  -56.148  20.084 0.3000000119
11513  37.478  -59.786  14.648 0.4000000060
15232  33.117  -54.557  20.651 0.4000000060
13703  33.547  -56.559  19.298 0.4000000060
12232  33.877  -58.028  18.555 0.4000000060
12268  37.215  -58.795  14.575 0.4000000060
149633  35.471  -60.461  14.971 0.4000000060
10785  35.149  -60.557  15.740 0.4000000060
10107  34.892  -60.732  16.557 0.4000000060
11478  34.262  -59.345  17.935 0.3000000119
11479  34.026  -58.890  18.727 0.4000000060
12261  36.344  -58.617  14.837 0.4000000060
10065  32.800  -61.528  21.348 0.4000000060
15989  32.980  -53.079  21.480 0.4000000060
137763  31.915  -66.602  20.242 0.3000000119
6751  33.748  -67.263  18.922 0.3000000119
6805  30.645  -66.851  14.277 0.3000000119
8095  39.168  -64.156  18.086 0.3000000119
7411  37.236  -65.434  18.035 0.4000000060
6114  36.281  -68.007  16.966 0.4000000060
7427  38.865  -65.996  17.036 0.3000000119
7426  39.924  -65.749  16.785 0.3000000119
6760  38.598  -66.919  16.531 0.4000000060
6778  38.142  -67.617  16.091 0.4000000060
8789  42.321  -64.103  16.904 0.3000000119
10090  40.698  -61.739  17.237 0.4000000060
134254  37.924  -66.492  14.251 0.4000000060
7460  37.084  -66.208  14.984 0.5000000000
7430  35.082  -65.402  17.184 0.3000000119
7459  37.711  -66.193  14.342 0.5000000000
10104  38.259  -61.949  15.404 0.4000000060
9451  35.659  -62.883  17.154 0.4000000060
10776  34.620  -60.299  17.043 0.4000000060
16820  35.532  -52.353  19.262 0.4000000060
151603  34.581  -52.345  20.335 0.4000000060
150941  36.427  -50.882  18.957 0.4000000060
19162  35.906  -49.734  19.689 0.3000000119
17571  35.315  -51.082  19.947 0.5000000000
17573  34.039  -51.913  21.062 0.4000000060
16797  33.200  -52.257  21.590 0.4000000060
16029  40.483  -53.292  17.788 0.3000000119
16042  41.098  -53.973  16.592 0.3000000119
19190  41.228  -49.969  16.555 0.3000000119
19182  39.659  -49.444  17.493 0.3000000119
19990  39.215  -48.139  18.116 0.3000000119
20880  37.933  -47.569  18.873 0.3000000119
16853  42.461  -53.126  15.818 0.3000000119
17619  42.903  -52.266  15.690 0.3000000119
18406  43.528  -50.841  15.901 0.3000000119
16831  39.983  -52.657  18.536 0.3000000119
142560  40.677  -52.493  18.113 0.3000000119
20892  40.148  -47.776  17.820 0.3000000119
20877  40.063  -46.886  18.255 0.3000000119
17603  43.354  -52.091  16.133 0.3000000119
142855  43.344  -49.749  16.152 0.3000000119
160047  41.479  -48.576  17.074 0.3000000119
18384  42.938  -50.824  17.508 0.3000000119
18395  43.654  -51.350  16.496 0.3000000119
20900  43.980  -48.533  16.392 0.3000000119
147290  44.630  -50.016  16.674 0.3000000119
20006  45.121  -49.237  16.591 0.3000000119
146930  41.543  -51.442  18.020 0.3000000119
134589  41.754  -47.432  17.415 0.3000000119
21787  41.484  -46.625  17.817 0.3000000119
22665  40.325  -45.140  18.984 0.3000000119
19169  43.858  -49.734  17.510 0.3000000119
20890  42.785  -47.867  16.926 0.3000000119
22674  42.114  -46.089  17.846 0.3000000119
150894  45.193  -49.378  16.800 0.3000000119
21798  44.810  -47.695  16.393 0.3000000119
151146  43.651  -47.419  16.775 0.3000000119
21785  44.244  -46.719  16.749 0.3000000119
138855  40.729  -43.691  19.597 0.3000000119
136388  41.036  -45.211  18.647 0.3000000119
23502  40.909  -44.541  19.099 0.3000000119
137897  40.228  -42.271  20.547 0.3000000119
25293  38.765  -42.345  21.135 0.3000000119
26185  40.434  -41.394  20.760 0.3000000119
27061  39.312  -40.769  21.557 0.3000000119
27062  38.442  -40.786  21.935 0.3000000119
19174  37.018  -49.711  18.829 0.3000000119
18380  35.874  -50.583  19.500 0.4000000060
20879  38.375  -48.012  18.498 0.3000000119
21776  40.698  -46.419  18.239 0.3000000119
16835  35.992  -52.391  18.761 0.5000000000
16843  41.374  -53.225  17.139 0.3000000119
20002  42.215  -49.019  16.575 0.3000000119
19181  40.515  -49.312  17.182 0.3000000119
19183  38.879  -49.456  17.863 0.3000000119
136905  37.949  -48.759  18.483 0.3000000119
17609  43.524  -51.702  15.927 0.3000000119
18396  42.684  -51.758  17.206 0.3000000119
21788  40.849  -47.148  17.815 0.3000000119
19188  44.299  -50.081  16.223 0.3000000119
135051  45.599  -48.649  16.648 0.3000000119
151698  45.413  -47.149  16.346 0.3000000119
21786  42.443  -46.930  17.370 0.3000000119
19987  44.893  -49.282  17.319 0.3000000119
137644  43.126  -46.363  17.349 0.3000000119
12245  34.153  -57.881  17.840 0.3000000119
12964  34.462  -57.475  17.392 0.4000000060
14545  36.188  -55.954  16.425 0.4000000060
13728  35.357  -56.305  16.982 0.4000000060
13717  34.028  -56.049  18.750 0.3000000119
14532  36.406  -55.158  16.705 0.4000000060
15294  37.328  -55.027  16.040 0.3000000119
142199  34.406  -56.233  18.129 0.4000000060
15281  35.831  -54.560  17.593 0.4000000060
16043  37.182  -53.684  17.087 0.3000000119
15266  34.748  -54.784  18.609 0.3000000119
14518  35.133  -55.107  17.970 0.4000000060
16044  36.353  -53.744  17.699 0.4000000060
16015  34.781  -53.538  19.434 0.3000000119
16014  35.454  -53.135  18.902 0.4000000060
16834  36.504  -52.506  18.306 0.4000000060
14499  34.153  -55.224  19.032 0.3000000119
154626  34.231  -53.805  19.929 0.3000000119
16001  33.590  -53.659  20.674 0.3000000119
15249  33.692  -54.926  19.817 0.3000000119
16033  35.680  -53.830  18.269 0.4000000060
14534  34.902  -55.873  17.704 0.4000000060
10102  42.808  -62.072  16.559 0.3000000119
12255  34.900  -58.447  16.344 0.3000000119
12228  44.098  -58.422  17.464 0.3000000119
11491  44.092  -59.917  16.881 0.3000000119
10088  43.142  -61.108  16.647 0.3000000119
10089  41.884  -61.460  16.925 0.3000000119
12970  34.767  -57.810  16.727 0.3000000119
12254  35.506  -58.492  15.555 0.3000000119
152533  42.956  -58.304  18.418 0.3000000119
10759  42.372  -60.001  17.386 0.3000000119
12229  42.991  -58.802  17.831 0.3000000119
10760  41.251  -60.352  17.933 0.3000000119
10079  39.829  -61.306  17.816 0.3000000119
12969  35.479  -57.725  15.960 0.3000000119
12905  42.101  -57.138  20.904 0.3000000119
12210  42.044  -58.602  18.978 0.3000000119
12923  41.743  -57.748  20.378 0.3000000119
11475  41.516  -59.739  18.231 0.3000000119
11460  41.822  -59.162  18.567 0.3000000119
139141  40.383  -60.704  18.151 0.3000000119
12924  40.905  -58.051  20.801 0.3000000119
12185  40.526  -58.659  20.343 0.3000000119
10750  40.317  -60.171  18.651 0.3000000119
11461  40.742  -59.493  19.053 0.3000000119
10080  38.899  -61.168  18.024 0.3000000119
10775  37.511  -60.752  17.208 0.3000000119
138911  37.535  -59.916  15.175 0.3000000119
12906  41.266  -57.421  21.266 0.3000000119
10761  39.511  -60.754  18.395 0.3000000119
11462  39.671  -59.782  19.386 0.3000000119
10763  37.630  -60.612  18.208 0.3000000119
12976  36.586  -57.493  15.071 0.3000000119
12164  40.023  -58.311  21.151 0.3000000119
12896  40.031  -57.340  22.259 0.3000000119
12186  39.572  -58.874  20.613 0.3000000119
11441  39.092  -59.425  20.092 0.3000000119
10752  38.060  -60.378  19.007 0.3000000119
11493  37.221  -60.196  16.490 0.3000000119
12267  37.583  -59.021  14.756 0.3000000119
13744  37.255  -56.934  14.903 0.3000000119
13735  36.813  -56.320  15.553 0.3000000119
133653  34.595  -59.081  16.670 0.3000000119
12187  38.538  -58.984  20.763 0.3000000119
145300  37.647  -59.858  19.528 0.3000000119
11476  37.055  -60.170  17.746 0.3000000119
143819  37.672  -59.096  14.896 0.3000000119
10773  42.084  -60.669  17.218 0.3000000119
11473  44.095  -59.219  16.988 0.3000000119
11492  43.583  -59.833  16.864 0.3000000119
5543  37.042  -68.251  14.521 0.4000000060
5544  36.666  -68.138  14.190 0.3000000119
5545  35.995  -68.156  14.214 0.3000000119
6100  35.050  -67.487  18.092 0.3000000119
6125  37.535  -68.099  15.596 0.4000000060
6134  37.537  -68.045  14.839 0.4000000060
6141  31.348  -67.325  14.521 0.3000000119
6149  38.047  -67.517  14.887 0.5000000000
6761  37.607  -67.073  16.893 0.4000000060
6776  39.605  -66.656  15.856 0.4000000060
6779  36.306  -66.569  15.337 0.5000000000
6796  39.538  -66.429  15.345 0.3000000119
6797  38.811  -67.045  15.266 0.5000000000
6798  37.472  -67.023  14.426 0.4000000060
6817  37.597  -67.252  14.451 0.4000000060
7405  34.149  -65.538  19.915 0.3000000119
7413  35.643  -65.994  18.698 0.3000000119
7425  40.892  -65.325  16.548 0.3000000119
7429  36.947  -66.310  17.694 0.3000000119
7444  40.696  -65.700  16.035 0.4000000060
7445  40.255  -66.129  16.163 0.3000000119
7458  39.329  -65.923  14.617 0.5000000000
7470  38.008  -65.614  13.910 0.4000000060
8081  33.069  -64.352  19.194 0.4000000060
8099  34.265  -64.412  18.365 0.4000000060
8115  39.080  -65.029  17.554 0.3000000119
8116  35.425  -64.387  17.416 0.3000000119
8157  38.721  -65.155  13.988 0.4000000060
8158  38.083  -64.807  13.741 0.4000000060
8705  32.133  -62.163  21.637 0.5000000000
8706  31.704  -62.884  21.338 0.5000000000
8707  30.883  -63.105  21.442 0.5000000000
8730  33.113  -63.074  20.333 0.4000000060
8732  31.334  -63.561  20.721 0.3000000119
8790  42.010  -64.408  17.100 0.3000000119
8792  35.021  -63.956  18.006 0.4000000060
8800  43.044  -62.898  16.849 0.3000000119
8801  42.483  -63.627  16.746 0.4000000060
8802  41.820  -63.866  16.281 0.4000000060
8803  40.763  -63.926  15.824 0.4000000060
8804  36.599  -63.672  15.604 0.5000000000
8815  39.116  -63.675  14.436 0.4000000060
8832  37.896  -62.587  13.527 0.4000000060
9363  31.143  -61.440  22.352 0.6000000238
9364  30.653  -61.884  22.354 0.6000000238
9366  29.098  -61.836  22.458 0.5000000000
9410  32.717  -62.529  21.026 0.4000000060
9422  34.461  -62.164  19.214 0.4000000060
9449  41.642  -62.344  16.636 0.4000000060
9452  35.202  -62.089  17.642 0.4000000060
9463  35.462  -62.105  16.543 0.4000000060
9473  36.456  -62.919  14.845 0.4000000060
9481  38.165  -62.451  13.718 0.4000000060
9482  36.683  -62.014  13.920 0.4000000060
9489  37.647  -62.091  13.610 0.4000000060
9490  37.228  -61.780  13.701 0.4000000060
10029  29.565  -61.046  22.623 0.5000000000
10064  33.464  -61.138  20.781 0.5000000000
10078  41.006  -61.013  17.629 0.3000000119
10091  39.558  -61.994  17.167 0.4000000060
10092  37.954  -61.427  16.622 0.3000000119
10094  34.728  -61.035  17.530 0.4000000060
10118  35.448  -61.138  15.142 0.4000000060
10123  37.738  -61.359  14.047 0.4000000060
10125  37.641  -61.675  13.772 0.4000000060
10708  30.957  -60.652  22.445 0.6000000238
10728  32.361  -60.635  21.729 0.4000000060
10751  39.124  -60.370  18.984 0.3000000119
10753  34.285  -60.745  19.479 0.4000000060
10762  38.549  -60.771  18.447 0.3000000119
10771  44.084  -60.572  16.980 0.3000000119
10774  38.100  -61.146  17.722 0.3000000119
10784  37.531  -60.788  16.040 0.4000000060
10792  37.614  -60.563  14.841 0.3000000119
10793  35.211  -59.929  15.486 0.4000000060
10797  37.505  -60.616  14.399 0.4000000060
11400  30.011  -59.685  22.359 0.4000000060
11418  28.905  -58.971  21.928 0.4000000060
11440  40.121  -59.238  19.867 0.3000000119
11463  38.599  -59.909  19.555 0.3000000119
11474  42.756  -59.397  17.518 0.3000000119
11495  34.475  -59.623  17.147 0.4000000060
11505  34.785  -59.916  16.321 0.4000000060
11514  35.501  -59.480  15.204 0.4000000060
11515  35.080  -59.206  15.840 0.3000000119
11521  37.447  -59.924  14.558 0.4000000060
11522  37.220  -59.644  14.461 0.4000000060
12168  32.239  -58.993  21.377 0.4000000060
12184  41.424  -58.373  19.947 0.3000000119
12190  33.340  -58.818  20.366 0.4000000060
12193  30.143  -58.028  20.871 0.4000000060
12211  41.092  -58.935  19.489 0.3000000119
12212  33.649  -58.384  19.504 0.3000000119
12213  28.548  -58.437  19.198 0.4000000060
12231  34.138  -58.562  17.888 0.3000000119
12253  38.038  -58.393  14.989 0.3000000119
12259  38.053  -58.210  14.866 0.3000000119
12260  36.912  -57.958  14.657 0.3000000119
12262  28.597  -58.943  14.961 0.4000000060
12269  36.292  -59.377  14.678 0.4000000060
12907  40.445  -57.689  21.587 0.3000000119
12908  39.558  -57.917  21.837 0.3000000119
12912  31.305  -58.127  21.228 0.4000000060
12930  29.579  -57.553  20.346 0.4000000060
12939  42.341  -58.052  19.399 0.3000000119
12953  34.029  -57.043  18.322 0.3000000119
13671  40.850  -57.103  22.028 0.3000000119
13690  30.396  -56.442  21.035 0.4000000060
13705  28.876  -57.753  18.832 0.4000000060
13729  34.641  -56.669  17.547 0.4000000060
13736  36.056  -56.812  15.979 0.4000000060
13737  35.052  -57.132  16.787 0.3000000119
13749  30.115  -57.510  13.118 0.5000000000
14460  31.040  -55.113  21.380 0.5000000000
14461  30.371  -55.000  21.334 0.5000000000
14462  29.847  -54.933  21.130 0.4000000060
14478  33.104  -55.383  20.255 0.4000000060
14479  32.446  -55.145  20.879 0.4000000060
14480  31.726  -55.676  21.045 0.5000000000
14500  33.593  -55.709  19.521 0.4000000060
14501  29.091  -55.720  19.602 0.4000000060
14502  28.930  -56.700  19.181 0.4000000060
14519  34.544  -55.540  18.352 0.3000000119
14533  35.592  -55.470  17.259 0.4000000060
14536  28.792  -56.048  17.634 0.5000000000
14544  37.070  -55.726  15.695 0.3000000119
14553  29.221  -56.389  15.596 0.6000000238
15220  31.804  -54.016  21.571 0.5000000000
15223  29.761  -54.285  21.074 0.6999999881
15234  29.474  -54.211  20.413 0.6999999881
15248  34.385  -54.376  19.379 0.3000000119
15265  35.300  -54.464  18.265 0.4000000060
15279  37.539  -54.347  16.361 0.3000000119
15280  36.716  -54.387  16.961 0.4000000060
15282  29.183  -54.587  17.792 0.5000000000
15306  30.634  -55.145  14.420 0.6000000238
15311  31.279  -55.891  12.913 0.5000000000
15316  32.424  -54.302  12.854 0.6000000238
15320  32.106  -54.721  12.835 0.6999999881
15991  30.626  -53.560  21.543 0.6999999881
15992  30.007  -53.633  21.276 0.6999999881
16000  34.387  -53.152  20.147 0.3000000119
16002  32.663  -53.867  21.319 0.4000000060
16016  33.817  -54.281  20.103 0.3000000119
16017  29.340  -54.113  19.484 0.6000000238
16032  36.126  -53.104  18.313 0.4000000060
16034  35.079  -54.029  18.809 0.4000000060
16058  29.772  -53.804  16.362 0.6999999881
16070  32.748  -54.044  12.952 0.6000000238
16071  32.242  -54.687  13.057 0.5000000000
16076  33.270  -53.416  12.896 0.6000000238
16078  30.943  -54.770  12.795 0.5000000000
16081  32.463  -54.143  12.804 0.6000000238
16799  30.967  -52.770  21.723 0.6999999881
16809  33.821  -52.756  20.920 0.4000000060
16811  29.799  -52.973  20.795 0.6999999881
16821  35.218  -51.938  19.820 0.4000000060
16832  39.641  -53.227  18.444 0.3000000119
16842  42.656  -52.584  16.412 0.3000000119
16846  36.763  -53.014  17.787 0.4000000060
16847  30.086  -52.123  17.675 0.6000000238
16852  43.021  -52.497  15.964 0.3000000119
16855  30.233  -52.343  16.813 0.6000000238
16860  42.794  -52.501  15.735 0.3000000119
16869  32.407  -52.722  14.192 0.6000000238
16874  33.213  -53.486  12.897 0.6000000238
16878  33.735  -52.838  12.909 0.6000000238
17549  31.564  -51.165  22.014 0.6000000238
17558  34.188  -51.172  21.072 0.5000000000
17559  32.312  -51.194  22.150 0.6000000238
17572  34.713  -51.523  20.450 0.5000000000
17587  35.842  -51.554  19.238 0.4000000060
17595  41.688  -52.337  17.487 0.3000000119
17598  36.574  -51.737  18.557 0.4000000060
17599  30.169  -51.683  18.241 0.6000000238
17602  43.713  -51.524  16.045 0.3000000119
17610  43.229  -52.127  15.867 0.3000000119
17615  31.238  -51.212  15.893 0.6999999881
17621  32.581  -51.369  14.768 0.6000000238
17623  31.129  -51.898  15.656 0.6999999881
17625  33.950  -52.262  13.251 0.6000000238
17632  33.033  -51.952  12.693 0.6000000238
17634  30.926  -52.122  13.247 0.5000000000
17636  34.004  -52.364  12.819 0.6000000238
18379  36.439  -50.077  19.190 0.3000000119
18385  41.839  -50.775  18.096 0.3000000119
18390  30.467  -50.522  18.345 0.6000000238
18393  44.378  -50.157  16.437 0.3000000119
18394  44.118  -50.818  16.319 0.3000000119
18405  43.995  -50.979  16.231 0.3000000119
18414  43.071  -51.597  15.717 0.3000000119
18415  34.054  -50.841  14.095 0.6000000238
18425  35.377  -50.807  12.876 0.6000000238
18428  31.731  -50.927  13.185 0.5000000000
18430  30.204  -51.225  13.710 0.4000000060
18431  35.297  -50.845  12.821 0.6999999881
18432  34.696  -50.937  12.666 0.6999999881
19141  32.321  -49.876  22.116 0.5000000000
19142  31.710  -49.701  21.942 0.6000000238
19149  35.341  -49.351  20.256 0.6000000238
19151  30.619  -49.475  20.831 0.6000000238
19163  30.465  -49.381  19.641 0.6999999881
19172  38.281  -49.309  18.217 0.3000000119
19175  30.656  -49.265  18.411 0.6999999881
19178  44.902  -49.530  16.620 0.3000000119
19179  43.885  -50.717  17.048 0.3000000119
19180  41.368  -49.180  16.819 0.3000000119
19184  30.946  -49.237  17.533 0.6000000238
19187  44.571  -49.765  16.412 0.3000000119
19189  42.300  -49.889  16.246 0.3000000119
19194  32.128  -50.151  15.618 0.6999999881
19202  36.033  -50.135  12.877 0.6999999881
19206  31.114  -49.367  13.792 0.4000000060
19207  36.008  -50.089  12.794 0.6999999881
19964  33.984  -48.214  21.408 0.6000000238
19967  31.249  -48.685  21.433 0.6000000238
19974  30.860  -48.754  21.098 0.6000000238
19980  36.923  -48.277  19.250 0.4000000060
19981  36.267  -48.394  19.771 0.4000000060
19991  38.657  -48.755  18.198 0.3000000119
19992  37.601  -48.165  18.826 0.3000000119
19999  45.407  -49.052  16.752 0.3000000119
20001  43.031  -48.776  16.476 0.3000000119
20003  40.733  -48.552  17.349 0.3000000119
20007  44.674  -49.447  16.374 0.3000000119
20018  34.582  -49.056  14.504 0.6000000238
20022  36.841  -49.085  12.923 0.6999999881
20023  36.779  -49.156  13.106 0.6000000238
20847  33.266  -47.803  21.753 0.6000000238
20849  31.556  -47.214  21.386 0.6000000238
20855  35.494  -47.708  20.493 0.4000000060
20856  34.745  -47.863  20.952 0.6000000238
20858  30.759  -48.155  20.647 0.6000000238
20867  36.008  -47.878  20.151 0.4000000060
20868  30.983  -46.848  19.670 0.6000000238
20878  39.354  -47.338  18.344 0.4000000060
20891  42.038  -48.252  17.011 0.3000000119
20899  45.052  -48.626  16.394 0.3000000119
20903  32.110  -47.790  16.652 0.5000000000
20905  34.393  -47.387  15.074 0.6000000238
20906  33.143  -47.888  15.700 0.5000000000
20909  37.543  -47.792  13.113 0.6000000238
20912  31.161  -47.581  14.261 0.4000000060
20914  37.690  -47.717  12.840 0.6000000238
20918  31.830  -47.679  13.805 0.6000000238
21750  34.687  -46.389  21.329 0.5000000000
21751  33.697  -46.343  21.681 0.5000000000
21752  31.978  -46.404  21.493 0.6000000238
21758  36.533  -46.696  20.108 0.4000000060
21760  31.465  -46.344  21.045 0.6000000238
21768  37.177  -46.865  19.570 0.4000000060
21779  37.863  -46.964  19.178 0.3000000119
21784  44.917  -46.142  16.555 0.3000000119
21797  45.870  -46.674  16.259 0.3000000119
21799  33.187  -46.519  16.180 0.5000000000
21812  38.581  -46.513  12.887 0.6999999881
21815  34.201  -46.974  13.163 0.6999999881
21817  38.431  -46.705  12.858 0.6000000238
22636  33.193  -45.607  21.737 0.5000000000
22637  32.403  -45.676  21.530 0.5000000000
22656  31.443  -45.491  19.500 0.6000000238
22663  42.764  -45.463  17.891 0.3000000119
22664  41.265  -45.899  18.270 0.3000000119
22673  43.783  -45.737  17.281 0.3000000119
22676  31.566  -45.837  18.662 0.6000000238
22684  33.936  -45.285  16.020 0.6000000238
22700  38.303  -46.464  13.251 0.6999999881
22704  39.167  -45.565  12.890 0.6999999881
22708  33.051  -45.523  13.658 0.6000000238
22709  32.314  -45.561  13.915 0.5000000000
22710  31.583  -45.573  14.292 0.5000000000
22712  38.215  -46.288  12.592 0.6999999881
23454  35.556  -44.561  21.463 0.4000000060
23456  32.990  -44.075  21.676 0.5000000000
23475  37.539  -44.563  20.476 0.4000000060
23477  32.262  -44.288  21.280 0.5000000000
23489  39.475  -44.442  19.704 0.4000000060
23490  38.195  -44.860  20.055 0.4000000060
23491  31.830  -44.151  20.535 0.5000000000
23492  31.651  -44.656  19.697 0.6000000238
23511  33.171  -44.310  17.300 0.3000000119
23525  35.421  -44.588  15.446 0.6000000238
23527  30.228  -44.672  15.166 0.5000000000
23532  39.126  -44.945  13.322 0.6000000238
23533  38.360  -45.033  13.723 0.6999999881
23536  31.403  -44.709  14.393 0.5000000000
23540  39.295  -45.376  12.939 0.6999999881
23550  36.141  -45.126  12.886 0.8000000119
24380  37.056  -43.337  21.326 0.4000000060
24382  34.232  -43.232  22.066 0.5000000000
24383  33.295  -43.184  21.668 0.5000000000
24396  39.975  -43.233  20.179 0.3000000119
24397  38.437  -43.613  20.596 0.4000000060
24398  37.708  -43.799  20.754 0.4000000060
24411  41.752  -43.925  19.152 0.3000000119
24412  39.944  -43.944  19.768 0.3000000119
24460  33.302  -43.405  14.315 0.5000000000
24467  40.138  -43.998  12.925 0.6999999881
24473  33.836  -43.976  13.892 0.6000000238
24475  40.090  -43.948  12.796 0.6000000238
25297  32.739  -42.895  21.209 0.5000000000
25326  32.469  -42.771  19.765 0.5000000000
25344  34.236  -42.378  17.367 0.5000000000
25353  35.706  -42.537  16.258 0.5000000000
25357  38.522  -42.329  14.643 0.6000000238
25358  37.591  -42.371  15.188 0.5000000000
25363  40.014  -42.892  13.614 0.6000000238
25377  41.059  -42.755  12.696 0.5000000000
25379  37.576  -42.435  13.045 0.6000000238
25383  41.055  -42.673  12.384 0.5000000000
25385  39.717  -43.535  12.499 0.5000000000
26162  38.699  -41.539  21.520 0.3000000119
26186  39.558  -41.729  21.094 0.3000000119
26211  33.729  -41.319  18.706 0.5000000000
26239  35.262  -40.876  15.095 0.5000000000
26240  34.180  -41.238  15.469 0.4000000060
26248  35.529  -41.537  14.588 0.5000000000
27117  34.843  -40.726  17.863 0.5000000000
27121  37.160  -40.581  16.058 0.4000000060
27148  37.781  -40.881  12.900 0.4000000060
27149  37.031  -40.748  13.506 0.5000000000
29077  37.360  -39.053  12.860 0.4000000060
132736  38.892  -44.981  19.629 0.4000000060
132808  31.115  -56.044  12.859 0.5000000000
133130  35.333  -43.162  16.171 0.4000000060
133160  30.872  -59.311  22.001 0.5000000000
133162  32.597  -51.837  21.972 0.6000000238
133373  38.072  -42.093  21.499 0.4000000060
133720  35.674  -46.363  20.719 0.4000000060
134204  31.913  -43.907  19.640 0.4000000060
134255  31.106  -50.094  13.608 0.5000000000
134440  34.477  -60.172  17.829 0.4000000060
134520  30.192  -57.226  20.892 0.5000000000
134590  38.571  -47.173  18.707 0.3000000119
135184  33.191  -41.805  19.097 0.5000000000
135299  41.853  -45.327  18.361 0.3000000119
135504  34.419  -58.310  17.151 0.3000000119
135747  33.093  -56.991  20.096 0.3000000119
136005  32.313  -44.692  18.029 0.6000000238
136479  40.686  -63.570  18.085 0.3000000119
136725  33.030  -49.201  15.375 0.6000000238
136878  31.291  -46.625  18.714 0.6000000238
137592  35.646  -59.902  14.864 0.4000000060
137688  40.157  -44.492  19.421 0.3000000119
138488  43.575  -48.767  18.105 0.3000000119
138705  33.295  -51.334  21.731 0.5000000000
138738  35.657  -59.017  15.188 0.3000000119
139746  38.730  -61.600  17.391 0.3000000119
140034  35.594  -49.714  12.595 0.6999999881
140426  36.763  -40.102  16.532 0.4000000060
140510  36.703  -43.587  15.168 0.5000000000
140542  31.066  -48.006  18.003 0.6999999881
141013  35.025  -52.745  19.630 0.4000000060
141057  29.586  -53.210  18.175 0.5000000000
141817  30.388  -51.094  18.038 0.6000000238
141954  37.712  -40.874  15.525 0.4000000060
141969  36.139  -58.051  15.175 0.3000000119
142149  32.773  -46.389  21.714 0.6000000238
142374  32.999  -60.719  21.269 0.5000000000
142948  36.253  -62.272  14.586 0.4000000060
143998  38.327  -64.213  13.715 0.4000000060
144032  30.671  -52.163  21.482 0.6999999881
144673  31.705  -59.381  21.737 0.4000000060
144879  31.271  -51.958  21.839 0.6000000238
145364  33.199  -48.925  21.833 0.5000000000
145905  40.512  -45.753  18.577 0.3000000119
146006  39.151  -43.443  20.424 0.4000000060
146639  35.408  -44.404  13.392 0.6999999881
146703  39.896  -48.659  17.629 0.3000000119
146824  31.014  -46.793  14.518 0.5000000000
147212  30.374  -56.794  13.548 0.6999999881
147335  31.629  -52.612  21.915 0.6000000238
147684  43.076  -50.081  17.717 0.3000000119
147765  43.990  -49.429  16.206 0.3000000119
147985  41.556  -44.699  18.731 0.3000000119
148938  31.716  -61.649  22.079 0.6000000238
149424  43.142  -62.463  16.696 0.3000000119
149566  34.342  -58.978  17.327 0.3000000119
149901  36.861  -42.868  13.329 0.6999999881
150907  29.558  -54.786  20.731 0.6000000238
150981  41.132  -47.926  17.415 0.3000000119
151884  33.317  -41.726  21.197 0.5000000000
152034  40.069  -46.237  18.535 0.4000000060
152063  31.076  -42.243  14.994 0.4000000060
152529  36.915  -48.683  12.748 0.6999999881
152668  33.873  -60.738  20.268 0.5000000000
152687  35.336  -46.392  14.804 0.6000000238
152704  30.809  -57.060  21.073 0.4000000060
152710  35.834  -60.951  14.551 0.4000000060
152950  33.711  -50.611  12.671 0.6999999881
153118  34.842  -44.275  15.888 0.6000000238
153238  32.419  -46.013  17.208 0.5000000000
154095  29.285  -59.436  22.283 0.5000000000
154356  33.825  -48.753  21.472 0.6000000238
154441  45.674  -48.030  16.436 0.3000000119
154624  39.253  -48.882  17.873 0.3000000119
154777  36.286  -42.468  15.907 0.5000000000
155208  33.520  -46.224  13.453 0.6000000238
155406  30.451  -50.896  20.906 0.6000000238
155545  35.483  -49.798  13.660 0.6000000238
155746  37.483  -41.798  21.816 0.4000000060
155963  43.139  -60.316  16.764 0.3000000119
156364  31.226  -44.017  14.489 0.5000000000
156910  34.886  -47.747  12.704 0.6999999881
157133  38.863  -47.652  18.412 0.3000000119
157431  44.418  -48.085  16.420 0.3000000119
157684  37.713  -47.597  12.827 0.6000000238
157787  36.528  -41.103  13.984 0.5000000000
158218  42.082  -53.079  16.530 0.3000000119
158312  30.380  -56.323  14.078 0.6999999881
158758  31.637  -44.737  20.412 0.6000000238
159226  36.852  -50.380  18.772 0.3000000119
159322  28.313  -58.564  18.549 0.4000000060
159374  37.539  -60.934  14.175 0.4000000060
160206  45.974  -48.143  16.627 0.3000000119
160244  33.932  -47.603  21.499 0.6000000238
