#!ascii label  , from subject sub-v2s16x51298_ses-1 vox2ras=TkReg
291
76404  22.436  7.375  4.144 0.0000000000
67000  23.427  -1.393  9.535 0.0000000000
81739  21.647  12.369  1.962 0.0000000000
90769  22.717  22.127  -3.164 0.0000000000
65868  21.850  -2.983  10.086 0.0000000000
85964  24.958  16.422  3.557 0.0000000000
88877  25.697  19.701  2.028 0.0000000000
73157  21.283  5.058  3.433 0.0000000000
71097  23.033  2.894  5.908 0.0000000000
74197  24.502  5.705  6.285 0.0000000000
79613  24.269  10.536  5.111 0.0000000000
77436  25.997  8.629  6.902 0.0000000000
78594  21.539  9.824  2.540 0.0000000000
82759  24.400  13.168  4.366 0.0000000000
89833  22.966  20.962  -1.169 0.0000000000
90741  26.534  21.623  -0.423 0.0000000000
69002  24.482  0.960  8.347 0.0000000000
86988  23.709  17.572  2.091 0.0000000000
88879  23.712  18.919  1.438 0.0000000000
75331  22.023  6.573  3.898 0.0000000000
73149  22.416  4.929  4.479 0.0000000000
75322  23.234  6.517  4.984 0.0000000000
65878  22.255  -2.348  9.680 0.0000000000
148605  21.334  10.875  2.139 0.0000000000
80706  23.063  11.457  3.533 0.0000000000
135471  23.378  13.009  3.375 0.0000000000
87912  25.880  17.934  3.367 0.0000000000
85963  25.697  16.608  4.064 0.0000000000
90761  21.111  21.238  -3.104 0.0000000000
88900  21.694  19.835  -1.357 0.0000000000
90753  22.567  21.303  -1.935 0.0000000000
152494  26.421  23.174  -6.275 0.0000000000
91741  27.141  22.602  -4.748 0.0000000000
91710  26.447  22.497  -2.677 0.0000000000
90757  27.893  22.226  -3.108 0.0000000000
90740  27.522  21.485  -0.539 0.0000000000
71087  24.132  3.006  6.831 0.0000000000
70030  23.743  1.652  7.209 0.0000000000
64659  20.923  -4.096  10.953 0.0000000000
83833  23.704  14.763  2.908 0.0000000000
145596  23.424  15.779  2.258 0.0000000000
87922  25.444  18.431  2.822 0.0000000000
88867  26.603  19.435  2.460 0.0000000000
71107  21.993  2.606  4.707 0.0000000000
72136  22.017  4.044  4.260 0.0000000000
73132  23.795  4.232  6.147 0.0000000000
73130  25.133  4.827  6.931 0.0000000000
77480  23.309  9.171  4.438 0.0000000000
77452  24.165  8.001  5.439 0.0000000000
78542  25.041  9.519  6.071 0.0000000000
149489  21.043  7.069  2.811 0.0000000000
77498  20.647  8.629  2.187 0.0000000000
77496  21.901  8.999  3.210 0.0000000000
78584  22.898  9.939  3.865 0.0000000000
81707  24.503  11.978  4.841 0.0000000000
83815  25.449  13.772  5.317 0.0000000000
83832  24.180  14.310  3.502 0.0000000000
83823  25.845  15.157  4.864 0.0000000000
88892  22.823  19.898  -0.054 0.0000000000
91726  24.163  22.711  -3.255 0.0000000000
91699  24.865  22.218  -2.004 0.0000000000
90743  24.778  21.485  -0.630 0.0000000000
89819  24.590  20.607  0.681 0.0000000000
89818  25.556  20.769  0.802 0.0000000000
144808  27.220  20.764  0.758 0.0000000000
67987  22.574  -0.679  8.118 0.0000000000
69016  22.573  1.116  6.438 0.0000000000
76365  24.997  6.973  6.305 0.0000000000
74195  25.890  5.858  7.143 0.0000000000
87932  23.191  17.925  1.474 0.0000000000
87938  22.774  18.614  0.915 0.0000000000
75323  22.653  6.525  4.450 0.0000000000
76403  23.101  7.331  4.647 0.0000000000
63522  20.818  -4.914  12.058 0.0000000000
63535  21.290  -4.405  11.685 0.0000000000
65877  23.049  -2.078  9.944 0.0000000000
80724  21.772  11.622  2.335 0.0000000000
81723  22.851  12.318  3.134 0.0000000000
81738  22.219  12.373  2.476 0.0000000000
87919  28.064  19.057  2.681 0.0000000000
87911  26.891  18.048  3.584 0.0000000000
89844  20.683  20.763  -2.627 0.0000000000
90759  23.252  21.852  -2.429 0.0000000000
91722  27.697  22.352  -3.999 0.0000000000
136203  28.605  21.817  -3.302 0.0000000000
71079  24.815  3.080  7.459 0.0000000000
71073  24.775  2.281  7.794 0.0000000000
67002  21.832  -1.980  8.994 0.0000000000
84927  22.936  14.835  1.878 0.0000000000
84934  22.899  15.538  1.749 0.0000000000
144858  24.348  18.731  1.960 0.0000000000
87923  24.490  18.112  2.413 0.0000000000
88869  25.045  18.985  2.349 0.0000000000
88868  25.843  19.107  2.598 0.0000000000
88876  26.734  20.004  1.884 0.0000000000
91728  21.217  22.506  -3.768 0.0000000000
72137  21.434  3.563  4.040 0.0000000000
144288  21.431  4.333  3.733 0.0000000000
142453  23.459  5.228  5.566 0.0000000000
73139  23.263  4.423  5.573 0.0000000000
73138  23.966  4.999  6.110 0.0000000000
73131  24.467  4.351  6.584 0.0000000000
157607  24.670  5.102  6.523 0.0000000000
64672  21.400  -3.542  10.536 0.0000000000
64658  21.771  -3.849  11.304 0.0000000000
78566  23.832  9.837  4.860 0.0000000000
78543  24.428  9.669  5.455 0.0000000000
147769  24.871  10.436  5.706 0.0000000000
75340  20.228  6.482  2.489 0.0000000000
78596  20.338  9.336  1.834 0.0000000000
78595  20.929  9.358  2.208 0.0000000000
77497  21.275  8.801  2.639 0.0000000000
149002  22.278  9.881  3.242 0.0000000000
81722  23.486  12.152  3.742 0.0000000000
81708  23.970  12.030  4.353 0.0000000000
151420  24.313  12.530  4.497 0.0000000000
82747  24.716  12.706  4.939 0.0000000000
82758  24.915  13.494  4.847 0.0000000000
154261  24.514  15.815  3.413 0.0000000000
84918  24.383  15.106  3.448 0.0000000000
84916  26.131  16.067  4.620 0.0000000000
84902  26.558  15.023  5.415 0.0000000000
89827  22.489  20.247  -0.856 0.0000000000
87945  21.259  18.960  -1.188 0.0000000000
88893  22.042  19.469  -0.635 0.0000000000
89826  23.320  20.655  -0.387 0.0000000000
91761  26.561  22.900  -5.492 0.0000000000
92752  25.709  23.326  -5.969 0.0000000000
137490  24.920  22.965  -3.566 0.0000000000
91725  25.642  22.704  -3.123 0.0000000000
151729  26.124  21.890  -1.037 0.0000000000
90750  25.378  21.925  -1.310 0.0000000000
90742  25.662  21.602  -0.481 0.0000000000
89825  24.203  21.050  -0.018 0.0000000000
90735  25.103  21.257  0.184 0.0000000000
90734  26.039  21.313  0.251 0.0000000000
90747  28.338  21.424  -1.178 0.0000000000
89816  27.785  20.889  0.287 0.0000000000
89815  28.459  20.945  -0.372 0.0000000000
88883  28.640  20.396  0.393 0.0000000000
67996  22.121  -0.349  7.368 0.0000000000
71098  22.473  2.689  5.239 0.0000000000
70062  22.113  1.959  5.189 0.0000000000
70040  22.678  1.972  5.933 0.0000000000
69009  23.933  1.108  7.693 0.0000000000
69003  23.712  0.453  7.992 0.0000000000
67986  23.378  -0.312  8.405 0.0000000000
76386  24.772  7.834  6.023 0.0000000000
76387  24.337  7.160  5.716 0.0000000000
154463  25.324  7.655  6.458 0.0000000000
85978  23.243  16.311  1.957 0.0000000000
86989  23.169  17.030  1.720 0.0000000000
87931  23.868  18.260  1.894 0.0000000000
88878  24.635  19.424  1.753 0.0000000000
74221  21.598  5.803  3.555 0.0000000000
73156  21.882  4.946  3.887 0.0000000000
74214  22.260  5.720  4.155 0.0000000000
74213  22.813  5.738  4.727 0.0000000000
74205  23.344  5.810  5.275 0.0000000000
64671  22.238  -3.315  10.813 0.0000000000
65867  22.646  -2.704  10.377 0.0000000000
65854  23.012  -3.033  11.092 0.0000000000
80678  24.671  11.273  5.316 0.0000000000
79663  20.747  10.195  1.906 0.0000000000
79662  21.995  10.735  2.755 0.0000000000
79648  22.630  10.714  3.399 0.0000000000
80723  22.411  11.539  2.949 0.0000000000
82771  24.003  13.529  3.714 0.0000000000
86971  25.406  17.155  3.511 0.0000000000
86970  26.263  17.363  3.866 0.0000000000
133192  27.253  17.427  4.061 0.0000000000
89834  22.085  20.620  -1.599 0.0000000000
90752  23.529  21.491  -1.612 0.0000000000
138476  26.901  22.621  -4.039 0.0000000000
91724  26.329  22.703  -3.579 0.0000000000
91709  27.256  22.370  -2.673 0.0000000000
90749  26.852  21.950  -1.193 0.0000000000
90748  27.648  21.886  -1.489 0.0000000000
158260  28.244  21.739  -1.862 0.0000000000
145803  23.602  3.109  6.360 0.0000000000
71081  23.516  2.350  6.592 0.0000000000
71080  24.245  2.323  7.266 0.0000000000
70029  24.387  1.660  7.750 0.0000000000
64673  20.504  -3.761  10.236 0.0000000000
67001  22.638  -1.703  9.264 0.0000000000
81752  21.972  13.087  1.915 0.0000000000
82785  22.877  13.988  2.228 0.0000000000
83842  23.189  14.478  2.275 0.0000000000
84926  23.362  15.140  2.279 0.0000000000
85969  24.333  16.375  3.033 0.0000000000
86982  23.581  16.889  2.207 0.0000000000
86981  24.224  17.124  2.630 0.0000000000
86972  24.761  16.951  3.168 0.0000000000
87921  26.499  18.729  3.028 0.0000000000
87920  27.271  19.137  2.746 0.0000000000
88866  27.547  19.632  2.201 0.0000000000
90771  20.691  21.828  -3.385 0.0000000000
90770  21.691  21.949  -3.355 0.0000000000
137889  22.221  22.533  -3.792 0.0000000000
72126  22.285  3.351  4.745 0.0000000000
72116  22.811  3.533  5.357 0.0000000000
73140  22.579  4.216  4.906 0.0000000000
72115  23.391  3.651  5.960 0.0000000000
72107  23.997  3.649  6.455 0.0000000000
72106  24.509  3.611  6.892 0.0000000000
72098  25.669  3.654  7.881 0.0000000000
77469  22.871  8.218  4.283 0.0000000000
77468  23.521  8.148  4.868 0.0000000000
77467  23.938  8.930  5.185 0.0000000000
77451  24.606  8.740  5.761 0.0000000000
77437  25.303  8.519  6.393 0.0000000000
79602  25.521  10.290  6.285 0.0000000000
78529  25.713  9.386  6.586 0.0000000000
153029  21.197  6.122  3.197 0.0000000000
75332  21.405  6.672  3.290 0.0000000000
76418  21.834  7.395  3.577 0.0000000000
76431  20.285  7.867  2.150 0.0000000000
77482  21.584  8.122  3.168 0.0000000000
77481  22.234  8.200  3.692 0.0000000000
145143  22.586  9.078  3.797 0.0000000000
78567  23.395  10.059  4.332 0.0000000000
79628  23.728  10.644  4.530 0.0000000000
79647  23.223  10.698  3.956 0.0000000000
80688  24.150  11.307  4.695 0.0000000000
81698  25.039  12.046  5.401 0.0000000000
82746  25.367  12.940  5.505 0.0000000000
82772  23.395  13.929  2.971 0.0000000000
83825  24.594  13.924  4.164 0.0000000000
84917  25.136  15.610  4.096 0.0000000000
157074  25.245  14.938  4.412 0.0000000000
83824  25.246  14.339  4.710 0.0000000000
88886  22.389  19.089  0.190 0.0000000000
91727  23.272  22.636  -3.621 0.0000000000
91744  23.979  23.131  -4.159 0.0000000000
91713  23.541  22.337  -2.983 0.0000000000
91712  24.145  22.306  -2.548 0.0000000000
90758  24.064  21.901  -1.993 0.0000000000
90751  24.438  21.689  -1.409 0.0000000000
91711  25.590  22.460  -2.344 0.0000000000
90744  23.882  21.226  -0.865 0.0000000000
89820  23.683  20.289  0.385 0.0000000000
88885  23.229  19.469  0.706 0.0000000000
88884  24.099  19.882  1.144 0.0000000000
89811  25.074  20.186  1.368 0.0000000000
89810  26.080  20.353  1.395 0.0000000000
90733  26.934  21.261  0.264 0.0000000000
89817  26.474  20.821  0.804 0.0000000000
89809  26.982  20.442  1.294 0.0000000000
147536  27.450  20.099  1.642 0.0000000000
88875  28.058  19.895  1.655 0.0000000000
67011  22.226  -1.371  8.541 0.0000000000
67010  23.031  -1.060  8.812 0.0000000000
70039  23.151  1.584  6.669 0.0000000000
69010  23.200  0.912  7.242 0.0000000000
133137  22.402  0.374  6.926 0.0000000000
67995  22.919  0.057  7.660 0.0000000000
76388  23.671  7.277  5.235 0.0000000000
75314  23.810  6.498  5.509 0.0000000000
75313  24.403  6.409  6.017 0.0000000000
150171  25.723  7.116  6.771 0.0000000000
75295  25.504  6.390  6.727 0.0000000000
74196  25.218  5.615  6.707 0.0000000000
74177  25.649  5.240  7.175 0.0000000000
72105  25.042  4.032  7.207 0.0000000000
72127  21.862  3.226  4.379 0.0000000000
73148  22.924  5.064  5.096 0.0000000000
74204  23.896  5.791  5.803 0.0000000000
75296  24.931  6.226  6.410 0.0000000000
75339  20.840  6.401  2.842 0.0000000000
76419  21.367  7.421  3.090 0.0000000000
76430  20.984  7.850  2.608 0.0000000000
77512  19.992  8.592  1.783 0.0000000000
78528  26.251  9.257  7.033 0.0000000000
80705  23.589  11.390  4.154 0.0000000000
82760  23.882  12.767  4.057 0.0000000000
82773  22.704  13.238  2.568 0.0000000000
82786  22.376  13.792  1.797 0.0000000000
83831  24.791  14.690  4.033 0.0000000000
84911  26.732  15.657  5.143 0.0000000000
84925  23.873  15.615  2.873 0.0000000000
85970  23.741  16.352  2.515 0.0000000000
86979  27.532  18.609  3.195 0.0000000000
86980  24.990  17.637  3.023 0.0000000000
90762  20.152  21.199  -3.092 0.0000000000
91697  27.052  22.292  -1.980 0.0000000000
91698  26.155  22.266  -1.746 0.0000000000
136886  27.782  22.144  -2.259 0.0000000000
147349  20.555  7.115  2.456 0.0000000000
154033  27.876  20.363  1.064 0.0000000000
157617  28.441  21.776  -2.535 0.0000000000
158187  25.509  22.255  -1.840 0.0000000000
